# #0 time, 1 flux
2749.63121944 0.99768090792
2749.65165135 0.996294446828
2749.67208346 1.00589990286
2749.69251547 0.988845363727
2749.71294739 0.996124587805
2749.7333795 1.00169177258
2749.75381151 1.00079005576
2749.77424342 1.00157609734
2749.79467553 0.99875872097
2749.81510754 0.997345381651
2749.83553945 1.00270823071
2749.85597156 0.993154541123
2749.87640356 0.996667047357
2749.91726758 1.01040243377
2749.93769959 0.993495812951
2749.95813149 1.00217428689
2749.9785636 0.990918672998
2749.99899561 1.0001233835
2750.01942751 0.991788783651
2750.03985962 1.00253711879
2750.06029162 0.999181417589
2750.08072363 1.00291275949
2750.10115563 0.999818366956
2750.12158764 1.00352255536
2750.14201964 0.998749940976
2750.16245165 0.99623379759
2750.18288365 1.0099042123
2750.20331575 1.00305047583
2750.22374765 1.00894473457
2750.24417966 1.00244005891
2750.26461176 1.0026530909
2750.28504366 0.99773622685
2750.30547566 0.99921256106
2750.32590776 1.00160350459
2750.34633966 1.00535657219
2750.36677166 0.995480460138
2750.38720376 0.997451561447
2750.40763566 1.00172675616
2750.42806766 0.997877621621
2750.44849975 1.00123990413
2750.46893175 0.999544813625
2750.48936365 0.997864631047
2750.50979575 0.999180796573
2750.53022774 1.00348482431
2750.55065974 1.00376985123
2750.57109174 0.992546375109
2750.69368371 0.998143918521
2750.7141157 1.0013164288
2750.73454769 0.997979543479
2750.75497969 0.997376043351
2750.77541158 1.00230852185
2750.79584367 1.00504940597
2750.81627566 1.00671166616
2750.83670755 0.998765794218
2750.85713964 1.00107904443
2750.87757164 1.00007297732
2750.89800363 0.993953331868
2750.91843562 1.00198303043
2750.9388676 0.99595348131
2750.95929959 1.00441303199
2750.97973158 1.00203014657
2751.00016357 1.00471057187
2751.04102765 1.00041636237
2751.06145953 0.989705238077
2751.08189162 0.994545765331
2751.10232361 0.996883960715
2751.14318758 1.00314432467
2751.16361957 1.0013862156
2751.18405145 0.999427834221
2751.20448354 0.995849147729
2751.22491552 0.999678570839
2751.24534741 0.998972570518
2751.26577949 0.99511160712
2751.28621147 0.998002565636
2751.30664346 0.996733995744
2751.32707544 0.999946532433
2751.34750742 1.00222617299
2751.3679394 0.999007621032
2751.38837139 1.00195785809
2751.40880337 1.00300082133
2751.42923535 0.995316138889
2751.44966733 1.00322687657
2751.51096327 1.00436306358
2751.53139525 1.00042955391
2751.55182733 1.00580997355
2751.57225921 0.993790474488
2751.59269118 1.0086868531
2751.61312326 1.0004519956
2751.63355514 1.00919704201
2751.65398712 1.00644285898
2751.67441919 0.988875512209
2751.69485107 0.998602271643
2751.71528304 0.996260938988
2751.73571512 1.00210854356
2751.756147 0.998101341289
2751.77657897 0.999459402101
2751.79701105 0.998258105596
2751.81744292 0.997325108054
2751.83787489 0.999341394792
2751.85830697 1.00433256346
2751.87873894 0.993424795629
2751.89917081 1.01197034718
2751.91960289 0.990935045141
2751.94003486 0.992558248907
2751.96046673 0.997818243917
2752.00133077 0.993173635282
2752.02176284 1.00086420085
2752.04219471 1.00198954093
2752.06262668 1.00150092972
2752.08305875 0.993823508294
2752.12392259 0.998223584273
2752.14435466 0.999850010926
2752.16478653 0.998099739739
2752.1852185 0.999914750009
2752.20565056 0.994494295651
2752.22608243 1.00094572183
2752.2465144 1.00032077446
2752.26694637 1.00012844354
2752.28737833 1.00015647569
2752.3078103 1.00378630373
2752.32824226 0.99975202117
2752.34867423 0.992764020953
2752.38953826 1.00219706436
2752.40997012 1.00229351174
2752.43040209 1.00725374833
2752.45083415 1.00855599227
2752.47126601 0.998819911104
2752.49169807 0.997314617797
2752.51213004 0.996528294843
2752.5325619 0.997691944564
2752.55299396 0.996235869914
2752.57342592 0.989642407455
2752.61428984 1.00006180085
2752.6347218 1.01163958342
2752.65515366 0.997822734617
2752.67558572 1.0004245941
2752.69601768 1.00463511639
2752.71644964 1.00117262923
2752.7368816 0.998864599408
2752.75731356 1.00133837881
2752.77774552 1.00985169415
2752.79817747 0.999479116977
2752.81860943 1.00173818256
2752.83904139 0.999600332349
2752.85947345 1.00582781434
2752.8799053 0.998134069337
2752.90033726 0.9998214896
2752.92076931 1.00233796794
2752.94120117 1.00769143298
2752.96163322 1.00470227922
2752.98206508 1.01368196083
2753.00249703 1.00035752905
2753.02292909 0.99203259221
2753.04336094 0.99530260761
2753.06379289 1.0014748981
2753.12508875 1.00419393738
2753.1455208 0.994252126348
2753.16595265 1.01107370835
2753.1863846 1.0131192291
2753.20681665 1.01005974038
2753.22724861 1.00538145291
2753.24768046 0.994839104318
2753.26811251 0.999633752317
2753.28854445 1.00577482647
2753.3089763 0.995846503088
2753.32940835 1.0066465824
2753.3498403 1.00270848248
2753.37027235 1.00335223705
2753.3907042 1.01656915799
2753.41113614 1.0069882496
2753.43156819 0.995475510019
2753.45200004 1.00029117903
2753.47243198 0.996057988742
2753.49286403 0.99957093223
2753.51329588 1.00356790756
2753.53372782 1.00315735929
2753.67675153 1.00514332794
2753.69718337 0.9998142568
2753.71761531 1.00207161246
2753.73804736 0.996513559481
2753.7584792 1.00796630026
2753.77891114 0.989600783223
2753.79934318 0.997192844988
2753.81977502 0.996839550255
2753.84020706 0.999492263059
2753.860639 0.995903125259
2753.88107084 0.999233579382
2753.90150288 0.997137513765
2753.92193482 0.997030632201
2753.94236666 0.996635148969
2753.9627987 0.999007070909
2753.98323063 0.994898338976
2754.00366247 1.00608150036
2754.08539032 0.992008284363
2754.10582225 1.00462867894
2754.12625419 1.01243760149
2754.16711806 1.0004188795
2754.18754999 0.992945073409
2754.20798203 0.993078707888
2754.22841386 1.00626949235
2754.2488458 0.995836335365
2754.26927783 1.00838083132
2754.28970966 1.00096143536
2754.3101417 0.99917358101
2754.33057363 0.995712039418
2754.35100546 0.997284510161
2754.37143749 1.01171116825
2754.39186942 0.999404586282
2754.41230125 0.997425257446
2754.43273329 0.99228860724
2754.45316522 0.995842397209
2754.47359705 1.00157697316
2754.49402908 1.00121401262
2754.5144609 1.00210921713
2754.53489283 0.991543901762
2754.57575679 1.0070726006
2754.59618862 1.0015177055
2754.61662065 0.999468582946
2754.63705257 0.997667359279
2754.6574844 0.989638227269
2754.69834835 1.00585783827
2754.71878028 0.993034466584
2754.73921221 1.00831857978
2754.75964413 1.00442532476
2754.78007616 1.00325657267
2754.80050798 1.00220928388
2754.82093991 1.00248270493
2754.84137193 0.993760133655
2754.86180375 1.00050833748
2754.88223568 1.00003726529
2754.9026677 0.99847768364
2754.92309952 0.989169382554
2754.94353145 1.00426271949
2754.96396347 0.992828714423
2754.98439529 1.00116510095
2755.00482721 1.00086133475
2755.08655499 1.00129828684
2755.10698691 0.997705832922
2755.12741873 1.00592058035
2755.14785075 0.999223873031
2755.16828267 1.00501626261
2755.18871459 0.998424733116
2755.20914651 0.999535238422
2755.22957833 1.00125360221
2755.25001035 1.00043819541
2755.27044226 0.999181433194
2755.29087408 0.999556309208
2755.3113061 0.997064200981
2755.33173801 1.00115664909
2755.35216983 0.992905002974
2755.37260184 1.00150108113
2755.39303376 0.999922744469
2755.41346568 1.00968556759
2755.43389759 0.993134555452
2755.4543295 0.995917988936
2755.47476142 0.995129180875
2755.49519333 0.979805039311
2755.51562525 0.990133062066
2755.55648907 1.00781267785
2755.57692098 1.0061329412
2755.5973529 1.00203088271
2755.61778491 1.00162813643
2755.63821672 1.0021547039
2755.69951245 0.993700741659
2755.71994446 0.999648301161
2755.74037637 0.997757966544
2755.76080818 1.00555925938
2755.8016721 0.998557088666
2755.82210391 1.00024198679
2755.84253592 1.00429536753
2755.86296783 0.998561257016
2755.88339974 1.00565147767
2755.90383164 0.998122222401
2755.92426355 0.999705206339
2755.94469546 1.01104676421
2755.96512736 1.0029364872
2755.98555927 1.00738120675
2756.00599118 0.995336675644
2756.02642308 0.992372259796
2756.04685499 1.00613176136
2756.06728699 0.999241343623
2756.0877188 0.993794140674
2756.1081507 0.995178902298
2756.1285827 1.00095495715
2756.14901451 1.00091830113
2756.16944641 1.00246370878
2756.18987841 1.00071625358
2756.21031022 1.0097625527
2756.23074212 1.00069826825
2756.25117412 1.00192055934
2756.27160592 0.999998716689
2756.29203783 1.001374097
2756.31246983 1.00399502239
2756.33290163 1.00516779365
2756.35333353 0.998546016345
2756.39419733 1.00424580478
2756.41462923 0.998793549251
2756.43506123 1.00389786858
2756.45549313 0.996649276634
2756.47592492 1.00968556945
2756.49635692 0.999760364727
2756.53722082 1.0023565696
2756.55765262 1.0010935137
2756.59851651 1.00815514827
2756.61894831 0.993008876169
2756.6393802 1.00237259104
2756.6598122 0.989166361039
2756.680244 0.990707556124
2756.70067589 1.00265739801
2756.72110779 0.994505310273
2756.74153968 0.989671430645
2756.78240347 1.00377134309
2770.79861463 0.991101090178
2770.81904636 0.999725482077
2770.83947818 0.988776862391
2770.85990981 1.0004038214
2770.88034154 0.992890667456
2770.90077327 0.999016837895
2770.92120499 0.998110606964
2770.94163682 0.994462724968
2770.96206845 0.99740324536
2770.98250017 0.995926692807
2771.002932 1.00856299776
2771.02336363 1.00006700457
2771.04379535 0.997429979104
2771.10509053 0.988678213094
2771.12552236 0.992852544148
2771.14595398 0.999108503134
2771.16638581 0.995699825368
2771.18681753 0.996833069585
2771.20724926 0.992238506922
2771.22768098 1.00111427309
2771.24811271 0.998375571653
2771.28897615 1.01037821771
2771.30940788 0.999540860571
2771.3298396 1.0015449413
2771.35027143 1.00024393487
2771.37070305 1.01273514164
2771.39113477 1.00406078106
2771.4115666 1.00350288941
2771.43199822 1.00756622802
2771.45243004 1.01269447558
2771.47286176 0.999409845618
2771.49329339 1.00151403038
2771.51372521 1.00806531287
2771.53415693 0.9966339284
2771.55458855 1.00351204709
2771.57502037 1.01132458303
2771.5954521 1.00143975398
2771.61588372 1.00493316696
2771.63631554 1.00258485579
2771.65674716 1.00164497039
2771.77933758 0.989155083387
2771.7997693 1.00670786396
2771.82020102 0.998268900838
2771.84063274 0.999558348645
2771.86106456 1.00119960875
2771.88149618 1.00695982086
2771.9019279 1.00029921057
2771.92235972 0.993188179342
2771.94279134 1.00391464048
2771.98365488 0.997108323657
2772.02451831 0.997299752491
2772.04495003 1.00478654394
2772.06538165 1.00557367401
2772.08581347 1.00627184615
2772.10624518 0.998826311646
2772.1266768 0.996932738405
2772.14710862 0.996743105288
2772.16754034 0.994252835
2772.18797205 0.995126948784
2772.20840377 1.00018858867
2772.22883549 0.996575440548
2772.2492673 1.00898798037
2772.26969892 0.989654628813
2772.29013063 1.00410401476
2772.31056235 0.995196978721
2772.33099407 0.999705128427
2772.35142578 1.0012939199
2772.3718576 0.992608685305
2772.39228921 0.99863847869
2772.41272093 1.00499643161
2772.43315274 0.992674383428
2772.45358436 1.0010029795
2772.47401607 1.00632735092
2772.49444789 0.998211808376
2772.5148795 1.01162833319
2772.53531132 0.999119336645
2772.55574303 0.99562227327
2772.57617464 1.00401372746
2772.59660646 1.001958522
2772.61703817 0.996578568315
2772.63746978 1.00037020877
2772.6579016 0.996183231386
2772.67833331 0.992937400856
2772.71919674 1.00605955542
2772.73962845 0.985254263451
2772.78049187 0.998214938999
2772.80092359 1.00784934795
2772.8213554 1.0028433755
2772.84178711 1.00056818201
2772.86221872 1.0020830432
2772.88265053 1.00286611596
2772.90308224 0.996920421681
2772.92351386 1.00029229795
2772.94394567 0.994450397155
2772.96437738 0.995716545924
2772.98480899 1.00375484222
2773.02567251 0.996039139503
2773.04610412 0.995646507857
2773.06653593 0.997536098456
2773.08696764 0.998988192527
2773.10739925 1.00077082834
2773.12783106 1.00266544611
2773.14826267 0.997883965781
2773.18912619 0.996325300783
2773.2095579 1.00984272469
2773.22998961 0.99379270247
2773.25042131 1.00033404838
2773.27085302 0.996084246774
2773.29128473 0.990135925821
2773.31171644 0.996969303781
2773.33214815 1.00557002218
2773.35257986 1.01630435752
2773.37301156 0.997685321601
2773.39344327 1.00052893124
2773.41387508 1.0003472572
2773.43430669 1.00169650992
2773.45473849 0.994083512584
2773.4751702 0.996210574128
2773.49560181 1.00656109372
2773.51603362 1.00220459372
2773.53646532 0.99781397934
2773.55689693 0.995340497388
2773.57732873 0.994822019454
2773.59776044 0.995600140798
2773.61819205 1.00437791008
2773.63862385 1.00205788914
2773.65905556 1.00729806573
2773.67948727 1.00121922516
2773.69991897 1.00935449849
2773.72035068 1.00701329074
2773.74078238 1.00099725099
2773.76121409 1.00735006011
2773.78164579 1.00269030507
2773.8020775 1.00493278792
2773.8225092 0.991932047896
2773.84294091 0.997746847882
2773.86337271 0.998425865213
2773.90423602 1.00738011858
2773.92466782 1.00316656028
2773.94509943 1.00231259766
2773.96553113 1.0019933875
2773.98596293 0.998228689728
2774.00639454 1.00597097093
2774.02682634 0.989949528831
2774.04725804 1.01053640305
2774.06768965 1.00880549831
2774.08812145 0.997563332112
2774.10855315 0.991604580803
2774.12898475 0.989584509541
2774.21071166 1.00430785188
2774.23114336 1.00140566195
2774.25157507 0.995666182541
2774.27200677 0.995075015555
2774.29243847 1.00750303122
2774.31287027 0.990653219176
2774.33330197 1.00021805088
2774.35373357 0.999519318786
2774.37416537 0.999152284064
2774.39459707 0.998031544759
2774.41502867 0.995851366533
2774.43546048 1.00040871326
2774.45589218 1.0066606317
2774.47632378 1.00132892116
2774.49675558 1.00208994986
2774.51718718 0.998756227924
2774.53761888 0.988413100746
2774.55805068 0.999804036941
2774.57848227 0.995808248918
2774.59891407 1.00120422613
2774.61934577 1.00023406114
2774.63977737 1.00694194709
2774.70107257 1.00038042283
2774.72150427 0.999048868509
2774.74193597 1.00330734238
2774.76236766 1.00335507128
2774.78279936 1.0096532305
2774.80323106 1.00017985976
2774.84409456 0.999559948599
2774.86452615 0.996039357256
2774.88495795 1.00801731381
2774.90538965 0.994635744764
2774.92582125 1.00241563315
2774.94625304 0.991560495031
2774.96668474 1.00176387446
2774.98711634 1.00062335317
2775.00754813 1.00463496886
2775.02797983 1.00337980685
2775.04841143 0.995967107488
2775.06884322 0.993484766673
2775.08927492 0.997769086064
2775.10970651 0.997025739922
2775.13013831 1.00533189248
2775.15057001 0.995595610386
2775.1710018 1.00152417826
2775.1914334 1.00804468534
2775.21186509 0.999595586433
2775.23229679 1.00746190445
2775.25272848 1.00829411761
2775.27316018 1.0001543797
2775.29359187 0.992849273406
2775.31402357 0.99791536947
2775.33445526 1.01202630207
2775.37531865 0.996168509455
2775.41618214 0.998876037526
2775.43661373 1.00474514501
2775.45704543 0.998348120413
2775.47747722 0.996231414464
2775.49790881 1.00020649724
2775.51834061 1.00718846583
2775.5387723 0.992131028606
2775.55920389 0.997856948771
2775.57963569 0.99322442493
2775.60006738 0.996792025851
2775.68179415 0.998753331122
2775.70222584 1.00860419741
2775.72265753 1.00019933555
2775.74308923 1.00856182252
2775.76352092 0.993712370113
2775.78395261 0.998956686563
2775.8043844 1.00311737536
2775.82481599 1.00530318236
2775.84524768 1.0027921906
2775.86567947 1.00113440202
2775.88611117 1.0068574534
2775.90654276 1.00029723901
2775.92697455 1.00508883995
2775.96783783 1.01050215406
2775.98826962 1.00337473812
2776.00870121 1.0004420043
2776.0291329 0.994877695019
2776.04956469 1.0003099524
2776.06999628 1.00054209305
2776.09042807 0.997673787837
2776.11085976 1.00595375576
2776.13129135 1.00626159031
2776.15172314 1.00016564989
2776.17215483 0.994353404749
2776.19258642 1.00654057565
2776.21301821 0.99467104024
2776.2334499 0.991987546937
2776.25388159 0.995184938163
2776.27431327 1.00110792408
2776.29474496 1.01060471041
2776.31517665 1.00296501494
2776.33560834 1.0038729523
2776.35604003 1.00175209376
2776.37647182 0.99882314202
2776.3969035 1.00727881565
2776.41733509 1.00421069696
2776.43776688 0.998539548659
2776.45819857 0.998315635574
2776.49906194 0.996407358179
2776.51949363 0.991211586236
2776.53992522 0.99599647604
2776.56035701 0.991731915871
2776.58078869 0.997745739697
2776.60122028 0.993933873553
2776.66251544 0.997972882173
2776.68294713 1.00525548934
2776.70337881 0.994353766007
2776.7238105 0.993738248174
2776.74424218 1.00343783629
2776.76467387 1.00235116837
2776.78510556 0.991229977268
2776.80553724 0.997858803799
2776.82596893 1.00063082213
2776.84640061 0.998883147735
2776.8668323 1.00688766589
2776.88726398 1.00355063597
2776.90769577 1.00085951604
2776.92812735 1.00186037356
2776.94855914 0.997305339135
2776.96899082 1.00979776843
2776.98942241 0.999495751333
2777.00985419 0.990603384815
2777.03028588 0.994679851712
2777.05071746 1.00142519963
2777.07114925 1.00858184299
2777.09158093 1.00416433581
2777.11201252 1.00124616726
2777.1324443 0.997610005826
2777.15287598 0.995858714598
2777.17330757 0.992994386658
2777.19373935 0.999537933612
2777.21417103 1.01194606289
2777.23460282 1.00066735642
2777.2550344 1.00329112323
2777.27546608 0.995114818687
2777.29589787 1.00432704523
2777.31632945 0.996417009014
2777.33676113 1.000626739
2777.3776246 1.0049867517
2777.39805618 1.00499860101
2777.41848796 0.999985454762
2777.43891955 0.999492445667
2777.45935123 0.99916586258
2777.47978301 0.998228052761
2777.50021459 0.991942896514
2777.52064637 0.989952814871
2777.54107806 0.994825772476
2777.56150964 0.994536407922
2777.58194142 0.999270112813
2777.6023731 1.00075069708
2777.62280468 1.00560654892
2777.64323646 1.00036382236
2777.66366814 0.999827233425
2777.68409972 1.00597812557
2777.70453151 0.993386813271
2777.72496319 1.00177740945
2777.74539497 1.00076460745
2777.76582655 1.00593527012
2777.78625823 1.0020161604
2777.80669001 1.00530491535
2777.82712159 0.996267854248
2777.84755327 1.00018135533
2777.86798505 0.99342215402
2777.88841673 0.995159509443
2777.90884831 0.995447110013
2777.92928009 1.00217786432
2777.94971177 0.996123517285
2777.97014335 0.99406508387
2777.99057513 0.991812944682
2778.01100681 0.985749490041
2778.03143859 1.00379657362
2778.05187017 1.00095559178
2778.07230184 1.00692833733
2778.09273352 1.00013156873
2778.1131652 0.999865854785
2778.13359688 1.00930513021
2778.15402856 1.0140230093
2778.17446024 1.00816603561
2778.19489182 0.998214242511
2778.2153236 1.00046423217
2778.23575527 1.00515896976
2778.25618695 0.994575386363
2778.27661863 1.00381236141
2778.31748209 0.995802412957
2778.33791366 1.00466113635
2778.35834534 0.99799697681
2778.37877712 0.999920833502
2778.3992088 0.999510317728
2778.41964037 0.992612074909
2778.44007215 0.999740908798
2778.46050383 1.0044720254
2778.4809354 0.999590864928
2778.50136718 1.00772665541
2778.52179886 0.999752322783
2778.54223044 0.995482126065
2778.56266221 0.993987578049
2778.60352566 1.00314044388
2778.62395724 1.01625268669
2778.64438892 0.998047380378
2778.66482069 1.00571159653
2778.68525227 1.00364666483
2778.70568395 0.998504966088
2778.72611572 0.997668091963
2778.7465473 1.00001608237
2778.76697897 1.01090303341
2778.78741075 0.999455141437
2778.80784232 0.999579334507
2778.828274 0.998568160595
2778.84870567 0.996350292323
2778.86913735 0.997678834854
2778.88956913 0.994073575405
2778.9100007 0.995092110222
2778.93043238 1.00085948303
2778.95086415 0.997130396681
2778.97129582 1.00571053223
2778.9917274 0.994012697063
2779.01215917 1.00171758652
2779.03259085 0.994766057231
2779.05302242 0.999903399704
2779.0734542 1.00818047136
2779.09388587 1.00177641719
2779.11431765 1.00533366021
2779.15518089 1.00236735362
2779.17561267 1.00309007212
2779.19604424 0.999874998519
2779.21647591 1.00247751949
2779.23690769 0.999871696502
2779.25733926 0.993253937171
2779.27777094 0.998093035416
2779.29820271 1.00252910726
2779.31863428 0.997460351984
2779.33906596 0.994029774134
2779.35949773 0.992121510296
2779.3799294 1.00293902616
2779.40036107 0.994144305644
2779.42079275 1.00490815107
2779.44122442 0.988266253899
2779.46165609 0.999491436516
2779.48208776 0.994444458126
2779.50251944 0.998414054862
2779.52295111 1.0032285605
2779.54338278 0.995220252677
2779.56381445 1.00492718305
2779.58424613 1.00005335374
2779.6046778 1.00134936316
2779.62510937 1.01015242996
2779.64554114 0.998179820779
2779.66597281 0.994912047032
2779.68640458 1.00354856424
2779.70683616 1.00564543329
2779.72726783 1.00258740299
2779.80899461 1.00210625699
2779.82942618 1.00451216656
2779.84985785 0.996884654897
2779.87028963 1.00728588807
2779.8907212 0.99250360819
2779.91115297 0.999599189404
2779.93158464 1.00095196018
2779.95201631 1.00541908074
2779.97244798 1.00245154506
2779.99287965 0.988166158865
2780.01331132 0.998899789264
2780.03374309 1.00367567307
2780.05417466 0.996625901921
2780.07460633 0.98877100178
2780.0950381 0.998507630372
2780.11546967 0.993658992559
2780.13590134 0.999302342364
2780.15633311 0.996758929674
2780.17676468 0.99551435229
2780.19719645 0.994059718064
2780.21762812 0.980511572261
2780.31978646 1.00006096223
2780.34021803 0.999869879601
2780.3606497 1.00560620151
2780.38108147 1.0025741137
2780.40151304 1.00699335596
2780.42194471 0.996929637281
2780.44237648 1.00923341281
2780.46280815 1.00741104072
2780.48323981 1.00356068807
2780.50367148 1.00362588747
2780.52410315 1.00275281719
2780.58539815 0.992965665372
2780.60582992 1.00612925765
2780.62626149 0.997050426622
2780.64669316 0.999940058995
2780.66712493 1.0075069037
2780.68755649 1.00198555907
2780.70798826 1.00579504826
2780.72841993 0.988498507927
2780.7488515 0.993907860506
2780.76928326 0.998353823559
2780.78971493 1.00307525348
2780.8101465 0.993753454633
2780.83057827 0.996918071834
2780.85100993 0.995345466187
2780.8714416 1.00662271145
2780.89187327 0.99749760395
2780.91230493 1.00793063463
2780.9327366 0.999634798425
2780.95316827 0.997621561567
2780.97359993 1.00575312242
2780.9940316 0.990323577005
2781.01446327 1.0009604843
2781.03489493 0.999053830598
2781.0553266 1.00490212128
2781.07575827 1.00278930679
2781.09618993 1.00070920623
2781.1166217 1.00038548163
2781.13705326 0.996433464233
2781.15748493 0.995070367864
2781.19834826 1.00190171368
2781.21878003 1.00184006495
2781.23921169 1.00410927791
2781.25964326 1.01193647467
2781.28007502 0.995381159533
2781.30050669 0.998002823546
2781.32093826 0.997008858212
2781.34137002 1.00001566877
2781.36180169 1.00081582077
2781.38223325 1.00612900245
2781.40266502 1.00803212595
2781.42309668 0.99149847013
2781.44352835 0.992511007311
2781.46396001 0.990884299621
2781.48439168 1.00034089635
2781.50482344 0.992136528498
2781.54568667 1.00647689015
2781.56611844 0.994806005211
2781.5865501 0.998020552474
2781.60698166 1.00904011176
2781.62741343 0.996581795218
2781.64784509 1.00017995316
2781.66827666 0.998241608405
2781.68870842 1.00574407037
2781.70913999 0.995708105533
2781.72957175 0.997913882178
2781.75000341 1.00083043439
2781.77043498 1.00434458052
2781.79086674 0.998708477656
2781.81129841 0.996891316456
2781.83172997 1.00396945531
2781.85216173 1.00378988662
2781.8725934 0.996072399724
2781.89302496 1.01048673624
2781.91345672 1.00404315793
2781.93388839 0.994196957888
2781.95432005 1.00919515202
2781.97475171 1.00073846944
2781.99518338 1.00515662834
2782.01561514 0.989344076755
2782.0360467 0.999712485998
2782.05647837 1.00357581783
2782.07691013 1.00269132517
2782.09734179 0.987233785944
2782.11777336 0.996172286569
2782.13820512 0.99361719035
2782.15863678 0.993279146496
2782.17906834 1.00693919958
2782.34252174 1.00080648926
2782.36295351 1.00006147559
2782.38338507 0.995110541598
2782.40381673 0.997687594925
2782.42424839 0.99263751306
2782.44468005 1.01324652371
2782.46511182 1.00500587582
2782.5264068 0.997171072788
2782.54683836 0.996630476744
2782.56727002 1.00323633549
2782.58770179 1.00156148211
2782.60813335 1.00105269321
2782.62856501 0.998195162246
2782.66942843 0.999316067482
2782.81245016 1.00155195325
2782.83288172 0.995745966702
2782.85331338 1.00419186699
2782.87374514 0.999039716006
2782.8941767 1.01152085843
2782.97590344 1.0165728845
2782.99633511 0.999730139263
2783.01676667 0.999738961365
2783.03719843 1.00930207462
2783.05763009 0.994753457179
2783.07806175 0.999579747418
2783.09849341 1.00205724831
2783.11892507 0.994907475546
2783.13935673 0.989746130434
2783.15978839 0.99968318645
2783.18022005 1.01080047655
2783.20065161 0.999429588013
2783.22108337 1.00177230522
2783.24151503 0.99399649212
2783.26194679 0.99904986507
2783.30281001 1.00029790881
2783.32324177 1.00173321935
2783.34367333 1.00399567791
2783.36410498 0.995416621479
2783.38453674 0.99426767871
2783.4049683 0.993715792313
2783.56842168 0.99927210637
2783.58885334 0.999311316517
2783.609285 1.00071360648
2783.62971665 1.0066532433
2783.65014831 0.995400478918
2783.67057997 1.00045353509
2783.69101163 1.00558766836
2783.71144339 0.990346612628
2783.73187505 1.00095968032
2783.75230661 0.991588399195
2783.77273837 0.994467569564
2783.79316992 0.997771720239
2783.81360158 1.00630373807
2783.83403334 1.0046053128
2783.8544649 0.996311387075
2783.87489656 0.987282210069
2783.89532832 1.00314902196
2783.91575987 0.999686816782
2784.03834982 1.011836387
2784.05878158 1.00475334953
2784.07921324 1.00647028656
2784.0996449 0.99479546477
2784.12007656 1.0007165943
2784.14050821 1.01021694642
2784.16093997 0.999033702428
2784.18137153 0.996215197321
2784.20180319 1.01567814114
2784.22223494 1.01013587642
2784.2426665 0.996521523587
2784.26309816 1.00727021519
2784.28352992 1.01420307435
2784.30396158 0.979848510712
2784.32439313 0.993383190715
2784.34482489 0.994613254817
2784.36525655 1.00986322002
2784.3856882 0.998110058164
2784.54914146 1.00257524834
2784.56957312 1.00508610233
2784.59000478 0.994944866351
2784.61043633 0.99627447585
2784.63086809 1.00107610002
2784.65129975 1.00808240356
2784.6717315 0.996491302055
2784.75345803 0.992549679232
2784.77388969 1.00344430507
2784.79432144 1.00372757458
2784.8147531 0.996206880408
2784.83518466 1.0001040512
2784.85561641 0.998642687889
2784.87604807 1.00433805872
2784.89647973 1.00518620635
2784.91691138 0.991832319498
2784.93734304 0.991608579676
2784.9577748 1.00467760287
2785.03950132 1.00899515921
2785.05993298 1.00715785704
2785.08036473 1.00165484646
2785.10079629 1.00104956242
2785.12122805 0.989112452726
2785.1416597 0.99405787102
2785.16209126 0.985992901529
2785.24381798 1.00362274407
2785.26424964 0.999264856614
2785.28468119 1.00050155499
2785.30511295 1.00112238743
2785.32554461 0.994621042815
2785.34597626 1.00795145712
2785.36640792 1.00226027725
2785.38683957 0.994204557825
2785.40727123 0.994029367974
2785.42770289 1.01574689669
2785.4685663 1.00312527323
2785.48899785 1.00393776406
2785.50942951 0.995973248151
2785.52986126 0.998088473586
2785.55029282 0.995091044418
2785.57072457 1.00331247632
2785.59115623 0.992281515123
2785.61158779 0.996966622541
2785.63201954 1.00189083391
2785.6524512 1.00973001738
2785.67288275 0.992024467249
2785.71374616 0.99793252354
2785.73417772 0.987247573159
2785.75460947 0.996913838795
2785.77504113 0.994051220437
2785.79547288 0.994459641448
2785.81590444 0.981089754039
2785.83633609 0.992764858022
2785.85676785 0.997938855821
2786.02022109 1.00691652294
2786.04065274 1.00108305113
2786.0610843 1.00116460951
2786.08151605 1.00679390913
2786.10194771 0.999562955572
2786.26540095 0.99898228269
2786.2858326 0.995396232244
2786.30626436 0.993938829839
2786.32669591 1.00577430808
2786.34712757 0.99702582019
2786.53101256 1.0075573696
2786.55144421 0.998347954285
2786.57187587 1.00831526936
2786.59230762 1.00480851426
2786.61273918 1.00458323284
2786.63317083 1.00822063406
2786.65360248 1.00945334236
2786.67403414 0.992797974763
2786.69446589 0.997686940094
2786.71489745 1.00605420738
2786.75576086 1.00234787192
2786.77619241 1.00084986563
2786.79662406 1.00363079849
2786.81705582 0.99587763496
2786.83748737 0.997479396358
2786.85791903 0.996587294122
2786.87835078 1.00250115648
2786.89878234 1.00398637617
2786.93964574 1.00346700693
2786.9600774 0.998390853032
2786.98050905 0.998492185026
2787.00094071 0.99809887148
2787.02137236 1.00049989406
2787.04180402 1.0013080198
2787.06223567 1.0017049753
2787.08266732 1.0030977108
2787.10309898 0.990477345378
2787.12353063 1.00080728398
2787.20525735 1.00170107738
2787.225689 1.00892170888
2787.24612056 1.00066317612
2787.26655231 0.999442698633
2787.28698396 0.992442180002
2787.30741552 0.999532354007
2787.32784727 1.00396565962
2787.34827893 1.00526736929
2787.36871058 0.992753902687
2787.38914223 1.00568219414
2787.43000554 0.999751189124
2787.4504372 0.998132622957
2787.47086875 0.993523492685
2787.4913005 1.00715713739
2787.51173216 1.01220733892
2787.53216381 0.991595830473
2787.55259547 0.99722351596
2787.57302712 0.997288009358
2787.59345887 0.994769122792
2787.7160488 0.999945776508
2787.73648045 1.00064319591
2787.75691201 1.00581692988
2787.77734376 1.00081648601
2787.79777541 1.00119933417
2787.81820717 1.00410153352
2787.83863872 1.00641153388
2787.85907038 1.00020012846
2787.94079709 0.996210566227
2787.96122864 0.999471214364
2787.9816604 0.999972233208
2788.00209205 0.99851074332
2788.02252361 1.00801035765
2788.04295536 0.994067174271
2788.06338691 0.996502691375
2788.08381857 1.00158541306
2788.20640859 1.01222171375
2788.22684024 1.00460785245
2788.2472719 0.993026433485
2788.26770355 1.0049679186
2788.28813521 0.998886477439
2788.30856686 0.996589760413
2788.49245185 0.992474597843
2788.5128835 1.00575852792
2788.53331505 1.00159071723
2788.55374681 0.996464634037
2788.57417846 0.997190034902
2788.59461011 0.997159663808
2788.61504177 0.997835099735
2788.63547342 0.99535179038
2788.65590518 1.00105912485
2788.67633673 0.995218003199
2788.69676838 0.989599141359
2788.71720004 0.998153894582
2788.73763169 1.0003644844
2788.75806335 0.996872281578
2788.778495 1.0100017939
2788.79892665 0.998293008892
2788.81935831 0.992349216699
2788.83979006 0.991715531133
2788.86022162 1.00182133758
2788.90108502 0.99668355879
2788.92151658 1.00083727916
2788.94194833 1.0063653015
2788.96237999 1.00616057594
2789.00324329 1.00150166178
2789.02367495 1.00019072009
2789.0441065 0.993871376715
2789.06453826 0.999814215564
2789.08496991 1.00052277437
2789.16669663 1.00358937546
2789.18712818 1.00368594625
2789.20755984 0.999780043613
2789.22799159 1.00938308251
2789.24842314 1.01025937628
2789.2688549 1.0085406594
2789.28928655 0.998404569813
2789.33014986 1.00073263874
2789.35058151 0.994015690741
2789.37101317 0.992439577142
2789.39144482 1.00339199691
2789.41187648 1.00598525899
2789.43230803 0.994450150928
2789.45273979 1.00240898464
2789.47317144 0.997197481503
2789.49360319 0.992511632048
2789.51403475 0.996491647145
2789.5344664 0.991670145784
2789.55489816 0.997289302995
2789.67748808 1.00400065569
2789.69791964 0.999255711546
2789.71835139 0.995259457767
2789.73878305 1.00045035749
2789.7592146 0.998203473956
2789.77964636 1.00316634466
2789.94309969 1.00635324975
2789.96353135 1.00091621735
2789.9839629 1.00388636557
2790.00439466 1.00533153617
2790.02482631 1.00417555143
2790.04525787 1.00173118712
2790.06568962 0.989971076384
2790.1678479 0.994305031375
2790.18827955 0.978307498694
2790.20871111 0.994788242356
2790.22914286 0.996176030286
2790.24957452 1.00273881515
2790.27000607 1.00033894475
2790.29043783 1.00914914051
2790.31086948 1.00301703602
2790.33130124 1.00399805556
2790.37216445 1.0023819097
2790.3925962 0.999956596827
2790.41302776 0.997081949654
2790.43345941 0.994746533209
2790.45389117 0.995089118767
2790.47432282 1.00747796716
2790.49475438 1.00211580122
2790.51518613 1.00012739235
2790.53561779 1.00615850221
2790.55604944 0.996749258763
2790.5764811 1.00042269449
2790.61734451 0.993022586605
2790.63777606 1.00363166773
2790.65820772 0.993076436279
2790.67863948 1.00480220933
2790.69907103 0.999695123537
2790.71950279 1.01660257119
2790.73993444 0.998695691024
2790.760366 1.01377152831
2790.78079775 1.00028617729
2790.80122941 0.992937409424
2790.82166096 1.00054366664
2790.86252428 1.00338151851
2790.88295593 0.996129030265
2790.90338769 1.00022790638
2790.92381924 0.993674720422
2790.944251 1.00161305121
2790.96468266 0.992346745074
2790.98511421 1.00441016189
2791.00554597 1.00348764214
2791.02597762 1.00144093927
2791.04640928 1.00869504835
2791.1281359 0.991846166732
2791.14856756 1.00843211721
2791.16899932 0.997886762472
2791.18943097 0.996621751194
2791.20986253 1.01587814998
2791.23029428 1.01133008946
2791.25072594 1.00220156923
2791.2711575 1.01110389373
2791.29158925 1.00268887112
2791.31202091 0.991271506494
2791.33245267 1.00564375338
2791.35288422 0.999929384159
2791.37331588 0.996460589528
2791.39374763 1.00367968704
2791.41417919 0.993801414516
2791.43461085 1.00045208373
2791.4550425 0.995473616903
2791.63892742 1.00121919564
2791.65935907 0.999169342652
2791.67979083 0.992145318148
2791.70022249 0.995175414948
2791.72065414 1.00114515375
2791.7410858 0.997537679578
2791.76151746 1.00094569137
2791.8841074 1.00601187563
2791.90453916 1.00168666128
2791.92497072 0.994117335217
2791.94540247 0.995946404557
2791.96583413 1.00971454876
2792.00669745 0.995904915239
2792.0271291 0.992375041888
2792.04756066 0.99857023613
2792.08842408 1.00675042083
2792.10885584 1.00195930172
2792.12928739 1.00113628599
2792.14971905 0.997557358363
2792.17015081 0.998772826456
2792.19058237 1.00548961987
2792.21101402 0.998563979237
2792.23144568 0.993721484092
2792.25187734 1.00079808438
2792.37446729 1.00137163181
2792.39489905 1.00117523183
2792.41533071 0.998880044931
2792.49705744 1.00429235855
2792.517489 0.995392166981
2792.59921563 0.988294751551
2792.61964739 0.999647619237
2792.66051061 0.995082982464
2792.68094237 0.997406641262
2792.70137393 1.01313577152
2792.72180569 0.99630235655
2792.74223735 0.99625007949
2792.76266891 1.00011517554
2792.78310067 1.00451260666
2792.80353233 0.998249530937
2792.82396398 1.00452834883
2792.84439564 1.00579396086
2792.8648273 0.9952114493
2792.88525896 1.00055655133
2792.92612228 0.995518413692
2792.94655394 0.99976507643
2792.9669856 0.991624892522
2792.98741726 0.996105241168
2793.00784892 1.00386841245
2793.02828058 0.989760668817
2793.069144 1.00280674479
2793.08957556 0.995300977378
2793.11000732 0.997957799369
2793.13043898 0.991475156437
2793.15087054 0.99828844577
2793.1713023 1.00199322455
2793.19173396 1.00299359726
2793.21216552 0.994529189858
2793.23259728 1.0047908196
2793.35518724 1.00539189926
2793.37561891 0.995717141692
2793.39605067 0.997211345032
2793.41648223 0.993819766766
2793.43691389 0.999567370809
2793.45734565 1.00170617285
2793.47777731 0.999577497796
2793.49820897 1.00117183081
2793.57993562 0.995502375269
2793.60036728 0.998922262336
2793.62079894 1.00105760947
2793.6412306 1.00093052472
2793.68209392 1.0030342402
2793.70252558 0.994936772324
2793.72295735 1.00278026424
2793.74338891 1.00546045759
2793.76382057 0.997945553744
2793.80468389 0.99862161915
2793.82511555 0.999579423785
2793.84554732 1.01138845852
2793.86597888 1.00284994829
2793.88641064 1.00497255462
2793.9068423 0.994241865973
2793.92727387 0.992544191384
2793.94770563 0.99157391977
2793.96813729 0.991667211649
2794.0702956 0.996137413947
2794.09072727 1.00085835049
2794.11115903 0.999439754532
2794.13159069 1.00764864025
2794.15202225 1.00149209295
2794.17245402 0.996923172239
2794.19288568 0.993250207983
2794.35633899 1.00284277521
2794.37677055 1.00334811877
2794.39720231 1.00214527697
2794.41763398 0.998376885544
2794.43806574 0.995860018917
2794.4584973 0.999158823948
2794.47892897 1.00807896471
2794.49936073 1.00162676325
2794.5197923 1.00758745955
2794.54022396 0.994081004912
2794.56065572 1.00556626105
2794.58108729 1.00127188163
2794.60151905 1.00010259998
2794.62195072 0.99067790318
2794.64238228 0.994715397047
2794.66281405 1.00657967688
2794.68324571 0.998397769068
2794.70367737 0.989253200273
2794.72410904 0.994075374545
2794.7445407 0.990427097304
2794.88756246 0.993265973369
2794.90799412 1.00908293562
2794.92842569 0.999677950528
2794.96928902 1.00059809633
2795.03058402 0.997276891771
2795.05101578 0.995629199514
2795.07144745 0.999807209587
2795.09187902 1.00080991536
2795.11231078 1.00250998494
2795.13274245 1.00482177331
2795.15317401 0.993485334889
2795.17360578 0.998617141973
2795.19403745 0.994782357266
2795.21446921 1.00270256836
2795.31662745 0.999627218366
2795.33705921 1.0049867603
2795.35749088 1.01542659841
2795.37792255 1.00015306218
2795.39835421 0.994790482331
2795.41878588 1.0072388158
2795.43921755 0.993405074803
2795.45964921 0.994098512738
2795.48008088 1.00131591118
2795.52094422 0.993547772349
2795.54137588 1.00594732495
2795.56180765 1.00276583166
2795.58223922 0.997932666072
2795.60267099 0.995629604183
2795.64353422 0.991604151594
2795.66396599 1.00318919695
2795.68439756 0.994110403288
2795.70482923 1.00082500801
2795.72526099 0.99765758702
2795.76612433 1.00613746979
2795.786556 1.00584351486
2795.80698757 0.989941971946
2795.82741934 1.00674739639
2795.84785101 1.0041573606
2795.86828267 1.00764997635
2795.88871434 0.997570640212
2795.90914601 0.999974485215
2795.92957778 0.994921773433
2795.95000935 0.996484315815
2796.03173603 1.00128231199
2796.0521678 1.00953088241
2796.07259947 0.99920287737
2796.09303104 1.01022843146
2796.11346281 0.99655254979
2796.13389448 0.999549904335
2796.15432625 1.00293770609
2796.17475782 0.997934043053
2796.19518949 1.00146887712
2796.21562126 1.00103480259
2796.27691627 0.994629631953
2796.29734784 0.997287919442
2796.31777961 0.989606313298
2796.33821118 0.998968819319
2796.35864285 0.995676952193
2796.37907462 1.0023086199
2796.39950619 0.998583806966
2796.56295966 1.00760147511
2796.58339133 0.995252438709
2796.603823 1.00315074801
2796.62425468 0.993264021967
2796.64468635 0.996897468222
2796.66511802 0.995190154227
2796.68554969 0.999320517432
2796.70598146 0.995670085765
2796.74684471 1.01560080261
2796.76727648 0.997008748289
2796.78770815 1.00347765788
2796.80813973 0.997236890034
2796.8285715 0.999626217832
2796.84900317 0.999605485485
2796.86943474 0.99933248125
2796.88986652 1.00453074177
2796.91029819 1.0088242078
2796.93072996 0.997908609786
2796.95116154 1.00309367652
2796.99202488 1.00857401267
2797.01245656 1.00924046654
2797.03288823 1.00993524006
2797.0533199 1.00657888195
2797.07375158 1.01045169839
2797.09418335 0.998848127938
2797.11461493 1.00579827105
2797.1350466 0.994732064972
2797.15547837 1.00272280585
2797.17591005 1.01135337968
2797.25763675 0.993531234642
2797.27806842 1.00083090852
2797.2985001 0.995506285067
2797.31893187 0.998924343028
2797.33936345 0.994417713155
2797.35979512 1.00455192468
2797.3802269 1.00930031805
2797.40065847 0.998329428256
2797.42109015 1.00128504538
2797.50281695 1.00893735874
2797.52324852 1.00044873687
2797.5436803 1.00662405539
2797.56411198 0.999174194948
2797.58454355 1.00885071999
2797.60497533 0.989798847816
2797.78886042 0.998887935395
2797.82972377 0.999193905742
2797.85015545 1.01088222467
2797.87058723 0.999264691248
2797.89101891 0.995373958018
2798.01360897 1.00016747676
2798.03404075 1.00005078477
2798.05447233 1.00492813767
2798.07490401 0.989350889581
2798.09533579 0.99655837544
2798.11576737 0.996916931702
2798.2792209 0.998883054564
2798.29965248 1.00039002513
2798.32008426 1.00053628388
2798.34051594 0.994418423547
2798.36094762 1.00211797877
2798.3813793 1.00565113655
2798.40181098 0.998903587442
2798.4835377 1.00574860257
2798.50396938 1.00289508016
2798.52440106 1.00104318058
2798.54483284 0.992760457033
2798.56526442 1.00159440392
2798.5856962 0.992802047659
2798.60612788 0.995831324513
2798.62655947 1.00222946615
2798.64699125 1.0055546991
2798.66742293 0.987029618141
2798.74914956 1.00017052637
2798.76958134 0.983868685767
2798.79001302 0.994683010947
2798.8104448 0.995142369937
2798.83087638 0.985629964591
2798.87173985 1.0066294246
2798.89217143 1.00080265907
2798.91260312 0.993056148465
2798.95346648 1.00375568182
2798.97389826 1.00154307526
2798.99432995 0.998971839599
2799.01476163 0.991107438425
2799.03519331 0.999696769491
2799.055625 1.0058083172
2799.07605658 1.00148786932
2799.09648837 0.990216469118
2799.11692005 0.996646530815
2799.13735173 0.992850530521
2799.15778342 0.987533834109
2799.19864689 1.01009334261
2799.21907847 1.00477607785
2799.23951015 1.01422031157
2799.25994194 0.994906449466
2799.28037352 0.994352582587
2799.30080521 0.993789729148
2799.32123699 0.995265162793
2799.34166858 0.999659748501
2799.38253205 1.00443793128
2799.40296364 0.993735722106
2799.44382711 1.0025192987
2799.46425869 1.00294027691
2799.48469048 0.999852192766
2799.50512216 0.998243724593
2799.52555395 1.00453825619
2799.54598554 0.992171007427
2799.56641722 1.002659594
2799.58684901 1.00346388398
2799.6072806 1.00191922798
2799.62771228 0.999476895192
2799.70943913 0.996907077614
2799.72987082 1.00428275728
2799.75030251 1.0050266925
2799.77073419 0.998370438416
2799.79116588 1.01077058564
2799.81159757 0.998243518678
2799.83202926 1.00358631181
2799.85246085 1.0004393176
2799.87289263 1.00421529578
2799.89332432 0.999205402612
2799.9341877 1.01326848051
2799.95461939 0.998643099465
2799.97505118 0.994595183359
2799.99548277 0.995858114709
2800.01591445 1.00049017494
2800.05677783 0.992294156141
2800.07720962 1.00088201749
2800.24066324 0.990039160126
2800.26109483 1.00211824609
2800.28152652 1.00054005502
2800.30195831 0.999929859734
2800.3223899 1.00457675577
2800.3428216 1.00698033509
2800.36325339 0.99193344899
2800.44498005 1.00914745708
2800.46541184 0.993756271017
2800.48584354 0.998225966343
2800.50627513 0.99043899359
2800.52670692 1.00841806383
2800.54713861 1.00287140157
2800.5675702 0.996177254815
2800.588002 0.997599359345
2800.60843369 0.998447368126
2800.66972877 1.01499953444
2800.69016056 1.00657473083
2800.71059215 1.00039978785
2800.73102385 1.00196436065
2800.75145564 1.00106490012
2800.77188723 0.994521183266
2800.79231893 1.00427513808
2800.81275072 0.99693431349
2800.83318242 1.01031261938
2800.85361411 0.988020058503
2800.93534089 0.994019896922
2800.95577258 0.992683406481
2800.97620438 0.993322247072
2800.99663597 1.00076254497
2801.01706777 0.999943160802
2801.03749946 0.989598895199
2801.05793106 1.00545128682
2801.22138463 0.994268887841
2801.24181642 1.00450804465
2801.26224812 1.00314317754
2801.28267972 1.0035933593
2801.30311152 0.998855479492
2801.32354321 1.00804775511
2801.34397481 0.999551955822
2801.36440661 0.99471306993
2801.4052701 0.998198589326
2801.4257017 0.989823133254
2801.4461334 0.997648629825
2801.4665652 1.00867230392
2801.48699679 1.00730283576
2801.50742849 1.00313731343
2801.52786029 1.00457630443
2801.56872369 0.994822249116
2801.58915539 1.00273559857
2801.60958709 1.00010744241
2801.65045049 1.00760502598
2801.67088219 0.997420087045
2801.69131398 0.99621345926
2801.71174558 0.998833352999
2801.73217738 1.00174609303
2801.75260908 1.00211153073
2801.77304068 1.00427325684
2801.81390409 0.998681120916
2801.83433579 1.00023423992
2801.91606269 1.00109938067
2801.93649429 1.00781090038
2801.95692609 0.994652218235
2801.97735779 0.998712939742
2801.9977894 1.004317724
2802.0182212 0.991130990249
2802.0386529 0.994500887254
2802.20210662 1.00647703047
2802.22253822 1.00316903839
2802.24297003 1.00002388294
2802.26340173 1.00147650344
2802.28383343 1.00627422022
2802.30426514 0.996529447926
2802.34512865 0.996211463944
2802.38599196 0.997883523473
2802.40642376 1.00112376163
2802.42685536 1.00676153031
2802.44728707 0.997606902009
2802.46771877 0.994729639719
2802.48815048 0.995165582201
2802.50858229 0.999764715553
2802.52901389 0.996926234102
2802.5494456 1.00533679703
2802.5698774 1.00053156887
2802.59030901 0.998868635586
2802.63117252 1.00085530847
2802.65160413 0.989257146201
2802.67203593 0.999538338952
2802.69246764 1.00301852599
2802.71289935 0.996719732325
2802.73333105 0.998257538579
2802.75376276 1.00269569096
2802.77419447 0.993399363171
2802.79462617 1.0056630842
2802.81505788 0.996913736856
2802.83548969 1.00222732364
2802.8559214 0.99593584067
2802.87635301 0.996824176577
2802.89678481 1.00014883944
2802.91721652 0.993978148532
2802.93764813 0.994604811713
2802.95807994 0.998851889108
2802.97851165 1.00225233631
2802.99894326 0.992366476073
2803.18282874 1.00647694638
2803.20326045 0.992910044174
2803.22369226 1.00114771983
2803.24412387 1.00325621402
2803.26455559 0.997355799824
2803.2849874 1.00756972384
2803.30541901 0.994530735103
2803.32585072 0.993622600315
2803.38714595 1.00460661428
2803.40757767 1.00095506014
2803.42800938 1.00945856621
2803.44844109 1.00378227382
2803.4688728 0.999887891354
2803.48930452 0.993308945078
2803.50973623 1.00463577475
2803.53016794 0.995918315743
2803.55059975 0.992698370818
2803.63232661 0.994945362163
2803.65275822 0.99596862803
2803.67319004 1.00122650426
2803.69362175 0.991136389718
2803.71405336 1.00391062265
2803.73448518 1.00819859136
2803.75491689 0.99946881637
2803.8979389 1.00953120331
2803.91837062 1.00080634006
2803.93880243 0.996484167394
2803.95923405 0.999188463217
2803.97966576 1.00601068538
2804.00009758 1.00063497441
2804.0205292 1.00189379018
2804.04096091 1.00425983637
2804.06139273 0.990405063022
2804.10225617 1.00365279817
2804.12268788 0.996971550437
2804.1431196 0.997749603505
2804.16355132 0.993882215634
2804.18398304 1.00054826907
2804.20441475 1.00104555866
2804.22484657 0.998972112715
2804.24527819 0.998631522647
2804.26570991 1.00749254268
2804.28614173 0.996871420809
2804.30657335 0.99888092908
2804.32700517 1.00313388979
2804.34743689 1.00095979055
2804.36786851 0.997726778552
2804.38830033 1.00343571517
2804.42916366 0.995736027512
2804.44959548 0.992387259728
2804.47002721 0.996375361672
2804.49045893 0.999227547171
2804.51089065 1.01004125092
2804.53132227 0.993531306456
2804.61304925 0.995752101619
2804.63348097 0.998827311992
2804.6539128 0.998553580619
2804.67434442 0.99909391741
2804.69477614 0.997325764802
2804.71520796 1.00274712403
2804.73563968 0.996013383901
2804.75607131 0.985222218057
2804.77650313 1.00221389219
2804.85823002 1.0010584317
2804.87866185 1.00298918741
2804.89909347 1.00540950887
2804.91952519 1.00430327874
2804.93995702 1.00142848106
2804.96038864 0.996813386253
2804.98082037 0.998040191646
2805.00125219 1.01015118974
2805.02168382 0.992747188625
2805.04211564 0.999981370252
2805.08297899 0.995487207571
2805.10341082 1.00298114601
2805.12384254 0.99435177252
2805.14427417 0.999121931994
2805.16470599 1.01138664811
2805.18513772 1.00762731864
2805.20556945 0.996323020465
2805.22600117 1.00036316579
2805.2464329 0.997592579179
2805.26686463 1.00747663177
2805.28729635 1.00630895973
2805.32815981 0.996944478904
2805.34859154 1.00115322575
2805.36902336 0.998034986912
2805.38945499 0.999339319351
2805.40988672 1.00542303383
2805.43031855 0.996719794377
2805.45075028 1.00894733346
2805.47118191 0.99614825243
2805.49161373 1.0010988176
2805.61420411 1.00620996356
2805.63463584 1.00371962377
2805.65506767 1.00708098463
2805.69593103 0.995227336908
2805.71636286 0.99268202677
2805.73679449 0.996988639942
2805.75722633 0.996752816939
2805.77765806 0.998962230018
2805.81852152 1.00719299316
2805.83895325 1.00261194904
2805.85938498 0.997695014408
2805.87981672 0.998057924682
2805.90024845 1.00104231625
2805.92068018 1.01194395546
2805.94111191 0.991779898888
2805.96154365 0.983638038365
2805.98197538 1.01295206016
2806.00240711 0.995192247101
2806.02283885 0.995304217569
2806.06370231 0.99713342412
2806.08413405 0.996731900781
2806.10456588 0.995827550687
2806.12499752 1.01190944187
2806.14542935 0.999271096816
2806.16586109 1.00318202042
2806.18629272 1.00324360127
2806.20672456 1.0060046098
2806.22715629 0.999284077484
2806.24758793 1.00677142574
2806.26801976 0.999912922532
2806.2884515 1.00935681367
2806.30888333 1.00002751552
2806.32931497 1.00611496239
2806.34974671 0.994849865375
2806.37017854 0.998763878169
2806.39061018 0.995204220536
2806.41104192 0.99722257398
2806.43147375 0.99594026941
2806.45190539 0.999325465363
2806.47233723 1.00799744552
2806.49276897 0.99909692696
2806.57449582 1.01140715761
2806.59492766 0.992309418412
2806.6153594 1.00006616303
2806.63579104 1.00211528638
2806.65622288 1.00511282666
2806.67665461 1.00152657098
2806.69708635 0.998885724655
2806.71751809 0.989518036816
2806.73794983 0.9959046765
2806.79924505 1.01228328952
2806.8196769 1.0023869907
2806.84010854 0.999744177098
2806.86054038 0.99821132724
2806.88097212 0.999441075867
2806.90140376 1.00101844458
2806.9218356 0.992669748649
2806.94226734 0.986932169877
2806.96269899 0.998865095233
2807.10572129 0.998236026623
2807.12615303 1.00769022832
2807.14658487 1.00622088707
2807.16701652 1.00498771435
2807.18744836 0.994554328715
2807.2078801 0.999596549515
2807.22831175 0.98904789235
2807.31003883 0.992266816515
2807.33047057 1.008076538
2807.35090222 1.00210420308
2807.37133407 0.999713630686
2807.39176581 0.996355308827
2807.41219766 0.994028975132
2807.43262931 0.994940423531
2807.59608338 0.998557448527
2807.61651503 1.00945476416
2807.63694688 1.00469393722
2807.65737863 1.00108087146
2807.67781028 0.997000596723
2807.69824213 0.998578158739
2807.71867388 1.00894199655
2807.73910573 0.995909135539
2807.77996913 1.002983107
2807.80040098 1.00095205985
2807.82083263 1.00332449304
2807.84126438 0.992549277256
2807.86169623 1.00107338643
2807.88212798 0.991462894629
2807.90255963 0.996529343803
2807.92299148 1.0032789216
2807.94342323 1.0041062811
2807.96385498 0.989672030687
2807.98428673 1.00011308232
2808.02515024 0.997242103506
2808.04558199 1.00432409406
2808.06601364 0.997303902073
2808.0864455 0.995250627988
2808.10687725 1.00451141283
2808.1273091 1.00317170287
2808.14774076 1.01443239784
2808.16817251 0.998664606542
2808.18860436 0.997477840198
2808.20903602 0.990276612909
2808.22946777 0.991771801943
2808.27033128 1.00386364201
2808.29076314 1.00669543157
2808.31119489 1.00024279535
2808.33162655 1.00803829965
2808.3520584 1.0020400257
2808.37249016 1.0024935759
2808.39292191 1.00040172964
2808.41335367 0.997450629192
2808.43378543 1.00055296012
2808.45421718 0.997926013619
2808.47464894 1.0102505945
2808.55637597 0.992418503773
2808.59723948 1.00359690763
2808.61767124 0.998832829181
2808.6381031 1.00419581135
2808.65853476 0.990736711813
2808.67896662 1.00809676373
2808.69939838 0.988477291174
2808.71983004 0.998946756894
2808.74026189 1.00974084184
2808.76069365 1.00763629449
2808.78112531 0.997410621023
2808.80155717 1.0021534665
2808.82198893 0.999194602597
2808.8424208 0.997568312299
2808.86285246 1.00279959018
2808.88328422 0.995439415106
2808.90371608 0.996743691316
2809.06717017 1.00110622099
2809.08760194 0.993948978026
2809.1080337 0.998893597921
2809.12846546 1.00586610466
2809.14889723 1.00012578558
2809.18976085 1.00624803374
2809.21019252 1.00781232475
2809.23062438 0.999215321127
2809.25105605 0.999846063977
2809.27148781 0.99511454883
2809.29191968 1.00999878169
2809.41451027 1.00416156243
2809.43494194 1.00259902373
2809.53710088 0.994181616304
2809.55753274 1.00391710599
2809.57796441 1.00792407876
2809.59839618 0.995194557011
2809.61882805 0.996654093084
2809.63925972 0.998934627531
2809.65969149 1.00027453182
2809.68012336 0.996480077317
2809.70055513 0.996082745639
2809.74141866 1.00538769348
2809.76185043 1.00226645977
2809.7822822 1.00605044688
2809.80271398 0.998157138214
2809.82314575 1.00286561043
2809.84357752 0.998422079218
2809.86400929 1.0070558617
2809.88444106 0.997050430356
2810.06832711 0.984657560747
2810.08875879 0.99010770786
2810.10919066 0.996324808833
2810.12962243 1.00787899413
2810.15005411 1.00217912114
2810.17048598 1.00279605268
2810.19091776 1.00073776845
2810.21134943 0.994622201287
2810.23178131 0.999386483533
2810.25221308 0.993322740528
2810.27264496 0.999101251672
2810.35437196 0.999870376311
2810.37480374 0.991870330783
2810.39523562 0.99732872402
2810.41566739 0.996064457059
2810.43609917 1.00527017727
2810.45653095 1.00662436972
2810.47696273 1.00048575612
2810.53825806 0.991555234008
2810.55868994 0.998925750285
2810.57912162 0.996599203884
2810.5995534 1.01155288109
2810.61998518 1.00650781277
2810.64041696 1.00132948408
2810.66084884 1.00019180622
2810.74257586 0.998329350318
2810.76300764 1.00848637517
2810.78343952 0.994808203632
2810.8038712 0.992312756351
2810.82430308 1.00411606392
2810.84473487 1.00529741799
2810.86516655 1.00086552002
2810.88559843 1.0033138677
2810.90603021 1.00058295624
2810.926462 0.991632569188
2810.96732556 1.00053537245
2811.00818913 1.00083196871
2811.0490528 0.996837859118
2811.06948458 1.00679783952
2811.08991627 1.00802896385
2811.11034815 1.00367762191
2811.13077994 1.00693185845
2811.15121172 0.999913389918
2811.23293887 1.00369653586
2811.25337065 1.00091905068
2811.27380244 0.999974945415
2811.29423423 0.997322427447
2811.31466601 0.999074931796
2811.35552959 0.999265133972
2811.37596148 0.990978233775
2811.39639317 0.999127648828
2811.41682495 1.00533149979
2811.43725684 0.999159635937
2811.45768853 1.00497982961
2811.47812032 1.0002280695
2811.49855221 1.00774213498
2811.5189839 0.994551945687
2811.55984758 0.997110567227
2811.58027937 0.992253272551
2811.60071116 0.991394062499
2811.76416559 1.00089006328
2811.78459739 0.991105548722
2811.80502908 1.00176102704
2811.82546097 1.00951950351
2811.84589277 1.00094074402
2811.86632456 0.989554952097
2811.88675635 0.998053879457
2811.90718815 0.998983316992
2811.94805174 0.996570242147
2811.96848353 1.00384185905
2811.98891533 1.00604176938
2812.00934712 1.00353475005
2812.02977882 0.990985143167
2812.05021071 1.00106947622
2812.07064251 1.00257744572
2812.09107441 0.985486433284
2812.1115061 1.00269758385
2812.1319379 0.997948533063
2812.21366519 1.00016846384
2812.29539238 1.00759912152
2812.31582418 1.00210122696
2812.33625598 0.99800585449
2812.35668778 0.991261596427
2812.37711968 1.00002534649
2812.39755138 0.994494380241
2812.41798328 1.00310479194
2812.43841508 1.00763270525
2812.45884678 0.992785543305
2812.47927868 1.00039572681
2812.49971048 0.995216022357
2812.52014218 0.990640469385
2812.54057409 1.00605615209
2812.56100589 0.992056557962
2812.58143779 1.00271577345
2812.72446031 0.993498294315
2812.74489212 1.00430132874
2812.76532392 1.00145735598
2812.78575572 0.99464669423
2812.80618763 1.0006091908
2812.84705114 0.997354053148
2812.86748305 1.00387082174
2812.88791475 1.00533008657
2812.90834656 1.0028864363
2812.92877846 1.01055711566
2812.94921027 0.996609205744
2812.96964208 0.99642834145
2812.99007388 1.00773620896
2813.01050569 0.98927937292
2813.0309375 1.00634554241
2813.05136931 1.00352503152
2813.07180112 0.992322923401
2813.09223302 1.00140819671
2813.11266473 0.995456968869
2813.13309664 0.993870325801
2813.17396016 0.992349069786
2813.19439207 1.00168586011
2813.21482388 1.00009976954
2813.23525559 0.996359794304
2813.2556875 1.00104631074
2813.27611931 0.989666906548
2813.29655112 0.996305063059
2813.31698293 1.00031607856
2813.33741474 0.990955523053
2813.35784656 0.996158523382
2813.4395738 1.00174821104
2813.46000562 1.00439356681
2813.48043743 0.9993506268
2813.50086924 1.00176153361
2813.52130116 0.997588744924
2813.54173287 0.994237458209
2813.56216469 0.992187898023
2813.5825966 1.0021890746
2813.70518749 1.00348199573
2813.72561931 0.997656163553
2813.74605122 0.997952198294
2813.76648294 0.995286461543
2813.78691476 1.00605961433
2813.80734668 1.00368489853
2813.82777839 1.00235779498
2813.84821031 1.00948334269
2813.86864213 0.997577080226
2813.90950577 0.995894285973
2813.92993759 0.998503813229
2813.9503693 0.992880288923
2813.97080122 0.996908192693
2814.01166476 1.00070725561
2814.03209668 1.00213939686
2814.0525284 0.991038259081
2814.07296032 1.0040165819
2814.09339215 0.994902699229
2814.11382387 0.991247615029
2814.13425579 0.999950534815
2814.15468761 1.00418770079
2814.17511943 1.00036936441
2814.19555125 1.00587301366
2814.21598308 1.00974769224
2814.236415 1.0066510123
2814.25684682 0.997042784427
2814.31814229 0.99868541124
2814.33857402 0.997108242605
2814.35900594 1.00667497432
2814.39986969 1.00572200017
2814.42030142 1.01113410028
2814.44073324 0.999350683846
2814.46116517 1.01452156417
2814.48159689 1.00889424835
2814.50202872 0.997548314409
2814.52246064 0.999499151501
2814.54289237 1.00230375115
2814.5633243 1.00094879039
2814.68591527 0.997392464909
2814.70634709 1.00175379498
2814.72677892 0.99945759182
2814.74721075 0.992005724232
2814.76764258 1.00066394375
2814.78807441 1.00562546664
2814.80850624 1.00785324801
2814.82893807 1.00814719211
2814.8493699 1.005077943
2814.89023357 0.9980357969
2814.9106654 0.998368523253
2814.93109723 0.993984257022
2814.95152916 1.00652414174
2814.97196099 0.997784362096
2814.99239273 0.996918042178
2815.01282466 0.988523064925
2815.03325649 0.994943182091
2815.05368823 0.997341291891
2815.07412016 1.00921092516
2815.09455199 1.00460727522
2815.13541566 1.00134866924
2815.1558475 1.00050637373
2815.17627943 0.991372787322
2815.19671117 1.00532625055
2815.217143 0.991762236035
2815.23757494 0.999919010261
2815.25800668 1.00565294128
2815.27843861 0.995230987936
2815.29887045 1.00090174227
2815.31930219 1.00157728198
2815.33973412 1.0029180217
2815.3805977 0.999686062212
2815.42146137 0.99760835309
2815.44189321 0.998653713533
2815.46232515 0.997822982949
2815.48275699 0.996847220481
2815.50318883 1.00553832722
2815.52362067 0.990651168891
2815.54405251 0.994119788648
2815.58491619 0.983391215705
2815.62577997 0.99573125372
2815.64621171 1.00246762313
2815.66664365 0.999152299867
2815.6870755 1.00287345706
2815.70750724 1.00139371715
2815.72793918 1.00230313322
2815.74837102 0.98288975547
2815.76880277 0.998233295399
2815.78923471 0.999273027163
2815.93225762 1.00471837971
2815.95268957 1.00444055138
2815.97312131 1.01006469131
2815.99355326 1.00220476463
2816.0139851 0.992831045591
2816.03441695 0.997014627515
2816.0548488 0.999190963599
2816.07528055 0.99481595677
2816.11614434 1.00283031479
2816.13657619 1.00987686313
2816.15700794 0.999659410436
2816.17743989 0.997183109604
2816.19787173 0.997735128285
2816.21830358 1.00074402721
2816.23873543 0.995679234266
2816.25916728 1.00127624362
2816.27959923 1.00309935744
2816.30003098 0.992446868256
2816.32046283 1.00025068442
2816.36132654 0.998606461105
2816.38175849 1.00119896244
2816.40219034 0.994965346968
2816.42262209 0.99809056736
2816.44305404 1.00631879887
2816.46348589 1.01258026204
2816.48391765 0.998578638391
2816.5043496 1.00481857644
2816.52478145 0.997575203247
2816.54521341 1.00449709864
2816.56564516 0.991861188517
2816.60650897 0.998573363637
2816.62694073 0.996417241624
2816.64737258 1.0009374248
2816.66780454 1.00344118994
2816.68823629 0.992628501221
2816.70866825 0.998234045099
2816.7291001 1.00077517622
2816.74953186 0.995377479404
2816.76996382 0.992500577023
2816.79039567 1.00349873569
2816.81082743 0.994771685842
2816.85169125 1.00901590441
2816.87212301 0.991592396017
2816.89255496 0.996148345926
2816.91298682 0.990930550581
2816.93341868 0.999704377749
2816.95385054 1.00145754127
2816.9742824 0.997450229414
2817.01514612 0.988623802612
2817.03557798 1.00067856514
2817.05600994 1.00222919399
2817.09687366 1.00212687892
2817.11730553 1.00568580205
2817.13773729 1.00791060513
2817.15816925 1.00401789711
2817.17860111 1.00236575497
2817.19903288 1.00657380652
2817.21946484 0.989671905041
2817.2398967 0.992087672214
2817.26032867 0.995719113082
2817.28076043 0.997292135317
2817.3011923 0.994564110337
2817.34205602 0.978426560584
2817.36248789 0.978227113059
2817.38291986 1.00327390575
2817.40335162 0.991341240466
2817.42378359 1.01423516435
2817.44421545 0.999504621528
2817.46464722 1.00430784583
2817.48507919 0.990850022578
2817.50551105 0.991558267432
2817.52594282 1.00487081762
2817.54637479 0.997885921678
2817.56680666 1.00362732307
2817.58723843 0.996764875067
2817.6076704 0.999709126642
2817.62810226 0.998341131922
2817.64853423 1.00638891959
2817.668966 1.00333075727
2817.68939787 1.00651665686
2817.70982984 1.00220106051
2817.73026161 0.996739981911
2817.75069348 1.00183732398
2817.77112546 0.999502190025
2817.79155723 1.00230955538
2817.83242107 1.00163284798
2817.85285284 1.00270135016
2817.89371669 0.997491118505
2817.91414856 0.994376428742
2817.93458044 1.0088502598
2817.95501231 1.0125962594
2817.97544428 1.00699588479
2817.99587606 0.991767730988
2818.01630793 1.0084603869
2818.09803543 0.98372342063
2818.11846731 1.00404395068
2818.13889929 0.996051621185
2818.15933116 0.992926552975
2818.17976294 1.00718454681
2818.20019492 1.00020511024
2818.2206268 1.0007742231
2818.24105857 1.00209164463
2818.26149055 1.00624326921
2818.28192243 1.00770189612
2818.30235421 1.0060570405
2818.32278619 1.00242723342
2818.34321807 1.00364538316
2818.36365005 0.9980723952
2818.38408183 1.0100672832
2818.40451371 0.996420520482
2818.42494569 0.996439261143
2818.44537747 0.993362987899
2818.46580935 1.00447073629
2818.48624133 0.998368160357
2818.50667311 0.997047039326
2818.58840074 0.993571771194
2818.60883263 0.99830350609
2818.62926451 0.995099214033
2818.6496964 0.992525640088
2818.67012828 0.987989952161
2818.69056017 0.983085148379
