# #0 time, 1 flux
1977.34446922 1.00138010648
1977.36490157 1.00710953878
1977.38533392 1.00136152068
1977.40576627 0.999788361434
1977.42619863 0.985705082167
1977.44663108 1.00333347506
1977.46706333 1.00658074892
1977.48749578 0.996611431747
1977.50792813 1.0084201401
1977.52836037 0.981238519497
1977.54879282 0.996789548477
1977.56922517 0.999203554404
1977.58965742 0.998210405574
1977.61008986 1.00146410955
1977.63052221 0.977638063124
1977.65095446 0.994697959318
1977.6713869 0.998083220911
1977.69181925 1.00367823213
1977.71225149 1.00839742484
1977.73268393 0.982386518314
1977.75311628 1.00061831323
1977.77354852 1.01035243204
1977.79398096 1.01884816433
1977.8144133 1.00844543923
1977.83484564 0.986628417882
1977.95743978 1.0055427536
1977.97787202 1.01141640855
1977.99830436 0.991726394134
1978.01873679 0.974690914944
1978.03916903 1.00161376455
1978.05960137 1.01418126488
1978.0800338 1.01181353217
1978.10046604 1.01171754726
1978.12089837 0.989162427188
1978.1413308 1.00152295549
1978.16176304 1.00034165248
1978.18219537 0.998566599878
1978.2026278 1.01496307092
1978.22306003 0.993952831813
1978.24349247 1.00886372886
1978.2639248 1.01133329293
1978.34565411 1.00317117024
1978.36608644 1.01743293835
1978.38651877 0.998897783394
1978.4069511 1.00315619422
1978.42738342 0.977522214515
1978.44781575 0.998380054331
1978.46824808 0.992379708236
1978.4886804 0.999579619003
1978.59084192 1.01536610581
1978.61127434 1.01876408301
1978.63170667 1.00076280159
1978.65213909 1.01794655931
1978.67257131 0.996841547525
1978.69300363 0.993822885922
1978.71343605 1.00585580704
1978.73386827 0.993644351152
1978.75430059 1.00150734073
1978.774733 0.999717846338
1978.79516532 1.00288765413
1978.81559754 1.00085683663
1978.83602996 0.99103725894
1978.85646227 1.01939451452
1978.87689449 1.0014816796
1978.91775922 0.983520190758
1978.93819143 1.00386443
1979.01992079 0.978695931167
1979.06078531 1.01877721584
1979.08121772 1.00921950934
1979.10165003 0.999661999251
1979.12208244 1.0051531245
1979.14251465 0.997864795273
1979.16294696 1.00910934953
1979.18337927 1.00427964678
1979.20381158 0.995695038021
1979.22424389 0.984382579332
1979.24467619 1.02086428511
1979.2651085 1.00456495357
1979.28554081 0.999573260668
1979.30597311 1.00550963902
1979.32640542 0.980621360824
1979.40813463 1.00957322437
1979.42856704 0.994476647968
1979.44899924 1.00962831445
1979.46943154 1.00280495865
1979.48986394 1.021839355
1979.51029614 1.00036496092
1979.53072844 0.994366842414
1979.55116084 1.01462278838
1979.57159304 1.00070378859
1979.59202544 1.01008275241
1979.61245774 1.00857625009
1979.63289004 0.987131075218
1979.65332233 0.999718668755
1979.67375463 0.987728437161
1979.69418693 1.00633943179
1979.71461922 0.992912914499
1979.73505152 0.9847474358
1979.75548381 0.997183265888
1979.77591611 1.0064727644
1979.7963484 1.00322402425
1979.8167807 0.988448464511
1979.83721309 0.997891308513
1979.85764528 1.00872756053
1979.87807757 1.00157051502
1979.89850986 1.01154744802
1979.91894216 0.993543427741
1979.93937445 1.01749148112
1979.95980674 1.01266730056
1979.98023903 0.997246070332
1980.00067131 1.00459547407
1980.0211036 0.97711870416
1980.04153589 1.00001325589
1980.06196828 0.9916323935
1980.08240047 1.00276536881
1980.10283275 1.00836127174
1980.12326514 0.983436499721
1980.14369733 1.00508362556
1980.16412961 1.00829687109
1980.24585885 1.02686685238
1980.26629113 1.00212082943
1980.28672331 0.997719329877
1980.32758798 0.975891316991
1980.34802016 1.01230492771
1980.36845254 1.01127213283
1980.38888482 1.00890457034
1980.409317 0.997491511376
1980.42974938 0.985571073129
1980.45018165 1.00852915241
1980.47061393 1.00190477374
1980.49104621 1.00524776447
1980.51147849 1.01046087465
1980.55234304 0.997886032795
1980.57277532 1.00261977355
1980.59320769 1.00416874115
1980.61363987 0.991807250396
1980.63407214 0.98926514609
1980.65450451 1.01347966745
1980.67493669 1.00633702313
1980.69536896 1.00530295094
1980.71580133 0.994553673937
1980.7362335 0.999579874631
1980.79753032 1.01062548003
1980.81796259 0.9852636721
1980.83839496 1.0147697031
1980.85882713 1.00073653794
1980.87925939 1.00863321015
1980.89969176 1.01194002504
1980.92012393 0.979922594653
1980.9405562 0.996073117597
1980.96098856 0.99685226341
1981.02228536 0.984968485116
1981.04271763 0.98793807342
1981.06314989 1.01607669524
1981.08358215 0.998087647018
1981.10401442 1.00276681522
1981.12444668 0.986715415849
1981.14487894 1.00497590787
1981.1653112 0.990888186504
1981.18574357 1.00150008224
1981.20617573 1.00633720295
1981.22660799 0.98349887716
1981.24704035 1.00294197118
1981.26747251 0.984206010536
1981.28790477 1.01673100557
1981.30833712 0.995196041285
1981.32876928 0.997264968023
1981.34920154 1.01368012469
1981.3696339 0.986555367617
1981.39006605 1.00622229854
1981.41049831 1.00919175799
1981.43093057 0.975939024683
1981.45136282 1.02923572774
1981.51265958 1.00532084987
1981.5943887 0.993981638609
1981.61482095 0.972299277419
1981.6352531 1.00813301394
1981.65568545 0.996161958876
1981.6761177 1.00679831748
1981.69654985 1.013039008
1981.7169822 0.978816591486
1981.73741445 1.01174732388
1981.75784659 1.00577858458
1981.77827894 0.998984900374
1981.79871119 1.01613213382
1981.81914334 0.978613484672
1981.83957568 1.00600571791
1981.86000793 1.0061694045
1981.88044017 0.992350889714
1981.90087242 1.00160372106
1981.92130466 0.991327106924
1981.94173701 1.00933293787
1981.96216915 1.00159343319
1981.98260139 0.989994098137
1982.00303374 0.991521935602
1982.02346598 0.975147889345
1982.04389812 0.999024246668
1982.06433046 1.00320485755
1982.0847627 0.992412917095
1982.10519484 1.0054038642
1982.12562718 0.987451484436
1982.14605932 1.02832001208
1982.16649156 1.0059838878
1982.1869239 1.00174587579
1982.20735604 1.00467364655
1982.22778827 0.974751965587
1982.24822061 0.99643301773
1982.26865275 0.988771807961
1982.28908498 0.997306002317
1982.30951732 1.01290657257
1982.32994945 0.985417824778
1982.35038169 1.00093002524
1982.37081402 0.992231920571
1982.39124626 1.01292024499
1982.43211072 0.996516114789
1982.45254296 1.00593567136
1982.47297519 0.999779339395
1982.49340742 1.0030653963
1982.51383965 0.992490247109
1982.53427198 1.0015543043
1982.55470411 1.01364611048
1982.57513634 0.98858306794
1982.59556867 1.00198779997
1982.6160008 0.980046717242
1982.63643303 1.01212034447
1982.65686535 1.00514922665
1982.67729748 0.984867891422
1982.69772971 1.00177253087
1982.77945871 1.00320687503
1982.79989084 1.00917252011
1982.82032306 0.982508013523
1982.84075538 1.00160855317
1982.86118761 0.989537483502
1982.88161983 1.00036453565
1982.90205205 1.00050314631
1982.92248417 0.971463952901
1982.94291649 0.989599770139
1982.98378084 1.01829681257
1983.00421316 1.00346376099
1983.02464538 0.98695369354
1983.04507749 1.00769780512
1983.06550981 1.00181021373
1983.08594203 1.0051612998
1983.10637415 1.00768117138
1983.12680647 0.987809633927
1983.14723868 1.0154172976
1983.1676708 0.983113666747
1983.18810311 1.01682160093
1983.20853533 0.998540612138
1983.22896754 0.974067782086
1983.24939976 0.99539946826
1983.26983197 1.00437042808
1983.29026419 0.99702700451
1983.3106964 1.00533138041
1983.33112861 0.987575564134
1983.37199314 0.996538127975
1983.39242525 1.00213032746
1983.41285756 0.979023696596
1983.45372188 0.991648372022
1983.47415419 1.01302123748
1983.4945864 0.993161166488
1983.5150185 0.975356041717
1983.53545081 1.00490007863
1983.55588302 0.995038305241
1983.57631513 0.992565193537
1983.59674743 1.00407627203
1983.61717964 0.987111073311
1983.63761175 1.00366578886
1983.65804405 1.00948432197
1983.67847616 1.00082526945
1983.69890846 1.00286238612
1983.71934066 0.98672668229
1983.73977277 1.01164175137
1983.76020497 0.995289676179
1983.78063727 0.995278278189
1983.80106948 1.0062677387
1983.82150168 0.989325206108
1983.84193388 1.01460783562
1983.86236608 1.01696595401
1983.88279838 1.00103568982
1983.90323048 1.00180146136
1983.98495927 1.00178963477
1984.00539157 1.01108683773
1984.02582367 1.00283835906
1984.04625587 1.01855101458
1984.06668816 1.001646051
1984.08712026 1.00408257378
1984.10755245 1.01557281514
1984.12798475 0.982754726044
1984.14841684 1.00163640434
1984.16884904 0.995987234789
1984.18928133 1.01078825854
1984.20971352 0.973722725564
1984.23014562 0.985951481651
1984.25057791 0.999432670007
1984.2710101 0.993327195979
1984.29144229 0.994651924808
1984.31187448 1.00110718351
1984.33230667 1.01085543
1984.35273896 1.00598953725
1984.49576418 1.00486494941
1984.51619627 0.990188513231
1984.53662855 1.02374318912
1984.55706074 0.99934972991
1984.57749282 0.994326043174
1984.59792511 1.00832266296
1984.61835729 0.983130840208
1984.63878948 1.00831486431
1984.65922166 0.997647999319
1984.67965384 1.00781988949
1984.70008602 1.001321152
1984.72051831 0.993952669451
1984.74095039 1.02001432057
1984.76138267 1.01007712511
1984.78181485 1.01170644523
1984.80224693 1.0108979826
1984.82267921 0.986180821604
1984.84311139 0.998738466701
1984.86354347 0.994940761346
1984.88397575 0.998342799526
1984.90440792 0.999353535953
1984.94527228 1.0013324749
1984.96570445 1.00091573202
1984.98613653 1.00413214088
1985.00656881 1.03862915
1985.02700098 0.989565015295
1985.04743316 0.993510170801
1985.06786533 0.9958391376
1985.0882975 1.02125093279
1985.10872968 0.982496413336
1985.12916185 0.999982046592
1985.14959402 1.01495932764
1985.1700261 0.992725477015
1985.19045837 1.01405726389
1985.21089054 0.99561854136
1985.23132281 1.02147283976
1985.25175488 1.02088672319
1985.27218705 1.00299013752
1985.29261932 1.01016599528
1985.31305139 0.991337749501
1985.39478006 1.00490619583
1985.41521233 0.974035781083
1985.43564439 1.00188006575
1985.45607656 1.00654695984
1985.47650883 0.987930502595
1985.49694089 0.99878118321
1985.51737306 0.998240603516
1985.53780532 1.00045679726
1985.55823748 1.0012448029
1985.57866955 1.01028404824
1985.59910181 1.0088732191
1985.61953397 0.988325232795
1985.63996603 1.00271655758
1985.6603983 1.00486204513
1985.68083046 1.01253612796
1985.70126272 1.0004147059
1985.72169478 0.986331768431
1985.74212694 1.01297334566
1985.7625592 0.998684438576
1985.78299126 1.00922227031
1985.80342342 1.00683364016
1985.82385567 0.989240315664
1985.86471989 1.00916523541
1985.88515205 1.00479887957
1985.9055842 0.998608588124
1985.92601636 0.990384670172
1985.94644851 1.01003763619
1985.96688067 1.00058711777
1985.98731282 0.996108458982
1986.00774498 0.980887037199
1986.02817713 0.99563166678
1986.04860928 1.00735343806
1986.06904154 0.989314052045
1986.08947359 1.01900034679
1986.10990574 0.986010085742
1986.13033799 0.999958897575
1986.15077004 1.01119876573
1986.1712023 0.99967431032
1986.19163445 1.00076182576
1986.2120665 0.98800417479
1986.23249875 1.00810733629
1986.25293089 0.995911053701
1986.27336294 1.00724861709
1986.29379519 1.01536493055
1986.31422734 0.991309979691
1986.33465939 1.00413920685
1986.35509163 1.00989248939
1986.37552378 1.00842259346
1986.39595592 1.0042449951
1986.41638807 0.97145040093
1986.43682022 0.99884749584
1986.45725236 0.983406569758
1986.4776845 1.00482326871
1986.49811665 0.983719160223
1986.51854879 0.967015514265
1986.53898103 0.996895385894
1986.55941308 0.993957894061
1986.57984522 1.01797678681
1986.60027736 0.985662354113
1986.68200592 0.993860623419
1986.70243816 1.02315453328
1986.7228702 0.982160882116
1986.74330234 0.995456104744
1986.76373458 0.989381678436
1986.78416662 1.01520288112
1986.80459875 1.00777301973
1986.82503099 0.988418471811
1986.84546303 1.00287682148
1986.86589516 0.998650228194
1986.90675953 0.975055966786
1986.92719157 1.00354881753
1986.9476238 1.00571620271
1986.96805594 0.996021322914
1986.98848797 1.01526938833
1987.0089202 0.985283947177
1987.02935234 1.01242287961
1987.04978437 1.00457416939
1987.0702166 1.00453591151
1987.09064873 1.00442782379
1987.11108096 0.975804785543
1987.13151299 0.992696663643
1987.15194512 1.00157822139
1987.17237735 1.00078261662
1987.19280938 1.00228599999
1987.21324151 0.993296523552
1987.23367374 1.02342885627
1987.25410577 1.01782003589
1987.2745379 1.00275159235
1987.3562665 0.993670894127
1987.37669853 1.02369411109
1987.39713065 0.997042579754
1987.41756278 0.992386003979
1987.4379949 1.00638494844
1987.45842703 1.00671497037
1987.47885925 1.00318552636
1987.49929127 1.01233363587
1987.51972349 0.989808929073
1987.54015562 1.00289569599
1987.56058764 1.01195300954
1987.58101986 0.99810265174
1987.60145198 0.997629162828
1987.621884 0.965822823925
1987.64231622 1.01812821987
1987.66274834 0.994918178023
1987.68318036 0.999728351751
1987.70361258 0.991677963451
1987.7240447 0.987121667961
1987.74447681 1.00949178363
1987.76490893 1.00322738256
1987.78534105 0.999848029878
1987.80577317 0.976944027285
1987.82620528 1.0051900416
1987.8466374 1.02301459656
1987.86706951 0.990626050114
1987.88750163 0.996080038893
1987.90793374 0.985754067845
1987.92836586 0.995959367464
1987.94879807 1.00317922646
1987.96923008 0.990884102162
1987.9896623 1.00680507827
1988.01009441 0.995861421876
1988.03052642 0.991473788037
1988.05095863 1.00627105975
1988.07139074 1.01266381922
1988.09182275 1.0045606614
1988.11225496 0.978908262156
1988.13268697 1.01865509724
1988.15311908 1.00793038719
1988.17355129 1.00026831403
1988.1939833 1.00028378384
1988.21441541 0.979483747843
1988.23484762 1.00987998479
1988.25527963 1.02437312491
1988.27571173 1.00277491524
1988.29614394 0.994167506515
1988.35744026 0.986772419494
1988.37787236 1.00896503773
1988.39830437 0.999032762893
1988.41873657 0.988507040375
1988.43916867 1.00276099346
1988.45960088 1.00341187137
1988.48003288 1.00532057912
1988.50046498 1.00186403615
1988.52089718 0.976446756504
1988.54132919 1.01465488791
1988.56176129 1.00585733182
1988.58219349 0.997145175647
1988.60262549 0.997666420027
1988.62305759 0.995530071017
1988.64348979 0.992812542644
1988.66392179 0.988889095788
1988.68435389 1.01088592436
1988.70478608 0.992380552509
1988.72521808 0.999568978524
1988.74565018 1.00362615715
1988.76608238 0.988136191371
1988.78651447 1.03681585066
1988.80694647 0.984514270482
1988.90910694 1.00192690784
1988.92953914 0.998136339511
1988.94997123 1.00508091425
1988.97040322 1.00202771671
1988.99083542 1.0183612452
1989.01126751 0.989049011913
1989.0316995 1.0009357547
1989.05213169 1.00164154236
1989.07256378 1.00039003748
1989.09299577 1.00827038483
1989.11342796 0.977539768759
1989.13386005 0.986677887069
1989.15429214 0.991757787738
1989.17472423 0.997359225867
1989.19515632 1.01351103848
1989.21558841 0.979976382387
1989.27688467 1.00899220287
1989.29731686 1.00737556766
1989.31774884 0.984324945501
1989.33818093 0.999155151701
1989.35861311 0.994571679167
1989.3790451 1.00260561632
1989.39947728 0.991580552009
1989.41990937 1.00609125723
1989.44034135 0.996125718612
1989.46077353 1.00564006974
1989.48120562 1.01709536266
1989.5016376 1.01331234618
1989.52206978 0.980720136892
1989.54250186 1.00388178203
1989.56293384 0.977938366942
1989.58336602 1.00928785432
1989.6037981 0.983078155134
1989.62423008 1.00540126186
1989.64466226 1.02171148298
1989.74682256 1.00948532584
1989.76725473 0.990810029061
1989.82855096 0.98683218526
1989.84898304 1.00684899574
1989.86941521 0.989965756717
1989.88984719 1.01207075252
1989.91027926 0.987341507998
1989.93071144 0.995133055544
1989.95114341 0.999293748957
1989.97157548 1.00456809485
1989.99200765 1.01915268657
1990.01243963 0.978431261095
1990.0328717 1.00429588799
1990.05330387 1.00005883633
1990.07373584 1.01284629404
1990.09416791 1.00580780383
1990.11460008 1.00513386504
1990.13503215 1.00224830031
1990.15546412 1.01006375691
1990.17589629 0.994798421871
1990.19632836 0.997741652681
1990.21676033 0.959789817134
1990.2984887 0.923682365084
1990.31892076 0.977530137045
1990.33935283 1.01211133203
1990.3597849 0.99849177517
1990.38021686 0.999246054795
1990.40064903 1.01025518845
1990.42108109 0.98909694309
1990.44151305 0.988222609313
1990.46194522 0.96950473524
1990.48237728 0.994452573774
1990.50280934 0.969985340056
1990.52324141 0.975465148311
1990.54367347 0.952473412727
1990.56410553 0.983836669022
1990.62540171 1.01210600637
1990.64583387 1.00926025417
1990.66626583 0.998657329985
1990.68669789 1.00543674905
1990.70713005 0.98741691841
1990.72756201 1.00671941367
1990.74799417 0.99524436652
1990.76842622 1.04400409476
1990.78885818 1.01073710105
1990.82972239 1.00419331323
1990.85015435 1.00734131184
1990.87058651 0.982399241373
1990.95231472 0.98800312747
1990.97274678 1.00354779571
1990.99317883 1.01836722084
1991.01361088 1.00117406942
1991.03404294 1.01608572744
1991.05447499 1.00413641674
1991.07490704 1.00574993513
1991.09533899 0.999439373471
1991.11577114 0.979626444335
1991.13620319 1.01361848172
1991.15663534 0.99562301249
1991.17706729 1.01091549929
1991.19749934 1.01517458215
1991.21793149 0.989129711938
1991.23836344 1.01245796858
1991.25879549 0.993094244636
1991.32009163 0.981581010731
1991.34052378 1.00582657318
1991.38138777 1.01162903532
1991.46311605 1.00599096237
1991.48354809 1.00166246243
1991.50398004 0.993284162113
1991.54484422 0.995997786612
1991.56527616 0.990658403056
1991.58570831 0.999045056533
1991.60614035 0.981141920956
1991.62657249 1.01724188717
1991.64700443 1.02194582163
1991.66743647 1.0062242233
1991.68786861 0.999888728607
1991.70830055 0.986905247871
1991.72873259 1.01259641846
1991.74916463 1.00614877709
1991.76959667 0.989781058586
1991.7900287 1.00033428537
1991.81046074 0.988295957182
1991.83089278 1.00584276446
1991.85132482 0.996721450166
1991.87175685 1.02346049328
1991.89218889 1.00119536527
1991.91262093 0.984193232413
1991.93305296 1.00459660856
1991.953485 0.999582011073
1991.97391703 1.01710487368
1991.99434916 1.00380208223
1992.0147811 0.97338845916
1992.05564527 1.01205554348
1992.0760772 1.00277166846
1992.09650933 0.9964505612
1992.11694136 0.983652162594
1992.13737329 1.0067559025
1992.15780543 0.987897155875
1992.17823746 1.00587786985
1992.19866939 0.991559677252
1992.21910152 0.986428150413
1992.23953355 1.00257132048
1992.25996548 0.993526048294
1992.2803976 0.991724962868
1992.30082963 1.00922021871
1992.32126166 0.994237468577
1992.34169369 1.00833187959
1992.36212572 1.0021107236
1992.38255774 1.00484296065
1992.40298977 0.977691520079
1992.4234218 1.00158146756
1992.44385392 0.988876323782
1992.46428595 1.00436554555
1992.48471787 0.988904470066
1992.50515 0.982096130394
1992.52558192 1.00912174381
1992.54601395 1.00160783676
1992.56644607 0.989439097439
1992.58687799 0.993577140684
1992.60731002 0.983790147148
1992.64817406 0.995367394825
1992.66860608 1.01435308385
1992.6890382 0.984656462414
1992.70947012 0.956974421802
1992.72990214 0.974526606852
1992.81163032 0.983834995556
1992.83206234 0.986459777942
1992.85249436 1.01000923899
1992.87292638 0.998607014915
1992.97508656 1.0006458409
1993.03638261 1.00611141591
1993.05681452 1.00073832334
1993.07724654 1.01847623307
1993.09767865 1.00526498444
1993.11811056 1.00048392729
1993.13854258 1.00761839139
1993.15897469 1.00866618384
1993.1794066 1.01419284775
1993.19983861 0.98280921956
1993.22027073 1.00705219039
1993.24070264 1.01594996785
1993.26113475 0.983684527688
1993.30199867 0.974956550794
1993.32243078 1.00300978837
1993.34286279 1.00490170348
1993.3632947 0.999351390632
1993.44502283 1.02314832135
1993.48588674 0.99545951387
1993.50631885 0.976804276898
1993.52675086 1.02036741089
1993.54718276 0.994233790411
1993.56761487 1.0034622561
1993.58804687 1.00354152029
1993.60847878 0.990649094163
1993.62891088 1.01557141826
1993.69020689 1.00447631438
1993.71063889 0.990707403847
1993.731071 1.02456785852
1993.7515029 0.996745967894
1993.7719349 1.01348632501
1993.792367 1.00108121096
1993.812799 0.992512016705
1993.8332309 1.01741627719
1993.914959 0.995487515736
1993.935391 1.0093607357
1993.9558229 0.998228501009
1994.01711889 0.992826991243
1994.03755099 1.01599052475
1994.05798288 1.01656753014
1994.07841498 0.999807642727
1994.13971096 1.00681393375
1994.16014296 0.997650988219
1994.18057495 1.0002978717
1994.20100695 0.977281369906
1994.22143894 1.00911974648
1994.28273492 0.999114173327
1994.30316691 0.974475987403
1994.3235989 1.01185834213
1994.34403089 0.996299491629
1994.36446289 0.98720086642
1994.38489498 1.01654746577
1994.40532687 0.978146191677
1994.42575886 1.00819444842
1994.44619095 0.999066102719
1994.46662284 1.00987766167
1994.48705492 0.999806642638
1994.50748691 0.986266237159
1994.5279188 1.0015141443
1994.54835089 0.990397203983
1994.56878288 1.00951007962
1994.58921476 1.00084516569
1994.60964685 0.985772578646
1994.63007884 1.0045397963
1994.65051082 0.991854958218
1994.67094281 0.997132739764
1994.69137479 0.986820568805
1994.71180668 0.962806986784
1994.75267075 1.0003723929
1994.77310263 1.00276814972
1994.79353471 1.00955356698
1994.8139667 0.972188218475
1994.83439858 1.02202432431
1994.85483066 1.00366212272
1994.87526264 1.02798139485
1994.89569473 0.96627100806
1994.91612661 0.993857500123
1994.93655859 0.981625115169
1994.95699067 0.980413351561
1994.97742255 0.989739051472
1995.05915047 0.998813613603
1995.07958254 1.00387100965
1995.10001442 0.989589677469
1995.1204464 1.00382431528
1995.14087848 1.02521779084
1995.16131035 1.00666966702
1995.18174233 1.00462631328
1995.20217441 0.976094060321
1995.22260638 0.99712019306
1995.24303826 1.00137972053
1995.26347033 0.988489928691
1995.28390231 1.00128847404
1995.30433428 0.972737768036
1995.32476626 0.996751077146
1995.34519823 1.01564851046
1995.3656302 1.00699626538
1995.38606218 1.01145882217
1995.40649415 0.983305162512
1995.42692612 1.00941768497
1995.4473581 0.996627869747
1995.46779007 0.999709417986
1995.48822204 1.001797929
1995.50865401 1.00291969503
1995.56994992 1.01641306099
1995.59038189 1.00314948059
1995.61081386 0.988385784075
1995.63124583 1.00388232468
1995.6516778 0.993947853742
1995.67210976 0.999666195379
1995.73340577 1.00269054579
1995.75383763 0.989248014596
1995.7742697 1.00168137304
1995.79470167 0.974301395456
1995.81513353 1.01074229077
1995.8355656 1.0095300864
1995.85599756 0.994426446243
1995.87642943 1.00023885317
1995.89686149 0.992752484061
1995.95815738 0.996770225347
1995.97858935 1.00209222057
1995.99902121 0.985270749384
1996.08074915 1.01585898388
1996.10118112 0.997180005358
1996.12161308 1.00218034187
1996.14204504 0.999505987246
1996.22377287 1.00548893098
1996.24420493 1.00391086854
1996.26463679 1.00158958945
1996.28506875 0.997442923025
1996.3055008 0.999398138064
1996.32593266 1.003227927
1996.34636462 0.997307828285
1996.36679667 0.989082993247
1996.38722853 0.991117767649
1996.40766049 0.957901641655
1996.42809254 0.956053505488
1996.4485244 0.988338443107
1996.46895635 1.02232535094
1996.48938841 1.00453729838
1996.50982026 0.988946405651
1996.53025231 1.00782397746
1996.55068427 1.00247208874
1996.57111622 1.00966744885
1996.59154817 1.00095840597
1996.61198012 0.978030904272
1996.63241208 1.00148095137
1996.65284403 0.96826823351
1996.73457183 1.01848762038
1996.75500378 1.01922088952
1996.77543583 1.00319582706
1996.79586768 1.00149039069
1996.81629963 1.02040372231
1996.83673168 1.00645110169
1996.85716352 1.01403329519
1996.87759547 1.02781590791
1996.89802742 0.984394428553
1996.95932326 1.00017211199
1996.97975521 0.997160216787
1997.00018725 0.994429403155
1997.0206191 1.01706729179
1997.04105104 1.01603485889
1997.06148309 0.992879071823
1997.10234688 0.997957245918
1997.12277892 1.02554311522
1997.14321086 0.996162619077
1997.20450669 0.993908818206
1997.22493853 1.00893793501
1997.24537058 1.0037334824
1997.26580252 1.00257679857
1997.28623436 1.01091536219
1997.3066664 0.987129361807
1997.32709834 1.00937453067
1997.34753038 1.00333854512
1997.36796222 1.00010203893
1997.38839416 1.00045785683
1997.4088262 0.991943723425
1997.42925804 0.993426591133
1997.44968997 1.01163752806
1997.47012201 1.02196659731
1997.53141782 1.02232151202
1997.55184976 0.997736173931
1997.5722816 0.999260549905
1997.6335774 0.996482277452
1997.65400944 0.985704012195
1997.67444127 0.9921698178
1997.69487331 0.981947845061
1997.71530524 1.00655033284
1997.73573708 0.995977633421
1997.75616911 0.996867618042
1997.77660104 0.998406680202
1997.79703287 0.9855972142
1997.8787607 1.00135995071
1997.89919263 0.983993671373
1997.91962456 0.991733832854
1997.94005649 0.997784799104
1997.96048842 1.00209402968
1997.98092035 1.00996970223
1998.00135228 0.983251303762
1998.02178421 1.02026758805
1998.04221614 0.986767554869
1998.06264817 0.999800779932
1998.08308 1.00268720163
1998.10351203 0.993323046772
1998.12394395 0.999008055903
1998.14437578 1.02238128562
1998.22610359 1.00813260626
1998.24653551 1.0075886754
1998.26696734 1.01188937108
1998.28739936 0.992452294329
1998.36912696 0.984221027208
1998.38955898 0.991469025067
1998.4099909 0.97194064645
1998.43042282 1.00606884067
1998.45085465 1.00102718468
1998.47128667 1.00512750662
1998.49171859 0.988348565908
1998.51215051 1.01179745428
1998.53258243 0.993909286465
1998.55301435 1.00179990458
1998.57344637 1.00272987008
1998.59387819 0.982361756211
1998.61431011 0.997589464682
1998.63474213 1.00485771882
1998.67560587 1.01027450863
1998.69603789 0.986589065429
1998.71646971 1.0004719514
1998.75733364 0.986575270238
1998.77776546 1.00683178113
1998.79819737 0.977181375151
1998.81862939 1.0028275114
1998.83906121 0.999775307944
1998.85949312 1.00881153933
1998.87992514 1.00304752663
1998.90035705 0.982489077832
1998.92078897 1.00702934283
1998.94122088 1.01467214048
1998.9616528 1.01723675369
1998.98208471 1.00050121906
1999.00251662 0.986193198278
1999.02294854 1.01108568875
1999.04338055 1.00399680888
1999.06381236 1.01738016362
1999.08424427 1.00726780735
1999.10467619 0.980787995774
1999.1251081 1.01094504611
1999.14553991 0.999662598052
1999.16597192 1.01369415356
1999.18640383 1.00057295265
1999.20683564 0.987873181565
1999.22726765 1.0135887399
1999.30899529 0.988462502148
1999.3294273 1.00071635134
1999.3498591 0.978143508677
1999.37029101 1.00657579793
1999.39072302 0.992125452219
1999.45201874 1.00144422633
1999.47245065 1.00830152531
1999.49288245 0.988655471052
1999.51331446 1.00029687824
1999.53374636 1.01719178801
1999.55417817 0.990324214288
1999.57461017 0.992861522363
1999.59504208 0.952778533453
1999.61547388 0.966666263678
1999.63590588 1.01026736245
1999.71763349 1.00169354066
1999.7380655 1.02307785376
1999.7584973 0.995185742322
1999.7789292 0.995826423724
1999.7993612 0.986021241727
1999.819793 1.00821686308
1999.8402249 0.995864171428
1999.8606568 0.998776417555
1999.8810887 0.999669690194
1999.9015206 0.99143275791
1999.9219525 1.0098186923
1999.9423844 1.00476666751
1999.9628163 1.01373332622
2000.0036801 0.988376636589
2000.02411209 0.999642805164
2000.04454399 0.997144635618
2000.06497579 1.00097564881
2000.08540778 1.00098978443
2000.10583968 1.01443018297
2000.12627148 1.00371974207
2000.14670347 0.988847637475
2000.16713537 0.998014703605
2000.18756716 1.00365064107
2000.20799916 0.977984061129
2000.24886295 0.992950488565
2000.26929484 1.00788375304
2000.28972673 0.982026196839
2000.31015863 1.01250015569
2000.33059052 1.01047151744
2000.35102241 0.995475040192
2000.37145431 0.985048098476
2000.3918863 0.984949641687
2000.41231809 1.0117183302
2000.43275008 1.00131361992
2000.45318197 0.992436049682
2000.47361376 1.01259307446
2000.55534142 0.997317781838
2000.57577331 1.0130443005
2000.5962051 0.97938881434
2000.63706888 1.00280174445
2000.65750077 0.981136761142
2000.67793276 1.00946246152
2000.69836454 0.976687722281
2000.71879643 1.00018800888
2000.73922842 0.989181422483
2000.7596602 1.00474481231
2000.78009219 1.00982071459
2000.80052408 0.967222339082
2000.82095596 1.00538514188
2000.84138785 0.988606389073
2000.86181973 1.00417902978
2000.88225162 1.00470256346
2000.9026835 0.994237529011
2000.92311539 1.00708176854
2000.96397925 1.00109585227
2000.98441104 0.99639416321
2001.00484292 0.990317234127
2001.0252749 0.997971499921
2001.04570668 0.99201131146
2001.06613857 0.991991933482
2001.08657055 0.988759340213
2001.10700233 0.980852413153
2001.12743421 0.995648197498
2001.14786619 1.03192775312
2001.16829797 1.00013815504
2001.18872995 0.984019258137
2001.20916183 1.00648299806
2001.22959371 1.00027899079
2001.31132123 1.00266501091
2001.33175311 1.01825967156
2001.35218488 0.999071560476
2001.37261686 1.00096320716
2001.39304874 0.988503505535
2001.41348052 1.00332566572
2001.43391249 0.994556738126
2001.45434437 1.01578664172
2001.47477615 1.0131655925
2001.53607197 1.01390942755
2001.55650375 0.988418632894
2001.57693562 0.992069940198
2001.5973676 0.977646528652
2001.61779937 1.00666741804
2001.63823124 1.01588194316
2001.65866322 1.002932889
2001.67909499 1.02228208877
2001.71995884 1.00081218297
2001.74039061 1.00493581572
2001.76082248 1.00918373163
2001.78125445 1.00774193323
2001.80168632 0.991934694508
2001.82211809 1.01528329739
2001.84255006 0.992170559106
2001.86298194 0.996186532653
2001.88341391 1.00333592816
2001.90384568 0.996240769895
2001.92427754 1.01078984062
2001.94470951 1.01493928509
2002.02643689 1.01063361532
2002.04686876 0.99430918632
2002.10816426 1.00995014243
2002.18989182 0.981952407593
2002.21032369 1.00882695317
2002.23075565 1.00506442738
2002.25118742 0.986289883875
2002.29205125 0.982786478298
2002.31248311 0.998928775612
2002.33291488 0.992543999214
2002.35334684 0.981469712318
2002.3737787 1.00373619804
2002.39421047 0.98381206458
2002.41464243 1.00131422332
2002.43507429 1.0270726323
2002.45550605 1.00417723551
2002.47593801 1.00554027777
2002.49636988 0.980418018121
2002.51680164 1.00113898668
2002.5372336 0.991872292605
2002.55766546 1.0004520061
2002.59852918 0.982375096183
2002.639393 0.992408055918
2002.65982476 1.0112341597
2002.68025662 1.00566105835
2002.70068857 0.989205544766
2002.72112033 1.00194495713
2002.74155219 1.00100550519
2002.76198405 1.00018534453
2002.78241591 1.02171556074
2002.80284776 0.982657481375
2002.82327972 1.00755605552
2002.84371148 1.00423274015
2002.88457529 0.983519301871
2002.9254389 1.00009536649
2002.94587086 0.982153991298
2002.96630261 1.01280285557
2002.98673456 0.983224957721
2003.00716642 0.999304352705
2003.02759817 1.00672161082
2003.04803013 0.990175488297
2003.06846198 1.0033586761
2003.08889373 0.98972399462
2003.10932569 1.02073507501
2003.12975754 1.02272916521
2003.15018939 0.998426156661
2003.17062124 0.990580283077
2003.1910531 0.980536668553
2003.21148495 1.00269991831
2003.2319168 0.998768641013
2003.25234865 1.00006573807
2003.2727805 1.00989067479
2003.29321245 0.979719208639
2003.3136442 1.03278665078
2003.33407615 0.997783363378
2003.354508 1.0153906892
2003.37493975 1.01447795724
2003.3953717 0.993735134598
2003.41580355 1.01322640676
2003.47709899 1.01189930398
2003.59969007 0.998271401858
2003.62012192 1.01232017676
2003.64055386 0.997282470745
2003.66098571 1.01108832665
2003.68141755 1.01878256673
2003.7018494 0.998097059126
2003.72228124 0.997829012819
2003.74271309 1.0061227665
2003.76314493 1.0017147676
2003.78357678 0.992756762876
2003.80400872 0.995750647327
2003.82444046 1.00590872033
2003.84487231 0.997895328059
2003.86530425 1.00133422785
2003.88573599 0.986450982403
2003.90616783 1.04178469055
2003.92659977 1.01014591439
2004.00832704 0.994645148953
2004.06962256 1.00465551655
2004.0900545 0.984227286817
2004.11048634 1.00714364924
2004.13091818 1.01754076589
2004.15135002 1.01280013307
2004.17178185 1.0002127014
2004.19221369 0.971409317765
2004.21264553 1.00549429783
2004.23307737 0.997536180501
2004.25350911 1.00649701817
2004.27394104 1.00409708078
2004.29437288 0.987389771737
2004.31480462 1.0030572346
2004.33523655 0.985309631201
2004.35566839 1.00123314045
2004.37610032 0.995545226094
2004.43739583 0.995909424672
2004.51912307 0.966538426572
2004.55998684 1.0045078295
2004.58041857 1.00062943854
2004.6008504 0.976267973996
2004.62128233 0.999212931106
2004.64171417 0.997122341788
2004.6621459 1.00838095139
2004.68257783 0.991555598929
2004.70300966 1.01278781805
2004.72344149 1.00146561452
2004.74387332 1.00005123427
2004.76430515 1.00182029384
2004.78473708 0.968992123506
2004.80516882 1.00036756956
2004.82560064 1.0066219849
2004.84603247 1.0113051223
2004.8664643 1.00074403736
2004.88689613 0.991028241256
2004.90732796 1.01012234276
2004.92775979 1.00083708322
2004.94819162 0.995040564827
2004.96862345 0.985962690801
2004.98905527 0.972983607737
2005.0094871 1.00555664316
2005.02991893 1.01201099841
2005.05035076 1.00216849094
2005.07078268 0.99956160232
2005.09121441 0.98629580865
2005.11164624 1.00191218237
2005.13207816 0.994492327848
2005.15250999 1.00817664753
2005.17294171 1.00638432789
2005.19337364 0.983092013076
2005.21380546 1.01550950991
2005.23423719 0.999946003454
2005.25466911 1.00097061475
2005.27510094 0.987077019381
2005.29553266 0.999202337069
2005.31596458 1.00557653558
2005.33639641 0.99038897727
2005.35682813 0.989483764889
2005.37726005 1.00437857789
2005.39769188 0.987565053343
2005.4181238 1.04640196389
2005.43855552 0.998137557817
2005.45898734 1.00878160546
2005.47941926 1.00968834021
2005.49985098 0.99305771445
2005.52028281 1.01146434792
2005.54071473 1.01141251477
2005.56114645 1.00663208453
2005.58157827 0.982824836267
2005.60201019 0.999019878607
2005.62244191 0.996619529093
2005.64287373 0.995720515437
2005.70416918 0.99962274903
2005.7246011 1.0148660615
2005.78589656 0.993170028051
2005.80632827 1.01055541263
2005.82676019 0.998949565932
2005.84719201 1.00149787507
2005.86762372 1.01091053158
2005.88805564 0.985661629143
2005.90848746 1.00680806059
2005.92891917 1.01863081277
2005.94935109 0.988118316947
2005.9697829 1.00473150261
2005.99021472 0.987069530322
2006.01064653 1.00262696424
2006.03107835 0.989590640348
2006.05151016 1.0092075497
2006.07194198 1.00761990845
2006.09237379 0.97833684272
2006.1128057 1.00954014888
2006.13323742 0.991333112828
2006.15366923 1.00695659534
2006.17410114 1.00633611979
2006.25582839 1.00340174057
2006.2762601 1.00095235351
2006.29669201 0.975677169582
2006.31712382 1.00521088095
2006.33755554 0.991381817154
2006.35798745 1.02441093248
2006.41928288 0.988087559052
2006.43971459 0.996097144228
2006.4601465 0.991462182028
2006.4805783 0.95723468442
2006.52144192 1.01460684929
2006.54187373 0.994100800455
2006.56230554 0.999837354754
2006.58273735 0.988078222511
2006.60316915 0.999796582898
2006.62360096 1.00975096387
2006.64403287 1.00042232502
2006.66446457 0.999286416668
2006.68489638 1.00567482501
2006.70532829 1.0114448919
2006.72575999 1.01228576651
2006.7461918 0.976831447144
2006.7666237 1.00907358306
2006.78705541 0.981057414786
2006.80748732 1.01257115235
2006.82791912 1.00789172718
2006.84835082 0.989286553448
2006.86878273 1.00172066794
2006.88921453 0.986630236711
2006.90964624 1.04025555937
2006.93007814 1.01129525371
2006.95050994 0.996058691716
2007.01180535 1.0038677097
2007.03223715 0.992216401978
2007.05266896 1.00488826453
2007.07310076 0.99269187741
2007.09353256 0.986845163791
2007.11396436 1.01738648528
2007.13439616 0.985762880895
2007.15482796 0.999505193022
2007.17525976 1.00053151311
2007.19569157 0.992702713786
2007.21612347 0.998748324342
2007.23655517 0.992121901552
2007.25698696 0.99981094913
2007.27741886 0.998450206914
2007.29785056 1.03824587073
2007.31828236 1.00584498008
2007.33871426 1.00483951081
2007.35914596 1.00065288223
2007.37957776 0.979419052122
2007.40000966 1.00825408672
2007.42044135 1.00949536761
2007.44087325 0.987660694519
2007.46130505 1.01140330919
2007.48173685 0.975200398712
2007.50216864 1.00390742689
2007.52260044 1.00112322947
2007.54303224 1.00102784936
2007.56346403 1.0127378935
2007.58389583 0.9872858144
2007.60432762 1.00734243745
2007.62475952 0.995119521162
2007.64519121 1.00364212036
2007.66562301 1.00514901608
2007.6860549 0.973228822537
2007.7064866 1.01755915545
2007.72691839 1.0006501889
2007.74735019 0.987062206098
2007.76778198 1.00994968808
2007.78821387 0.980405452853
2007.80864567 1.00395430262
2007.82907736 1.00515709801
2007.84950925 1.00917687859
2007.86994094 1.00211898885
2007.89037274 0.980011679401
2007.91080463 0.996118676244
2007.93123632 1.00802963751
2007.95166811 1.01629238944
2007.9721 0.994890287815
2007.99253169 0.983951481095
2008.01296349 1.00877303745
2008.03339538 1.00689687186
2008.05382717 1.01073969535
2008.07425886 0.993119498287
2008.09469075 0.97787901109
2008.13555433 0.977692767054
2008.15598611 0.990329290127
2008.1764179 1.0008041369
2008.19684979 0.980015487747
2008.21728148 0.992321835971
2008.23771327 1.00705583306
2008.25814516 1.01156777049
2008.27857685 0.984711665342
2008.29900863 1.02727101924
2008.31944052 1.01720475799
2008.33987221 0.992260678129
2008.36030399 1.00115188038
2008.38073588 0.989012522171
2008.40116757 1.00522619223
2008.42159935 1.01093263417
2008.44203124 1.02686563225
2008.5033265 1.01536481747
2008.52375838 1.01472040642
2008.54419017 0.999936684321
2008.56462195 1.00100110779
2008.58505363 0.993542422906
2008.60548552 1.01221682479
2008.6259173 0.99783359661
2008.64634899 0.993815037287
2008.66678087 1.02422950975
2008.68721265 0.980749951805
2008.70764434 1.01774507795
2008.72807622 0.993877969094
2008.748508 1.0100764942
2008.76893988 0.998886167657
2008.78937157 0.973080814785
2008.80980335 1.0091583217
2008.83023523 0.9987305461
2008.85066691 1.01356704566
2008.87109869 1.01099730536
2008.89153057 0.995241247958
2008.97325759 1.01000648833
2008.99368937 0.975325083597
2009.01412125 1.00161764114
2009.03455303 0.997379609382
2009.05498471 1.00445501378
2009.07541659 0.991990061948
2009.09584837 0.978254406165
2009.11628015 1.00459617462
2009.13671193 0.994464385574
2009.19800726 0.991469222554
2009.21843904 1.00152862365
2009.23887081 1.0018113998
2009.25930259 0.999526005422
2009.27973427 0.976514215132
2009.30016614 1.01063798003
2009.32059792 0.996473593043
2009.3410296 0.984701098587
2009.36146147 1.00468170061
2009.38189325 0.96574397558
2009.40232512 1.00492460794
2009.4227568 1.00032377305
2009.44318857 0.986503162911
2009.46362045 1.00402303502
2009.48405212 0.972968273642
2009.5044839 0.996799457202
2009.52491577 1.00616671608
2009.54534754 1.0062386618
2009.56577922 1.00451978493
2009.58621109 0.96513098413
2009.60664287 1.0183096314
2009.62707454 0.994653722642
2009.64750641 1.00558766878
2009.66793818 1.00901142041
2009.68836986 0.97575929781
2009.70880173 1.01769665632
2009.7292335 0.975969939408
2009.74966537 1.00623265874
2009.77009704 1.0167031891
2009.79052881 0.969135312156
2009.81096068 1.01077584643
2009.83139236 0.989428711106
2009.85182413 1.01017548432
2009.8722559 0.989762062545
2009.89268767 0.990270526946
2009.91311944 0.998661058722
2009.93355131 0.976193569066
2009.99484651 0.988664780474
2010.05614182 1.00705977478
2010.07657359 0.982550899468
2010.11743722 1.00387164887
2010.13786889 1.00555900286
2010.15830076 1.00949113311
2010.17873252 0.995852018972
2010.19916419 0.98909688783
2010.21959606 1.01445316576
2010.24002782 0.989911366185
2010.32175479 1.02142333016
2010.34218665 0.99971253798
2010.36261842 1.01729711393
2010.38305028 0.991601964799
2010.40348195 1.00047655806
2010.44434558 1.01571357924
2010.46477724 1.00483950385
2010.48520901 0.976979545363
2010.50564087 1.01529742686
2010.52607263 0.993820961538
2010.5465043 1.0106309631
2010.56693616 1.00142327175
2010.58736792 0.977077368737
2010.60779958 0.997742021989
2010.62823145 1.004268299
2010.64866321 1.01575356184
2010.66909487 1.00480255634
2010.68952673 0.979373051453
2010.70995839 0.997817453679
2010.73039026 1.00272221359
2010.75082202 1.01245641561
2010.77125368 1.00341822432
2010.79168554 0.971882110839
2010.8121173 1.00817281156
2010.83254896 1.00455339393
2010.85298082 1.01826207121
2010.87341258 1.04773554426
2010.89384424 0.998380672219
2010.9142761 1.00751293046
2010.93470786 1.00237541827
2010.95513962 0.998482231932
2010.97557138 0.986798939284
2010.99600313 1.00278573791
2011.01643499 1.00960241699
2011.03686675 1.00539436055
2011.05729841 1.0093017414
2011.07773027 0.988372375149
2011.09816203 1.00392589699
2011.11859368 0.999340384653
2011.13902554 1.01168685735
2011.1594573 0.97910812606
2011.17988895 0.997295346507
2011.20032081 1.01167973731
2011.22075257 0.999803267922
2011.24118422 0.985070695603
2011.26161608 0.995265418727
2011.28204783 0.97241736463
2011.30247949 1.01674166636
2011.32291135 1.0010156338
2011.3433431 1.00041859985
2011.36377486 1.00268215894
2011.38420661 0.980863001684
2011.40463837 1.00226418898
2011.42507012 0.993199020967
2011.44550187 1.00055041466
2011.46593363 0.998140532547
2011.48636538 0.983581857097
2011.50679714 1.01094278556
2011.52722889 1.0238677553
2011.54766074 1.00740924389
2011.5680924 1.00061401528
2011.69068291 0.987152680476
2011.71111476 0.99407417118
2011.73154651 1.00097058171
2011.75197816 1.0138093502
2011.77241001 0.999317038529
2011.79284177 0.992121987589
2011.81327342 0.993399876071
2011.83370527 0.98136116896
2011.85413702 0.999252607639
2011.93586412 0.994586525844
2011.95629576 1.00309553369
2011.97672751 0.981990611214
2011.99715936 1.00533581006
2012.01759111 1.01868211982
2012.03802276 0.997170384354
2012.05845461 0.997374356192
2012.07888626 0.97021240998
2012.099318 1.00066091299
2012.11974985 1.00405293791
2012.1401815 1.00707477331
2012.16061325 1.00858140104
2012.18104509 0.980420382194
2012.20147674 1.01448750646
2012.22190849 1.00388715429
2012.24234033 1.00037233594
2012.26277198 0.997357044823
2012.28320383 0.989107377183
2012.30363557 0.99456186802
2012.32406722 0.99680620619
2012.34449906 0.998429503225
2012.36493081 1.00123198041
2012.4057943 1.01773674256
2012.42622604 1.00259497534
2012.44665779 1.01474309261
2012.46708953 1.00595141511
2012.48752128 0.984580223288
2012.50795302 1.00176158655
2012.52838476 1.00216871228
2012.54881651 1.0091015883
2012.56924835 1.01315179997
2012.58968009 0.989056598796
2012.61011174 1.01762295613
2012.63054358 1.0016798127
2012.65097532 0.994607931051
2012.67140697 0.99491470653
2012.69183881 1.00407462879
2012.71227055 1.01023927829
2012.75313403 1.02252572108
2012.77356577 0.983145777067
2012.79399742 0.999520957824
2012.81442926 1.01188385393
2012.85529274 1.00135983275
2012.87572448 0.969022470646
2012.89615612 0.992799081079
2012.91658796 1.01135450846
2012.99831492 1.00015218056
2013.01874666 1.0157575285
2013.0391784 0.984461121686
2013.05961014 1.00948998356
2013.08004187 0.98318366908
2013.10047371 0.997702573201
2013.12090535 0.997836071175
2013.14133719 1.00460333347
2013.16176893 1.01200254699
2013.18220057 0.982205184179
2013.2026324 1.01684935061
2013.22306414 0.989223936346
2013.24349578 1.01861235389
2013.26392762 1.00838244792
2013.28435935 0.983929074108
2013.30479099 0.999424209185
2013.32522283 1.00520901313
2013.34565456 1.00744589946
2013.3660862 0.996903021175
2013.38651803 0.991632648494
2013.40694977 1.00833192647
2013.42738151 0.995533522035
2013.44781324 1.00481842111
2013.46824498 1.01518008078
2013.48867671 0.984871219207
2013.50910845 1.00258332106
2013.54997192 1.01518838016
2013.57040365 0.980491594026
2013.59083538 1.01241433545
2013.61126722 0.99707451672
2013.63169885 1.0124668691
2013.65213059 1.01643690995
2013.67256242 0.97696503987
2013.69299405 0.990309953352
2013.71342578 1.00812011771
2013.73385762 1.00035694618
2013.75428925 0.999198076622
2013.77472108 0.991407849076
2013.79515282 1.00620540665
2013.81558445 0.997861403255
2013.83601628 0.983254343731
2013.85644801 0.970985191209
2013.87687964 0.976184954013
2013.89731147 1.0056829169
2013.91774321 0.994965872985
2013.93817494 0.993417268276
2013.95860667 1.00855995346
2013.9790384 0.990392153293
2013.99947013 1.00197199289
2014.01990186 1.00693530416
2014.04033359 0.994728167369
2014.06076542 0.996293784081
2014.08119715 0.987821453004
2014.10162878 1.01149599667
2014.12206061 0.987980457311
2014.16292397 1.00416136215
2014.1833558 0.98260184911
2014.20378753 1.01089469477
2014.22421915 1.00975854499
2014.24465098 1.00902635713
2014.26508261 0.999076726004
2014.28551434 0.98412848373
2014.30594617 1.00244605683
2014.32637779 1.0102102172
2014.34680962 1.01011570525
2014.36724135 1.01585910303
2014.38767298 0.991066294681
2014.4081048 1.00869748272
2014.42853653 0.999720513316
2014.44896826 1.00325842209
2014.46939998 1.00157295231
2014.48983171 1.00494201809
2014.51026344 1.01080944139
2014.53069516 0.993021306023
2014.55112689 1.01480032699
2014.57155861 0.991616780184
2014.59199044 1.00769415341
2014.61242207 0.997754971619
2014.63285389 1.00075328056
2014.65328562 1.01695688843
2014.67371724 0.988748756053
2014.69414907 0.99961118331
2014.71458079 1.00977560086
2014.73501241 0.985176106643
2014.75544424 0.989390627564
2014.77587596 0.982398210748
2014.79630759 0.994610700208
2014.91889803 0.985774015708
2014.93932975 1.00093425747
2014.95976147 1.00066072918
2014.98019319 0.987662771276
2017.86106508 1.01721142678
2017.88149688 1.00281954187
2017.90192848 1.02315390314
2017.92236018 0.993833145328
2017.94279198 1.02325674193
2017.96322358 1.02085601977
2017.98365528 0.992638502405
2018.00408708 1.00313212164
2018.02451868 1.00026794149
2018.04495038 0.999717490484
2018.06538218 0.997787076756
2018.14710897 1.00330272717
2018.16754067 0.983451772549
2018.18797237 1.0098369458
2018.20840407 1.01189010435
2018.22883577 0.997221120162
2018.24926747 1.01230012068
2018.26969917 0.983171401702
2018.29013096 1.0005138873
2018.31056256 1.00868609901
2018.33099426 1.0014926577
2018.35142606 1.01185153917
2018.37185765 0.97754756719
2018.39228945 1.02199982318
2018.41272115 0.996599345089
2018.43315275 0.995354458499
2018.45358454 1.00272403456
2018.47401624 0.965851581871
2018.49444784 1.01040377713
2018.51487963 0.991250844302
2018.53531123 1.02198569543
2018.55574293 1.00390952889
2018.57617472 0.975961933977
2018.59660632 0.997117989451
2018.61703811 1.00261296874
2018.63746981 1.00816115447
2018.65790151 1.00393758181
2018.6783332 0.983416995278
2018.6987649 0.991682452708
2018.71919659 0.99107022214
2018.78049168 0.969954820746
2018.80092347 1.00789751601
2018.82135507 0.997702103762
2018.84178686 0.993824641085
2018.86221856 0.990006978814
2018.90308194 1.0086703491
2018.92351364 0.983387493543
2018.94394523 1.00079964742
2018.96437703 0.979269172918
2018.98480872 1.01303025662
2019.00524031 1.00093619174
2019.02567211 0.995622316903
2019.0461038 1.0033453216
2019.06653539 0.98293044838
2019.08696719 1.01424646012
2019.10739888 1.00172316263
2019.12783057 0.98701422246
2019.14826226 0.999859728508
2019.25042073 0.995514244216
2019.27085242 0.984337365628
2019.29128411 1.00724900892
2019.3117158 1.01963339055
2019.33214749 1.00894239613
2019.35257928 1.00793838893
2019.37301097 0.986710915041
2019.39344257 1.0055863755
2019.41387436 1.00206647724
2019.43430605 1.00344039682
2019.45473764 1.00245548033
2019.47516943 0.983483298369
2019.49560112 0.987906735415
2019.51603271 0.998454351462
2019.5364645 0.996260550124
2019.55689619 0.99882827845
2019.57732778 0.994825628572
2019.59775957 1.0057130625
2019.61819126 1.00012873005
2019.63862305 1.00275169053
2019.65905464 1.00918604128
2019.67948633 0.992163483751
2019.69991812 1.01463901508
2019.72034971 1.00449789792
2019.76121319 0.994124131593
2019.78164487 0.975724423263
2019.80207646 1.01605009641
2019.84293994 0.990174454586
2019.86337163 0.983199437564
2019.88380332 1.0184453394
2019.9042349 0.995637360648
2019.92466669 1.00145091441
2019.94509838 1.00605383772
2019.96552997 0.978204579677
2019.98596176 1.00693241885
2020.00639344 1.00394697793
2020.02682503 1.00092086567
2020.04725682 1.0087610169
2020.06768851 0.985542288278
2020.08812009 1.00071933403
2020.10855188 1.00860178384
2020.12898357 1.01557585556
2020.14941535 0.995091274949
2020.16984694 0.985011620187
2020.19027863 0.991476471163
2020.21071041 1.01929249282
2020.231142 1.00220631551
2020.25157369 1.0119665061
2020.27200547 0.98928475782
2020.29243716 1.02011261886
2020.31286874 0.991780155987
2020.33330053 1.00694279343
2020.35373221 1.00844513023
2020.3741639 0.98720056775
2020.39459559 1.00954003291
2020.41502727 1.00674733422
2020.45589064 0.982332947305
2020.47632233 0.983015661995
2020.49675401 0.992300920613
2020.5171857 0.998624483735
2020.53761738 1.01230277628
2020.55804906 1.00661699131
2020.57848075 0.970565258241
2020.59891243 1.03106946001
2020.68063917 0.987009300451
2020.70107085 1.00747037692
2020.72150264 0.995182428348
2020.74193422 1.00181721647
2020.7623659 0.976585313884
2020.78279769 1.00381232136
2020.80322937 1.02666465193
2020.82366095 0.990061241465
2020.84409274 1.00505232971
2020.86452442 0.97548595566
2020.8849561 0.997089850574
2020.90538778 1.00808571695
2020.92581947 0.991748884306
2020.94625115 1.00549027751
2021.02797788 1.00080515874
2021.06884134 0.994208046247
2021.08927292 1.0071045644
2021.10970461 1.00054098432
2021.13013639 1.00107141344
2021.15056797 1.0187532433
2021.17099975 0.9872700231
2021.19143143 1.02154190048
2021.21186301 0.995371207945
2021.23229479 0.999355559062
2021.27315805 0.983716566509
2021.29358983 1.02829400356
2021.35488488 1.00294584275
2021.37531656 0.977614944394
2021.4366116 0.997084814699
2021.45704328 1.00773925789
2021.47747496 1.00306054977
2021.49790664 1.01766171525
2021.51833841 0.996830509012
2021.53876999 1.01702433553
2021.55920167 0.99057762147
2021.57963345 0.998960841003
2021.60006503 1.00814541072
2021.62049681 1.00036037709
2021.64092849 1.01680761221
2021.66136007 0.988571249564
2021.68179185 1.01073269588
2021.7226551 0.998797347421
2021.74308688 1.01005417524
2021.8248136 1.00433096187
2021.84524527 1.01169045653
2021.86567695 0.988257583161
2021.88610863 1.02156444074
2021.90654031 1.00061373355
2021.92697198 1.00423535594
2021.94740366 1.00240893855
2022.00869869 1.00927977624
2022.02913047 1.00346144729
2022.04956205 1.00925103416
2022.06999372 0.977553441627
2022.0904255 1.01076068793
2022.11085708 0.988381815118
2022.13128885 1.00102131817
2022.15172053 1.00047901904
2022.17215211 0.99071893656
2022.19258388 1.0190912628
2022.21301556 1.00231006727
2022.23344714 0.992575306674
2022.25387891 0.993261462413
2022.27431059 0.978615462203
2022.29474216 0.999718100006
2022.31517394 0.996517041935
2022.33560562 1.01304300671
2022.35603739 0.99143934794
2022.37646897 0.983745653516
2022.39690064 0.995283678104
2022.41733242 0.988316033424
2022.43776399 1.01660473665
2022.45819567 1.00172457396
2022.47862744 1.0061215457
2022.49905912 1.02551669599
2022.51949069 1.01698992983
2022.53992247 1.00144538325
2022.56035414 1.00558117316
2022.58078572 1.01175186353
2022.60121749 1.00630088046
2022.62164916 1.00251232544
2022.64208084 1.00054541353
2022.66251251 1.00483551746
2022.68294409 1.0219899085
2022.70337586 1.02003278091
2022.72380753 0.994237426825
2022.74423911 1.00335455807
2022.76467088 0.986001457163
2022.78510256 1.02286284859
2022.80553413 0.995574193646
2022.8259659 1.00647804235
2022.84639758 0.988178046694
2022.86682935 0.966804471783
2022.88726092 1.00364107619
2022.9076926 0.981497412259
2022.92812437 1.00552278514
2022.94855594 0.981228765358
2022.96898762 0.977820166711
2022.98941939 1.00564695599
2023.00985106 0.984312481416
2023.03028263 1.00124650961
2023.05071441 0.998232765295
2023.07114608 0.97721744961
2023.09157775 1.00713366225
2023.11200942 0.987981721359
2023.13244109 0.985544987238
2023.15287287 0.993537161045
2023.17330444 0.9709671136
2023.19373611 1.0176711532
2023.21416788 0.993338340647
2023.29589447 0.99348086676
2023.31632614 0.971748310658
2023.33675791 1.00381782091
2023.35718948 1.00798704572
2023.37762125 0.996481508294
2023.39805283 0.98367306303
2023.4184845 0.967376355275
2023.43891627 1.00137843311
2023.45934784 0.983684809047
2023.47977951 1.00552862811
2023.50021128 1.00225967841
2023.52064295 0.983144236124
2023.54107452 1.00762393303
2023.56150629 0.966696501061
2023.58193796 0.975275878413
2023.60236963 0.986924865275
2023.6228013 0.990430755311
2023.64323297 0.98493029684
2023.68409631 1.0200103831
2023.70452798 1.01751160022
2023.72495975 1.0038943796
2023.74539132 1.01547134744
2023.76582299 1.00064125179
2023.78625476 1.0171585278
2023.80668633 1.00166046927
2023.8271181 1.01899803558
2023.84754977 1.0076874066
2023.86798134 0.995659543308
2023.88841311 1.01302601426
2023.90884478 1.00447591416
2023.92927635 1.00278300469
2023.94970812 0.995756413798
2023.97013978 0.989723042411
2023.99057145 1.01834130793
2024.01100312 1.01105086503
2024.03143479 0.980589244396
2024.05186646 0.990720848556
2024.07229813 0.980944936923
2024.0927298 1.00139184023
2024.11316146 1.00271306599
2024.13359313 1.00660978855
2024.1540248 0.991188542504
2024.17445647 0.988161934847
2024.19488814 0.992087931429
2024.2153198 1.00543689763
2024.23575157 1.01811802511
2024.25618314 0.987424616346
2024.27661491 1.00566837784
2024.29704658 0.98974312563
2024.31747814 1.0007027095
2024.33790991 1.01057197794
2024.35834158 0.978190761804
2024.37877315 1.0024382355
2024.39920491 1.00788479589
2024.41963658 1.0393625713
2024.44006815 1.02344741303
2024.46049991 0.991913403376
2024.48093158 0.987773485166
2024.50136335 0.992219664165
2024.52179492 0.989214679015
2024.54222658 1.01701172611
2024.56265835 0.988680278224
2024.58308992 0.999239391594
2024.60352158 0.993215142749
2024.62395335 0.998577256848
2024.64438492 1.00797712832
2024.66481658 0.990544369298
2024.68524835 0.994605878672
2024.70568001 1.00243935322
2024.72611168 1.01142887854
2024.74654335 1.02251535124
2024.76697491 0.968354767737
2024.78740668 1.00517367612
2024.80783834 1.00002161244
2024.82826991 1.00201279246
2024.84870168 1.00069245757
2024.86913334 0.984987630963
2024.88956491 1.00849892662
2024.90999667 1.00090326243
2024.93042834 1.00483457957
2024.97129167 0.986971200939
2024.99172334 1.02219287177
2025.0121551 1.00771016031
2025.03258667 1.01436200145
2025.05301833 0.99282355052
2025.0734501 1.00229228234
2025.09388166 0.993327346509
2025.11431333 1.00892155879
2025.13474509 1.00297975225
2025.15517676 0.982746163854
2025.17560842 1.00378388396
2025.19604008 1.01185074385
2025.21647175 0.994667957904
2025.23690341 1.01470259349
2025.25733508 0.97469766326
2025.27776674 1.02318267637
2025.29819851 1.00750234862
2025.31863007 1.01115263621
2025.33906174 0.991737677908
2025.3594935 0.965193621877
2025.37992506 0.994757888045
2025.40035683 1.0219739353
2025.42078839 1.00673969133
2025.44122006 1.02489236836
2025.48208338 1.02021936004
2025.50251505 1.00148028772
2025.52294681 0.983469178385
2025.54337837 0.987520824955
2025.56381004 0.955819488638
2025.5842418 0.94081799865
2025.66596836 0.99135379551
2025.68640012 1.00799606689
2025.70683178 1.00786259891
2025.72726344 0.991928010341
2025.74769511 1.01351488769
2025.76812677 0.988146647382
2025.78855843 1.010210368
2025.8089901 1.01099544587
2025.82942176 1.00477266111
2025.84985352 0.992174726472
2025.87028518 0.979896740893
2025.89071675 1.01814332299
2025.91114851 1.01685721161
2025.93158017 1.00172179154
2025.95201173 1.01650614527
2025.9724435 0.971047143652
2025.99287516 1.00166960768
2026.01330672 1.00275451072
2026.03373848 1.00072285521
2026.05417015 0.991156248525
2026.07460181 0.991982494989
2026.09503347 1.02970411097
2026.11546513 0.993123289077
2026.13589679 1.02860810475
2026.15632846 0.995806816909
2026.17676002 1.01394632786
2026.19719178 1.01540697236
2026.21762344 0.989314221451
2026.2380551 0.994537169931
2026.25848676 0.976924355289
2026.27891843 1.00782655845
2026.29935019 0.993985258581
2026.31978175 0.999413804987
2026.34021341 1.00818509707
2026.36064517 0.978710395975
2026.38107683 1.01896314889
2026.40150839 0.999401200282
2026.42194016 1.00080843351
2026.44237182 1.00174957812
2026.46280338 0.983926576069
2026.48323514 1.00415079786
2026.5036668 1.00279744183
2026.52409856 1.0174746172
2026.54453012 1.00931096195
2026.56496178 0.97839812916
2026.58539354 1.01910453621
2026.6058251 0.980937975246
2026.62625677 1.00668371773
2026.64668853 1.00714034426
2026.66712009 0.979202824357
2026.68755175 1.00161233176
2026.70798351 0.983479260618
2026.72841507 0.993962269462
2026.74884683 1.02852632132
2026.76927849 0.995492612523
2026.78971005 1.01110695976
2026.81014181 1.02499285008
2026.83057337 0.977872166781
2026.85100513 0.999235204407
2026.87143679 0.977151536277
2026.89186835 1.01032219973
2026.91230001 0.986879485918
2026.93273177 1.00391195029
2026.95316343 1.01272036078
2026.97359509 0.977727434365
2026.99402675 1.00612166768
2027.01445841 0.984263659088
2027.03489017 0.993970167091
2027.05532173 0.969062516531
2027.07575339 0.978562262924
2027.09618515 0.982876428892
2027.11661671 1.01467964363
2027.13704837 0.993583428301
2027.15748013 0.987130587383
2027.17791169 1.00732230063
2027.19834345 0.993316140581
2027.21877511 0.995395051666
2027.23920667 0.999993551607
2027.25963842 0.964946428016
2027.28007008 0.97868318717
2027.30050164 1.00307965977
2027.36179682 1.02532023806
2027.4230918 1.0061489847
2027.44352336 1.01490980434
2027.46395501 1.0275494762
2027.50481843 1.01852184039
2027.52524999 1.00000500023
2027.54568175 1.01005708442
2027.56611331 0.984151247788
2027.60697673 1.02502073915
2027.62740828 1.02544930013
2027.64784004 0.998039530976
2027.6682717 0.99726223935
2027.68870326 1.02135845546
2027.70913502 0.997226064985
2027.72956668 1.00348625174
2027.74999823 1.00546375708
2027.77042999 0.971711595267
2027.79086165 1.0033257505
2027.81129341 0.998848666124
2027.83172497 1.00348950102
2027.85215663 0.997901586425
2027.87258838 1.00766917059
2027.89301994 1.00432448382
2027.9134516 1.00796433511
2027.93388336 1.0157600544
2027.95431492 0.998463247625
2027.97474657 1.00486385144
2027.99517833 1.0035162994
2028.01560999 0.997842997422
2028.03604165 1.03486268707
2028.0564733 0.986344922949
2028.07690496 1.01397064916
2028.09733662 1.02217283498
2028.17906325 0.991000831041
2028.24035822 1.01554233304
2028.26078998 0.98226498132
2028.28122154 0.996314623786
2028.3016532 0.976428652746
2028.32208495 1.00500513081
2028.34251651 0.986719593048
2028.36294817 1.01157316266
2028.38337992 0.99356295649
2028.40381148 1.00579306766
2028.42424324 0.999010046427
2028.4446749 1.04342652188
2028.46510645 0.975826102365
2028.48553821 1.01549210073
2028.50596987 0.982642945641
2028.52640142 0.990608621955
2028.54683318 0.98094799736
2028.56726484 0.978298875872
2028.5876965 1.00912680613
2028.60812815 1.00412073834
2028.62855981 1.00343993195
2028.64899157 1.01039273144
2028.66942312 0.985279926449
2028.68985478 0.998836363289
2028.71028654 0.988549305075
2028.75114975 0.979245542272
2028.77158151 0.976368916926
2028.79201316 1.00750886872
2028.87373979 1.00430432516
2028.89417145 1.0071893709
2028.914603 0.993042944934
2028.93503476 1.00661493016
2028.95546642 0.990083820013
2028.97589797 1.00657370867
2028.99632973 1.01147938031
2029.01676138 0.99998746171
2029.03719294 1.02678042332
2029.0576247 1.01990385312
2029.07805635 1.02275381136
2029.09848811 0.99865845857
2029.11891967 0.995818432017
2029.15978308 0.995857989957
2029.18021463 0.993528579278
2029.20064629 0.994249300795
2029.2415097 1.00718111351
2029.26194136 0.95883546942
2029.28237301 0.986049817777
2029.34366798 1.00119838022
2029.36409964 0.985937697316
2029.38453139 0.997705604001
2029.40496295 1.01048344617
2029.42539461 1.00363144708
2029.44582636 1.01379842209
2029.46625792 0.991323246884
2029.48668967 0.993872212246
2029.50712133 0.982212278193
2029.52755289 0.951141321127
2029.5684162 0.987600504172
2029.58884785 1.01709173011
2029.60927961 1.00317967724
2029.62971116 1.01353820548
2029.65014282 0.988451941731
2029.67057458 1.02854434287
2029.69100613 1.02547005535
2029.71143789 1.01639594015
2029.79316451 0.996485156505
2029.81359616 1.00192591116
2029.83402782 1.00417423598
2029.85445948 1.00152112232
2029.87489123 1.01215581749
2029.89532289 1.01152721734
2029.91575444 0.989854508395
2029.9361862 1.00783511933
2029.95661785 0.978125730447
2029.97704941 1.01557076624
2029.99748116 1.01256420554
2030.01791282 0.989849256663
2030.03834437 1.00238149898
2030.05877613 0.995866496312
2030.07920779 1.01655822719
2030.09963954 1.00735878162
2030.1200711 1.01954821814
2030.14050275 1.01087062615
2030.16093451 0.978131457004
2030.18136606 1.00657823204
2030.20179772 1.010698564
2030.28352434 1.0122437748
2030.30395599 1.00028582582
2030.32438775 1.00776570649
2030.44697768 1.02373936188
2030.46740933 0.999830876431
2030.54913595 0.994234107417
2030.56956761 1.01351540052
2030.58999926 1.00775950047
2030.61043102 0.993566096875
2030.63086257 1.00766010116
2030.65129423 0.985528947952
2030.67172598 1.01530684858
2030.69215754 0.995876070956
2030.71258929 1.01086244533
2030.73302095 0.989167630069
2030.7534525 0.981231811809
2030.77388426 1.00494018234
2030.79431591 0.988812262602
2030.81474747 0.99812188683
2030.83517922 0.996797008198
2030.85561088 0.972655055438
2030.87604253 0.993982450752
2030.89647419 0.988038572001
2030.91690584 0.990999325695
2030.9373375 1.01812797624
2030.95776915 0.956993653723
2030.97820081 0.997822819742
2031.05992753 0.99785039337
2031.08035908 0.999466715499
2031.10079084 1.01189109441
2031.14165405 0.991448462954
2031.1620858 0.982844659296
2031.18251746 0.997036059191
2031.22338077 0.985255662688
2031.24381242 0.994203986665
2031.28467573 1.00619318877
2031.36640235 0.9920618169
2031.38683411 0.998763958105
2031.40726566 1.00377501868
2031.42769732 1.00025815082
2031.44812907 0.97083547351
2031.46856063 1.00132505102
2031.48899238 1.00422292776
2031.52985569 1.01590909041
2031.55028735 0.984327163396
2031.570719 1.00789417874
2031.59115055 0.999584060792
2031.61158231 0.989437615988
2031.63201396 1.00401946187
2031.65244552 0.986491093653
2031.73417224 0.996039116082
2031.75460389 0.964765901617
2031.77503565 1.01145157345
2031.7954672 1.01120268549
2031.81589886 0.998895047342
2031.83633061 1.0119694607
2031.85676217 0.98865290556
2031.87719392 1.00652517385
2031.89762558 0.983611442473
2031.91805713 1.01002049225
2031.93848889 1.00550398494
2031.9793521 1.00599566591
2031.99978385 0.994338589481
2032.02021551 1.01765978966
2032.04064716 1.00911736789
2032.06107882 0.986350954246
2032.08151047 1.00822335497
2032.10194223 1.01199062502
2032.12237378 1.01704820735
2032.14280544 1.00784518291
2032.16323719 0.978891071027
2032.18366875 0.991362972768
2032.2041004 1.00524389359
2032.22453216 0.991022211478
2032.24496381 0.981498114806
2032.26539547 1.00321866586
2032.28582712 1.02197235032
2032.30625868 1.01453742692
2032.32669043 1.01390366012
2032.34712209 1.01175999478
2032.36755364 1.00784207636
2032.3879854 1.00060587509
2032.40841705 0.997387719108
2032.42884861 0.998524375831
2032.44928036 0.987865816101
2032.46971202 1.00451438866
2032.49014377 0.997577279751
2032.51057533 1.01496198499
2032.53100698 1.00462193877
2032.55143874 0.975158884728
2032.57187029 1.00592524884
2032.59230195 1.00499427922
2032.6127337 0.987257271287
2032.63316526 0.995111725299
2032.65359701 1.00027302981
2032.67402867 0.999317176894
2032.69446022 1.00262986654
2032.71489198 1.00000050881
2032.73532363 0.9965557414
2032.75575529 0.987922492499
2032.77618694 1.00319836285
2032.7966186 1.0337357481
2032.81705026 1.01033355387
2032.83748191 0.999095964641
2032.85791357 0.992523028523
2032.87834522 1.00911683078
2032.89877698 0.980969815327
2032.91920853 0.999741020978
2032.93964029 0.993091992003
2032.96007184 0.989563640835
2032.9805035 0.99693167137
2033.00093525 1.03721821642
2033.02136681 1.01472431305
2033.06223022 0.988250861631
2033.08266178 0.993638053757
2033.10309353 1.00200582495
2033.12352519 1.00150038029
2033.14395674 0.965746650816
2033.1643885 0.997564342156
2033.18482015 0.993042605028
2033.20525171 0.974142673066
2033.22568346 1.00248786711
2033.24611512 0.983005927787
2033.26654688 1.0192154779
2033.28697843 1.01071401953
2033.30741009 0.985215287863
2033.32784184 0.997863088724
2033.3482734 0.990828716884
2033.36870505 1.01363827477
2033.38913681 0.998831882391
2033.40956847 0.98863215268
2033.43000012 0.979707832084
2033.45043178 0.962004329423
2033.55259016 0.986065221514
2033.57302171 1.01599776779
2033.59345347 1.00562552601
2033.61388502 1.01110867096
2033.63431668 1.01134896954
2033.65474844 0.97664314233
2033.67517999 1.00908874365
2033.69561165 1.02417528701
2033.7160434 1.01041688773
2033.73647496 1.0261848262
2033.75690662 1.00182469642
2033.77733837 1.00539246967
2033.79776993 0.992493618867
2033.81820169 1.02185909242
2033.83863334 1.00351873641
2033.8590649 0.984659874706
2033.87949665 0.997671656121
2033.89992831 1.00192377871
2033.92035997 1.00268491333
2033.94079162 1.00522519151
2033.96122328 0.976005964766
2033.98165504 1.02139519734
2034.00208659 1.00304001047
2034.02251825 0.986934079934
2034.04295001 0.983816648837
2034.06338166 1.01850557661
2034.08381322 0.996525849254
2034.10424497 0.985987351308
2034.12467663 0.980744723793
2034.14510819 0.988170179446
2034.16553994 0.981481597852
2034.28812988 1.01848571907
2034.30856154 1.00182587337
2034.3289932 1.00839847552
2034.34942486 1.00339088557
2034.36985661 1.00095421257
2034.39028817 0.98517494144
2034.41071983 0.989737359105
2034.43115158 1.01313267746
2034.45158314 0.974068167271
2034.4720148 1.00536658649
2034.49244655 0.990684733766
2034.51287811 1.00168944408
2034.53330977 1.01384993274
2034.55374153 0.973352135527
2034.57417308 0.997347680395
2034.59460484 1.00992261571
2034.6150365 1.00871149273
2034.63546816 0.988752488073
2034.65589981 0.987381934595
2034.73762644 1.02627510584
2034.7580582 0.991676015063
2034.77848986 1.017381663
2034.79892141 1.0293142077
2034.81935317 0.991914325647
2034.83978483 1.0111725298
2034.86021639 0.983905153731
2034.88064815 0.999745596029
2034.9010798 1.01038779604
2034.92151136 1.01458758389
2034.94194312 0.970791334188
2034.96237478 0.998994699919
2034.98280643 1.0225376232
2035.00323809 1.00709133077
2035.02366965 0.996871938798
2035.04410141 0.979531311735
2035.06453307 1.00879467421
2035.10539638 1.00519159203
2035.12582804 1.01702438745
2035.1462598 0.978876408017
2035.16669136 0.994890702656
2035.18712302 0.993123125125
2035.20755477 0.997538173422
2035.22798633 1.00872818047
2035.24841799 0.99697055217
2035.26884975 1.01072340142
2035.28928141 0.994058122042
2035.30971307 1.0005343128
2035.33014472 1.01146678655
2035.35057638 0.983763095272
2035.37100804 1.00384701103
2035.3914397 0.980563819128
2035.41187136 0.991676828427
2035.45273468 0.979627018954
2035.47316634 1.01342252795
2035.49359809 1.00600340041
2035.51402965 1.00531172364
2035.53446141 1.00376064685
2035.55489307 0.982848093634
2035.57532463 0.988017524546
2035.59575639 1.00051537177
2035.61618805 0.994134869786
2035.67748293 1.00114962931
2035.69791468 1.00081940708
2035.71834634 1.01673849191
2035.7387779 1.01926902901
2035.75920966 0.993398880448
2035.77964132 1.01399604853
2035.80007298 0.99825457923
2035.82050464 1.00058552168
2035.8409363 0.979540299442
2035.86136806 1.0138909725
2035.88179962 1.0041143026
2035.90223128 0.99447363226
2035.92266304 0.992599645177
2035.9430947 0.984906897882
2035.96352626 1.02195045052
2035.98395802 0.989608026904
2036.00438968 0.999955559228
2036.02482124 0.996281046754
2036.045253 0.999227264383
2036.12697964 0.99209329731
2036.1474114 0.95715248482
2036.16784296 0.984406290764
2036.18827462 1.02526597542
2036.20870638 1.00056942451
2036.22913794 1.00059367593
2036.2495697 0.966633101569
2036.27000126 1.02297054307
2036.29043292 1.01668844709
2036.31086468 0.983102163879
2036.33129634 1.01697406459
2036.3517279 0.970093137121
2036.37215967 0.988587606122
2036.39259123 0.995500427695
2036.41302289 0.98857637146
2036.43345465 0.991512722634
2036.45388621 0.992097205926
2036.47431797 1.02316594603
2036.49474963 1.0133492265
2036.51518129 0.994046841131
2036.53561295 1.0183729627
2036.55604461 0.968794236666
2036.57647628 1.0067388387
2036.59690804 0.997416078013
2036.6173396 1.03989187585
2036.63777136 1.01736086089
2036.65820302 0.975475239139
2036.67863458 1.02077160575
2036.69906635 1.00197637508
2036.71949801 1.00417290309
2036.78079299 1.02038577312
2036.80122475 1.01039750145
2036.82165632 1.01910333938
2036.84208798 0.979802730478
2036.86251974 1.01478146118
2036.92381473 1.04742687737
2036.94424629 0.990239463633
2036.96467795 1.008947737
2036.98510971 1.00487109539
2037.00554128 1.00463025585
2037.02597304 1.00582691652
2037.0464046 0.99562124522
2037.06683626 1.01310524088
2037.08726803 0.994906754325
2037.10769969 0.994137318366
2037.12813125 1.01736231753
2037.14856301 0.981624064085
2037.16899468 1.0142810821
2037.18942634 1.00130117011
2037.209858 1.01746942398
2037.23028967 1.00018575195
2037.25072133 0.995961200734
2037.27115299 1.01000820542
2037.29158466 0.994082123264
2037.31201642 0.99706110383
2037.33244798 1.00175644765
2037.35287975 0.991467905623
2037.37331141 1.02673613663
2037.41417474 1.00582086241
2037.4346064 0.995880552884
2037.45503796 0.997324408899
2037.49590139 1.00529028507
2037.51633296 1.00389644335
2037.53676472 1.00884283993
2037.55719638 0.981078136534
2037.59805971 0.985681094761
2037.61849138 0.989632111306
2037.63892304 0.966978404651
2037.6593547 0.998979396855
2037.67978637 1.00387920648
2037.70021803 1.00069790748
2037.78194469 1.01929957023
2037.80237646 1.00470137575
2037.82280812 0.9942881987
2037.84323969 0.975467169751
2037.86367145 0.989089470252
2037.88410312 1.00156677154
2037.90453478 1.00019904446
2037.92496645 1.00980985619
2037.94539811 0.992094404516
2037.96582988 1.01913312991
2037.98626144 0.99998170946
2038.00669311 0.996195545873
2038.04755644 0.988922542667
2038.0679881 0.996218245192
2038.08841987 0.992513632811
2038.10885144 0.99131769852
2038.1292832 0.997381651762
2038.14971487 1.00994769833
2038.17014643 1.035513938
2038.1905782 1.01868460856
2038.21100987 1.00751473459
2038.23144143 1.02414223692
2038.2518732 0.967364438386
2038.27230486 1.026806627
2038.29273653 1.00204032334
2038.3131682 1.00801721945
2038.33359986 1.00527206795
2038.35403153 0.977917516771
2038.3744632 1.01004414946
2038.39489486 0.999994773247
2038.41532653 1.00703455997
2038.45618996 1.02590299041
2038.47662163 0.993471828377
2038.4970532 0.977408908749
2038.51748497 0.995416721734
2038.53791663 0.964691607107
2038.5583482 0.993660838342
2038.57877997 1.01051164212
2038.59921163 0.97446786715
2038.6196432 0.994147938907
2038.64007497 0.988885556587
2038.66050664 1.0062093161
2038.6809384 1.00922117072
2038.70136997 1.00289256983
2038.72180164 0.999574671995
2038.74223341 0.998602911111
2038.76266498 1.00515438103
2038.78309664 1.01618058411
2038.80352841 0.993458082631
2038.82395998 0.983754567233
2038.84439175 0.986018826536
2038.86482342 0.9984593319
2038.88525499 1.02619626457
2038.90568675 1.00629142593
2038.92611842 1.02212305314
2038.94655009 0.97225052292
2038.96698176 1.01260058465
2038.98741343 1.00248430796
2039.0078451 1.0133366144
2039.02827677 1.01502343097
2039.04870844 0.960077580032
2039.06914011 0.972601618629
2039.11000344 0.987077222642
2039.13043521 0.998388524335
2039.15086678 0.979488761917
2039.17129845 0.983622014075
2039.19173022 0.993070690674
2039.21216179 1.0043488249
2039.23259356 1.00761821168
2039.25302523 0.98693711224
2039.2734568 0.988957332153
2039.29388857 0.976314970682
2039.31432024 0.949332103699
2039.33475181 0.95449151333
2039.37561525 1.01221665887
2039.39604702 1.00923207363
2039.41647859 1.0160412991
2039.43691026 0.987326191997
2039.45734203 1.01456788047
2039.47777361 1.00472951622
2039.49820528 1.00096417619
2039.51863705 0.999890663176
2039.53906862 0.987660690509
2039.55950029 1.00862094945
2039.57993206 1.00546152799
2039.60036373 1.00035736078
2039.6207954 1.01705282564
2039.64122707 0.994388654314
2039.66165865 1.0122946765
2039.68209042 1.03105397115
2039.70252209 0.994849321846
2039.72295366 0.993055189336
2039.74338543 0.9790121104
2039.7638171 1.02010261192
2039.78424888 1.0121672699
2039.80468045 0.984741301611
2039.82511212 0.969197963655
2039.84554389 0.980507591718
2039.88640714 1.00549319785
2039.90683891 1.00220633116
2039.92727048 1.00944405074
2039.94770215 0.994487345393
2039.96813393 0.989208470165
2039.9885655 1.00049222371
2040.00899727 1.01661651286
2040.02942895 1.00180726011
2040.04986052 0.986904251404
2040.07029229 1.0120475101
2040.09072397 0.973028393473
2040.11115554 1.0088296361
2040.13158731 1.00598904305
2040.15201899 0.981545717391
2040.17245076 1.02066907448
2040.19288233 1.00072895284
2040.21331401 1.01006670493
2040.23374578 0.986834347615
2040.25417745 0.976561059618
2040.27460903 0.992488219451
2040.2950408 0.980317682604
2040.31547248 1.01857235
2040.33590415 0.978333938936
2040.35633583 1.01502427996
2040.3767675 1.00139734115
2040.39719918 0.995917761773
2040.41763085 1.01372692594
2040.43806242 0.97717337468
2040.4584942 1.01223050182
2040.47892587 1.00364220927
2040.49935745 1.01776536341
2040.51978922 0.995851522225
2040.5402209 0.997103641176
2040.56065267 0.991703062983
2040.58108425 0.99847632274
2040.60151593 1.00274129586
2040.6219477 1.01479903374
2040.64237928 0.984975503585
2040.66281095 1.00809676009
2040.68324273 0.99133828804
2040.7036743 1.00297201298
2040.72410608 1.01234659554
2040.74453776 1.00186601799
2040.76496943 0.995279892386
2040.78540111 0.987375415441
2040.82626446 1.00399211835
2040.84669614 0.983800427017
2040.86712782 1.01152849794
2040.88755959 1.00520749515
2040.90799117 1.01074784087
2040.92842285 1.00718844396
2040.94885462 0.988888512593
2040.9692863 0.990578800442
2040.98971788 0.998454801152
2041.01014966 1.00408635964
2041.03058123 1.00423162165
2041.05101291 0.942264147666
2041.07144469 0.990744129506
2041.09187627 1.0002941428
2041.11230804 1.00076432643
2041.13273972 0.993366999924
2041.1531713 0.962318987703
2041.17360308 0.986858459479
2041.19403476 0.993425162771
2041.21446633 0.99260026864
2041.23489811 0.984896951198
2041.25532979 1.00920242406
2041.37791987 1.01282572661
2041.39835164 1.01303174608
2041.41878322 1.00969266585
2041.4392149 0.983588588576
2041.45964668 1.00898515397
2041.50051004 0.987669345647
2041.52094172 1.00330741276
2041.5413734 0.984880506524
2041.56180508 1.00913679419
2041.58223676 0.992974420573
2041.60266844 1.0120424115
2041.62310022 1.01074051964
2041.6435318 0.989012407209
2041.66396358 1.0063194567
2041.70482685 1.02580343317
2041.74569021 0.978562844312
2041.76612189 0.990783413445
2041.78655367 0.985714117209
2041.80698525 0.978268891491
2041.82741703 1.0068543831
2041.90914376 1.02493897872
2041.92957534 1.00407003632
2041.95000712 0.964543942307
2041.97043881 0.995841218282
2041.99087049 1.00611577347
2042.01130217 0.987918129487
2042.03173385 1.00299661703
2042.05216564 0.973363687316
2042.07259722 0.999781767901
2042.0930289 1.00052955273
2042.11346068 1.00698676179
2042.13389237 0.973211335771
2042.15432395 1.00023868559
2042.17475573 1.01144815181
2042.19518742 0.980306720002
2042.2156191 1.00849376521
2042.23605078 0.97565240515
2042.25648247 1.01245757465
2042.27691425 1.00821030605
2042.29734583 0.983571791512
2042.31777752 0.996179260146
2042.3382092 0.98489478363
2042.35864089 1.00129465768
2042.37907267 1.00647251964
2042.39950426 1.01480837142
2042.48123099 0.996438241184
2042.50166278 0.99305600415
2042.56295784 1.00261727464
2042.58338942 0.989638039712
2042.60382121 1.00366512444
2042.68554795 0.962378485954
2042.70597964 0.970320951043
2042.72641132 0.998641645226
2042.74684301 0.995264667701
2042.76727479 0.993061393254
2042.78770648 0.992755018022
2042.80813807 1.00838856792
2042.82856985 0.994481708859
2042.84900154 0.993222895197
2042.86943313 1.0049887313
2042.88986492 1.01294576013
2042.9102966 1.00665827776
2042.93072829 0.971481340082
2042.95115998 0.995273061749
2042.97159167 1.00025018896
2042.99202335 0.98748706161
2043.01245504 1.0052155542
2043.03288673 0.982683297837
2043.05331842 1.01288067394
2043.07375011 1.0370658294
2043.09418169 1.02318831262
2043.11461348 1.02262599628
2043.13504517 0.988383154242
2043.15547696 1.02037468535
2043.17590855 1.03266758069
2043.19634024 0.994070495453
2043.21677203 1.00055716884
2043.23720361 0.995413520257
2043.2576353 0.991408050558
2043.29849868 0.995168660568
2043.31893047 1.00951996236
2043.33936216 0.987179407784
2043.35979385 1.00805953517
2043.38022554 1.01808001366
2043.40065723 1.01996748254
2043.42108892 1.02821742505
2043.44152071 1.00254693272
2043.4619523 1.00759565916
2043.48238409 1.0198928764
2043.50281578 1.01919346938
2043.52324738 0.991670077374
2043.54367917 1.00119505519
2043.56411086 1.02821030243
2043.58454245 1.02148757529
2043.60497424 1.00360207356
2043.62540593 1.01648446451
2043.64583772 0.985964546531
2043.66626931 1.01436044167
2043.68670101 0.993437582272
2043.7071327 1.02289953838
2043.72756439 1.02687196723
2043.74799598 0.985811709548
2043.76842777 1.00167576414
2043.78885947 0.996599760783
2043.80929106 1.00547786375
2043.82972285 0.991464554323
2043.85015455 1.02128017188
2043.87058634 1.00804377335
2043.93188142 0.979746865303
2043.95231301 1.0109815077
2043.9727447 1.01560980372
2043.9931765 0.990882333969
2044.01360819 0.99384047525
2044.03403989 0.9895434483
2044.05447158 1.00033452904
2044.07490327 1.00558245197
2044.09533497 0.985877013835
2044.11576666 0.995738785318
2044.13619836 0.981762137664
2044.15663015 0.994206977195
2044.17706175 0.998752000824
2044.19749354 0.973932610864
2044.21792524 0.983930030957
2044.27922032 0.999735440751
2044.29965192 1.00449778029
2044.32008371 1.00801902757
2044.34051541 0.991976797441
2044.36094701 1.005642171
2044.3813788 0.999077296394
2044.4018104 1.00709776227
2044.4222422 1.01026153761
2044.44267389 0.984085512117
2044.46310549 1.00388866728
2044.48353729 1.00048616263
2044.50396898 1.01075032225
2044.52440068 0.998035361557
2044.54483238 0.987563899037
2044.58569587 0.996703547722
2044.60612747 1.00806735239
2044.62655917 1.01409051808
2044.64699096 0.984494404388
2044.66742266 1.01567525905
2044.68785426 1.00139312203
2044.70828606 1.00305674125
2044.72871776 0.992626188231
2044.74914946 1.02009345588
2044.76958115 1.01005028361
2044.79001285 1.00393812637
2044.81044465 1.00840181754
2044.83087625 0.964480924874
2044.85130795 0.999808022954
2044.87173975 0.99231734855
2044.89217135 0.986367042254
2044.91260305 0.996955762516
2044.93303485 0.952841890364
2044.95346645 0.988073473393
2044.97389825 0.984146163948
2044.99432995 0.984672987945
2045.01476155 1.00720220919
2045.03519335 0.975328704992
2045.05562505 1.00195940433
2045.07605665 1.00554874645
2045.09648845 1.02243581406
2045.11692005 1.00724587989
2045.13735185 0.988248542146
2045.15778355 1.0070876457
2045.17821516 0.989972039021
2045.19864696 0.987409417424
2045.21907866 0.973201630157
2045.25994206 1.00791758761
2045.28037376 1.00292548402
2045.30080557 1.00010441624
2045.32123727 1.00534849393
2045.34166887 0.976653615128
2045.36210067 1.00394530834
2045.38253238 1.02088586837
2045.40296398 1.02111657087
2045.42339578 1.01456989191
2045.44382749 0.982362266034
2045.46425909 1.00993195114
2045.48469089 0.980264394589
2045.5051226 0.996956263457
2045.5255544 1.00519768473
2045.545986 0.985076516763
2045.56641771 1.00395864153
2045.60728112 1.0118264883
2045.62771282 0.979890417482
2045.64814463 1.01488831768
2045.66857623 1.03117571184
2045.68900803 1.00734525003
2045.70943974 1.01256461909
2045.72987135 0.984028905879
2045.75030315 1.01764906547
2045.77073476 0.998072735516
2045.79116646 1.00328847696
2045.81159827 1.01620200924
2045.83202997 0.984160945965
2045.85246168 1.00101211805
2045.87289339 0.998975262457
2045.89332509 0.999461294989
2045.9137568 0.987504520773
2045.9341885 0.980527868043
2045.95462021 0.991080391281
2045.97505192 0.977233661893
2045.99548363 1.02170888666
2046.01591543 0.996023339266
2046.03634714 0.978829952786
2046.05677875 0.99941825577
2046.07721056 0.998548852249
2046.09764226 1.02170055391
2046.11807387 1.01879935804
2046.13850568 0.98637251331
2046.15893739 1.01997310547
2046.179369 1.00984221723
2046.1998008 0.999852000589
2046.22023251 1.01091882874
2046.24066432 0.99139640679
2046.26109593 1.01087881541
2046.28152764 0.993993027549
2046.30195945 1.00481151597
2046.32239106 1.00063094399
2046.34282277 0.992906407201
2046.36325448 0.994330050541
2046.38368619 0.998447665748
2046.404118 0.990998899419
2046.42454961 1.0153040514
2046.44498132 0.98881301143
2046.46541313 0.993502948833
2046.48584474 1.00322866118
2046.50627645 1.01724697357
2046.52670826 0.987117053114
2046.54713997 1.00502514067
2046.56757168 0.998424156168
2046.5880034 1.00949479363
2046.60843511 1.00443213931
2046.62886682 0.983627293034
2046.64929853 1.00558078583
2046.66973024 1.00771225954
2046.69016205 1.00445146966
2046.71059367 0.996047204334
2046.73102538 0.995087567972
2046.75145719 1.00564993437
2046.7718888 1.01686338032
2046.79232062 1.00255343774
2046.81275233 1.00836068621
2046.83318394 0.984044499873
2046.85361576 1.01425442512
2046.87404747 0.995022245993
2046.89447908 0.995505449127
2046.9149109 1.00338685337
2046.93534261 0.980974264578
2046.95577443 1.0064135532
2046.97620604 0.997517752185
2046.99663776 1.00853037673
2047.01706947 1.01991171424
2047.03750118 0.993679838841
2047.0579329 1.00111721045
2047.07836462 0.999934435769
2047.09879633 1.01449119322
2047.11922815 0.994206445763
2047.13965976 0.988219662789
2047.16009148 1.00654672475
2047.18052329 1.00888901278
2047.22138663 0.999926693161
2047.24181844 0.988261923955
2047.26225016 1.0151495105
2047.28268177 0.990959031662
2047.30311359 0.995423173637
2047.32354531 0.996422421649
2047.34397713 0.992663120053
2047.36440874 0.998899170883
2047.38484046 1.00944437062
2047.40527228 1.00303563836
2047.4257039 0.980300773574
2047.44613561 1.00274959072
2047.46656743 1.01264861028
2047.48699905 1.0155305783
2047.50743087 1.00784470375
2047.52786259 0.981735634636
2047.54829421 1.00131273135
2047.56872603 1.00466182954
2047.58915774 0.993209383172
2047.60958936 1.01304667984
2047.63002118 0.992866748333
2047.6504529 1.00382001649
2047.67088462 1.0061608177
2047.69131634 0.998418478766
2047.71174806 1.01182238586
2047.73217988 0.992371763283
2047.7526115 1.007256243
2047.77304322 1.01864126476
2047.79347494 0.984309370082
2047.81390667 0.992856944914
2047.83433839 0.994239863311
2047.85477021 1.01991490487
2047.87520183 0.989489571316
2047.89563365 0.997611572165
2047.91606537 1.02152745621
2047.93649699 0.965477451403
2047.95692882 1.00148369413
2047.97736054 0.996510404517
2047.99779216 1.00176370383
2048.01822398 1.0056388405
2048.03865571 0.982656723001
2048.05908753 0.993909357792
2048.07951915 0.993742962905
2048.09995088 1.01108853627
2048.1203827 1.00259091072
2048.14081432 0.990972429634
2048.16124605 1.00099733029
2048.18167787 0.999260825556
2048.20210949 1.01718198205
2048.24297304 0.984793454993
2048.26340467 1.00107172807
2048.28383649 0.996035613193
2048.30426822 0.990797309464
2048.32469994 0.971036341637
2048.34513167 0.988985796459
2048.36556339 1.00240160592
2048.38599502 1.00173899265
2048.4472903 1.00088427196
2048.46772202 1.01143210921
2048.48815375 1.02575359459
2048.50858558 1.01112553954
2048.5290172 0.983739691756
2048.54944893 1.00215845628
2048.56988076 1.00138988969
2048.59031238 0.994047780792
2048.61074421 0.995994413858
2048.63117594 0.997747960846
2048.65160757 1.00775154521
2048.6720394 0.989646713642
2048.69247112 1.00135189575
2048.71290275 1.00235366076
2048.73333458 0.986082240035
2048.75376631 1.00522309237
2048.77419814 0.978317021854
2048.79462977 1.01006475944
2048.8150615 1.00098290328
2048.83549333 0.98005021537
2048.85592496 0.993666510345
2048.87635668 0.995651663506
2048.89678851 1.00755432848
2048.91722014 1.00926092272
2048.93765188 0.988443726433
2048.95808371 1.0070263621
2048.97851544 0.99277608186
2048.99894717 1.02750084135
2049.0193789 0.992215353962
2049.03981063 0.982564490767
2049.06024236 0.976096025171
2049.08067409 0.978649777863
2049.10110582 0.971361533338
2049.12153756 0.983666089192
2049.14196929 0.973997106601
2049.18283275 0.998136095011
2049.20326448 1.01388255916
2049.22369632 0.983222605689
2049.24412795 1.00194685258
2049.26455968 1.01955458375
2049.28499152 0.996005578578
2049.30542315 1.0039064558
2049.32585488 0.980563211629
2049.34628672 0.998530443307
2049.36671835 1.013989837
2049.38715019 1.0073972667
2049.40758192 1.01284452748
2049.42801356 1.01048381074
2049.44844539 1.01102058769
2049.46887712 1.01398467715
2049.48930886 1.00514775119
2049.5097406 1.02622327964
2049.53017233 0.969782880952
2049.55060417 1.00422183228
2049.5710358 1.0069446879
2049.59146754 0.990379632314
2049.61189937 1.00051792836
2049.63233101 0.98382584172
2049.65276275 1.02719779095
2049.67319458 1.00000759673
2049.69362632 1.01355825939
2049.71405806 1.00533706895
2049.7344898 0.990315437773
2049.75492143 1.00234645512
2049.77535327 0.999693868439
2049.79578501 0.997171184942
2049.81621665 1.00329570883
2049.83664848 0.982553329159
2049.85708022 0.998561595351
2049.87751186 0.99147342773
2049.8979437 1.00949256219
2049.91837544 1.04440894938
2049.93880728 0.989310369515
2049.95923892 1.01284440224
2049.97967066 1.00634786864
2050.0001025 1.01030078495
2050.02053414 1.01437416812
2050.04096588 0.98466227312
2050.06139772 1.02889140953
2050.08182936 0.998813694534
2050.1022612 0.998799774822
2050.12269294 0.985054457456
2050.14312458 1.00336732358
2050.16355642 1.01183350095
2050.2044199 1.0123566664
2050.22485165 1.00029303528
2050.24528339 0.993056180947
2050.26571523 1.00159070011
2050.28614687 0.987779503583
2050.36787384 0.976405811597
2050.38830569 0.999233400338
2050.40873733 1.00765741824
2050.42916907 0.991538691435
2050.44960092 1.017329328
2050.47003256 1.003155471
2050.49046441 1.00398273684
2050.51089615 1.00134909642
2050.53132779 0.993431174597
2050.55175964 1.01328696296
2050.57219138 0.987704338249
2050.59262303 0.987836316734
2050.61305487 0.987065580503
2050.63348662 0.971197703692
2050.65391847 1.01415920518
2050.67435011 0.995232549771
2050.69478186 1.00125203346
2050.7152137 1.02935138512
2050.73564535 0.970934310274
2050.7560771 1.00294685278
2050.77650894 0.977899928431
2050.79694059 1.00303029454
2050.81737244 0.986988457341
2050.89909943 1.01668976649
2050.91953118 1.00647178092
2050.93996293 1.00961415947
2050.96039468 1.00051840268
2050.98082642 1.01221273377
2051.00125827 0.996840908006
2051.04212177 1.01132753584
2051.06255342 1.00389957692
2051.08298517 0.999243721419
2051.10341702 1.00814368633
2051.14428042 1.00192104744
2051.16471227 0.991650906499
2051.18514392 0.994724721392
2051.20557578 1.00417232466
2051.22600753 0.990900320463
2051.24643918 1.00873977079
2051.26687103 0.999752507318
2051.28730278 0.994057748575
2051.30773443 0.998540066155
2051.32816629 0.987426538332
2051.34859804 1.00005882033
2051.36902989 1.01555263131
2051.38946154 1.00998286287
2051.4098933 1.00323192347
2051.43032515 0.990468328214
2051.4507568 1.00403735053
2051.47118856 0.991519778834
2051.49162041 1.01771767435
2051.59377918 0.993258002903
2051.61421094 0.991671294103
2051.63464269 0.982941518594
2051.65507445 0.999964292134
2051.6755062 0.997128078571
2051.69593796 1.00230305701
2051.71636972 1.00222911559
2051.73680147 0.987755234297
2051.75723333 0.988757413422
2051.8185286 1.00269108366
2051.83896026 1.00305670636
2051.85939201 1.00977136401
2051.87982387 1.01147283928
2051.90025553 1.01001861804
2051.92068739 1.0251209117
2051.94111915 1.00160241939
2051.9615508 1.02272613082
2051.98198266 0.994845380664
2052.00241442 1.00292341373
2052.02284608 0.97008876159
2052.04327794 1.02369385749
2052.0637097 0.987682691053
2052.14543684 1.00903576813
2052.1658686 1.00292284188
2052.18630026 1.00053974755
2052.20673212 1.04000182759
2052.22716388 0.983712471206
2052.24759554 1.00758523166
2052.26802741 0.982344970954
2052.28845917 0.981054174012
2052.30889103 0.992898727578
2052.32932269 0.969519543916
2052.34975445 0.987428114881
2052.37018632 1.00678050621
2052.39061798 1.01531481924
2052.41104974 1.01284502707
2052.43148151 0.990061816786
2052.51320856 0.985117220607
2052.53364043 0.981125743101
2052.55407209 0.996761463618
2052.57450386 0.98932913033
2052.59493572 0.995903876282
2052.61536739 1.01022265437
2052.63579925 0.994121964015
2052.65623102 1.00723401828
2052.67666268 1.00169668937
2052.69709455 1.01270399267
2052.71752631 0.996537565903
2052.73795808 0.997840653995
2052.75838985 1.02127105958
2052.77882161 0.988568689354
2052.79925338 0.989419339957
2052.81968515 0.967331529546
2052.84011692 1.00468332839
2052.86054878 1.01153869156
2052.88098055 1.00723314038
2052.90141222 1.0070450353
2052.92184409 0.984694637239
2052.94227586 1.00575425962
2052.96270753 1.0096609026
2052.9831394 0.989605124224
2053.00357116 1.01721801063
2053.02400303 0.981919192633
2053.0444347 1.00681771311
2053.06486647 1.00305962182
2053.10573001 0.92788159662
2053.12616168 0.989774057452
2053.14659356 1.01871925211
2053.16702533 0.989615968303
2053.1874572 1.01688232749
2053.20788887 1.0250528357
2053.22832064 0.990805184412
2053.24875251 1.01749630094
2053.26918418 0.989851785026
2053.28961596 1.00219954015
2053.31004783 0.996488694256
2053.3304795 0.975369205943
2053.35091137 1.00843227998
2053.37134315 1.02890778055
2053.39177492 1.02154973778
2053.41220669 0.992724588525
2053.43263847 0.987819509244
2053.45307024 1.00979273879
2053.47350202 0.993352977507
2053.49393379 0.999912581267
2053.51436557 0.995317082593
2053.53479744 0.994202435997
2053.55522912 0.993357599576
2053.57566099 1.00580181343
2053.59609277 1.00229476272
2053.61652444 0.998394192015
2053.6573881 0.997187200183
2053.67781977 1.00162042237
2053.69825165 1.00234698415
2053.71868343 0.972878439271
2053.7391152 1.00429867817
2053.75954698 0.994433198815
2053.77997876 0.996543636216
2053.80041054 0.994326177678
2053.82084231 0.973728453346
2053.84127399 1.00052400845
2053.86170587 1.0018215493
2053.88213765 1.00363779805
2053.92300121 0.980111566017
2053.94343299 0.995310288583
2053.96386487 1.00604394234
2053.98429655 1.00167563406
2054.00472833 1.00931694343
2054.02516021 0.961968552919
2054.04559199 0.99685624535
2054.06602377 0.9835271443
2054.08645555 1.00610214462
2054.10688733 1.01174286871
2054.12731911 0.970864938599
2054.14775089 0.998079855386
2054.16818267 1.00517048723
2054.18861456 1.01336945115
2054.20904624 1.01074709159
2054.22947802 0.993212940949
2054.2499099 1.00861766481
2054.27034159 0.985418371142
2054.29077347 1.0088943969
2054.31120525 1.02116363538
2054.33163694 0.995397716534
2054.35206882 1.00764951931
2054.3725006 0.980289193763
2054.39293229 1.01482448984
2054.41336417 1.0075747063
2054.43379596 0.977653342857
2054.49509121 1.00424202697
2054.5155231 0.981218528723
2054.53595489 0.985555471822
2054.55638667 0.994025223129
2054.57681846 1.00898214253
2054.59725025 1.00286812782
2054.61768213 0.983272026551
2054.63811382 1.02043423292
2054.65854561 0.997611650077
2054.67897749 0.977428150412
2054.69940918 1.00730318415
2054.71984097 0.971418519042
2054.74027286 0.987551578202
2054.76070465 1.00614231308
2054.78113644 0.960915484649
2054.80156822 1.00849872189
2054.82200001 0.987950536628
2054.8424318 1.01472130624
2054.86286359 1.01866897399
2054.88329538 1.01542231605
2054.90372727 1.00987544641
2054.92415896 0.979601576989
2054.94459075 1.01377411005
2054.96502265 0.984820441666
2054.98545434 0.994831338195
2055.00588623 0.984273387274
2055.02631802 0.965254817244
2055.0671816 0.998234625206
2055.0876133 1.0014887765
2055.10804509 0.998512767885
2055.12847698 0.997146502323
2055.14890867 1.0044432046
2055.16934057 1.00589316884
2055.18977236 1.01356041706
2055.23063595 0.98520368674
2055.25106774 1.00247090048
2055.27149954 0.995692208582
2055.29193133 1.01281487589
2055.31236313 1.00484211229
2055.33279502 0.993354432448
2055.35322672 1.01148217054
2055.37365851 1.00955804896
2055.39409041 1.00721659311
2055.4145222 0.994080248819
2055.4349539 1.00487884405
2055.4553858 1.01860267353
2055.47581759 0.996077624337
2055.49624939 1.0007530255
2055.51668119 0.981235878035
2055.53711299 0.984172903241
2055.55754488 1.01685753318
2055.57797658 1.00311906531
2055.59840838 1.00298929811
2055.61884028 0.984358347821
2055.63927198 1.0080567296
2055.65970378 1.01749357034
2055.68013567 1.00085586061
2055.70056737 1.00977037379
2055.72099927 0.984688343641
2055.74143097 1.00031510195
2055.76186277 0.999793822715
2055.78229467 1.00021225021
2055.80272637 1.00593665432
2055.84359008 1.01327010675
2055.86402178 0.996103080143
2055.88445368 1.00883233692
2055.90488548 1.00429589037
2055.92531728 0.988442252041
2056.00704449 0.986269118468
2056.0274763 0.970717381783
2056.06834001 0.99948752346
2056.08877171 0.996395417696
2056.10920361 1.00048574012
2056.12963542 0.996489360017
2056.15006712 1.01007633208
2056.17049903 1.01501299886
2056.19093083 0.998808633472
2056.21136274 1.01678092462
2056.23179444 1.00496937174
2056.27265816 1.0073850961
2056.29308986 0.978467198346
2056.31352167 0.988068587297
2056.33395358 1.00722531845
2056.35438528 1.00024579503
2056.37481709 0.987831656026
2056.3952489 1.00574220239
2056.41568071 0.982828721782
2056.43611262 1.00333765443
2056.45654442 1.01434190048
2056.47697613 0.983658750427
2056.49740804 0.99006326618
2056.51783975 0.985853346116
2056.53827156 1.00323834085
2056.55870347 1.01123124059
2056.57913528 1.0084681844
2056.59956709 1.00515050748
2056.6199989 0.999617290945
2056.64043071 0.99936450727
2056.66086252 0.999648157755
2056.68129434 0.986670806217
2056.70172615 0.984774548186
2056.72215796 0.982476480965
2056.74258977 0.997039609869
2056.76302168 1.00514696123
2056.80388521 1.00774963469
2056.82431712 0.995895183388
2056.84474893 1.00743001701
2056.86518065 0.985618312044
2056.88561256 1.02110550965
2056.90604438 1.00041356891
2056.92647629 0.990940091881
2056.946908 0.995340023447
2056.96733982 0.995994881427
2056.98777173 1.00067102199
2057.00820345 1.0044149756
2057.02863527 1.00063697265
2057.04906718 1.02196777155
2057.0694989 1.00932286608
2057.08993071 1.02009481285
2057.11036253 1.0251156653
2057.13079435 0.981588391172
2057.15122626 1.01755696649
2057.17165798 1.0107218144
2057.1920898 1.00706312931
2057.21252172 0.980396261985
2057.23295353 1.00327438347
2057.25338525 0.995990316944
2057.27381717 1.01102647558
2057.29424899 1.01983043468
2057.31468081 0.993178713396
2057.33511263 1.02936749132
