# #0 time, 1 flux
2905.41800462 0.973975013579
2905.4384369 0.977682862129
2905.45886918 1.03024707511
2905.47930146 0.968231298726
2905.49973374 1.01165474415
2905.52016602 0.983080206016
2905.54059829 1.04634275667
2905.58146285 0.986990005739
2905.60189512 0.996268282936
2905.6223275 0.987412784505
2905.64275968 0.979668231139
2905.66319195 1.01575906488
2905.68362432 1.00093492166
2905.7040565 0.997211474539
2905.72448887 0.984992017711
2905.74492114 0.980053950957
2905.76535331 0.996844883003
2905.78578568 0.988148259416
2905.82665013 1.00606757242
2905.84708249 0.985319382082
2905.86751466 0.988065591495
2905.88794703 1.00102479576
2905.92881147 1.00503414016
2905.94924373 1.00394623018
2905.9696761 1.01945513359
2905.99010837 1.02461939293
2906.01054063 0.916237671796
2906.09226969 1.02772792132
2906.11270195 1.00790584732
2906.13313431 1.00443018837
2906.15356647 1.02250461341
2906.17399873 1.01441041051
2906.19443109 1.02057529241
2906.21486325 1.07968008566
2906.23529551 0.973209080572
2906.35788905 1.01028797806
2906.39875366 1.02420042793
2906.41918591 1.01140509909
2906.43961817 1.00965690666
2906.46005042 1.01082216795
2906.48048267 0.963056690567
2906.50091493 1.00335883465
2906.58264393 1.00096072011
2906.60307618 1.00009392271
2906.62350842 1.0001975773
2906.64394057 0.992548765513
2906.66437292 1.03409458974
2906.68480517 0.98217908418
2906.70523731 0.996475551153
2906.72566966 1.0370595211
2906.84826312 1.05275663624
2906.86869536 1.0287167386
2906.8891277 1.02924184088
2906.90955985 0.99814462772
2906.92999209 1.01753542708
2906.95042443 0.984903037065
2906.97085666 1.05372132691
2906.9912888 0.954240203274
2907.07301785 0.989666311481
2907.09345009 0.99223372522
2907.11388222 1.01564170993
2907.13431456 0.994070091636
2907.15474679 0.997886967002
2907.17517893 0.963312423016
2907.19561126 0.957859327452
2907.21604349 0.985327389557
2907.33863688 1.01343795861
2907.359069 1.0059294958
2907.37950133 1.00014361812
2907.39993356 1.01268539868
2907.42036579 0.991343289582
2907.44079801 1.01933243708
2907.46123024 1.00914856742
2907.48166257 1.02221774989
2907.50209469 0.995249625538
2907.52252692 0.994523492377
2907.54295924 1.01949275004
2907.56339136 0.970780159287
2907.58382359 0.995959454836
2907.60425591 1.0108290054
2907.62468803 0.990206207858
2907.64512025 0.978053147814
2907.66555257 0.999155954737
2907.68598469 0.96552769312
2907.70641691 0.953802387666
2907.72684923 0.939884939104
2907.74728135 0.995929785084
2907.78814588 1.0022992416
2907.8085781 0.975416678849
2907.82901022 1.04767118623
2907.84944253 1.00043370718
2907.86987475 1.01813724091
2907.89030686 0.998641218751
2907.91073918 0.95036932525
2907.93117139 1.0026196976
2907.9516035 1.04503623213
2907.97203582 0.992371219644
2908.05376466 1.00769633887
2908.07419677 0.997195249583
2908.09462908 1.00704005982
2908.11506119 0.989789054707
2908.1354934 1.00295753225
2908.15592571 1.04100033831
2908.17635791 1.04990750779
2908.19679012 1.0207433934
2908.21722232 1.00855201616
2908.27851894 1.00393502685
2908.29895114 0.998137268848
2908.31938345 0.985345146783
2908.33981555 0.988185293285
2908.36024775 0.996339873057
2908.38068005 0.98610702068
2908.40111216 1.01087876637
2908.42154436 1.01488373529
2908.44197666 0.997379763705
2908.46240876 1.00965092217
2908.48284096 0.976735827151
2908.52370535 1.00484585142
2908.54413755 1.00821204583
2908.56456985 1.01244670402
2908.58500194 1.01934195607
2908.60543414 1.02083965392
2908.62586643 1.00928168542
2908.64629863 1.0194535032
2908.66673072 0.988591755193
2908.68716302 1.02010762842
2908.70759521 1.03096285892
2908.7280273 1.01277571031
2908.74845959 1.01230542745
2908.76889179 0.987907464506
2908.78932388 0.986589211315
2908.80975617 0.975407437155
2908.83018836 0.965117673491
2908.85062045 0.984370605772
2908.87105274 0.936047520219
2908.89148483 0.946838857216
2908.91191701 0.989897743809
2909.0753746 1.00229212844
2909.11623896 1.01367318052
2909.13667115 0.996229835327
2909.15710343 0.97970010238
2909.17753551 0.997453186015
2909.19796769 0.999389674114
2909.21839997 1.00677993638
2909.25926423 1.00383318807
2909.2796965 0.992947126962
2909.30012858 0.971491377498
2909.32056076 0.993168503422
2909.34099304 1.01129305585
2909.36142511 0.990964180449
2909.38185729 0.97628176055
2909.40228956 1.07187312701
2909.42272164 0.968458330436
2909.44315381 0.991887118796
2909.46358609 0.980229991685
2909.50445033 0.98407937806
2909.5248826 1.01065326514
2909.54531478 0.988173762281
2909.56574685 1.0012781195
2909.58617912 1.02006928004
2909.60661119 1.00174237527
2909.62704336 0.999658175039
2909.64747563 1.01803196535
2909.66790769 1.01033087658
2909.68833986 0.984256224926
2909.70877213 1.01588459044
2909.74963636 0.985678619031
2909.77006863 1.00660509382
2909.79050069 1.00520212907
2909.81093286 1.01014737475
2909.83136512 0.999944538267
2909.85179728 0.974269753574
2909.87222935 1.00794603696
2909.89266161 1.01848168899
2909.91309377 0.992351450502
2909.93352583 0.990558929618
2909.9539581 0.992482395577
2909.97439026 1.00592313396
2909.99482232 0.987915953649
2910.01525458 0.990723323713
2910.03568673 0.974002151878
2910.05611899 0.992954816661
2910.07655105 1.00791916522
2910.09698321 0.995645097269
2910.11741546 1.03419391955
2910.13784752 1.00810111204
2910.15827968 0.968017478018
2910.17871193 0.932344604471
2910.19914399 0.952333882953
2910.24000839 1.01642568213
2910.26044045 1.00828176838
2910.2808726 1.01197716971
2910.30130485 0.999176270778
2910.3217369 0.999165546507
2910.34216906 1.00786264936
2910.36260131 0.999971413505
2910.40346551 0.999320487817
2910.42389775 1.02624827892
2910.4443298 0.999942993797
2910.4851942 0.993281509318
2910.50562625 1.00830152286
2910.52605839 0.997049825542
2910.54649064 0.99791786545
2910.56692268 0.99451345159
2910.58735483 1.00148650048
2910.60778707 1.00759795092
2910.62821912 1.00809132756
2910.64865126 0.992528067456
2910.6690835 1.01385075993
2910.68951564 1.00616531958
2910.73037993 1.01572145817
2910.75081207 1.00325293118
2910.77124411 1.00122531264
2910.79167635 1.00796161559
2910.81210849 1.01279262451
2910.83254053 0.989361602973
2910.85297276 1.01467862453
2910.8734049 1.01458137058
2910.89383694 0.964339753549
2910.91426917 1.00243016061
2910.93470131 0.982427505392
2910.97556558 0.990674346887
2910.99599772 1.01284241425
2911.01642985 1.00546637278
2911.03686198 0.987267572489
2911.05729412 1.01630466721
2911.07772625 1.01466085017
2911.09815838 0.988169728627
2911.11859051 1.0215626918
2911.13902264 1.00939417478
2911.15945477 0.995112905605
2911.1798869 0.976900431692
2911.22075116 0.957936868773
2911.24118329 1.00234610254
2911.26161552 0.99598680686
2911.28204755 0.999076885697
2911.30247967 0.970978107152
2911.3229119 1.00555153347
2911.34334392 1.01226006971
2911.36377605 0.983344194181
2911.38420827 1.02664843646
2911.4046403 0.989794649094
2911.42507242 1.00266327913
2911.44550465 1.00042006526
2911.46593667 0.98403653285
2911.48636879 0.999833187227
2911.50680101 0.964716471948
2911.52723313 1.00789544567
2911.54766515 1.00226992819
2911.56809737 0.978227174118
2911.58852949 1.02895937233
2911.60896151 1.00316683341
2911.77241855 0.94095831731
2911.79285056 1.00779142446
2911.81328278 0.991926064818
2911.89501123 1.00754228242
2911.91544334 1.03495404217
2911.93587545 1.02071484424
2911.95630756 1.00162232024
2911.97673957 1.00531887859
2911.99717178 0.965241479729
2912.01760389 1.00980806762
2912.0380359 1.00443938972
2912.05846811 1.00027714805
2912.07890021 0.997718948061
2912.09933222 1.03549535857
2912.11976443 0.963297449207
2912.14019653 0.985764770903
2912.16062854 1.00941831864
2912.18106074 0.986218979439
2912.20149285 1.00237116598
2912.22192495 1.00772224081
2912.24235705 0.995679302684
2912.26278916 1.00753057883
2912.28322126 0.978838787518
2912.30365336 1.00533219493
2912.32408546 0.983886291577
2912.34451756 0.99470008223
2912.50797435 0.998399465246
2912.52840655 0.975958232641
2912.54883865 0.988461129574
2912.56927064 0.985500508604
2912.58970284 1.00035491957
2912.61013483 1.00106738024
2912.63056692 0.995587035867
2912.65099912 0.993916023017
2912.67143111 1.01159003794
2912.6918632 1.00320164168
2912.71229539 0.999238144774
2912.73272749 1.00479043548
2912.75315948 1.02615819567
2912.77359167 0.992107687718
2912.79402376 0.979782214977
2912.81445575 0.990575973611
2912.83488794 0.979566908906
2912.85532002 0.984653927483
2912.87575201 1.01272133347
2912.8961842 0.991024861882
2912.91661629 0.99816616931
2912.93704827 1.00540834154
2912.95748046 0.989824437402
2912.97791254 0.987407466642
2912.99834453 0.991018109815
2913.01877671 0.995550009011
2913.0392088 1.01230590528
2913.05964088 0.96835057305
2913.08007296 0.996822954444
2913.10050505 1.01144055752
2913.12093713 0.994429319475
2913.14136921 1.01724974144
2913.18223337 1.00963247555
2913.20266555 1.01073732195
2913.22309753 0.999058412716
2913.24352961 1.02298039671
2913.26396179 1.00083779671
2913.28439377 1.00231635508
2913.30482584 0.99627546679
2913.32525802 1.00380804563
2913.34569 1.01284946324
2913.36612207 1.01344923532
2913.38655415 1.0074927171
2913.40698622 0.986924007653
2913.4274183 0.989561178166
2913.44785037 1.00653984531
2913.46828244 0.997948393625
2913.48871452 1.0034098815
2913.50914659 0.997592590118
2913.52957866 0.996222233701
2913.55001073 0.993100396595
2913.5704429 0.983896440456
2913.59087487 0.994092653416
2913.61130704 1.0073864408
2913.63173911 0.985724499422
2913.69303532 0.992668662726
2913.71346729 1.00921549228
2913.73389945 1.00945179025
2913.75433152 0.996679861791
2913.77476349 1.00407936812
2913.79519565 0.990702360943
2913.81562772 0.998390279616
2913.83605968 0.995218716226
2913.85649185 0.99120156838
2913.87692391 1.01280023441
2913.89735597 0.999722841115
2913.91778804 1.00782693963
2913.9382201 1.00024452064
2913.95865216 1.01187558816
2913.97908422 1.02381829745
2913.99951628 0.981215321948
2914.01994834 0.999556461304
2914.0403805 1.00588148349
2914.06081246 1.01660276132
2914.08124452 1.00168949366
2914.10167658 1.01664000538
2914.12210864 1.00427081351
2914.14254069 1.03375385623
2914.16297275 1.01360044411
2914.18340481 1.00950197042
2914.20383676 1.00968281489
2914.22426892 1.01074490454
2914.24470097 1.03400753704
2914.28556508 1.01165617107
2914.30599713 0.998119366315
2914.32642919 1.01852816496
2914.34686124 1.00122581766
2914.36729329 0.997549653187
2914.38772534 1.01057604156
2914.40815749 0.984659973644
2914.42858944 1.01236218219
2914.44902149 1.02948844822
2914.46945364 0.995769777001
2914.48988559 0.979692284386
2914.51031764 0.987840129395
2914.53074979 1.00470679299
2914.55118174 1.00036702292
2914.57161378 0.997313994474
2914.59204593 0.979955673535
2914.67377401 1.01451041161
2914.69420606 0.996694425385
2914.7146382 0.989552061104
2914.73507024 1.00398070093
2914.75550229 0.999898543443
2914.77593433 0.995023504856
2914.79636637 1.00703674952
2914.81679841 1.0354637443
2914.83723045 0.994201744179
2914.85766249 0.999050387583
2914.87809453 1.01212661705
2914.89852657 0.97527408425
2914.91895861 1.00473306222
2914.93939065 1.00636401091
2914.95982269 0.988140872835
2914.98025462 1.00370483287
2915.00068676 0.988549809659
2915.0211188 0.978810718181
2915.04155073 0.989988398212
2915.06198287 0.996000667859
2915.0824149 1.00661831161
2915.10284694 0.986751760053
2915.16414304 1.01320489943
2915.18457507 0.997690815298
2915.2050071 0.986897396815
2915.22543914 1.01845393793
2915.24587127 0.993819632861
2915.2663032 0.976401681329
2915.28673523 1.0178852131
2915.30716736 0.996742252697
2915.32759929 0.992185536358
2915.34803132 1.00769276592
2915.36846344 0.997584485964
2915.38889537 1.0201961649
2915.4093274 1.00420927876
2915.42975953 0.988616549459
2915.45019145 1.0010257303
2915.47062348 0.963269123528
2915.4910556 1.0227343854
2915.51148753 1.00378237032
2915.53191955 0.999845033778
2915.55235168 0.996819420579
2915.5727837 1.00462199903
2915.59321563 1.00199415057
2915.61364775 1.02531779209
2915.63407977 0.986647956406
2915.71580775 1.00729125941
2915.73623987 1.01231677079
2915.75667179 0.991295850014
2915.77710381 1.01727516057
2915.79753593 0.989412994504
2915.81796785 0.996764366308
2915.83839987 1.00260929067
2915.8792639 0.999467843351
2915.89969602 0.987773288111
2915.92012803 0.989301676659
2915.94056005 1.0071545311
2915.96099206 1.03503373383
2915.98142407 1.00832467336
2916.00185609 1.01475998254
2916.0222881 1.01087068167
2916.04272011 1.00020801096
2916.06315213 0.986515209349
2916.08358424 1.00902076527
2916.12444816 0.989018909566
2916.14488027 1.01590004004
2916.16531218 0.982949366716
2916.18574419 0.972279980058
2916.2061763 1.06930215198
2916.22660821 1.00977821447
2916.24704022 1.02874418896
2916.26747232 0.990113687004
2916.28790423 0.992778719522
2916.30833624 0.995509345537
2916.32876834 1.01120083539
2916.34920025 1.01478220129
2916.36963225 0.987619695635
2916.39006426 0.983769350514
2916.41049636 0.996972879049
2916.43092827 1.02422574304
2916.45136037 1.01452131401
2916.47179227 0.9991543833
2916.49222428 0.991974783426
2916.51265638 0.999286012024
2916.53308828 0.9797739562
2916.55352028 0.998473361725
2916.57395238 0.996676679215
2916.59438428 0.988957407784
2916.61481628 0.990420335748
2916.63524838 1.01204372919
2916.65568028 1.00083895544
2916.67611228 0.987090246651
2916.69654437 0.994930933929
2916.71697627 1.00964114737
2916.73740827 1.01108784232
2916.75784036 1.00741916572
2916.77827236 1.01575838285
2916.79870426 0.992574975352
2916.81913635 0.977820578309
2916.83956835 0.996046588533
2916.86000024 0.984263468524
2916.88043233 1.02240568779
2916.90086433 1.00136637469
2916.92129642 1.00736726987
2916.94172831 1.00803031718
2916.9621603 1.00314405383
2916.98259239 0.994644729547
2917.00302428 0.990338495859
2917.10518423 0.983004807818
2917.12561622 0.985999575419
2917.14604821 0.987333066727
2917.16648019 0.978069196557
2917.18691218 1.00152015534
2917.20734417 0.982948350988
2917.22777615 0.985641840412
2917.24820814 1.0025055242
2917.26864012 1.0270294359
2917.28907221 0.998540400563
2917.30950409 1.02183753697
2917.32993607 1.00631649673
2917.35036816 0.991419157876
2917.37080004 0.985323388349
2917.39123202 1.01079493951
2917.4116641 0.971688646668
2917.43209599 1.00830383013
2917.45252797 1.00784514845
2917.47296005 0.994397832158
2917.49339193 0.999427641756
2917.51382391 0.988156178965
2917.53425598 1.02809273526
2917.55468786 1.02320498642
2917.57511984 1.0028131773
2917.59555192 0.995909198343
2917.6159839 0.994024828462
2917.63641577 1.01442558095
2917.65684785 0.985730654341
2917.67727982 0.985086114546
2917.6977117 0.997651337855
2917.71814377 1.03717880144
2917.73857575 0.990380291464
2917.75900762 0.999305785867
2917.7794397 1.00996391435
2917.79987167 0.994639681817
2917.82030354 1.00001491583
2917.84073561 1.00000370945
2917.86116758 1.01904671327
2917.88159946 0.995009274444
2917.90203153 0.994296959742
2917.9224635 0.983951752752
2917.94289547 0.98444483367
2918.00419137 1.0403228962
2918.02462334 0.999782196563
2918.04505531 0.99496791561
2918.08591924 1.00762924364
2918.10635121 1.01014066834
2918.12678327 1.01559046486
2918.14721514 0.992362796499
2918.1676471 0.997587944237
2918.18807917 0.999504805778
2918.20851103 1.00895931286
2918.228943 1.01125514076
2918.24937506 1.00529888035
2918.26980692 1.0351133857
2918.29023888 0.982249550964
2918.31067095 1.00601842237
2918.33110281 1.0002482364
2918.35153477 0.991053116878
2918.41283065 0.999844248654
2918.43326271 1.00949717025
2918.45369466 0.989431388554
2918.47412652 1.00573314275
2918.49455858 0.999437033387
2918.51499054 0.996771733345
2918.53542239 0.994477829304
2918.55585445 1.01011754821
2918.57628641 0.999588970765
2918.59671826 1.0013553793
2918.67844618 0.996512140844
2918.69887803 1.02659855616
2918.71930998 1.04073129435
2918.73974204 0.99516327792
2918.76017389 1.07382880133
2918.78060584 0.994058461225
2918.80103789 1.00763830011
2918.82146984 0.996197992961
2918.84190169 1.00100711775
2918.86233374 1.01485092764
2918.88276569 1.0050895477
2918.90319754 0.978889585597
2918.92362959 1.01711345244
2918.94406154 0.978111962449
2918.96449338 0.995845690996
2918.98492543 1.0089993974
2919.00535738 1.00981438666
2919.02578942 0.996816832696
2919.06665321 1.02258101883
2919.08708526 0.990520429765
2919.1075171 0.993074911386
2919.12794905 0.990999502958
2919.14838109 1.01191454956
2919.16881293 1.0145001746
2919.18924488 0.983029661528
2919.20967692 0.992914967609
2919.23010876 1.00495995621
2919.3527005 0.985758579807
2919.37313234 0.999683979774
2919.39356438 0.99725756207
2919.41399631 1.00090668579
2919.43442815 1.01567912437
2919.45486019 1.02892468588
2919.47529202 0.989855815722
2919.49572396 0.97439681474
2919.516156 1.00506232206
2919.53658783 1.00349852778
2919.55701977 0.982125629992
2919.5774518 0.989195709203
2919.61831557 1.0249830873
2919.6387476 1.00846161802
2919.65917953 1.04137706001
2919.67961136 0.99461594565
2919.7000434 1.01014219853
2919.72047533 0.985731475533
2919.74090716 0.985480474269
2919.76133919 0.994676806244
2919.78177112 0.995654700256
2919.86349873 1.01698123644
2919.88393076 0.991131876778
2919.90436269 1.00205405819
2919.92479451 1.03377586625
2919.94522654 1.02695593016
2919.96565847 0.995715442005
2919.98609029 1.01763536586
2920.00652232 1.00896420501
2920.02695424 1.00111783353
2920.04738627 1.0064114389
2920.06781809 1.0274711313
2920.08825001 0.98088425756
2920.10868194 1.01337238371
2920.12911396 1.06203292257
2920.14954578 1.00061175308
2920.1699777 0.985800359408
2920.19040962 0.990681117668
2920.21084154 0.971914042157
2920.23127357 1.01737678496
2920.25170539 0.987491640077
2920.29256932 1.03377682689
2920.31300114 0.962971274466
2920.33343306 1.01675717083
2920.35386508 1.01272186003
2920.43559265 0.971528566943
2920.45602456 1.00449913647
2920.47645658 0.993583896094
2920.55818423 1.02235318659
2920.57861605 0.990179525108
2920.59904806 0.994063926833
2920.61947997 1.00005555705
2920.66034379 0.994272307287
2920.6807757 1.00581994784
2920.70120751 0.998085435734
2920.72163952 1.00418382089
2920.74207143 1.00861168816
2920.76250324 1.00350784096
2920.78293525 1.00343434954
2920.80336716 0.99497530247
2920.82379897 0.983677101232
2920.84423098 1.00156498897
2920.86466288 1.01866256476
2920.88509479 1.01609037808
2920.9055267 1.0120845719
2920.9259586 0.995557552572
2920.94639041 0.971274021022
2920.96682241 1.00952332836
2920.98725432 1.00018662587
2921.02811812 0.997127248337
2921.04855003 0.982202149756
2921.06898183 1.00560983923
2921.08941383 1.03338437149
2921.10984574 1.00939386376
2921.13027754 0.995843515514
2921.15070954 0.991275976099
2921.17114144 1.00016567869
2921.19157344 0.99489630588
2921.21200524 1.00296872742
2921.23243714 1.0119910003
2921.25286914 0.990501268506
2921.27330094 1.04097351437
2921.29373283 1.00128434622
2921.31416483 0.972138581967
2921.33459673 1.02410626728
2921.35502853 0.991295751371
2921.39589242 1.00272203559
2921.41632422 1.02876620448
2921.43675621 1.00376429681
2921.45718811 0.998868966796
2921.4776199 1.01408557754
2921.49804608 1.00375076529
2921.51848376 0.983637993719
2921.53891556 1.0042627781
2921.55934755 0.991321997178
2921.57977944 1.00254389193
2921.60021123 0.974395459797
2921.62064322 0.987041842096
2921.64107512 0.978277844852
2921.66150691 1.01833890869
2921.6819389 0.970599995672
2921.70237079 1.05243229147
2921.72280268 0.984861879233
2921.76366645 1.01204649674
2921.78409834 1.00740459008
2921.80453033 0.978841028857
2921.82496212 0.998216031758
2921.845394 0.986880003791
2921.86582599 0.99302966759
2921.88625778 1.0009227711
2921.90668966 1.00632020578
2921.92712165 0.950125464343
2921.94755343 0.970695886853
2921.96798532 0.961896374537
2922.00884908 1.02308818323
2922.02928097 1.00202093389
2922.04971285 1.0203424094
2922.07014473 1.00168776835
2922.09057662 1.01170717186
2922.1110085 0.984487348481
2922.13144038 1.02556083317
2922.15187226 0.978934328023
2922.17230424 1.02397324092
2922.19273602 0.956548311303
2922.27446364 1.01106826965
2922.29489551 0.990605301584
2922.31532729 0.997286328304
2922.33575927 0.988407071726
2922.35619114 0.981629194562
2922.37662292 1.01506369408
2922.3970549 1.00688761925
2922.41748677 0.98211514831
2922.43791855 0.994025578241
2922.45835052 1.02075752566
2922.4787824 1.00790760045
2922.49921417 1.01126323744
2922.51964614 0.998427913936
2922.54007802 0.99757403496
2922.58094176 1.01401155772
2922.60137363 1.01581773585
2922.6218055 1.00880885279
2922.64223748 0.994962756688
2922.66266925 1.00929788708
2922.68310112 1.01870213436
2922.70353309 1.0025159325
2922.74439673 1.00136989838
2922.76482869 1.00724566301
2922.78526046 1.01735113016
2922.80569233 1.0115000428
2922.8261242 1.0047188536
2922.84655606 0.965311557342
2922.86698793 0.988086893888
2922.8874198 1.00764158935
2922.90785166 0.963511230532
2922.92828353 0.970254701822
2923.03044285 0.982467440692
2923.05087471 1.00941950101
2923.07130667 1.00502698548
2923.09173844 0.993312635533
2923.1121703 1.00051067169
2923.13260226 1.00267965559
2923.15303402 1.03143579438
2923.17346598 0.990703361362
2923.19389784 1.00602084624
2923.23476156 0.994538865055
2923.25519342 0.993808326634
2923.27562518 0.99916754582
2923.29605714 0.980715831144
2923.31648899 0.994344027269
2923.33692075 0.994890139054
2923.35735271 0.991555362793
2923.37778456 1.01843435903
2923.39821642 1.01659790571
2923.41864828 1.01454187138
2923.43908013 1.01192976369
2923.45951199 1.0158680905
2923.47994394 0.985511500752
2923.5003757 0.997660519318
2923.52080755 0.989434097334
2923.5412394 1.00025689262
2923.56167126 1.00608006122
2923.58210311 0.988293807153
2923.60253496 1.03512878636
2923.62296681 0.987280082321
2923.64339866 1.01013145261
2923.66383051 1.01837851573
2923.74555791 0.971418979361
2923.76598976 1.01322048833
2923.78642161 0.988046634045
2923.80685346 1.00528309263
2923.82728531 1.00959983338
2923.84771726 1.06998051682
2923.868149 1.00799713736
2923.88858085 0.986481160894
2923.9090128 0.996011015652
2923.92944454 1.01116635559
2923.94987639 1.00902499791
2923.97030833 0.990547142629
2923.99074008 0.994250645619
2924.01117192 0.985013228256
2924.03160387 0.99278387342
2924.05203561 0.965914932552
2924.07246745 0.995449518073
2924.09289939 1.01277263809
2924.11333114 0.945334050583
2924.13376308 1.0152315528
2924.15419492 0.926243052555
2924.23592228 1.01230233856
2924.25635412 0.996709719482
2924.27678596 1.00576697298
2924.2972178 1.02508411631
2924.31764964 1.01968147535
2924.33808148 1.01852048224
2924.35851332 1.03387639463
2924.37894515 0.998536921132
2924.50153617 0.960615631042
2924.521968 0.996306509219
2924.54239974 0.992628187408
2924.56283167 1.01417907883
2924.5832635 1.02297741423
2924.60369534 0.99890427966
2924.62412717 1.03362141989
2924.644559 0.982240793343
2924.66499083 1.03460639339
2924.68542277 1.02917715723
2924.7058545 0.997354390822
2924.72628633 1.00524126576
2924.74671826 1.01988914566
2924.76714999 1.03858631426
2924.78758182 0.993143252892
2924.80801375 0.967384042483
2924.82844548 0.9875248999
2924.8488773 0.964068607859
2924.86930923 0.9655397477
2924.88974096 0.928420950667
2924.91017279 0.926034752957
2924.95103644 0.995686526248
2924.97146827 0.990980269563
2925.05319567 1.01087803431
2925.07362749 0.995777829714
2925.09405932 1.00378475935
2925.11449114 1.00272084381
2925.13492286 0.981574962363
2925.15535479 0.967808681567
2925.19621833 1.02193900891
2925.21665025 0.994979865649
2925.23708207 0.976410689574
2925.25751379 0.9863245123
2925.27794571 0.992261094066
2925.29837753 0.983781229934
2925.31880925 0.980005913335
2925.33924117 1.00699512817
2925.35967299 0.998042485434
2925.38010471 0.975078262403
2925.40053663 1.00900209273
2925.42096845 1.01735077159
2925.44140026 1.00807919941
2925.46183208 0.983245529978
2925.4822639 1.00016662384
2925.50269571 0.988214776866
2925.52312763 1.03471126859
2925.54355935 0.98446984735
2925.56399116 1.02236145015
2925.58442308 0.989655117449
2925.60485479 0.983542051354
2925.6252866 1.05637050435
2925.64571852 0.978903272483
2925.68658204 1.00073115158
2925.70701396 1.0109438804
2925.72744567 0.997729629108
2925.74787748 1.00571144838
2925.76830939 1.06286419661
2925.7887411 0.998403358831
2925.80917291 1.04461161556
2925.82960472 1.02882595704
2925.85003653 1.01331724633
2925.87046834 1.01265578033
2925.89090015 0.984818626229
2925.93176387 0.98505178221
2925.95219568 0.998446354933
2925.97262739 1.00828994397
2925.99305929 0.996576743699
2926.0134911 0.996802253655
2926.03392281 0.985454047517
2926.05435471 1.01027482081
2926.07478652 1.03135018841
2926.09521823 1.00306651018
2926.11565013 1.0121987842
2926.13608194 1.00911128228
2926.15651364 0.972137727045
2926.17694554 0.990858404387
2926.19737735 0.989262600811
2926.21780905 1.0057380876
2926.23824095 0.972226906218
2926.25867276 0.986957699043
2926.27910456 0.961481773072
2926.29953636 0.960171284731
2926.34039996 0.985118390175
2926.36083186 0.98565326459
2926.38126356 0.92397876399
2926.42212726 1.05918603933
2926.44255896 1.02515074506
2926.46299076 1.01284870784
2926.48342266 1.00495884002
2926.50385436 0.998852329754
2926.52428616 1.01229078425
2926.54471796 1.01462750366
2926.56514975 0.969184834925
2926.58558155 0.994826860271
2926.60601335 0.912428316935
2926.68774053 1.02206016035
2926.70817232 1.02821224531
2926.72860412 1.00695801391
2926.74903591 0.99489499638
2926.7694677 0.989578390723
2926.7898996 1.00758410364
2926.81033129 1.02543664984
2926.83076318 0.999795932261
2926.85119497 0.995542974797
2926.87162667 1.03242853242
2926.91249035 0.988332051714
2926.93292204 0.983106343972
2926.95335393 1.00031131002
2926.97378572 1.00982056122
2926.99421741 1.00545447113
2927.0146493 0.993023389917
2927.03508109 1.00008279284
2927.05551277 1.00176301629
2927.07594466 1.03056241137
2927.09637645 0.997414369062
2927.11680824 1.02677745833
2927.13724003 1.0009130145
2927.15767181 0.994105554873
2927.1781036 1.01655823097
2927.19853548 0.964006813818
2927.21896717 0.952306701425
2927.23939895 1.00934318432
2927.25983084 0.996185722151
2927.28026252 0.98688735399
2927.30069431 0.941109085117
2927.46414857 0.979606504977
2927.48458035 1.00275691328
2927.50501213 1.00084212113
2927.52544391 0.998839338949
2927.54587569 0.983996072458
2927.56630747 0.99777226713
2927.58673925 0.997687876721
2927.60717103 1.01813467241
2927.62760291 1.00604646968
2927.64803459 0.986177839887
2927.66846646 1.00851151455
2927.68889824 0.994657811951
2927.70932992 0.981627163225
2927.72976179 0.986474143794
2927.75019357 1.00597013444
2927.77062525 1.00911237632
2927.79105712 0.987626301894
2927.8114889 1.0052932537
2927.93407954 0.953235745306
2927.95451132 0.985180167949
2927.97494309 0.997833789109
2927.99537486 0.99797967889
2928.01580663 0.98970110251
2928.0362384 1.00176795386
2928.05667018 0.99469888409
2928.07710195 0.993778520067
2928.09753372 0.996403799442
2928.11796549 1.00130594379
2928.13839716 0.989539405377
2928.15882903 1.00314584018
2928.1792608 0.995883997037
2928.19969246 1.01647369478
2928.22012433 1.00070603303
2928.2405561 0.994251824048
2928.26098777 0.99115171407
2928.28141964 1.03054220307
2928.44487376 0.992510858822
2928.46530563 0.980130837435
2928.48573729 0.985848255775
2928.50616915 1.02919148703
2928.52660092 1.01223162515
2928.54703258 1.02445252987
2928.56746444 1.02225568639
2928.5878962 1.01214215937
2928.60832787 1.01068196777
2928.62875973 0.99425544181
2928.64919149 0.990736972229
2928.66962315 1.00912927013
2928.69005501 1.03825387143
2928.71048677 0.986330805551
2928.73091843 1.02037313971
2928.75135029 1.03302212886
2928.77178205 0.946137444962
2928.79221381 0.937553150598
2928.81264557 0.886356151258
2928.8943726 0.98673649672
2928.91480425 1.00187731049
2928.93523611 0.998069886954
2928.95566787 1.0495958461
2928.97609952 1.05295762718
2928.99653138 1.01155677734
2929.01696313 1.00095962676
2929.03739479 0.99683732764
2929.05782664 0.994722691169
2929.0782584 1.06232345904
2929.1191219 1.0176392316
2929.13955366 0.998839253713
2929.15998541 0.993447063205
2929.18041716 1.00012285182
2929.20084891 1.00186454052
2929.22128067 0.989583873324
2929.24171242 0.965455565516
2929.28257592 0.996699561986
2929.40516652 1.00090314953
2929.42559827 0.99405949966
2929.44602991 0.989593897104
2929.46646176 0.975775015887
2929.48689351 1.0232397174
2929.50732516 1.01048151483
2929.527757 0.988285753793
2929.54818865 0.988583071328
2929.5686204 1.01112016257
2929.58905224 0.985887402785
2929.60948389 0.999109216499
2929.62991563 1.0020349134
2929.65034748 0.98711318633
2929.67077922 1.00153349483
2929.69121087 0.999698978544
2929.71164271 0.991467239137
2929.73207445 1.00710368233
2929.7525061 0.992265087653
2929.77293794 1.0064643912
2929.79336968 0.970450295041
2929.81380132 1.00368781393
2929.85466491 0.996656813627
2929.87509655 0.989052106878
2929.89552839 0.999596557897
2929.91596013 0.972456338694
2929.93639177 1.01707318355
2929.95682361 1.00017723875
2929.97725535 0.994877181081
2929.99768709 1.04083072086
2930.01811883 0.985797917361
2930.14070935 1.00255374356
2930.16114099 0.978088071034
2930.18157283 0.999978749038
2930.20200456 0.997901948708
2930.2224362 0.992775929101
2930.24286803 0.9998560609
2930.26329977 0.997083072628
2930.2837314 1.00869203239
2930.36545844 1.00442161767
2930.38589007 1.00453382007
2930.42675364 0.987169315858
2930.44718527 1.00048064865
2930.467617 1.00430775148
2930.48804883 1.00617679659
2930.50848056 1.00226323902
2930.5289122 1.01486106878
2930.54934403 1.00577245733
2930.56977576 0.983835721252
2930.59020739 0.992617278292
2930.61063922 0.979334106462
2930.63107095 0.962001099364
2930.65150257 0.929463107585
2930.6719344 1.00519082557
2930.69236613 0.96831536629
2930.71279776 0.893841645352
2930.73322959 1.01513395225
2930.75366131 0.958403764757
2930.8966834 1.01022637995
2930.91711512 1.00645645072
2930.93754685 0.994299373662
2930.95797867 1.02561959295
2930.9784104 1.00658223615
2930.99884202 0.985546635035
2931.12143235 1.00939931037
2931.14186418 0.997932008446
2931.1622958 1.00595988472
2931.18272752 1.0217144006
2931.20315934 0.98757894772
2931.24402268 1.05758518892
2931.2644545 1.00273267549
2931.28488612 1.01004182785
2931.30531784 0.997332696994
2931.38704481 1.02548255876
2931.40747653 0.913816653164
2931.42790814 0.953580854238
2931.44833996 1.00029391968
2931.46877168 0.970254394977
2931.48920329 0.997769221132
2931.6322254 1.01219650184
2931.65265711 1.01207577984
2931.67308882 1.01903827333
2931.69352054 1.00793047351
2931.71395225 1.00234456461
2931.73438396 0.980532654321
2931.75481567 0.992714864985
2931.85697433 1.03184259592
2931.87740594 0.994851292077
2931.89783765 1.00497491527
2931.91826946 1.00781263236
2931.93870107 1.00495581224
2931.95913278 1.00419037825
2931.97956459 1.03092398157
2932.10215483 0.990905071978
2932.12258644 0.993024884826
2932.14301815 1.01763015868
2932.16344995 0.998590602498
2932.18388166 0.99282434587
2932.20431327 1.0280864209
2932.22474507 1.00126548722
2932.24517678 0.996964665044
2932.26560838 0.991341984794
2932.28604018 0.997582478305
2932.30647189 1.04259947307
2932.32690349 1.00283686963
2932.3473353 0.995217660551
2932.367767 0.975823561633
2932.3881986 0.977166916209
2932.4086304 0.951989131471
2932.42906211 0.999221967002
2932.44949371 0.975757639244
2932.61294741 0.987940320224
2932.63337911 1.02050831018
2932.65381081 1.03368478877
2932.67424251 1.04367584211
2932.69467431 1.00555568721
2932.71510591 0.998985303579
2932.73553761 0.977781514144
2932.7559694 0.973072570911
2932.81726449 1.02525007327
2932.83769609 1.02402772651
2932.85812779 1.0492853602
2932.87855958 1.00409879866
2932.89899118 1.01374452009
2932.91942287 1.03495943947
2932.93985467 0.994898274242
2932.96028626 1.00117202213
2932.98071796 0.982301889728
2933.00114975 0.977260702372
2933.02158144 0.993117451523
2933.04201304 0.998407448621
2933.06244483 1.01250339895
2933.08287652 0.992932332645
2933.10330812 1.00580166189
2933.12373991 0.98694754518
2933.1441716 0.980492146664
2933.16460319 0.988526751668
2933.18503498 0.961756758379
2933.20546667 0.988523047497
2933.22589827 1.02392516533
2933.24633006 0.99487452983
2933.28719334 0.999344435188
2933.30762513 1.00332378283
2933.32805672 0.999218551475
2933.3484885 1.01334780681
2933.36892019 1.01086820484
2933.38935188 1.0158054165
2933.40978357 1.0083713099
2933.43021526 0.983711300109
2933.45064695 0.973129912338
2933.57323707 1.0282733792
2933.59366885 1.02945654746
2933.61410044 1.00547539647
2933.63453212 0.991277858677
2933.65496391 1.00319532594
2933.67539549 1.00638973198
2933.69582718 0.987514829613
2933.71625896 0.984659201894
2933.73669054 0.998108220026
2933.77755401 0.998295470022
2933.79798559 1.01708378731
2933.81841728 0.975909299262
2933.83884906 1.02112918865
2933.85928074 1.00661795102
2933.87971232 0.995530084828
2933.9001441 1.0093793839
2933.92057579 0.999392001417
2933.94100737 1.01414969374
2933.96143915 1.02139282815
2934.04316577 1.00113406253
2934.06359745 0.989658420217
2934.08402923 0.986976899455
2934.1044608 0.994997970086
2934.12489258 0.990155789209
2934.14532426 0.998628063214
2934.16575584 0.980187691135
2934.18618762 1.00501094842
2934.20661929 1.00060471544
2934.22705087 1.01977971008
2934.26791432 0.992231342658
2934.288346 0.992198996613
2934.30877768 0.983809203332
2934.32920935 1.00324104485
2934.34964103 1.0064438592
2934.3700728 1.00233900764
2934.39050438 1.00406621345
2934.41093605 0.994906255321
2934.43136783 0.990117434561
2934.4517994 1.02377834395
2934.47223108 0.973464518264
2934.49266285 1.00437329226
2934.51309442 1.00459538396
2934.53352609 1.06855021956
2934.55395787 1.01374451003
2934.57438944 1.0159576323
2934.59482111 0.9827462679
2934.61525288 0.914325788451
2934.63568446 1.02938230636
2934.65611613 1.01280216848
2934.81956949 1.01556333961
2934.84000126 0.988485854703
2934.86043293 1.02354939687
2934.88086449 0.974097427062
2934.90129626 0.985356561259
2934.92172793 0.991188451821
2934.9421595 1.00583285648
2934.96259127 0.99182262727
2935.0034545 0.991305452724
2935.02388627 1.00430509555
2935.04431793 1.00354400405
2935.0647495 0.975033578552
2935.08518126 0.983152888175
2935.10561293 0.994584710005
2935.12604459 0.990649069501
2935.14647626 0.993913647882
2935.16690792 1.04893350291
2935.18733959 1.00830800435
2935.24863458 0.996681432387
2935.26906634 1.01189316596
2935.28949791 0.984039175397
2935.30992957 1.00726722247
2935.33036133 1.0003694246
2935.35079289 1.00429258653
2935.37122456 1.00508642334
2935.39165632 1.00712729097
2935.41208788 1.00010180271
2935.53467784 1.02509182395
2935.5551096 0.9853609826
2935.57554126 0.99113005137
2935.59597282 0.989308318181
2935.61640458 0.999317583317
2935.63683624 1.00031218533
2935.6572678 0.978200089652
2935.67769956 1.07152839456
2935.69813121 1.07905384996
2935.71856277 1.01488835116
2935.73899453 1.01495686695
2935.75942619 0.994927542186
2935.77985774 1.02072303659
2935.8002895 1.02957960181
2935.82072116 1.05483802584
2935.84115271 0.979012045844
2935.86158447 1.01338157042
2935.88201612 1.00093478828
2935.90244768 1.01488059694
2935.92287943 0.96273473886
2936.00460605 1.02517868599
2936.02503771 0.981610249515
2936.04546946 1.00583602141
2936.06590101 0.987714270045
2936.08633267 1.00284392411
2936.10676442 0.984970949069
2936.12719597 0.99425572922
2936.14762762 0.979429807847
2936.27021763 1.00160018056
2936.29064918 1.00240111235
2936.31108083 1.00574330933
2936.33151258 0.98946572708
2936.35194413 0.99578108746
2936.37237578 0.991295999865
2936.39280753 1.00287045237
2936.41323918 0.980560912032
2936.43367073 0.988879876228
2936.45410248 0.995799626903
2936.47453413 0.994063359533
2936.49496567 1.00647485996
2936.51539742 1.00851519152
2936.53582907 1.02157972385
2936.55626062 1.00278155915
2936.57669236 0.993036185751
2936.59712401 0.969842025635
2936.61755556 1.00451405571
2936.78100882 0.999424893448
2936.80144047 0.996498066752
2936.82187211 1.01312470472
2936.84230375 0.996869813857
2936.8627354 1.00019024398
2936.88316714 0.997912816899
2936.90359868 0.98576057237
2936.92403043 1.00716297231
2936.94446207 1.02522526759
2936.96489361 1.00197089232
2936.98532535 1.00999007188
2937.005757 0.999045385438
2937.06705182 1.00521516849
2937.08748346 0.991716960744
2937.1079152 1.01436069437
2937.12834674 0.998485239814
2937.14877838 0.992346990516
2937.16921012 0.991397000529
2937.18964166 1.01254908552
2937.2100733 0.998469314803
2937.23050504 1.01555177041
2937.25093668 1.01855596468
2937.27136822 0.984804149108
2937.29179996 1.00167324264
2937.3122316 1.00779850495
2937.33266313 0.995815663959
2937.35309487 0.986771868669
2937.37352651 0.995791084917
2937.39395805 0.976581422498
2937.41438978 0.982956844126
2937.45525296 0.995841973801
2937.47568469 0.998543340822
2937.49611633 1.01460455429
2937.51654787 1.01146090103
2937.5369796 1.01375766627
2937.55741124 1.02378037472
2937.57784297 1.00196200478
2937.61870614 0.999910739824
2937.63913788 1.00055226431
2937.72086441 1.01754214589
2937.74129595 0.988980566848
2937.76172768 1.03068520819
2937.78215921 0.987087388093
2937.80259085 0.991375159629
2937.82302258 0.984971824485
2937.84345411 1.01847388889
2937.88431747 1.00753293724
2937.90474901 0.996599698266
2937.92518064 1.00676148264
2937.94561237 0.99370863585
2937.9660439 1.01117302238
2937.98647553 1.02266240662
2938.00690726 0.988151782416
2938.02733879 0.995230176077
2938.04777042 0.953404842093
2938.06820215 1.01336348897
2938.08863378 0.984042074404
2938.10906531 0.986095498349
2938.23165528 1.06002368935
2938.25208681 0.99905852559
2938.27251844 0.992677285357
2938.29295016 0.989112638768
2938.31338169 1.03277427844
2938.33381332 0.998866312843
2938.35424504 1.02932192591
2938.37467657 1.02708367177
2938.45640307 1.01577283678
2938.4768348 1.01122271833
2938.49726632 1.02663604433
2938.51769795 1.01093042076
2938.53812957 1.0140146205
2938.5585612 0.983529219109
2938.57899282 1.00775883363
2938.59942444 1.0053674585
2938.61985607 1.00156046659
2938.64028769 0.993435001758
2938.68115094 0.992937698585
2938.70158256 0.992343206057
2938.72201428 0.98265515735
2938.74244581 1.00458564551
2938.76287753 0.981003742264
2938.78330915 0.952980820137
2938.80374067 0.994413884235
2938.82417239 0.9862228985
2938.84460401 0.963633082218
2938.86503553 0.976300158681
2938.88546726 0.969646365905
2938.90589888 1.02208491996
2938.9263305 0.969566478351
2938.94676212 0.981262771353
2938.96719374 0.997831048453
2938.98762536 1.00604047353
2939.00805698 0.9926006503
2939.02848859 1.01338167181
2939.04892021 1.06357348456
2939.06935193 1.01847207282
2939.08978345 1.00282236282
2939.11021507 0.996776898625
2939.21237316 1.00687812164
2939.23280478 1.01356671214
2939.25323649 0.993765222094
2939.27366801 1.01575248142
2939.29409963 1.01217438195
2939.31453124 0.998578970776
2939.33496286 1.0082232558
2939.35539457 0.99540659172
2939.37582609 0.98084152564
2939.39625771 0.974111017456
2939.41668942 1.00603069085
2939.43712094 0.98398932451
2939.45755255 1.00458725495
2939.47798427 0.984740202284
2939.49841588 0.993971541714
2939.51884739 0.995703160563
2939.53927911 1.03730737237
2939.55971072 1.02329427285
2939.58014224 1.00073670365
2939.60057395 1.01009518755
2939.62100556 0.984845349438
2939.66186879 0.97795231821
2939.6823004 0.973589154797
2939.70273191 0.988441288136
2939.72316362 0.983648669119
2939.74359524 1.0053293933
2939.76402685 1.05014668505
2939.78445846 0.99474880789
2939.80489007 1.00502560867
2939.82532168 0.997651245257
2939.84575329 1.00856940997
2939.8661849 0.985021772432
2939.90704812 0.99049225889
2939.92747973 1.00005241984
2939.94791134 1.01285398845
2939.96834305 1.01210227931
2939.98877456 1.00874027727
2940.00920627 1.00790411826
2940.02963778 0.993206532147
2940.05006939 1.00779416914
2940.0705011 0.996308659045
2940.09093261 0.994564651405
2940.11136421 0.987295571537
2940.13179592 0.99969657657
2940.15222743 1.00078484265
2940.17265904 0.990541631908
2940.19309075 0.998969463772
2940.27481707 1.00541638074
2940.29524868 0.977975594386
2940.31568039 0.958538404984
2940.33611199 0.971113638664
2940.3565435 1.00566794251
2940.41783831 0.991789503666
2940.43827002 0.999088816307
2940.45870162 1.01751272921
2940.47913333 0.966845044588
2940.49956483 1.01561270694
2940.51999644 1.00547157656
2940.70388086 1.02582798754
2940.72431247 1.00199046279
2940.74474407 0.984494781977
2940.76517567 1.00297341833
2940.78560727 1.01043372451
2940.80603887 0.971544102456
2940.82647048 0.984287767528
2940.84690218 1.00328848767
2940.88776528 1.00646348784
2940.90819698 1.02230023399
2940.92862848 0.978265930977
2940.94906008 0.998509241243
2940.96949178 1.01034695477
2940.98992328 1.01340905515
2941.01035498 0.98092983473
2941.03078658 1.03805427037
2941.05121808 0.983568091595
2941.07164978 0.987009133284
2941.09208137 0.999969841803
2941.11251287 0.996537083796
2941.13294457 0.993266337581
2941.15337617 1.01722426101
2941.17380777 0.99410041864
2941.19423937 1.00890553664
2941.21467096 1.0039548464
2941.23510256 1.00786487506
2941.25553416 0.988010053912
2941.27596575 1.00711856789
2941.29639735 0.990133588042
2941.39855533 0.977951193854
2941.41898693 1.01468515964
2941.43941852 1.00557032952
2941.45985012 1.00743930666
2941.48028171 1.02901512336
2941.50071331 1.00173742131
2941.5211449 0.96972874691
2941.5415765 0.984294158926
2941.56200809 0.997911451273
2941.58243969 1.01602921218
2941.60287138 1.03037335094
2941.62330288 0.998368033145
2941.64373447 1.00543924671
2941.66416616 1.03352697499
2941.68459776 0.990460610418
2941.70502925 0.996111084164
2941.72546094 1.03023194503
2941.74589254 1.04414715173
2941.76632403 0.986270009325
2941.78675572 0.987030361313
2941.80718731 0.938766199425
2941.8276188 0.987371671811
2941.88891358 1.00707455157
2941.90934527 0.991067112685
2941.92977686 1.01280048528
2941.95020835 0.995754863187
2941.97064004 1.0004295601
2941.99107164 1.01378314513
2942.01150323 0.993284694028
2942.03193482 1.02352678424
2942.13409286 1.00617099386
2942.15452435 0.998515308723
2942.17495594 0.983594315798
2942.23625071 1.00055044868
2942.2566824 0.999806014038
2942.27711389 0.98554485922
2942.29754547 0.987125099802
2942.31797716 1.00261077368
2942.33840865 1.0031087608
2942.35884024 1.05341570209
2942.37927192 1.00215335394
2942.420135 0.971654812932
2942.44056668 1.00848856462
2942.46099817 0.958644595253
2942.48142976 0.996305080809
2942.50186144 0.99034692177
2942.52229303 1.02333160865
2942.54272452 0.97707954593
2942.5631562 1.00114791943
2942.62445096 1.01339910302
2942.64488254 1.00665886085
2942.66531423 0.985417425688
2942.68574571 1.02209957714
2942.7061773 0.99657501652
2942.72660898 1.00137753634
2942.74704047 0.997943282607
2942.76747205 0.991250817276
2942.78790373 0.976800215056
2942.80833522 0.998836411567
2942.84919848 0.988626699853
2942.86962997 0.9888102439
2942.89006155 1.01232115811
2942.91049323 0.982928106644
2942.93092472 0.982953421393
2942.9513563 0.985374462005
2942.97178788 1.02850571888
2942.99221946 1.00475797645
2943.01265105 1.00852213509
2943.03308273 1.01805869936
2943.05351421 0.969922598774
2943.09437747 1.00306272384
2943.11480895 0.999248481822
2943.13524053 0.993192863001
2943.15567221 0.999575037989
2943.1761037 0.998540117542
2943.19653538 0.988196989538
2943.21696696 0.994277109376
2943.23739844 1.02152078338
2943.25783012 1.01821801332
2943.2782617 1.00098498232
2943.29869318 1.00725265841
2943.35998801 0.997280450352
2943.38041959 1.01639608163
2943.40085117 1.01131074797
2943.42128275 0.962935542912
2943.44171433 0.992628761476
2943.46214591 0.986831543926
2943.48257749 0.983752864926
2943.50300917 1.00373239917
2943.52344064 1.00833747197
2943.54387222 0.988091881965
2943.5643039 0.993659498728
2943.58473538 1.02276245873
2943.60516695 1.0075340978
2943.62559863 1.02455108533
2943.64603011 1.02348940306
2943.70732484 1.02010977453
2943.72775651 1.01267299773
2943.74818799 0.987138870538
2943.76861957 0.983959881312
2943.85034597 0.988741967907
2943.87077754 0.999396696977
2943.89120902 1.01227246853
2943.91164069 1.00597751467
2943.93207227 1.00712321359
2943.95250374 0.995375018195
2943.97293542 1.00555320951
2943.99336699 1.0030062093
2944.11595644 1.01028205341
2944.13638791 1.02338522871
2944.15681958 0.998647210968
2944.17725116 0.986561702481
2944.19768283 0.988456066323
2944.2181143 0.983810101677
2944.23854587 0.997207745243
2944.25897755 1.00786729277
2944.27940902 0.991869450871
2944.29984059 0.978792361021
2944.32027226 0.998901477481
2944.34070383 0.986966561726
2944.36113531 0.995096979889
2944.38156688 0.96311790258
2944.40199845 1.03234636949
2944.42243002 1.0663331173
2944.44286169 0.929283316052
2944.46329316 0.938713365991
2944.62674583 1.02492804738
2944.64717729 1.00774663659
2944.68804053 0.993165395132
2944.7084721 1.0148539385
2944.72890367 0.999247544883
2944.74933524 1.00256136098
2944.83106152 0.994404126707
2944.85149308 0.993583233607
2944.87192465 1.01227407674
2944.89235622 1.00699088486
2944.91278789 0.998237062315
2944.93321935 1.0167748311
2944.95365092 1.00682007737
2944.97408259 1.00585173922
2944.99451406 0.993503961855
2945.01494562 1.03229338511
2945.05580876 0.998499092446
2945.07624032 1.02539470019
2945.09667189 0.989251013985
2945.11710346 1.00389601038
2945.13753512 1.00117631231
2945.15796659 0.999431898003
2945.17839816 0.986279884192
2945.19882982 1.00625190484
2945.21926129 0.98247006392
2945.23969285 0.998050854906
2945.26012452 1.02426344621
2945.28055608 0.985142544924
2945.30098755 0.99829130675
2945.32141921 0.979068164762
2945.34185078 0.997512033958
2945.36228224 1.00839814698
2945.38271391 1.0105824829
2945.40314547 0.99282885184
2945.42357694 1.00088879811
2945.4440086 0.990969813428
2945.46444016 1.01523109842
2945.48487163 0.981953147624
2945.50530329 0.978684507651
2945.54616642 0.990582625043
2945.56659798 1.00466735517
2945.58702955 0.984848275339
2945.60746121 1.00586536415
2945.62789267 0.999249842398
2945.64832424 1.01189072026
2945.6687559 0.986760127032
2945.68918736 0.999118592725
2945.70961892 1.00160705619
2945.73005059 1.01545504928
2945.81177673 1.01980152995
2945.87307142 1.01859705785
2945.89350298 1.0008787666
2945.91393464 0.963479034476
2945.9343661 0.988842196097
2945.95479766 0.999057060327
2945.97522932 0.991210045229
2945.99566078 0.992391099194
2946.01609235 1.0161084614
2946.03652401 1.01847670959
2946.05695547 1.00169973063
2946.07738713 0.989049972657
2946.09781869 1.00154205196
2946.13868181 0.99540036315
2946.15911337 0.963349455264
2946.17954493 0.97005988232
2946.3429974 0.99197512855
2946.36342896 0.981495722992
2946.38386061 1.01119674484
2946.40429207 0.977400423771
2946.42472363 1.0093943487
2946.44515529 1.00508174825
2946.46558675 1.0156061834
2946.4860183 0.997216395511
2946.52688142 1.00610527086
2946.54731308 0.993325200461
2946.56774463 0.985714602676
2946.58817609 0.991212235538
2946.60860775 0.996660187743
2946.6290393 0.995638541822
2946.64947076 0.980507866142
2946.66990242 1.01853730952
2946.69033397 1.00767472292
2946.71076543 1.00676151494
2946.73119709 1.00886095111
2946.75162864 0.993792113107
2946.7720601 1.03370293069
2946.79249176 1.00072911158
2946.81292331 1.00999499686
2946.83335477 0.99026906342
2946.85378642 0.986662239143
2946.87421798 1.02471310556
2946.89464943 0.986443037419
2946.91508109 0.99199632277
2946.93551264 0.994291668497
2946.9559443 1.00441985187
2947.03767052 1.01720445954
2947.05810197 1.02557675112
2947.07853363 1.03011663108
2947.09896518 0.996135493145
2947.11939663 0.998422186129
2947.13982829 0.985377533234
2947.32371227 1.03021001297
2947.38500693 1.01489228878
2947.40543838 1.02614877206
2947.42587003 1.01381376214
2947.44630159 1.02255321901
2947.46673314 0.997500409243
2947.50759624 0.98114067452
2947.52802779 0.997553548349
2947.5688909 0.994554225975
2947.58932245 0.982575319742
2947.6097541 0.988378864207
2947.63018555 0.991799216614
2947.6506171 1.00775531132
2947.67104875 0.969777266755
2947.69148021 1.00211292808
2947.71191176 1.01388285698
2947.73234341 0.992480412745
2947.75277486 1.00485784055
2947.77320641 0.999090169181
2947.79363806 1.01274624233
2947.81406951 0.987368214633
2947.83450116 1.01389576282
2947.91622736 1.01080414628
2947.93665891 1.01352960981
2947.95709046 0.972802879383
2947.99795356 0.989280425366
2948.01838511 1.01401682656
2948.03881666 1.00180601438
2948.05924811 0.995146786428
2948.07967976 0.991037473541
2948.10011131 0.999715289721
2948.12054275 1.02514537369
2948.1409744 0.997605235951
2948.30442689 0.989063671518
2948.32485834 0.989261662156
2948.34528989 0.99738244895
2948.36572153 0.983051517405
2948.38615298 0.99973412754
2948.40658453 1.00471614705
2948.44744772 1.02992954262
2948.48831082 0.966184634357
2948.50874237 0.997984612966
2948.52917381 1.00564997414
2948.54960546 0.981213003907
2948.57003701 1.02849483383
2948.59046845 1.00280123225
2948.6109001 1.00625589043
2948.63133165 0.997923192507
2948.65176329 0.990828622034
2948.67219474 0.997759965763
2948.69262629 0.992338880943
2948.71305783 0.998863684593
2948.73348938 1.00021912258
2948.75392092 0.998106188261
2948.77435247 0.991424031531
2948.79478402 0.982585703898
2948.81521556 1.00248404275
2948.83564711 0.994224163805
2948.85607865 0.990765997778
2948.8765102 0.996876378133
2948.89694174 1.00783274174
2948.91737329 1.00367760732
2948.93780483 0.995095571829
2948.95823648 0.996551721599
2948.97866792 0.98522244398
2948.99909947 1.01129555153
2949.01953111 0.984926002658
2949.03996256 0.991511756915
2949.0603942 0.999073600772
2949.08082575 1.00354473313
2949.10125719 1.00975674518
2949.14212038 1.00480844821
2949.16255183 1.00948282857
2949.18298347 0.977947625536
2949.22384646 1.01963041319
2949.2442781 1.0113990328
2949.26470965 0.980610721653
2949.28514119 0.991658996549
2949.30557273 1.00761087167
2949.32600428 1.00353549741
2949.34643582 1.01902656306
2949.36686736 0.987810470323
2949.38729891 0.981769126175
2949.40773045 1.00376039061
2949.42816199 1.00139452775
2949.44859354 0.994194135211
2949.46902518 0.978774289898
2949.48945662 1.00867338579
2949.50988816 1.00350234858
2949.53031981 0.994843053446
2949.55075125 1.0011782811
2949.57118279 0.998168732921
2949.59161444 1.01849203047
2949.61204588 1.02165865234
2949.63247742 1.00005964204
2949.65290906 1.01931454641
2949.6733405 1.01073050521
2949.69377205 0.983037849181
2949.71420369 0.982766145633
2949.73463513 1.08003733925
2949.75506667 1.00686904507
2949.77549831 0.984034820617
2949.87765602 0.993056562455
2949.89808756 1.00369010269
2949.91851911 0.992085446942
2949.95938219 0.977838332828
2949.97981373 1.00935276319
2950.00024537 0.970154061161
2950.02067681 0.996495307562
2950.04110835 1.00010808246
2950.06153999 0.995042566462
2950.08197143 1.00824504914
2950.10240297 1.00126131429
2950.12283461 0.995721593346
2950.24542376 0.988054259376
2950.2658553 0.981393654961
2950.28628694 0.989744781854
2950.30671848 0.9724656129
2950.32714992 0.988504994611
2950.34758156 1.02703299492
2950.36801309 0.979755212006
2950.38844453 0.990058432161
2950.40887617 0.982613325523
2950.44973915 0.982451002189
2950.47017079 0.995063997584
2950.49060233 0.972452495441
2950.51103377 0.989907256846
2950.53146541 0.988721628563
2950.55189695 1.00178432115
2950.57232859 0.993316048439
2950.59276003 1.02026266381
2950.61319157 0.984801289607
2950.6336232 0.985022159845
2950.65405464 0.99536983836
2950.67448618 0.997466007032
2950.69491782 1.00730610738
2950.71534926 1.00363599769
2950.7357808 1.0315930706
2950.75621244 1.01043484757
2950.77664397 0.994478851428
2950.79707541 0.973967271653
2950.81750705 1.01325462694
2950.83793859 1.00878500911
2950.85837003 0.987735091922
2950.87880167 1.00101807527
2950.8992332 1.01452636632
2950.94009628 1.00170090822
2950.96052772 0.97906172731
2950.98095935 0.982616462349
2951.00139089 0.979508663368
2951.02182233 1.01127147538
2951.04225397 1.00095673831
2951.06268551 1.01817578625
2951.08311694 0.997340553212
2951.10354858 1.0083049245
2951.12398012 0.990634711382
2951.14441165 0.998150187625
2951.16484319 0.994163410925
2951.18527473 1.02986092112
2951.20570627 0.989516222507
2951.2261378 0.98257031648
2951.24656934 0.994886486521
2951.26700088 0.981292524793
2951.28743241 0.989550823936
2951.30786395 0.976987071843
2951.32829559 1.01685707713
2951.34872712 1.01072011338
2951.36915856 0.999204808709
2951.3895902 0.978930057533
2951.41002173 1.00361471502
2951.43045317 0.989230089712
2951.45088481 1.00697706788
2951.47131634 1.00033355672
2951.49174778 1.00843512168
2951.51217942 1.00000980885
2951.53261095 0.996140008958
2951.55304239 1.02116428327
2951.57347402 0.987506399405
2951.59390556 1.01299020103
2951.6143371 0.998301963107
2951.63476863 1.00806440307
2951.65520007 0.992498515099
2951.73692631 0.995079038503
2951.75735785 0.990385677214
2951.77778938 1.0167609658
2951.79822102 0.981332450509
2951.81865245 1.00415265348
2951.83908399 1.01157625992
2951.85951562 1.00208980593
2951.87994706 1.00703005454
2951.90037859 1.00521986602
2951.92081023 0.976420716571
2951.94124167 0.999019287973
2951.9616732 0.995114082726
2951.98210484 0.992072856783
2952.00253627 0.995106786977
2952.02296791 0.966989067701
2952.04339944 0.986999512901
2952.06383088 1.02135347138
2952.08426251 0.949093708725
2952.10469404 0.993571068608
2952.12512548 0.977322814764
2952.16598865 0.980591744317
2952.18642018 1.00707329311
2952.20685172 0.994821083833
2952.26814642 0.999991533931
2952.28857786 1.03196909908
2952.30900939 1.02527242098
2952.32944092 0.993739191669
2952.34987246 1.00481631448
2952.37030409 0.997625503329
2952.41116706 0.866039984764
2952.4315987 0.982484462545
2952.45203013 0.993924546722
2952.47246166 1.00205648372
2952.4928933 1.03276431297
2952.51332473 0.99345492248
2952.53375627 1.02950076299
2952.5541879 1.03866261747
2952.57461933 1.01642108979
2952.59505087 1.00869824203
2952.6154825 1.04520059411
2952.63591403 0.999833655707
2952.65634547 0.999462943962
2952.69720864 1.01121759456
2952.71764017 1.02932595674
2952.7380717 1.00113692388
2952.75850324 1.01940709414
2952.77893487 1.02264518073
2952.7993663 1.01514708279
2952.81979784 1.01776093896
2953.00368173 1.01081805998
2953.02411317 1.00905554267
2953.0445447 1.00537961075
2953.06497633 1.00192979086
2953.08540777 1.02076441716
2953.1058393 0.98258992211
2958.37716508 1.0116999801
2958.39759671 0.993550969666
2958.41802825 0.995748909505
2958.45889132 0.986893729954
2958.47932285 0.979254495761
2958.49975438 0.996003478247
2958.52018592 0.990601460229
2958.54061745 1.00634057698
2958.56104898 1.00769545398
2958.58148062 1.01864885826
2958.60191205 0.986063869956
2958.62234369 0.983474005841
2958.64277522 1.00715103654
2958.66320665 0.99066835677
2958.68363829 0.962454732763
2958.70406982 1.00397317033
2958.72450126 0.995845436753
2958.74493289 0.936561688937
2958.76536443 1.04781239283
2958.84709046 0.986976001356
2958.8675221 1.00008519026
2958.88795353 1.00418333482
2958.90838507 1.00737341276
2958.9288167 1.00409800496
2958.94924814 1.02107553201
2958.96967977 1.02021570725
2959.11270052 0.991696589172
2959.13313205 0.966192675279
2959.15356369 0.984116679704
2959.17399512 0.990182103735
2959.19442666 1.02258650034
2959.21485829 0.986209150077
2959.23528973 0.985182295967
2959.25572136 0.990388048871
2959.2761529 0.992915081825
2959.29658433 1.00437141826
2959.31701597 1.0163721252
2959.33744751 1.00452955881
2959.35787894 0.99910135861
2959.37831058 0.991533813827
2959.39874211 1.01678619329
2959.41917365 0.991272176825
2959.43960519 1.00325255626
2959.58262594 0.995208380273
2959.60305747 0.998573286478
2959.62348901 1.0092870553
2959.64392055 1.00768118915
2959.66435218 1.00807532594
2959.68478362 1.01472604909
2959.70521516 0.986271185593
2959.72564679 0.994176261795
2959.74607823 1.02990272714
2959.76650977 1.006146197
2959.7869414 1.01637264777
2959.80737284 0.985574410667
2959.84823602 0.975833054293
2959.86866745 0.973451552307
2959.88909909 0.977989204841
2959.90953063 0.957193070088
2959.92996206 1.01122483852
2960.09341446 1.00297851128
2960.113846 0.960820732416
2960.13427764 1.04585148704
2960.15470908 1.04130111718
2960.17514072 0.975351675825
2960.19557225 0.935817939578
2960.379456 1.01639196218
2960.39988754 1.0292275541
2960.42031918 1.0136659349
2960.44075061 0.987936421509
2960.46118225 1.01309961857
2960.48161379 1.01803844211
2960.56333995 0.993771623744
2960.58377149 0.995987557167
2960.60420303 0.979365631474
2960.62463457 0.998881882391
2960.64506621 0.985640490232
2960.66549765 0.998167108142
2960.68592919 1.01297377695
2960.70636083 0.995069861949
2960.72679227 1.00335181648
2960.74722391 0.998196234243
2960.76765544 0.998944295336
2960.78808688 0.98534458237
2960.80851852 0.989199166577
2960.82895007 1.02419062621
2960.84938151 1.02872824137
2960.86981315 0.98866571621
2960.89024469 0.964690713335
2960.91067613 1.00386453662
2960.93110777 1.00731095309
2960.95153931 0.965688814692
2960.97197085 0.978319488554
2961.05369701 0.985989326553
2961.13542318 1.01567604418
2961.15585472 1.00617927539
2961.17628626 0.9810559524
2961.1967178 0.993010710083
2961.21714944 1.0457770908
2961.29887551 1.01842077026
2961.31930715 1.00994175586
2961.33973869 1.0074320074
2961.36017013 1.04929599249
2961.38060178 1.00644239602
2961.40103332 0.990623669104
2961.42146476 1.01026943467
2961.4418964 0.982815246077
2961.46232794 1.00172002237
2961.48275949 1.00873114172
2961.52362257 1.01187352615
2961.54405422 1.00449832668
2961.56448566 1.01387543486
2961.5849172 1.00033144083
2961.60534884 0.991532720578
2961.62578029 1.0070461175
2961.64621183 1.00454875958
2961.66664347 1.00466660816
2961.68707492 0.975750589038
2961.80966418 0.987725228986
2961.83009582 0.986037916727
2961.85052737 0.996829416331
2961.87095881 0.987231715867
2961.89139045 0.987594507894
2961.911822 1.00069150828
2961.99354808 0.993277976284
2962.01397972 0.993827672152
2962.03441127 1.00701236608
2962.05484291 0.987814816322
2962.07527436 0.982601646465
2962.0957059 0.992139074738
2962.11613755 1.005826838
2962.13656909 0.981879720136
2962.320453 1.00207330803
2962.34088455 1.01020749906
2962.38174754 1.00494118587
2962.40217919 1.01064369412
2962.42261073 0.996023370413
2962.44304218 1.02556345511
2962.46347383 0.989419860895
2962.50433692 0.99412848793
2962.52476847 1.00584376569
2962.54520001 0.990174696505
2962.56563166 0.978387846404
2962.58606311 1.01134222359
2962.6677893 0.991618696394
2962.68822095 0.985396313681
2962.70865249 1.00599331385
2962.74951559 1.01678319994
2962.76994714 1.00093630534
2962.79037869 0.993369250003
2962.81081024 0.999979766838
2962.83124178 1.00992498847
2962.85167343 1.01632530468
2962.87210488 1.00865249935
2962.89253643 0.994244878637
2962.91296808 1.00706411372
2962.93339953 1.0193639217
2962.95383108 0.971077683138
2962.99469417 0.995803590405
2963.01512572 0.990878503816
2963.03555727 0.995508659805
2963.05598882 1.00505603361
2963.07642047 0.999490575996
2963.09685192 1.01440244445
2963.11728347 0.991269765286
2963.13771512 0.983264179635
2963.15814657 1.00308552852
2963.17857812 0.997102746557
2963.26030442 1.0065595698
2963.28073597 1.0152368527
2963.30116752 0.978974380367
2963.32159907 1.0013075182
2963.34203062 1.05142636931
2963.36246228 0.982769218661
2963.38289373 0.99512885431
2963.40332528 1.01190056692
2963.42375693 0.997814303804
2963.44418838 1.02755627528
2963.46461993 0.997251631646
2963.48505158 0.998671270368
2963.50548304 1.02509906572
2963.52591459 1.00150280343
2963.56677769 0.965158719211
2963.58720934 0.966570842781
2963.6076409 0.956804705622
2963.62807235 0.999468878545
2963.79152487 1.00364908521
2963.81195642 1.02319605534
2963.83238798 1.01064784971
2963.85281953 0.998509975391
2963.87325119 0.980728994743
2963.89368264 1.00103298405
2963.91411419 0.928237759304
2963.99584051 1.00225587482
2964.01627196 1.00573918131
2964.03670362 0.999384157797
2964.05713517 0.98704346326
2964.07756663 1.01369553596
2964.28188228 1.02068282485
2964.30231384 1.01034868908
2964.32274539 1.04530782467
2964.34317705 1.02261771948
2964.36360851 1.0078464474
2964.38404016 1.00327233646
2964.40447162 1.0059692721
2964.42490318 1.03125563463
2964.44533483 1.01675398012
2964.46576629 0.981327016047
2964.48619785 1.01236889625
2964.50662951 0.996432504506
2964.52706096 1.00205727429
2964.54749262 1.01407888326
2964.56792418 0.993640499266
2964.58835564 0.980816202555
2964.60878729 0.997730035485
2964.62921885 0.985847498572
2964.64965031 1.02421249397
2964.73137664 1.00151902234
2964.7518082 1.00884515281
2964.77223976 1.00237282665
2964.79267132 0.978301683685
2964.81310288 0.984790337267
2964.83353454 0.991119030745
2964.8539661 1.00408044119
2964.87439756 0.993256136213
2964.89482922 0.998836903774
2964.97655546 0.991178365941
2964.99698692 0.986897522744
2965.01741858 1.01091702175
2965.03785014 1.00056168159
2965.0582817 0.995733357374
2965.09914472 1.04048170886
2965.11957638 0.995596070713
2965.14000794 0.967193999618
2965.22173419 0.988678476562
2965.24216575 0.993887827246
2965.26259731 1.03673074481
2965.28302887 1.00544681599
2965.30346044 0.990387916031
2965.323892 0.996872678108
2965.34432366 0.982795086599
2965.36475522 0.99411170176
2965.38518669 0.987096053662
2965.46691304 1.00229284761
2965.4873446 1.01027162213
2965.50777606 0.98927982621
2965.52820773 1.00319455469
2965.54863929 1.02092847197
2965.56907096 0.997973500529
2965.58950242 1.0040331246
2965.60993398 0.992798582988
2965.73252337 1.02987234905
2965.75295504 1.0543080621
2965.7733865 0.96682120059
2965.79381807 0.994913790493
2965.81424963 0.987748584892
2965.8346812 1.00453974799
2965.85511286 1.00714748158
2965.99813383 0.985653372863
2966.0185653 1.00965543851
2966.03899696 1.00362831596
2966.05942853 0.994811457854
2966.0798602 0.996506875938
2966.10029166 1.02839979189
2966.12072323 1.0123922081
2966.1411549 0.992322150262
2966.18201794 1.00428295292
2966.2024496 1.01298051484
2966.22288107 1.00507495519
2966.24331264 0.991702253814
2966.32503902 1.00151260389
2966.34547058 1.00421920945
2966.36590215 0.972773127445
2966.44762843 0.973149339566
2966.4680599 1.03959576639
2966.48849157 1.00264145715
2966.50892314 0.9991162802
2966.52935471 0.993265265478
2966.54978628 0.995835883163
2966.57021785 0.989436638048
2966.71323895 1.00192577968
2966.73367043 0.992616322374
2966.754102 1.00303044449
2966.77453367 0.99373247892
2966.79496514 1.00352007732
2966.81539682 0.98575175898
2966.83582839 1.00498540176
2966.85625986 0.988483732783
2966.93798625 1.01331196854
2966.95841783 0.984557018117
2966.9788494 1.0076361166
2966.99928107 0.993615751978
2967.01971255 0.997940065408
2967.04014412 0.999878092754
2967.0605758 0.99094107147
2967.08100727 0.98969679826
2967.10143895 1.0021671518
2967.12187052 1.05236423305
2967.142302 1.0085009062
2967.16273367 1.02472545742
2967.18316515 1.00803542104
2967.20359672 1.04262552814
2967.2240284 1.01477628349
2967.24445987 1.00813185375
2967.26489145 0.988499643446
2967.28532313 0.980272380271
2967.3057546 1.02160535916
2967.46920732 1.01732243182
2967.51007047 1.03353696347
2967.53050205 1.03639550809
2967.55093373 0.986096511858
2967.71438626 1.00787300366
2967.73481794 0.996842193252
2967.75524952 1.076993263
2967.775681 1.00055401054
2967.79611268 1.00546004582
2967.81654426 0.995562656179
2967.93913374 0.97636292546
2967.95956533 0.986498519713
2967.97999691 0.99024663664
2968.00042849 1.00065612922
2968.02086007 1.03467653787
2968.04129165 1.00548692965
2968.06172333 1.00401506455
2968.08215492 1.03537659709
2968.1025864 1.00401211135
2968.14344967 0.988762002693
2968.16388115 1.00181810678
2968.18431283 0.980827738879
2968.20474441 0.987766867819
2968.2251759 0.983560961297
2968.44992343 1.00130691226
2968.47035511 0.960356039295
2968.4907866 1.02022126018
2968.51121819 1.01035661525
2968.53164977 1.0206462573
2968.55208136 0.993886757306
2968.57251304 0.977507778163
2968.59294463 0.995070623553
2968.61337612 0.991351064648
2968.63380781 1.00486328838
2968.65423939 0.984792368701
2968.67467088 1.00171863297
2968.69510257 0.987212756191
2968.71553415 1.01308982158
2968.73596564 0.969462168171
2968.75639733 0.948611301686
2968.77682892 1.01508471138
2968.79726061 0.988712187541
2968.91985014 1.03859298639
2968.94028163 0.991207389985
2968.96071322 1.00796969789
2968.98114491 0.987854251131
2969.0015764 0.993289794338
2969.02200809 1.00031529331
2969.18546082 1.00640596332
2969.20589241 1.006636754
2969.226324 0.990091660875
2969.2467557 0.990033034433
2969.26718719 0.994849246857
2969.28761878 0.998774156618
2969.30805047 1.0062800377
2969.32848197 1.0063451412
2969.34891356 0.983946761983
2969.36934525 1.00099052959
2969.38977675 1.01054440458
2969.41020834 1.00063550744
2969.43064004 1.04637555368
2969.45107153 1.00473309493
2969.47150312 1.00411099611
2969.49193482 1.04733732095
2969.51236631 0.961758837792
2969.53279801 0.998201206779
2969.65538758 0.996206223961
2969.67581918 0.987573615249
2969.69625077 1.04232495744
2969.71668247 1.0356544149
2969.73711397 1.04394852015
2969.75754566 0.992105801456
2969.92099835 0.981074528066
2969.94143005 0.995622539136
2969.96186154 1.02013894826
2969.98229324 0.983830643338
2970.00272484 0.988133624613
2970.04358804 1.04224106131
2970.06401964 0.980980767303
2970.10488284 0.974832544485
2970.12531444 0.982534444191
2970.14574604 1.00589951967
2970.16617764 1.00108547004
2970.18660924 1.00484610102
2970.20704095 1.00269056553
2970.22747255 1.02346162121
2970.24790405 1.00807427067
2970.26833575 1.00378274626
2970.28876735 0.9968250575
2970.30919885 1.00687076319
2970.32963056 0.991453632861
2970.35006216 1.00592750977
2970.37049366 1.01859759176
2970.39092536 0.970398340139
2970.43178867 0.998427718355
2970.45222017 0.999444026611
2970.47265178 1.0739282235
2970.49308338 0.977080679567
2970.51351499 0.953569589995
2970.63610462 1.04088244654
2970.65653622 0.999997021758
2970.67696783 1.00191491939
2970.69739943 0.98556367101
2970.71783114 0.973595394715
2970.73826264 0.981954651997
2970.75869425 1.0067047405
2970.9017156 1.00532431543
2970.92214721 0.989960715207
2970.94257892 1.00007543531
2970.96301043 0.993462432971
2970.98344204 1.02338850002
2971.00387375 1.02079315428
2971.02430525 1.00974947485
2971.04473686 1.01351044386
2971.06516857 1.01229707614
2971.08560008 0.988263954463
2971.10603169 1.01048326636
2971.1264634 1.01775184337
2971.14689491 1.02464294371
2971.16732662 0.975887647308
2971.18775824 0.984782842198
2971.20818975 0.981126089873
2971.22862146 1.00620355647
2971.24905307 0.949916600658
2971.26948468 0.947559905982
2971.28991629 1.02670494814
2971.33077942 0.980862087543
2971.35121113 0.993498531708
2971.37164274 1.03827304433
2971.39207435 1.01455501731
2971.41250597 0.991153939408
2971.43293758 0.981979509613
2971.47380081 0.954267799339
2971.49423242 0.97726168481
2971.61682221 1.00266767062
2971.63725383 1.0225876442
2971.65768534 1.00507798986
2971.67811706 0.94966613606
2971.69854867 0.967706783053
2971.71898019 0.994005339861
2971.88243323 1.0080028089
2971.90286485 1.00857281615
2971.92329656 0.978510171394
2971.94372808 0.991624405012
2971.9641598 1.00177364896
2971.98459132 0.999775949027
2972.12761276 0.999192897919
2972.14804438 0.993124926577
2972.20933925 1.00737089411
2972.22977077 1.00085712192
2972.25020249 0.997366230582
2972.27063411 1.00240533964
2972.29106583 0.998704536858
2972.31149736 1.00134544409
2972.33192898 0.982790420196
2972.3523607 1.01333122126
2972.37279223 1.00472850465
2972.39322385 0.988561289038
2972.41365557 0.984344433252
2972.4340872 0.991276498245
2972.45451872 1.00249493817
2972.47495044 0.986624661238
2972.49538207 0.961607398089
2972.51581369 0.971357731135
2972.55667694 1.01704409372
2972.57710867 1.00859234135
2972.5975402 0.993272758979
2972.61797182 1.02860337513
2972.63840345 0.990597714588
2972.65883507 0.994678765405
2972.6792666 0.983181832962
2972.69969833 1.00141523877
2972.72012995 0.983005914184
2972.74056168 0.981847805744
2972.76099321 1.0391347773
2972.80185657 1.0177379422
2972.82228809 1.01289179264
2972.84271972 0.987302432042
2972.86315145 1.00771830904
2972.88358298 0.998023707331
2972.90401461 0.996239969194
2972.92444634 1.01414970696
2972.9653096 1.00152657909
2972.98574123 0.979223862315
2973.06746775 1.01176559695
2973.08789948 0.994694472157
2973.10833101 1.00097075698
2973.12876264 1.0010561095
2973.14919438 1.00634583411
2973.16962591 0.982447251241
2973.19005764 0.99987946963
2973.21048927 0.981002906401
2973.23092081 0.998792666423
2973.25135254 0.998923226613
2973.27178417 1.02386076961
2973.29221571 0.992459031261
2973.31264744 0.991047861789
2973.33307897 1.00646985014
2973.35351061 0.986414898105
2973.37394234 0.993429765705
2973.39437388 0.987670261055
2973.41480561 0.98862899934
2973.43523725 0.991861367361
2973.45566878 1.06161325048
2973.5782587 1.02337273836
2973.59869034 0.993244475303
2973.61912197 0.986020578507
2973.63955371 0.987404389872
2973.65998535 0.999412389967
2973.68041689 1.01903705907
2973.70084863 0.997118788669
2973.72128026 1.03206004153
2973.7417118 1.00137880886
2973.76214354 1.02381790582
2973.78257518 0.992964669205
2973.80300672 1.01200678278
2973.82343846 0.999951179226
2973.86430184 1.00247443036
2973.88473338 0.995523547028
2973.90516502 0.99255509245
2973.92559666 0.942734787984
2974.0890499 1.00226313481
2974.10948144 1.01535972205
2974.15034483 1.00134817668
2974.17077647 1.01133029075
2974.19120802 1.00886098262
2974.21163976 1.01076517364
2974.23207141 0.997339547536
2974.2729347 1.01401661418
2974.29336634 1.00815631546
2974.31379809 0.990405769718
2974.33422963 0.999020181904
2974.35466128 1.00180267643
2974.37509302 1.0009583832
2974.39552457 0.979998124205
2974.41595622 1.02527158691
2974.43638796 1.00987706833
2974.45681951 1.0039405147
2974.47725116 1.01881692246
2974.49768291 1.00662565588
2974.51811445 0.992228875362
2974.5385462 1.03507589502
2974.55897785 0.992800317905
2974.5794095 0.975047784012
2974.59984115 1.02768390662
2974.6202728 0.985638645116
2974.64070445 0.997383264456
2974.6611361 0.998980394053
2974.68156775 0.991565738793
2974.7019993 0.960424065585
2974.72243105 1.00131732304
2974.76329435 1.04167625755
2974.783726 0.994208708331
2974.80415765 1.01151438527
2974.82458941 0.943937907632
2974.84502096 0.975237021198
2974.86545261 1.06126233544
2974.88588436 1.00665701972
2974.90631592 0.988601340005
2975.06976925 1.00295934619
2975.0902008 0.992986863793
2975.11063256 0.996256492597
2975.13106421 1.00831519098
2975.15149587 1.00470709298
2975.17192752 0.995465325044
2975.19235918 0.987720439468
2975.21279094 1.01019507628
2975.25365415 0.961230459937
2975.27408591 1.0100918659
2975.29451747 1.0155681004
2975.31494913 0.983698542093
2975.33538088 1.03080870502
2975.35581254 0.975515360553
2975.3762441 0.999639000693
2975.39667586 1.0249359239
2975.56012914 0.985846021023
2975.5805608 0.978666302864
2975.60099236 1.02537270436
2975.62142413 1.00311061821
2975.64185579 1.00313866717
2975.66228755 1.00131535484
2975.68271911 0.995708418197
2975.70315078 1.01173352772
2975.72358254 1.00409801788
2975.7440141 1.0067786176
2975.76444577 1.02850879113
2975.78487753 1.01809383089
2975.80530919 0.975647355756
2975.82574076 1.02101369873
2975.84617252 1.02293558853
2975.86660419 0.964937030731
2976.05048919 0.990118167913
2976.07092085 0.99738535128
2976.09135252 1.02096452695
2976.11178429 1.01636076114
2976.13221586 1.01129873927
2976.15264753 1.01612719444
2976.1730793 1.00194535688
2976.25480588 0.980176460102
2976.27523755 1.00709393
2976.29566932 0.985720389753
2976.31610089 1.01983392379
2976.33653266 1.05599395718
2976.35696433 1.01619907539
2976.377396 0.991914226373
2976.39782767 1.02440091634
