# #0 time, 1 flux
2749.63070277 0.976634937149
2749.65113458 1.01520740176
2749.67156659 0.996944447596
2749.6919985 1.00341275229
2749.71243031 0.979509719497
2749.73286232 0.997259216241
2749.75329423 1.00226484946
2749.77372604 0.994348887066
2749.79415804 1.02469981823
2749.81458995 1.01077595429
2749.83502176 0.985188867842
2749.85545377 0.99524040449
2749.87588567 1.0124053027
2749.91674948 1.02770225977
2749.93718139 1.02669523293
2749.9576132 1.00277786603
2749.9780452 1.01813126821
2749.99847711 1.04130927951
2750.01890891 1.01741207276
2750.03934091 0.991219232272
2750.05977282 1.01957169709
2750.08020472 0.990743026469
2750.10063663 1.00823994463
2750.12106853 0.997439955511
2750.14150043 0.996218020535
2750.16193233 0.989633315856
2750.18236424 0.994116818385
2750.20279624 1.03015073455
2750.22322804 1.01121103116
2750.24365994 0.995136960111
2750.26409194 0.954930016479
2750.28452374 0.979622915021
2750.30495564 1.01297586174
2750.32538764 1.00549913587
2750.34581944 0.994822398835
2750.36625134 0.994685644644
2750.38668334 1.0203223989
2750.40711514 1.01411057189
2750.48884273 1.0256109653
2750.50927473 1.03101448147
2750.52970662 0.986503226422
2750.55013852 1.00590678881
2750.57057042 0.995061169199
2750.69316179 0.990921143956
2750.71359368 1.01263637553
2750.73402557 0.986482610206
2750.75445747 0.977124934447
2750.77488926 0.98850990714
2750.79532125 0.978587619622
2750.81575314 0.984471788791
2750.83618494 1.00105247783
2750.85661693 1.02217638106
2750.87704882 1.01748553441
2750.89748071 1.0083305588
2750.9179126 0.979338493804
2750.93834449 0.994274525033
2750.95877638 0.998237504712
2750.97920827 1.01966596136
2750.99964016 0.992146865138
2751.02007215 1.00097282625
2751.04050404 1.01505621627
2751.06093583 0.993635262319
2751.08136782 1.00722005526
2751.10179971 0.996699054462
2751.14266348 1.02098038133
2751.16309537 1.00857841684
2751.18352716 0.987789482426
2751.20395914 1.00639442107
2751.24482282 0.99948059251
2751.2652548 1.01023319869
2751.28568669 1.00517119744
2751.30611857 0.976134834341
2751.32655046 0.982182430728
2751.34698234 0.997772051529
2751.36741423 0.983084109225
2751.38784611 0.990749278221
2751.40827799 0.986034876472
2751.42870988 1.01063863216
2751.44914176 0.998992708431
2751.46957364 1.00612587943
2751.49000542 0.985160450003
2751.51043741 1.01537763185
2751.55130127 1.00501133464
2751.57173305 1.0174907355
2751.59216493 1.01988450729
2751.61259691 0.992339581112
2751.63302869 1.00424255977
2751.65346057 0.994858738188
2751.67389255 0.996866545631
2751.69432433 1.01685892833
2751.71475621 0.9978590568
2751.73518819 1.01825504911
2751.77605185 0.978590359218
2751.79648382 1.01074624456
2751.8169156 1.01155201915
2751.83734748 0.997393711008
2751.85777946 0.987330982934
2751.87821133 0.979742605086
2751.89864311 0.992888641204
2751.91907509 1.02249294227
2751.93950696 0.993492148101
2751.95993874 0.993772805305
2751.98037071 0.975299961518
2752.00080259 0.986871577294
2752.02123456 0.982320207699
2752.04166634 0.971722093952
2752.06209821 0.99780363759
2752.08253018 0.979665607289
2752.12339383 1.02906721896
2752.16425758 1.02856965976
2752.18468945 0.985548650834
2752.20512142 1.02731993131
2752.22555319 1.00003620213
2752.24598506 1.00413653334
2752.26641694 1.01399088888
2752.28684881 1.00822973656
2752.30728068 1.0073961847
2752.32771255 0.997879148222
2752.34814442 0.988148682434
2752.36857629 0.988539252615
2752.38900826 1.00857550429
2752.40944002 0.998462460159
2752.42987189 1.01721037079
2752.45030386 0.983309472671
2752.47073563 1.00508858473
2752.4911676 1.02563125749
2752.51159947 1.00583188364
2752.53203123 0.968979807704
2752.5524632 0.967583810275
2752.57289507 0.929434470941
2752.6137588 1.02909733122
2752.63419067 1.00877761661
2752.65462243 0.995119201613
2752.6750544 1.00273625639
2752.69548626 0.997956295164
2752.71591813 1.00243513879
2752.73634999 1.00288976267
2752.75678185 1.00860962188
2752.77721372 1.01714897792
2752.79764558 0.968151536543
2752.81807745 0.98516922596
2752.83850931 0.991542898521
2752.85894127 0.980402811385
2752.87937303 1.02275232635
2752.8998049 1.0075805708
2752.92023686 0.968152201508
2752.94066862 0.997765708024
2752.96110058 1.00317687011
2752.98153234 1.00046778468
2753.0019642 0.980984585215
2753.02239616 0.974573481684
2753.16541908 1.00344985458
2753.18585094 1.02781757627
2753.20628289 1.00008447094
2753.22671475 0.985792747647
2753.24714651 0.999787860698
2753.26757847 0.981178728325
2753.28801032 0.99427533807
2753.30844208 0.983523357004
2753.32887403 0.96172534253
2753.34930589 1.01029998436
2753.36973785 1.0241241216
2753.3901696 1.01174131681
2753.41060146 0.988564288581
2753.43103341 0.987316912837
2753.45146517 1.00804823382
2753.47189702 0.980729513448
2753.49232897 1.0072079953
2753.51276073 0.975387333601
2753.55362453 1.01153902061
2753.67621565 0.971288436884
2753.6966474 0.953707872513
2753.71707925 1.04548181613
2753.7375112 1.00174427263
2753.75794295 1.02615830001
2753.7783748 0.991886610663
2753.79880675 1.01258951211
2753.8192385 1.01367107915
2753.83967045 1.01635218749
2753.86010229 1.02646635011
2753.88053404 1.02197659407
2753.90096599 0.982505463076
2753.92139784 0.97111311735
2753.94182959 0.978686867129
2753.96226153 1.007320732
2753.98269338 0.979458287305
2754.00312513 0.995295512266
2754.02355708 0.978888432189
2754.04398892 0.998512251586
2754.08485261 0.998267258001
2754.10528446 1.0109140065
2754.1257163 0.996406479659
2754.14614815 0.992508828598
2754.16657999 0.997781242432
2754.18701184 0.977415000198
2754.20744378 1.00377999764
2754.22787553 1.01329326492
2754.24830737 1.01133551163
2754.26873931 0.994424488194
2754.28917106 0.996298356087
2754.309603 0.988919072626
2754.33003484 0.977544369908
2754.35046658 0.988133372703
2754.37089853 1.00095420623
2754.39133037 1.03694125176
2754.51392131 0.969071958201
2754.53435315 0.993819910491
2754.57521693 1.0189289541
2754.59564867 1.00251972716
2754.61608061 1.03010548361
2754.63651245 1.00933374479
2754.65694418 1.01651092491
2754.67737612 0.974516169268
2754.69780796 1.00993171518
2754.7182398 0.984401529644
2754.73867163 1.01662897071
2754.75910347 0.946067534927
2754.77953541 1.0197765736
2754.79996714 1.01390566953
2754.82039898 1.00515537729
2754.84083092 0.994578391177
2754.86126265 0.987075864197
2754.88169449 1.01447806252
2754.90212642 1.00908234723
2754.92255816 1.00297051799
2754.94298999 0.986813471247
2754.96342192 0.964989522624
2754.98385366 0.997766509808
2755.00428549 0.968360399081
2755.02471742 0.937807456848
2755.06558099 0.99495355391
2755.08601292 1.00027064624
2755.10644475 1.01067702562
2755.12687649 1.0114230167
2755.14730842 0.999455875042
2755.16774025 1.0017713812
2755.18817208 0.991269380577
2755.20860391 0.986031562425
2755.22903564 0.969474263846
2755.24946757 0.99911489658
2755.2698994 0.970876017551
2755.29033113 0.988648357341
2755.31076306 1.0208207849
2755.33119489 1.04051830921
2755.35162662 1.01352612014
2755.37205855 0.956342659855
2755.39249038 1.00975771113
2755.41292221 0.972917979499
2755.43335403 1.00161545815
2755.45378586 0.998987001705
2755.47421769 1.00839742455
2755.49464952 1.00294054305
2755.51508134 1.00036413918
2755.555945 0.995905662645
2755.57637682 0.998251184186
2755.59680865 1.01913185132
2755.61724057 1.02097620645
2755.6376723 1.04198837248
2755.65810422 1.00525133914
2755.67853605 1.01026615978
2755.69896777 1.00865405191
2755.7193997 0.992139209377
2755.73983152 1.02990626846
2755.76026325 0.988934392051
2755.82155871 1.01640711764
2755.84199064 1.00611712878
2755.86242246 0.98819919047
2755.88285428 0.999719705944
2755.9032861 1.03401203645
2755.92371793 1.01887646471
2755.94414975 1.00441359775
2755.98501339 0.99747743116
2756.00544521 0.992757861213
2756.02587703 1.01986944254
2756.06674077 1.01539803424
2756.08717249 1.00152818472
2756.10760431 1.04121072154
2756.12803623 1.0458827962
2756.14846795 1.01049126468
2756.16889977 0.993456790169
2756.18933168 1.0045382425
2756.2097634 1.00946019356
2756.23019522 0.992018979578
2756.25062714 1.00740512718
2756.27105886 0.995108813704
2756.29149067 0.991829561174
2756.31192259 0.968679324278
2756.33235431 1.02388372915
2756.35278612 0.989048036904
2756.37321804 0.991453988747
2756.39364975 0.968094851483
2756.41408157 1.01823652868
2756.43451348 0.978826409734
2756.4549453 0.959417764828
2756.47537701 1.03638033798
2756.49580893 0.965124106464
2756.53667266 1.00205367646
2756.55710437 1.0066762513
2756.57753618 1.02345393781
2756.5979681 1.00794871064
2756.61839981 0.984839220266
2756.63883162 0.961227762041
2756.65926354 0.983550080217
2756.67969525 0.978765981367
2756.70012706 1.01810072122
2756.72055887 0.913605074045
2756.74099068 0.926443787862
2756.78185431 1.01120860309
2770.79802223 0.969625803929
2770.81845392 0.991748688177
2770.8388857 1.01311384873
2770.85931729 1.00519936741
2770.87974897 1.00058844952
2770.90018066 1.0155936027
2770.92061234 0.975644519004
2770.94104413 0.995678337079
2770.96147571 0.998935384823
2770.9819074 0.98713782406
2771.00233918 0.973829518418
2771.02277077 0.99987664878
2771.04320245 1.01051901448
2771.06363424 0.982278682053
2771.08406582 0.989832940573
2771.10449751 1.00759993982
2771.12492929 1.01251982275
2771.14536087 1.00121873156
2771.16579266 1.00612332268
2771.18622434 0.983031123521
2771.20665602 1.02115271637
2771.22708771 0.987193322164
2771.24751939 1.0009331208
2771.26795107 0.99155247321
2771.28838276 1.0199632834
2771.30881444 1.02354107377
2771.32924612 1.00053482144
2771.34967791 1.01594848567
2771.37010949 0.965101550978
2771.39054117 1.0005510916
2771.41097295 0.976145780751
2771.43140454 0.978877262446
2771.45183632 1.01200219557
2771.472268 0.998568853127
2771.49269958 1.01895204326
2771.51313136 0.998688088184
2771.53356305 0.999485269841
2771.55399463 0.989787831465
2771.59485809 0.991762666811
2771.61528967 0.983188053758
2771.63572145 0.995988791685
2771.65615304 1.01719900222
2771.67658472 1.01147500973
2771.6970165 0.994574541334
2771.73787986 1.03008657105
2771.75831154 0.99309554374
2771.77874322 0.990613975782
2771.7991749 0.996655646005
2771.81960658 1.02971473414
2771.84003826 1.01199850845
2771.86047004 1.00605131064
2771.88090162 1.0479840589
2771.9013333 0.99982966469
2771.92176508 0.97213521795
2771.94219666 1.0134717791
2771.96262844 1.01216030501
2771.98306012 0.99761488391
2772.0034917 1.01678421796
2772.02392348 0.996810670072
2772.04435516 0.992045792749
2772.06478674 0.999855436197
2772.08521852 1.02971599539
2772.1056502 1.00077554141
2772.12608178 0.993813500199
2772.14651355 1.01431882246
2772.16694523 1.01511419825
2772.18737691 0.990960541121
2772.22824027 0.976585416915
2772.24867205 1.01551919812
2772.26910362 1.02365469354
2772.2895353 1.01025963807
2772.30996698 0.997663462557
2772.33039866 0.975807458937
2772.35083034 0.998495960479
2772.37126211 1.00046126566
2772.39169369 0.991213462778
2772.41212537 1.00303918339
2772.43255715 0.998334048928
2772.45298872 1.01486989303
2772.4734204 1.03085904631
2772.49385218 0.99870721179
2772.51428375 1.0151635387
2772.53471553 0.997425167936
2772.55514721 0.995677455609
2772.57557879 1.00552174163
2772.59601056 0.998591926265
2772.61644224 0.978086098227
2772.63687381 0.977654421217
2772.65730559 1.00317779515
2772.67773727 0.986030416088
2772.71860062 1.01200157806
2772.7390323 0.982710867848
2772.75946397 0.98553309929
2772.77989565 1.01407463989
2772.80032732 0.969202117045
2772.8207591 1.00445634606
2772.84119077 0.976512444908
2772.86162235 1.0221038955
2772.88205412 1.00053907383
2772.9024858 0.949691982152
2772.92291737 0.978275331721
2772.94334915 0.985940508219
2772.96378082 0.996817620523
2772.9842124 0.990095846722
2773.00464417 0.981251030483
2773.02507585 0.997971859896
2773.04550742 1.00535328342
2773.0659392 1.0367528264
2773.08637087 1.01224584655
2773.10680245 0.978361013036
2773.12723422 1.01195608409
2773.1476658 1.0014470132
2773.16809757 0.989221818879
2773.18852924 0.990637295715
2773.20896092 1.01907063365
2773.22939259 1.00622697669
2773.24982426 0.998690045519
2773.27025594 1.03585506487
2773.29068761 0.989749284354
2773.31111929 0.989560191745
2773.33155096 1.01384560025
2773.41327775 0.983649099968
2773.43370932 1.0288195518
2773.4541411 1.00209227007
2773.49500434 0.979012268298
2773.51543611 0.983201451469
2773.53586779 1.00178102495
2773.55629936 0.99120105779
2773.57673113 1.00184538876
2773.5971628 1.01645483368
2773.61759438 1.00545833785
2773.63802615 0.997491019109
2773.65845782 0.998156603013
2773.67888949 1.02561517636
2773.69932116 0.997848412066
2773.71975284 1.02126169879
2773.74018451 0.974653055705
2773.76061618 1.02209790211
2773.78104785 0.981754714421
2773.80147952 0.978053847438
2773.82191119 0.989866617071
2773.84234286 1.01991482449
2773.86277463 0.99209307931
2773.90363788 1.00960645934
2773.92406965 0.981273277016
2773.94450122 0.979230119528
2773.96493289 1.01646118799
2773.98536466 0.956804662261
2774.00579623 1.02681462207
2774.026228 0.989570291958
2774.04665967 0.997129295315
2774.06709124 1.0170733624
2774.08752301 0.987356863417
2774.10795468 1.02048135491
2774.12838625 0.989464990327
2774.14881802 1.00490033432
2774.18968126 1.02221520594
2774.21011303 0.991926907232
2774.2305447 1.00877228134
2774.25097637 0.990298528404
2774.27140804 1.00770303696
2774.29183971 1.01758049288
2774.31227148 1.00555676583
2774.33270315 0.997156811844
2774.35313472 1.01229566434
2774.37356649 0.979970229509
2774.41442972 1.00775644079
2774.43486149 0.995712955846
2774.45529316 1.01586968534
2774.47572473 1.00664498695
2774.4961565 1.0158895801
2774.51658807 0.989962737766
2774.53701974 1.00629825542
2774.55745151 1.01226605635
2774.57788307 0.978351290094
2774.59831484 1.00418185272
2774.61874651 0.982411950986
2774.74133652 0.985937070808
2774.76176819 0.989785406212
2774.78219985 1.03310597996
2774.80263152 0.992633152093
2774.82306319 1.00133905559
2774.84349496 0.96587975458
2774.86392652 0.97362802095
2774.90478996 0.992399687912
2774.92522152 0.999988587352
2774.94565329 0.994196781229
2774.96608496 0.993822457671
2774.98651653 1.00036179552
2775.00694829 0.996907968081
2775.02737996 1.00455860133
2775.04781153 0.986307863922
2775.06824329 0.981896491827
2775.08867496 0.992508243554
2775.10910653 1.01864971262
2775.12953829 1.00736774818
2775.14996996 0.971679616611
2775.17040172 1.01472694797
2775.19083329 1.00823503082
2775.21126496 0.987814786822
2775.23169662 1.01047699093
2775.25212829 0.944439326212
2775.27255996 1.047319661
2775.29299162 1.03281716446
2775.31342329 0.952852351226
2775.33385495 0.995994476112
2775.35428662 1.00207972401
2775.37471828 0.982002819202
2775.41558171 1.00804711587
2775.43601328 0.996785371542
2775.45644495 0.985515835137
2775.47687671 0.965861298212
2775.49730828 0.987887044718
2775.51774004 0.990573742517
2775.53817171 1.00126124984
2775.55860327 0.970064783552
2775.57903504 0.997518163748
2775.5994667 0.994631981088
2775.61989827 0.974539309958
2775.6607617 1.01745742837
2775.68119336 1.00693079749
2775.70162502 1.0112034665
2775.72205669 1.01841656853
2775.74248835 1.00150777358
2775.76292002 1.01319942673
2775.78335168 1.01492082327
2775.80378345 1.01251051204
2775.82421501 1.00736034668
2775.84464667 1.0088321121
2775.86507844 0.999832800556
2775.8855101 1.02496409258
2775.90594167 0.991776910351
2775.92637343 0.999449618405
2775.94680499 0.993925927287
2775.96723666 1.00246109158
2775.98766842 1.01584088188
2776.00809999 0.991247052048
2776.02853165 0.996714468124
2776.04896341 1.01094087962
2776.06939498 1.01917380812
2776.08982674 0.975565299481
2776.1102584 1.03326983354
2776.13068997 1.01548547241
2776.15112173 0.99801299837
2776.17155339 0.995558127044
2776.19198495 1.0085273228
2776.21241672 0.98134626072
2776.23284838 0.987706779992
2776.25328004 0.987062574017
2776.27371171 1.00568366902
2776.29414337 1.02028497139
2776.31457503 0.990132385817
2776.33500669 0.991675202302
2776.35543836 0.999532064369
2776.37587012 0.97823828829
2776.39630178 1.00753986973
2776.43716511 1.00639788026
2776.45759677 0.984026360706
2776.47802833 1.0132055401
2776.49846009 0.985833322447
2776.51889176 1.00603982434
2776.53932332 0.993217584133
2776.55975508 0.993529082458
2776.58018674 0.995881755012
2776.6006183 0.996840022566
2776.66191339 0.99567180594
2776.68234505 0.998869786237
2776.70277671 0.998747449096
2776.72320838 0.996954133049
2776.74364004 1.02580044526
2776.7640717 0.992880574361
2776.78450336 0.99650343003
2776.80493502 0.98946613149
2776.82536668 1.01619134796
2776.84579834 0.998226449495
2776.86623001 1.0041003028
2776.88666167 0.999050500948
2776.90709343 1.00066819903
2776.92752499 0.989836619237
2776.94795675 0.993359292953
2776.96838841 0.998348034093
2776.98881997 0.998001603162
2777.00925173 1.01303509925
2777.02968339 0.999733648131
2777.05011495 0.976151069932
2777.07054671 1.03159984731
2777.09097838 1.01851220918
2777.11140994 0.993376584335
2777.1318417 1.00212550211
2777.15227336 1.00670086915
2777.17270492 1.00525082636
2777.19313668 0.997408546444
2777.21356834 0.984661870019
2777.2340001 0.967995009571
2777.25443166 0.982912066711
2777.27486332 0.985242425377
2777.29529508 1.00074877744
2777.31572664 0.992527518858
2777.3361583 1.00223684535
2777.35658996 1.00947922048
2777.37702172 0.989666104998
2777.39745328 0.990113451255
2777.41788504 0.978070172372
2777.4383166 1.00611088349
2777.45874826 0.966936052008
2777.47918002 1.00659422752
2777.56090656 1.02582010503
2777.58133832 1.02323522823
2777.60176998 0.97306685573
2777.62220154 1.02825863881
2777.6426333 1.01671674552
2777.66306496 0.977479469166
2777.68349652 1.04330990254
2777.70392827 1.00505770308
2777.72435993 1.01883761951
2777.74479169 0.990751934954
2777.76522325 1.0081081672
2777.78565491 1.00208626698
2777.80608667 0.98987071176
2777.82651823 0.996336191817
2777.84694989 0.989899238955
2777.86738165 0.993826197385
2777.88781331 1.0016019529
2777.90824487 0.960924632527
2777.92867662 1.02341035893
2777.94910828 1.00592534939
2777.96953984 0.99378450023
2777.9899716 0.993996456313
2778.01040326 0.99550605655
2778.03083502 0.996525877366
2778.05126658 0.992968077863
2778.07169823 1.00387329995
2778.09212989 1.00261000786
2778.11256155 0.986880880503
2778.13299321 0.997916093044
2778.15342487 0.961475228717
2778.17385653 0.987082219922
2778.19428809 0.979413048998
2778.21471984 1.00410110327
2778.2351515 0.981923687689
2778.25558316 0.996159455489
2778.27601482 0.974681330327
2778.29644648 1.00191247021
2778.31687823 0.999221024329
2778.33730979 1.01761232601
2778.41903642 0.992602605239
2778.43946818 1.01563718757
2778.45989984 1.00387800521
2778.4803314 1.00908491102
2778.50076316 1.02434284193
2778.52119481 1.02621400972
2778.54162637 0.990617416712
2778.56205813 1.01140583819
2778.6233531 0.985729621173
2778.64378476 0.992083096971
2778.66421652 0.99727949329
2778.68464807 0.990900746991
2778.70507973 1.02306785901
2778.72551149 1.00474992694
2778.74594305 0.997801866543
2778.7663747 1.00998457306
2778.78680646 1.00717004446
2778.80723802 1.00359407215
2778.82766967 0.984733710868
2778.84810133 0.993532903447
2778.86853299 1.02572129038
2778.88896475 0.981541299115
2778.9093963 1.01856829831
2778.92982796 0.999318234916
2778.95025972 0.983387318138
2778.97069137 0.986609859146
2778.99112293 1.00720577683
2779.01155469 0.998163412706
2779.03198635 1.00582959406
2779.0524179 1.00859010735
2779.07284966 0.991222640225
2779.09328132 0.995842772557
2779.11371307 0.998044295528
2779.13414463 0.971726896059
2779.15457629 1.000259322
2779.17500804 0.993427145138
2779.1954396 0.983150876773
2779.21587126 0.993754593449
2779.23630301 0.984395595408
2779.25673457 1.01609803626
2779.27716623 1.01369905795
2779.29759798 1.00881190116
2779.31802954 0.995201730545
2779.3384612 1.03368591144
2779.35889295 0.997600433869
2779.37932461 1.00365835144
2779.39975627 1.02791503231
2779.42018792 1.01884839663
2779.44061958 0.983282086627
2779.46105123 0.999311061816
2779.48148289 1.00884576186
2779.5223462 0.990065881837
2779.54277786 1.02183762479
2779.56320952 0.999618529654
2779.58364117 1.02379344665
2779.60407283 1.00544805213
2779.62450438 1.00956768982
2779.64493614 1.00475369842
2779.6653678 1.00536744845
2779.68579955 1.02451348316
2779.70623111 0.998447415456
2779.72666276 1.0043795012
2779.74709452 1.04413600644
2779.76752608 1.02105011151
2779.78795773 0.986901247493
2779.80838949 0.992152558861
2779.82882104 0.989817723068
2779.8492527 0.994529077879
2779.86968446 1.01614285665
2779.89011601 1.02468667275
2779.91054777 1.03670507064
2779.93097942 0.99788420798
2779.95141108 0.986481384506
2779.97184273 0.98985085097
2779.99227439 0.997184937908
2780.01270605 0.993816643515
2780.0331378 0.992730092194
2780.05356936 1.00504311104
2780.07400101 0.991640604675
2780.09443277 0.994767517365
2780.11486432 0.992739961537
2780.13529598 1.00844231725
2780.15572774 1.02313342919
2780.19659105 0.996573869399
2780.2170227 0.972934090705
2780.23745426 0.968365441169
2780.25788601 0.992106561037
2780.31918098 1.00360268074
2780.33961254 0.985916933138
2780.36004419 1.01136422723
2780.38047595 0.984175948804
2780.4009075 1.02163618655
2780.42133916 0.988165142101
2780.44177091 0.991274006762
2780.46220257 1.01575528519
2780.50306588 1.00584668225
2780.52349753 1.00556600643
2780.5847925 0.975159133202
2780.60522425 0.999223633949
2780.62565581 0.984343432591
2780.64608746 0.98866412889
2780.68695078 0.98458785262
2780.70738253 1.00700377582
2780.72781419 1.01357682823
2780.74824574 1.00445880887
2780.7686775 1.00203857456
2780.78910915 0.992503684863
2780.80954071 1.00266414016
2780.82997246 1.01576177213
2780.85040412 0.995428522477
2780.87083577 0.984285004817
2780.89126743 0.993707804635
2780.91169908 1.00219406341
2780.93213074 1.00569115511
2780.95256239 1.01419561178
2780.97299405 0.988649799975
2781.03428901 1.01977592325
2781.05472067 0.991732947352
2781.07515232 0.980153415729
2781.09558398 0.993281595459
2781.11601573 0.992944503959
2781.13644729 0.97451191909
2781.15687894 1.01107025862
2781.1773107 0.993641342093
2781.19774225 0.982140519936
2781.21817401 0.987062128031
2781.23860566 1.01598851071
2781.25903722 1.00041508358
2781.27946897 0.985864236566
2781.29990063 1.04467858693
2781.32033218 0.984238517848
2781.34076393 0.967523570176
2781.36119559 0.999469962914
2781.38162714 0.983885404991
2781.4020589 1.02123089123
2781.42249055 0.985186832249
2781.44292221 1.01282243055
2781.46335386 0.970385726052
2781.48378552 1.00575811057
2781.50421727 0.967783275889
2781.54508048 1.01473311993
2781.56551224 0.993227829603
2781.58594389 1.03599603741
2781.60637545 1.01455411274
2781.6268072 0.996527305319
2781.64723886 1.00884360595
2781.66767041 1.00670122683
2781.68810217 1.01433569319
2781.70853372 0.986254482708
2781.72896548 1.02476551437
2781.74939713 1.00038824609
2781.76982869 1.00838936191
2781.79026044 1.03230592697
2781.8106921 0.993602202506
2781.83112365 0.997780454114
2781.8515554 0.990078820112
2781.87198706 0.986474766367
2781.89241861 1.01429823382
2781.91285037 1.01072706474
2781.93328202 1.0231013221
2781.95371368 0.99995836247
2781.97414533 1.01285465236
2781.99457699 1.00432035838
2782.01500874 0.995796794946
2782.0354403 1.00788112306
2782.05587195 0.994468817382
2782.07630371 0.98006889797
2782.09673536 0.997261545365
2782.11716692 1.01483686539
2782.13759867 0.97316073429
2782.15803033 0.989261200379
2782.17846188 0.99612489215
2782.19889364 0.96194728618
2782.21932529 0.97649201473
2782.30105201 1.00613767316
2782.32148356 1.00933717313
2782.34191522 0.999395578268
2782.36234697 0.998634991124
2782.38277853 1.01623803026
2782.40321018 1.0034726877
2782.42364184 1.00788807087
2782.44407349 1.04633721446
2782.46450525 0.986691972855
2782.4849368 0.987900673016
2782.52580021 0.989944870861
2782.54623177 0.999136322274
2782.56666342 0.990814531651
2782.58709518 1.0147139153
2782.60752673 0.991132066838
2782.62795839 0.999519920236
2782.64839014 0.988164658582
2782.6688218 1.00821932789
2782.68925335 1.00289162672
2782.70968511 0.985574487419
2782.73011676 1.04135714443
2782.77098007 0.967650392243
2782.79141173 1.01832548452
2782.81184348 0.991298755046
2782.83227504 0.987127945796
2782.85270669 1.00211443267
2782.87313845 0.99688854776
2782.89357 1.00500002541
2782.91400166 1.02642329457
2782.93443341 1.0317513844
2782.95486497 0.977043772883
2782.97529672 1.00070685526
2782.99572838 1.00308007043
2783.01615993 0.983828279126
2783.03659169 0.987699121329
2783.05702334 0.999881209587
2783.077455 1.00103377316
2783.09788665 0.993689331693
2783.11831831 0.989357985281
2783.13874996 0.998418884398
2783.15918162 1.03613126882
2783.17961327 1.00157322646
2783.20004483 0.989930671499
2783.22047658 0.994477935468
2783.24090824 0.992362938934
2783.26133999 1.01906002865
2783.28177155 0.998786043419
2783.3022032 0.971398104951
2783.32263496 0.971272633109
2783.34306651 1.00282845294
2783.36349817 1.0125583883
2783.38392992 0.998053048475
2783.40436148 1.01592603768
2783.44522489 0.995103307394
2783.46565644 0.997792128391
2783.50651986 0.998890067778
2783.52695141 1.00469188059
2783.54738317 1.02444777013
2783.56781482 1.0376009793
2783.58824648 0.997846220956
2783.60867813 0.995776245127
2783.62910979 1.00016476126
2783.64954144 1.01165941394
2783.6699731 0.981339146587
2783.69040475 1.02197529602
2783.71083651 0.978709549046
2783.73126817 1.01093175384
2783.75169972 1.00055156856
2783.77213148 0.987724744404
2783.79256303 0.984766592724
2783.81299469 0.996104593845
2783.83342644 0.981587375027
2783.853858 1.01490811847
2783.87428965 0.993399187315
2783.89472141 0.97460856568
2783.91515297 0.990964121534
2783.93558472 0.992961652056
2784.01731134 0.985794020412
2784.0377429 1.02486670894
2784.05817466 1.00867245539
2784.07860631 0.999786382674
2784.09903797 0.994332517568
2784.11946962 1.02361798657
2784.13990128 0.998371743677
2784.16033304 1.02308541797
2784.18076459 1.03035747354
2784.20119625 0.985174413679
2784.221628 1.00844371772
2784.24205956 1.00802687471
2784.26249122 1.01921323904
2784.28292297 0.994838109274
2784.30335463 1.00403543537
2784.32378618 0.972651335046
2784.34421794 0.963689199621
2784.3646496 0.988480193818
2784.38508125 0.987730470081
2784.40551291 0.990898723562
2784.52810285 1.01579281711
2784.5485345 1.02488352259
2784.56896616 1.0140658414
2784.58939782 1.01249764229
2784.60982937 0.99469866337
2784.63026113 0.998894380501
2784.65069279 0.997072484974
2784.67112454 1.0016009742
2784.6915561 1.0039887034
2784.73241951 0.932951196323
2784.75285107 0.927670107513
2784.77328273 0.996351796902
2784.81414614 0.975471961384
2784.8345777 0.9888989516
2784.85500945 1.0168368296
2784.87544111 0.980849932632
2784.89587277 0.995930502606
2784.91630442 0.982788763777
2784.95716784 1.00618810277
2784.97759939 0.994361741145
2784.99803105 0.99349562241
2785.01846281 1.00617193001
2785.03889437 1.00565863525
2785.05932602 0.981828199337
2785.07975778 1.01056169372
2785.10018934 1.00085993834
2785.12062109 0.990967181431
2785.14105275 1.01105345476
2785.16148431 1.03195201707
2785.18191607 0.987471374276
2785.22277928 0.991226375187
2785.24321104 1.00693826658
2785.2636427 0.998242424856
2785.28407425 0.998774578994
2785.30450601 0.993362311717
2785.32493767 1.01796080161
2785.34536933 1.01140364434
2785.36580098 0.986989541058
2785.38623264 1.01785802557
2785.4066643 1.00301471637
2785.46795937 1.01435435764
2785.48839093 1.005821717
2785.50882259 1.00711941026
2785.52925435 0.94703247495
2785.5496859 0.986122993409
2785.57011766 0.981823867673
2785.59054932 1.00987382275
2785.61098088 1.00568363328
2785.63141264 1.00531837311
2785.65184429 0.989193371889
2785.67227585 1.01725836978
2785.71313927 1.0144896816
2785.73357083 0.980336406058
2785.75400258 1.04618815866
2785.77443424 0.986471813042
2785.85616098 0.997581581808
2785.87659254 0.983283252361
2785.99918249 1.0023237177
2786.01961425 1.01309225549
2786.04004591 1.00005769674
2786.06047746 0.999748408357
2786.08090922 1.01444955774
2786.10134088 0.991328156573
2786.12177244 0.983728285672
2786.1422042 0.998126284517
2786.22393084 0.996437919641
2786.2443626 0.996901067819
2786.26479416 1.00522297205
2786.28522582 0.993275944217
2786.30565757 0.977001330128
2786.32608913 0.984877211843
2786.34652079 1.01414896661
2786.36695255 0.980037816955
2786.48954251 1.01945943009
2786.50997417 1.01412142546
2786.53040583 0.998001968671
2786.55083749 0.986308101926
2786.57126915 0.999431604897
2786.59170091 0.989051168269
2786.61213247 0.997514139598
2786.63256413 1.01819489149
2786.65299579 1.01769463378
2786.67342745 0.985341497833
2786.69385921 1.00357115289
2786.71429077 1.01336642368
2786.73472243 1.00072727341
2786.75515419 0.971316072022
2786.77558575 0.975546925569
2786.79601741 0.984389886813
2786.81644918 1.02884217737
2786.83688074 1.02759291837
2786.8573124 1.00431844984
2786.87774416 1.00028813753
2786.89817572 1.00001465737
2786.93903914 0.99655215014
2786.9594708 0.961827784584
2786.97990246 1.02255728859
2787.00033412 0.991827189021
2787.02076578 1.00981903155
2787.04119744 1.00087337132
2787.06162911 0.992891212625
2787.08206077 1.00603939257
2787.10249243 0.982400607248
2787.12292409 0.994073120705
2787.14335585 0.978018429373
2787.18421907 0.991509872682
2787.20465084 0.99482344971
2787.2250825 1.00399678404
2787.24551406 1.03694019036
2787.26594582 1.00040096708
2787.28637748 0.995870611854
2787.32724081 1.00251137167
2787.34767247 0.996431424397
2787.36810413 0.997121873269
2787.38853579 0.996661132268
2787.42939912 1.00456645936
2787.44983078 1.01183899091
2787.47026234 0.976865802535
2787.4906941 0.994896952899
2787.51112577 1.00152966053
2787.53155743 0.984938489667
2787.55198909 1.00447938864
2787.57242075 1.00007411771
2787.59285252 1.00443362002
2787.71544249 1.01132588578
2787.73587416 0.979025105612
2787.75630572 0.986326071447
2787.77673748 0.982587616812
2787.79716915 0.990073658957
2787.81760091 0.999161118107
2787.83803247 0.984510931286
2787.85846414 1.00564745425
2787.8788959 1.00761117752
2787.91975913 1.00368491897
2787.94019089 0.999079936031
2787.96062245 1.0113723925
2787.98105422 1.00278712714
2788.00148588 1.02814666501
2788.02191744 0.992581034728
2788.04234921 0.995414286411
2788.06278077 1.00296981873
2788.08321244 1.0176784808
2788.12407576 0.997973598698
2788.16493919 0.974969058818
2788.18537086 0.99149075996
2788.24666585 1.00403385589
2788.26709752 0.991018684309
2788.28752918 0.995014369506
2788.30796084 1.01898940908
2788.32839261 1.00522718409
2788.34882417 0.990908570381
2788.36925584 0.996551980301
2788.43055093 0.974146901961
2788.4509826 1.0137221177
2788.47141417 1.00062045545
2788.49184593 0.998793927435
2788.57357259 1.00499177254
2788.59400426 1.01302088036
2788.61443592 1.01505838996
2788.63486759 0.983560709777
2788.65529936 1.01071921468
2788.67573092 1.02039413284
2788.69616259 1.02479086121
2788.71659425 1.01973101364
2788.77788925 0.987663834593
2788.79832092 0.993867230832
2788.81875258 0.995362272121
2788.83918435 1.00326813029
2788.85961592 0.986838740814
2788.90047935 1.00786870545
2788.92091092 0.984278454941
2788.94134268 1.00906457524
2788.96177435 1.02130214621
2788.98220592 0.99087575602
2789.00263769 0.990287226048
2789.04350092 1.00855476121
2789.06393269 1.01558155417
2789.08436435 0.997767125992
2789.10479612 0.998131186997
2789.14565936 0.994942024071
2789.16609112 1.00239653191
2789.18652269 0.9662928457
2789.20695436 1.00161758637
2789.22738613 0.992050608389
2789.2478177 1.00571215353
2789.26824946 0.985084039924
2789.28868113 1.00022544795
2789.3091128 1.0028865314
2789.32954447 1.00557248319
2789.34997614 1.0255959803
2789.3704078 1.01124801024
2789.39083947 0.985565148916
2789.41127114 1.00402650408
2789.43170271 1.00158261841
2789.45213448 0.988534915402
2789.47256615 1.02010432842
2789.49299792 1.01311100007
2789.51342949 0.987011387765
2789.53386115 0.981081596432
2789.55429292 1.00559648821
2789.57472449 0.969086438796
2789.59515616 0.978759380635
2789.6360195 0.991714296428
2789.65645117 0.997955631761
2789.67688294 0.984764778308
2789.69731451 1.0050244465
2789.71774628 0.986523881108
2789.73817795 1.009424499
2789.75860952 1.02925385795
2789.77904129 1.01868741848
2789.79947296 1.0012557224
2789.81990463 0.990074888601
2789.90163131 0.984808663108
2789.92206298 0.966495995459
2789.94249475 1.00286058591
2789.96292642 1.02738419877
2789.98335799 1.00503771092
2790.00378976 0.977492890474
2790.02422143 1.01778679596
2790.044653 1.01036227663
2790.16724313 0.960106768434
2790.1876748 0.983362387537
2790.20810638 0.983902564062
2790.22853815 0.999634317972
2790.24896982 0.966813476752
2790.26940139 0.990037451038
2790.28983316 1.00191224586
2790.31026483 0.998461344068
2790.33069661 0.982298586333
2790.37155985 0.992280657726
2790.39199162 1.00148084082
2790.4124232 0.995329927542
2790.43285487 0.992538551533
2790.45328664 1.01283233959
2790.47371831 1.00306305443
2790.49414989 1.00480987425
2790.51458166 1.00326364495
2790.53501333 0.999745275513
2790.55544501 0.994932460405
2790.57587668 1.02916577736
2790.61674013 1.03544070212
2790.6371717 1.01086673606
2790.65760337 1.03325449279
2790.67803515 0.981018019451
2790.69846672 1.0110379975
2790.71889849 1.00422185153
2790.73933017 1.00288779005
2790.82105676 1.00910188858
2790.86192011 1.00774439073
2790.88235179 0.997222062156
2790.90278356 0.994895153357
2790.92321514 1.01955168232
2790.94364691 0.991133572288
2790.96407859 1.0117065715
2790.98451016 0.998444388243
2791.00494194 0.9881769371
2791.02537361 1.0052871702
2791.04580529 0.991026664949
2791.10710041 1.00978766634
2791.12753199 0.991921679119
2791.14796366 0.996391479693
2791.16839544 1.03144903146
2791.18882712 0.997511057399
2791.20925869 0.993983923976
2791.22969047 1.01551001166
2791.25012214 0.992540652558
2791.27055372 0.990144929363
2791.2909855 1.00528762007
2791.31141717 1.00456105256
2791.33184895 0.99322034901
2791.35228053 1.00034285014
2791.3727122 0.983579689722
2791.39314398 0.994083403594
2791.41357556 1.01190048214
2791.43400723 1.00373021245
2791.45443891 0.983777806646
2791.47487059 0.993254319416
2791.49530226 0.985466221354
2791.51573404 1.02383583989
2791.53616562 0.995119765058
2791.5565974 0.988417469646
2791.59746065 0.992981452566
2791.61789243 0.996120969422
2791.63832401 1.03594868284
2791.65875569 1.01781024448
2791.67918746 1.01285401743
2791.69961914 1.03554377841
2791.72005082 1.02307319528
2791.7404825 1.01470923901
2791.76091418 0.993106960488
2791.78134586 1.00911883682
2791.80177754 0.997904271595
2791.84264099 0.990278855092
2791.86307257 0.986607575464
2791.88350425 1.00827943013
2791.90393603 1.01976200435
2791.92436761 1.00047600639
2791.94479939 0.97751557449
2791.96523107 0.998837317014
2791.98566265 0.997321070775
2792.00609443 1.0232251516
2792.02652611 1.0147205494
2792.04695769 1.01220232597
2792.08782115 1.00838931893
2792.12868451 0.994213268579
2792.14911619 1.0045972146
2792.16954797 0.992376747398
2792.18997955 0.986417584153
2792.21041123 1.00468183381
2792.23084291 1.00695162762
2792.25127459 0.987333271207
2792.27170628 1.0190000235
2792.29213796 0.993748809923
2792.33300142 0.987889223854
2792.3534331 0.981206454707
2792.37386468 0.977650501356
2792.39429646 0.986997386592
2792.47602319 0.99792772271
2792.49645497 1.00098024009
2792.51688656 1.03097965555
2792.53731824 1.00632578128
2792.5781816 0.98978835986
2792.59861329 0.98746057584
2792.61904507 0.986241268066
2792.63947665 1.00211946045
2792.65990834 0.982377377917
2792.68034012 0.994016293982
2792.7007717 0.99903823723
2792.72120349 0.981556204142
2792.74163517 1.00631240567
2792.76206675 0.994650645725
2792.78249854 0.998553372743
2792.80293022 1.01711629892
2792.82336191 1.01713787308
2792.84379359 1.01145959704
2792.86422527 1.01609928695
2792.88465696 1.00988224705
2792.90508864 1.00371700665
2792.92552033 1.00220108201
2792.94595201 1.02324701146
2792.9663837 1.00096392285
2792.98681538 1.01901295846
2793.00724707 0.986349756117
2793.02767875 0.996742074665
2793.06854222 1.00634147148
2793.08897381 1.02021649177
2793.10940559 0.983906432429
2793.12983728 0.994104410808
2793.15026887 1.00320649421
2793.17070065 1.01162641597
2793.19113234 1.00287148867
2793.21156392 1.01785492465
2793.23199571 1.03709190253
2793.2524274 0.996036665031
2793.27285918 0.982160763554
2793.31372246 0.99200417327
2793.33415424 0.985462688533
2793.35458583 0.993861855075
2793.37501752 0.989350556189
2793.3954493 1.0046214203
2793.41588089 0.985831693138
2793.43631258 0.989538047669
2793.45674437 1.01207282693
2793.49760774 0.981900849579
2793.55890281 1.01030799792
2793.57933449 1.00608953316
2793.59976618 1.00680877131
2793.62019787 0.989039804824
2793.64062956 1.0100890785
2793.66106135 0.997342817425
2793.68149294 0.989678550321
2793.70192463 1.01557348953
2793.72235641 1.01301996559
2793.742788 1.01275252894
2793.76321969 1.01315371126
2793.80408307 1.02752182832
2793.82451476 0.978578539184
2793.88580993 0.989364659302
2793.90624162 1.01575575157
2793.92667321 0.988098480845
2793.947105 1.01233436437
2793.96753669 0.993405704957
2793.98796838 1.00667742092
2794.00840007 1.03998732639
2794.04926356 0.992116713015
2794.06969515 0.982549567634
2794.09012684 1.00495759904
2794.11055863 1.02475072866
2794.13099032 0.988912555644
2794.15142191 1.00605606587
2794.1718537 0.976784732881
2794.1922854 1.00477128909
2794.21271709 0.984788100914
2794.23314878 0.996296917716
2794.31487545 0.986065615913
2794.33530724 0.99902845439
2794.35573894 0.992338582311
2794.37617053 0.996686100391
2794.39660232 1.02644439068
2794.41703402 1.01177818856
2794.43746581 1.01332610962
2794.4578974 0.974310749152
2794.51919248 1.00653869165
2794.53962418 0.989158009748
2794.56005597 0.973627506128
2794.60091936 0.992127946323
2794.62135105 0.984718924156
2794.64178265 0.995050142768
2794.66221444 0.994550642553
2794.68264614 0.995265866993
2794.70307783 0.980597404468
2794.72350953 0.983695696831
2794.74394122 0.980262702157
2794.78480462 1.01272009535
2794.8665314 1.01766518776
2794.88696319 1.0093393767
2794.90739489 1.01495689297
2794.92782649 0.993410706593
2794.94825828 1.00336330992
2794.96868988 1.0455196695
2794.98912168 1.00183302258
2795.02998497 0.998880558931
2795.05041677 0.978218095409
2795.07084847 1.01139050453
2795.09128006 0.989753859356
2795.11171186 1.0085689973
2795.13214356 1.01236074638
2795.15257516 0.988229080317
2795.17300696 1.00421621751
2795.19343865 1.02875537728
2795.21387045 1.01788530331
2795.23430205 1.00299238038
2795.27516555 0.982769170405
2795.35689234 0.970049673301
2795.37732404 1.01077572588
2795.39775574 1.02038190236
2795.41818744 0.960372678751
2795.43861914 0.991678015871
2795.45905084 0.991106933127
2795.47948254 0.977260706458
2795.52034594 1.01742299618
2795.54077764 1.01819571525
2795.56120944 1.01939027518
2795.58164104 1.01416104486
2795.60207285 0.968812783065
2795.62250455 0.98336448473
2795.64293615 0.999686105913
2795.66336795 1.00986566909
2795.68379955 0.991692579508
2795.70423125 0.999824900785
2795.72466305 1.02258497094
2795.76552646 0.985861924414
2795.78595816 0.979979915274
2795.80638976 1.00606906743
2795.82682156 1.0004972105
2795.84725327 1.02600693843
2795.86768497 0.99848611793
2795.88811667 1.00906631857
2795.90854838 0.999269787954
2795.92898018 0.99708830533
2795.94941178 0.995385098251
2795.96984348 0.986879662004
2796.01070699 1.03062475012
2796.0311386 1.00674860999
2796.0515704 0.996964788258
2796.0720021 1.01882031477
2796.09243371 1.00842908397
2796.11286551 0.996858794236
2796.13329722 0.972545339054
2796.15372902 1.01345310693
2796.17416063 0.985661828781
2796.19459233 1.01576011364
2796.21502414 1.02011098046
2796.27631925 1.00805889912
2796.29675086 0.99995692813
2796.31718266 1.02680696437
2796.33761427 0.981911477874
2796.35804598 0.978689464291
2796.37847778 0.999741716408
2796.39890939 1.01384604242
2796.4193411 0.969767609553
2796.4397729 1.00347859909
2796.52149973 0.994154093958
2796.54193144 1.00908164733
2796.56236315 1.00067672691
2796.58279485 1.02117269306
2796.60322656 0.97441364974
2796.62365827 1.01730821456
2796.64408998 1.01072801122
2796.66452169 1.00090254282
2796.6849534 0.994626697887
2796.7053852 0.98496359316
2796.74624852 0.988842356917
2796.76668033 1.02044952314
2796.78711204 0.996999343413
2796.80754365 0.974737381222
2796.82797546 0.981195809015
2796.84840717 1.00611665256
2796.86883878 1.00144631998
2796.88927059 0.993375358924
2796.9097023 0.990805652841
2796.93013411 0.994083461268
2796.95056572 1.01572431589
2796.99142914 0.978552117871
2797.01186085 0.995924470845
2797.03229256 0.982970516512
2797.05272427 1.01566291682
2797.07315599 1.01829977189
2797.0935878 0.992405955275
2797.11401941 1.00884219306
2797.19574626 0.978267635901
2797.23660978 1.00797034878
2797.25704149 0.99411458638
2797.27747321 1.01031979267
2797.29790492 1.02731537998
2797.31833673 0.989686173618
2797.33876835 0.977295199276
2797.35920006 1.02262797542
2797.37963187 1.00832935452
2797.40006349 0.969684133024
2797.4204952 0.962257460751
2797.44092702 0.973478519966
2797.48179044 1.02749227039
2797.50222216 1.00240350468
2797.52265377 1.0101605596
2797.54308559 1.01700769867
2797.5635173 1.01110630562
2797.58394892 0.996078825817
2797.60438073 0.988023918598
2797.62481245 1.01859194251
2797.64524427 1.00045730596
2797.76783446 1.02066873309
2797.78826618 0.984800736927
2797.8086979 0.994329902187
2797.82912961 0.997380834658
2797.84956133 1.02197366575
2797.86999315 0.968310764049
2797.89042487 0.963848177235
2797.91085648 0.986485117847
2797.9312883 0.991428587977
2797.97215164 0.993205286351
2797.99258346 1.02860480816
2798.01301518 1.00651282871
2798.033447 1.02169231558
2798.05387861 1.02776289394
2798.07431033 0.98912744177
2798.09474215 0.997362425607
2798.11517377 0.99211546423
2798.13560549 1.00984718225
2798.15603731 1.00595269699
2798.17646893 0.973832319492
2798.21733247 0.998869861733
2798.23776409 1.01443410983
2798.25819591 1.01809747337
2798.27862763 0.999683333232
2798.29905925 1.02559803448
2798.31949107 1.01629144863
2798.3399228 0.988070808661
2798.38078624 0.989055570456
2798.40121796 0.998841071921
2798.42164968 1.03466725658
2798.46251313 0.974384387873
2798.48294485 0.992238652846
2798.50337657 0.99878695854
2798.52380829 1.03379216936
2798.54424012 1.00769587913
2798.56467174 1.02205666747
2798.58510356 1.00715964142
2798.60553529 0.995591533264
2798.62596691 1.00056641048
2798.64639873 0.994072124696
2798.66683046 0.985592872477
2798.70769391 0.995164861271
2798.72812563 1.01361640037
2798.74855726 1.01792828555
2798.78942081 1.0080298049
2798.80985263 0.998904154642
2798.83028426 0.980988789115
2798.85071598 1.01113279958
2798.87114781 0.967723127598
2798.89157943 0.972751550921
2798.91201116 0.994085192874
2798.95287461 1.00971477624
2798.97330644 1.01571697532
2798.99373816 0.988973990605
2799.01416989 1.00930398698
2799.03460162 0.995065741149
2799.05503334 1.00355555436
2799.07546497 1.01780485851
2799.0958968 0.983979312433
2799.11632853 1.00174174204
2799.13676026 1.01784785181
2799.21848717 0.997301107238
2799.2389189 1.01044314222
2799.25935073 0.993314496644
2799.27978235 1.00046364402
2799.30021408 1.00462633921
2799.32064591 1.00589878914
2799.34107754 0.992675131413
2799.3819411 0.982309186145
2799.40237273 0.989337840693
2799.44323629 0.994751242551
2799.46366792 1.0299341323
2799.50453149 1.0004384275
2799.52496332 0.994124575911
2799.54539495 1.04054848118
2799.56582668 1.01223555181
2799.58625851 0.960546459684
2799.60669014 1.02176777856
2799.62712188 0.954294697488
2799.70884891 1.00911913854
2799.72928064 1.00891010986
2799.74971237 0.983657550234
2799.77014411 1.00757954292
2799.79057584 1.01259846258
2799.81100757 0.986456148954
2799.83143931 0.982692443634
2799.85187094 0.999934859175
2799.87230277 0.952015197255
2799.89273451 0.954525097216
2799.93359798 0.98648804485
2799.95402971 0.968103888053
2799.97446155 1.00877832558
2799.99489318 1.01343744072
2800.01532492 0.971904004675
2800.03575675 1.01639746835
2800.05618839 0.988233928878
2800.07662023 0.931500432949
2800.09705196 0.97921007236
2800.21964238 1.01980105507
2800.24007422 1.01330917376
2800.2809376 1.04622445115
2800.30136943 0.980447881629
2800.32180107 1.0219512469
2800.34223281 0.986542034231
2800.36266465 0.975825894663
2800.44439151 1.02528820597
2800.46482335 0.98351475301
2800.48525509 1.00608531566
2800.50568673 0.996752652966
2800.52611857 0.980480765684
2800.54655031 0.985728279484
2800.56698195 0.981416413454
2800.58741379 0.990507662852
2800.60784553 1.04298084162
2800.62827737 0.979997100842
2800.66914075 1.03044574952
2800.68957259 0.999057184301
2800.71000423 0.971472316134
2800.73043598 0.998680363443
2800.75086782 0.995869057646
2800.77129946 0.999762768189
2800.7917312 0.971056158349
2800.81216305 1.00839595513
2800.83259479 0.975393663096
2800.85302653 0.981030844129
2800.87345828 1.01744822232
2800.91432176 1.02204349351
2800.93475351 1.01978435988
2800.95518525 1.01480963749
2800.99604874 1.00044725503
2801.05734397 1.00282487758
2801.07777582 0.998525634907
2801.26166154 1.00706943482
2801.28209318 0.995761492415
2801.30252503 1.0102590459
2801.32295678 1.02634175242
2801.34338842 1.02398924717
2801.46597912 1.0232020073
2801.48641076 1.01094912199
2801.50684251 1.03465244149
2801.52727436 1.00271909624
2801.54770611 1.00166324326
2801.56813786 1.01469262208
2801.58856961 0.98175749364
2801.60900136 0.968509129601
2801.64986486 1.03122503303
2801.67029662 1.02746432783
2801.69072847 0.993320479737
2801.71116012 1.0005770167
2801.73159197 0.982403847535
2801.75202372 0.981666725865
2801.77245537 0.995442901748
2801.79288722 0.981484583039
2801.81331888 0.984021394262
2801.83375063 0.999571184622
2801.91547774 1.0419357796
2801.9359094 0.987885146778
2801.95634125 1.01583678602
2801.976773 0.994726059643
2801.99720466 0.97132709239
2802.01763651 0.975516992583
2802.03806827 0.965092979952
2802.05850002 0.980597494834
2802.18109065 1.02177081426
2802.20152241 0.977716999641
2802.22195407 1.00514452197
2802.24238592 1.00547158269
2802.26281768 1.01273031327
2802.28324944 0.99293056164
2802.30368119 1.00244637553
2802.32411295 1.0168281088
2802.34454481 1.02952923716
2802.38540822 0.9994778444
2802.40584008 1.00005248546
2802.42627174 1.0178203522
2802.4467035 1.02549393237
2802.46713526 1.00746451536
2802.48756702 1.00901880997
2802.50799888 0.994331263805
2802.52843053 0.99148699484
2802.54886229 1.02399788536
2802.56929415 0.95883237887
2802.58972581 0.982679124966
2802.63058943 1.01416487744
2802.6510211 0.995421470704
2802.67145296 1.00258775305
2802.69188472 1.01705661338
2802.71231648 0.963921082566
2802.73274824 0.997158704908
2802.75318 1.00112183483
2802.77361176 0.979330182867
2802.79404353 0.983111281557
2802.81447529 1.00524734337
2802.87577058 0.970997305506
2802.89620244 0.989789336041
2802.9166342 0.997842136673
2802.93706587 0.964557173255
2802.95749773 1.0297165049
2802.97792949 0.997394007961
2802.99836116 1.01305753588
2803.05965665 0.944551410288
2803.14138361 0.980523486822
2803.18224715 0.999685865577
2803.20267891 1.00303362274
2803.22311078 0.97300460253
2803.24354245 1.00223353569
2803.26397421 0.996882747295
2803.28440608 1.00245004078
2803.36613305 1.02209355237
2803.42742846 0.997243696664
2803.44786023 0.965173904627
2803.46829199 0.98736042333
2803.48872376 1.01829276115
2803.5295873 0.988536940721
2803.55001917 0.949633943906
2803.63174626 1.00422110435
2803.65217793 1.00642194993
2803.6726098 1.01208668881
2803.69304157 0.987587902876
2803.71347324 1.00163486231
2803.73390511 0.963704483029
2803.75433688 0.972534387152
2803.77476876 0.933444579538
2803.87692742 0.964171306094
2803.8973593 1.01245222943
2803.91779107 1.00927259935
2803.93822294 1.01690757554
2803.95865462 0.998602022314
2803.97908639 1.00009593635
2803.99951827 0.987349863407
2804.01994994 1.00826972854
2804.04038172 1.02079713165
2804.06081359 1.00403048583
2804.10167715 0.916964877406
2804.12210892 0.974907817053
2804.1425407 0.957958500023
2804.16297247 0.948551494766
2804.18340425 0.979243395305
2804.20383603 1.01136090293
2804.22426791 0.981076591867
2804.24469958 0.997316975839
2804.26513136 1.00095742368
2804.28556324 0.989085077721
2804.30599492 0.994384007794
2804.3264268 1.00475296657
2804.34685857 1.01237988098
2804.36729025 1.00527931526
2804.38772213 1.00037392584
2804.40815391 0.968194418424
2804.42858559 1.00186634497
2804.44901747 1.00310901984
2804.46944925 0.991294527688
2804.48988103 0.982956778848
2804.51031281 1.00077975502
2804.53074449 1.00186392943
2804.55117637 1.00045644596
2804.59203994 1.00057970897
2804.61247172 1.00140716029
2804.67376706 0.996258567316
2804.69419885 1.02233731186
2804.71463073 0.991860365733
2804.73506251 1.0024194739
2804.75549419 0.992617071618
2804.77592608 1.00447799192
2804.79635786 1.02050902923
2804.83722143 0.994764518741
2804.95981214 0.999371756394
2804.98024392 1.00134852143
2805.00067581 0.999243026412
2805.0211075 1.00669321437
2805.04153938 1.00985825001
2805.08240286 0.992226467074
2805.10283474 1.01938271674
2805.12326653 1.00082649201
2805.14369822 1.00678523698
2805.16413011 1.00691498879
2805.18456189 1.00108542298
2805.20499368 1.00040298234
2805.22542547 0.998572561347
2805.24585726 0.989324158135
2805.26628905 1.00026577918
2805.28672084 0.999796321097
2805.32758442 1.00900946487
2805.34801621 0.990715822302
2805.3684481 0.99861637702
2805.38887979 0.994722146786
2805.40931158 1.00507678251
2805.42974347 0.998195302579
2805.45017526 0.972186815447
2805.47060695 1.03144856561
2805.49103884 0.948885293319
2805.51147063 0.985066701125
2805.53190233 1.01873983151
2805.57276601 0.954106571416
2805.5931979 1.01487705044
2805.6136296 1.03720952262
2805.71578866 1.01516702044
2805.73622036 0.994661544404
2805.75665225 0.998466719646
2805.77708405 1.00460554721
2805.81794764 0.982264193047
2805.83837943 0.993712930365
2805.85881123 0.976608752412
2805.87924303 1.02697983919
2805.89967482 0.99924451683
2805.92010662 0.990369726659
2805.94053841 0.98066778588
2805.96097021 1.00312042642
2805.98140201 0.995323435155
2806.00183381 1.00097989779
2806.0631292 1.01962553433
2806.083561 1.00858476446
2806.1039929 0.990309149861
2806.1244246 1.01127543046
2806.1448565 0.991777937054
2806.18571999 1.00347292087
2806.2470154 1.02715287434
2806.2674473 0.984238274031
2806.2878791 1.0165674769
2806.308311 1.00048206839
2806.3287427 0.990926048445
2806.3491745 0.99625058766
2806.3696064 1.00582150017
2806.3900381 0.984496992783
2806.41046991 0.957844653771
2806.43090181 0.981793046281
2806.45133351 0.988956753517
2806.47176542 1.00310671441
2806.49219722 1.00139455277
2806.51262902 0.982382166939
2806.55349263 1.02592580184
2806.57392433 1.01113331548
2806.59435624 1.00700681774
2806.61478804 1.01454924797
2806.63521975 0.996751957737
2806.65565165 0.986714850984
2806.67608346 1.03436725744
2806.69651527 1.00613031492
2806.71694707 0.996613543713
2806.75781078 0.970753961938
2806.7986743 1.02253529951
2806.81910621 0.996081785262
2806.83953791 1.01800228181
2806.85996982 0.99920091679
2806.88040163 1.00016653532
2806.90083334 1.00571662242
2806.92126525 1.01919941938
2806.94169705 0.99947474767
2806.96212876 0.998492639066
2806.98256067 0.98738519736
2807.00299248 1.01613390597
2807.0438561 1.00926871174
2807.06428791 1.01573771208
2807.08471982 1.02285534511
2807.10515153 1.01630173242
2807.12558334 0.998273116919
2807.14601526 1.02063992302
2807.16644697 0.978905300459
2807.18687888 0.990936771895
2807.20731069 1.01640040481
2807.2277424 0.988238475667
2807.24817432 1.00333815513
2807.28903784 0.993556819862
2807.30946976 1.0253987871
2807.32990157 1.00827848218
2807.35033328 0.97996355807
2807.3707652 0.997363573557
2807.39119701 0.987158245375
2807.43206064 0.990550575857
2807.45249246 1.00505962184
2807.47292437 0.980540186432
2807.49335609 0.985243795018
2807.53421982 1.00079211792
2807.55465153 0.995859769611
2807.57508345 1.00323781533
2807.59551527 1.00034494621
2807.61594699 1.02939567789
2807.6363789 0.99704978547
2807.65681072 1.01021814912
2807.67724244 1.02285581479
2807.69767436 0.99865538667
2807.71810617 0.96838456758
2807.73853809 1.00223228397
2807.77940163 0.977988643279
2807.79983355 1.00151320081
2807.82026527 0.993062576966
2807.84069709 0.998956134689
2807.86112901 1.0053836704
2807.88156083 1.01237560471
2807.90199255 1.00347349287
2807.92242447 1.00610729455
2807.94285629 0.994929597147
2807.96328812 1.02898051039
2807.98371994 0.984251287371
2808.02458358 1.02090129105
2808.0450154 1.03640830629
2808.06544713 0.99859333045
2808.08587905 1.02624496946
2808.10631087 1.0005519088
2808.1267428 1.01603839268
2808.14717452 1.01241114523
2808.16760635 0.99620516724
2808.18803827 1.00711935904
2808.20846999 1.0008605268
2808.22890182 0.989950791413
2808.26976547 0.989102850363
2808.2901974 1.00006790962
2808.31062922 1.01958678171
2808.33106095 1.02198579555
2808.35149287 0.997638466937
2808.3719247 0.997184863049
2808.39235653 1.01023938622
2808.41278836 1.00721226918
2808.43322018 0.984138153127
2808.45365201 0.981357420667
2808.47408384 0.99650877061
2808.5149476 0.99559192201
2808.53537942 1.0195365652
2808.55581115 1.03724836665
2808.57624308 0.995923585728
2808.59667481 0.999904467936
2808.63753857 1.00087702493
2808.6579703 1.00568536859
2808.67840223 0.984535525037
2808.69883406 0.998138906428
2808.7192658 0.983631351131
2808.73969773 1.02592762379
2808.76012956 0.997208383988
2808.78056129 1.01217422021
2808.80099322 0.987072849933
2808.82142506 1.03249038987
2808.84185699 0.980110964619
2808.86228872 0.9792245365
2808.88272056 0.98576399272
2808.90315249 1.01272794273
2808.92358422 0.988969085458
2808.94401606 0.98178891296
2808.96444799 0.998995374791
2809.00531166 0.996838427744
2809.0257435 1.0108076014
2809.04617523 1.02793164696
2809.06660717 1.02506879587
2809.087039 0.99134611358
2809.10747084 1.00365608737
2809.12790268 1.01616513265
2809.14833451 0.979119025265
2809.23006197 0.986748342512
2809.2504937 1.00324062248
2809.29135748 1.02909901246
2809.37308474 0.996275335016
2809.39351668 0.998416269957
2809.41394852 1.01262295855
2809.43438026 0.99881709245
2809.4548122 0.986934851071
2809.49567578 1.00833327418
2809.51610773 0.996300456891
2809.53653957 1.02906364676
2809.55697151 1.00812657752
2809.57740325 1.02649654106
2809.5978351 0.976341080907
2809.61826704 0.976334743012
2809.63869878 1.00931293871
2809.65913063 1.04079285221
2809.67956257 1.02864508854
2809.69999441 0.989679250454
2809.7408581 1.0331610229
2809.76128995 0.997748007317
2809.78172179 1.00638517405
2809.80215364 1.03278189944
2809.82258549 0.998117062449
2809.84301733 0.965300098372
2809.86344918 1.02796599187
2809.88388103 0.999325626418
2809.90431297 0.990870664335
2809.92474472 1.00833123362
2810.02690396 0.944674414815
2810.04733581 0.980574944759
2810.06776776 0.9814501127
2810.08819951 0.979503571136
2810.10863146 0.984739894965
2810.12906331 1.00209534309
2810.14949506 1.02331977108
2810.16992701 1.00670812846
2810.19035886 1.0018991561
2810.21079061 1.00787426301
2810.23122256 1.00717806918
2810.25165442 0.991719363422
2810.27208637 1.03323273087
2810.29251812 0.987901722296
2810.31294997 0.977264713093
2810.33338193 0.983622116923
2810.35381368 1.00866491699
2810.37424553 0.995320399352
2810.39467749 1.02513960554
2810.41510934 0.990209760655
2810.4355412 1.02063780438
2810.45597305 1.01342124201
2810.47640491 1.01778353549
2810.49683676 1.01460148616
2810.51726862 0.996876143061
2810.53770047 0.987199002864
2810.55813243 1.01306133164
2810.57856418 1.03519816629
2810.59899604 0.974131504313
2810.6194279 1.00643219283
2810.63985976 0.997470642209
2810.66029171 0.989579685974
2810.72158729 1.00347154258
2810.74201905 0.974029289052
2810.7624509 0.971692792943
2810.78288286 0.989867301339
2810.80331462 0.996243448594
2810.82374658 0.981868943022
2810.84417844 1.02068850204
2810.8646102 0.991320347363
2810.88504216 0.999772494362
2810.90547403 0.988702509989
2810.92590589 1.02814946839
2810.96676961 1.00042973306
2810.98720157 1.00031251891
2811.00763333 0.994183034044
2811.0280652 1.0093928321
2811.04849716 0.982739943541
2811.06892902 1.00356268545
2811.08936079 1.00722977484
2811.10979275 1.0191106121
2811.13022461 1.04797693256
2811.15065648 0.975824446141
2811.17108834 0.986707158268
2811.21195217 0.97838950053
2811.23238394 0.988168541873
2811.25281581 0.995617558309
2811.27324767 0.997612688747
2811.29367954 1.01073738078
2811.31411141 0.988190900049
2811.33454327 1.01568168969
2811.35497514 0.994540678661
2811.37540711 1.01884018744
2811.39583888 0.998490088312
2811.41627074 1.02565804854
2811.43670271 1.01304339199
2811.45713448 1.01899027297
2811.47756635 1.03170156746
2811.49799832 1.03335750505
2811.51843009 0.992061559655
2811.53886206 0.978778934917
2811.55929393 0.984236451909
2811.5797258 0.980084314977
2811.60015767 0.975589584617
2811.62058954 0.985346958451
2811.64102141 0.977167349956
2811.722749 1.01161615722
2811.74318077 1.03558210532
2811.76361275 0.997830581243
2811.78404462 1.0054855757
2811.8044764 0.990354449503
2811.82490837 0.993136986448
2811.84534024 1.00535922831
2811.86577212 1.01325561016
2811.90663587 0.980417138781
2811.94749962 1.01998329429
2811.9679315 1.01088892709
2811.98836337 1.02855128942
2812.00879525 0.984311166572
2812.02922703 0.984607867887
2812.049659 1.00258968132
2812.07009088 0.991463314996
2812.09052286 0.997187662619
2812.11095464 0.985262224862
2812.13138652 0.985099254083
2812.21311413 1.03754976454
2812.23354591 1.00322709055
2812.25397789 1.0000913454
2812.27440978 1.010239086
2812.29484166 0.995177400229
2812.31527354 1.0086775861
2812.33570542 1.02259958326
2812.3561373 1.01343368163
2812.37656928 1.00526039216
2812.39700107 1.00808374444
2812.41743305 0.987194803794
2812.43786493 0.984857299277
2812.45829672 1.01901520065
2812.4787287 0.999273460433
2812.49916058 0.960792960311
2812.51959237 1.00247691028
2812.54002435 0.966385056092
2812.56045624 0.998987195784
2812.58088822 0.985327534034
2812.60132001 0.963761364061
2812.62175189 0.986661242247
2812.64218378 0.973713903685
2812.68304755 0.972726099741
2812.70347944 1.00324642744
2812.72391133 0.960121411986
2812.74434321 0.968849550722
2812.7647751 0.987452283959
2812.78520699 1.01258860941
2812.80563898 0.982671431859
2812.82607077 1.00088275453
2812.84650266 1.00505477021
2812.86693465 1.00981400899
2812.88736644 0.988736939972
2812.90779833 1.01639964415
2812.92823032 0.996910751113
2812.94866221 0.998744045093
2812.9690941 1.00208841372
2813.03038977 1.0028958089
2813.05082167 1.00075104757
2813.13254934 0.990490820873
2813.2755726 0.967236094539
2813.2960045 0.98262624019
2813.31643639 0.978132156844
2813.33686829 0.960444034269
2813.41859588 1.02857720576
2813.43902778 1.0080232295
2813.45945968 1.0113369736
2813.47989158 0.985497642577
2813.50032347 1.01147622828
2813.52075547 0.98314892628
2813.54118727 0.995908367518
2813.56161917 1.00233096104
2813.58205117 1.00460165741
2813.60248307 0.997646029063
2813.62291488 0.968576878175
2813.68421068 1.01012461837
2813.70464258 1.00947941204
2813.72507449 1.00163785697
2813.74550649 1.00334331554
2813.76593829 0.983215712655
2813.92939363 1.00343110662
2813.94982543 1.01425540046
2813.97025744 1.02960713804
2813.99068935 1.00528785031
2814.01112115 1.03554172091
2814.03155316 1.03306342251
2814.05198497 0.982621791077
2814.07241698 0.985873483961
2814.09284888 0.977595468447
2814.11328069 1.01057016825
2814.1337127 1.00654991385
2814.15414461 0.986121757701
2814.17457652 1.01534373961
2814.19500843 1.01364377231
2814.21544034 1.0085782421
2814.23587235 0.990374269252
2814.25630426 0.997338030412
2814.27673607 1.00717261851
2814.29716808 0.990664197924
2814.3176 0.981095758988
2814.33803181 0.986879154143
2814.35846382 0.986748623425
2814.39932775 0.996908735488
2814.41975956 0.987828929531
2814.44019147 1.0095600829
2814.46062349 0.978388953186
2814.4810553 1.00854552048
2814.50148722 0.990119955847
2814.52191923 1.00245285357
2814.54235105 0.993242440088
2814.56278306 0.98540275369
2814.58321498 0.998874033757
2814.60364679 0.992922770151
2814.64451073 0.982835279419
2814.66494255 1.00574919545
2814.68537456 0.997108930516
2814.70580648 0.99223660979
2814.7262384 1.02103990201
2814.74667032 0.976357467238
2814.76710224 1.00699215694
2814.78753415 1.00387340814
2814.80796607 0.987444676315
2814.82839799 1.00249297079
2814.84882991 1.00413013424
2814.88969376 0.969343976303
2814.97142154 0.980801620298
2814.99185336 0.978251266895
2815.01228539 1.00136920595
2815.03271731 1.02067043135
2815.05314913 0.992051742575
2815.07358116 1.01093593192
2815.09401308 1.00237981729
2815.13487693 1.00730642032
2815.15530886 0.99148402978
2815.17574088 1.00624542353
2815.19617271 0.976455173769
2815.21660463 0.999528334589
2815.23703666 1.01650354377
2815.25746849 1.0011015195
2815.27790051 1.01659876446
2815.29833244 1.01220247999
2815.31876427 0.992254332039
2815.3391963 1.00726376571
2815.38006005 0.964789183915
2815.40049208 1.00786078375
2815.42092391 1.00328137121
2815.44135584 1.00468046469
2815.46178787 0.998984364196
2815.4822198 1.00910614437
2815.50265173 1.00005441151
2815.52308366 0.993117068518
2815.54351559 1.03051399885
2815.56394752 1.01039909502
2815.58437946 1.0050315889
2815.62524342 0.979372132877
2815.64567525 1.00063730056
2815.66610729 1.0019616315
2815.68653922 0.992449090196
2815.70697106 0.988604348954
2815.72740309 0.991601802034
2815.74783502 0.98260459255
2815.76826686 0.972098328266
2815.78869889 0.980200058042
2815.80913083 0.979362726979
2815.82956287 0.995005095276
2815.89085868 0.995303141646
2815.91129051 1.00944384572
2815.93172245 1.02074371667
2815.95215449 0.997779419157
2815.97258633 1.00624299123
2815.99301837 1.0166944269
2816.0134503 1.01816474543
2816.03388224 1.0323083997
2816.05431418 1.01271609
2816.07474602 0.999908072761
2816.11561 1.00891239667
2816.13604195 1.01054122872
2816.15647379 1.00790466232
2816.17690583 1.00154834423
2816.19733777 0.985089782925
2816.31992943 1.0121703234
2816.36079332 0.995070211298
2816.38122536 0.983411930516
2816.40165731 1.01136510361
2816.42208915 0.989258076911
2816.4425212 0.9847618051
2816.46295315 1.0099081624
2816.48338499 0.980057381081
2816.50381704 1.0216382837
2816.52424899 1.00643704093
2816.54468104 0.988592039414
2816.56511288 0.999416433548
2816.60597688 0.99526940925
2816.62640873 1.0176510431
2816.64684068 0.976162996094
2816.66727273 1.02397790662
2816.74900043 0.990261222478
2816.76943248 0.990562378497
2816.78986443 0.965496078512
2816.81029629 0.976301492595
2816.85116029 1.0237214733
2816.87159215 0.986677761538
2816.8920242 1.00539013346
2816.91245615 0.993910290219
2816.93288811 1.00983928974
2816.95332006 1.00414326002
2816.97375202 1.00310673498
2816.99418407 1.01592649732
2817.01461593 1.00077130194
2817.03504788 0.984259129551
2817.05547994 0.994086826111
2817.09634385 1.02395730098
2817.11677581 0.969220687777
2817.13720767 0.994204745021
2817.15763973 1.01654615205
2817.17807169 1.01693663147
2817.19850354 1.01189894438
2817.2189356 0.971585278177
2817.23936756 0.985300020923
2817.28023148 0.989815466007
2817.30066344 0.982130157368
2817.34152736 0.986326382877
2817.36195933 0.991497354306
2817.38239139 1.00711435485
2817.40282325 0.99863840067
2817.42325531 1.00604582665
2817.44368728 1.00090639001
2817.46411914 1.03371259877
2817.4845512 1.01387225647
2817.50498317 1.02776582273
2817.52541503 0.998713362173
2817.5458471 0.988377331857
2817.56627906 0.996676640106
2817.58671093 0.99391448133
2817.60714299 1.01354485742
2817.62757496 1.00657224213
2817.64800702 1.01290711095
2817.66843889 0.992021056612
2817.68887086 1.03875064003
2817.70930293 1.00094853954
2817.72973479 1.00386371907
2817.75016676 0.999442018673
2817.77059883 1.00155598842
2817.7910307 1.01270670158
2817.83189474 0.992682235086
2817.85232661 0.98332333873
2817.91362262 0.99402081716
2817.93405459 0.996276493936
2817.95448656 0.985237474248
2817.97491863 0.993804546809
2817.99535051 1.021532408
2818.17923827 0.984102142977
2818.19967035 1.0026048918
2818.22010233 1.01216821752
2818.2405342 0.995710419288
2818.26096628 1.01108689219
2818.28139826 0.995250921278
2818.30183014 1.01892058994
2818.32226221 0.997753333092
2818.34269419 1.01482660192
2818.36312627 1.04281571392
2818.38355815 1.01510454773
2818.40399013 0.991023326926
2818.42442221 0.99077013754
2818.48571815 0.978824524916
2818.50615003 0.99931364344
2818.52658211 1.00389256977
2818.56744598 1.00519237961
2818.58787806 0.997714367944
2818.60831004 1.0156387426
2818.62874203 1.02082756408
2818.64917401 1.00814408029
2818.669606 1.01648242423
2818.69003798 0.997370561511
