# #0 time, 1 flux
2905.41816297 1.01652456226
2905.43859529 0.99955290039
2905.45902762 1.01257032775
2905.47945994 1.03352587309
2905.49989226 1.02378588983
2905.52032458 1.00715550944
2905.54075691 0.996652896356
2905.58162155 0.983707813715
2905.60205387 1.02061398525
2905.62248629 0.990266215502
2905.64291851 1.02847375665
2905.66335083 1.03177339823
2905.68378324 1.01729989334
2905.70421546 0.999336108473
2905.72464788 1.02323982964
2905.74508019 0.980394871325
2905.76551241 1.0009647802
2905.78594482 0.987004055826
2905.82680935 0.993765430914
2905.84724177 1.00718136844
2905.86767398 0.973468675296
2905.88810639 0.993973662153
2905.9085387 0.984252141459
2905.92897091 0.98760908174
2905.94940322 1.03148022559
2905.96983563 0.99126291382
2905.99026794 1.0126356739
2906.01070025 0.959293610422
2906.07199717 1.01665855325
2906.09242948 1.02283473786
2906.11286179 1.04088948726
2906.13329419 1.00947202363
2906.1537264 0.97804330681
2906.1741587 1.01780084977
2906.1945911 0.96730670226
2906.21502331 0.982121918785
2906.23545561 0.967949670419
2906.25588801 0.96668512353
2906.27632021 0.94935604334
2906.31718491 0.951178169994
2906.33761711 1.03532774433
2906.35804941 0.962179189177
2906.37848181 1.00142367586
2906.39891411 1.01586053771
2906.4193464 0.9935292794
2906.4397787 0.950880827898
2906.460211 0.996562549197
2906.48064329 0.968009043291
2906.50107559 0.991790955258
2906.52150788 0.977125036169
2906.56237247 1.0229498558
2906.58280476 1.0056502564
2906.60323705 0.982048954245
2906.62366935 1.01722978329
2906.80755994 1.00562562275
2906.82799223 1.03381954699
2906.84842451 1.01682744597
2906.8688568 1.0066583493
2906.88928918 1.05225530521
2906.90972137 1.00872860948
2906.93015365 1.01295689903
2906.95058603 1.01513743038
2906.97101831 1.00523844147
2906.9914505 0.985191151544
2907.01188288 0.987398419604
2907.05274734 0.998078007964
2907.07317971 0.973133374725
2907.09361199 1.0018331162
2907.11404417 0.959805273458
2907.13447655 1.00692918458
2907.15490882 0.947110882747
2907.175341 0.979238494783
2907.19577338 0.945939431527
2907.21620565 0.946758716923
2907.23663793 0.959916306304
2907.2570702 0.970600862167
2907.35923146 0.990207561201
2907.37966383 1.00972523665
2907.4000961 1.01495733445
2907.42052837 0.999694420707
2907.44096064 0.967923191238
2907.46139291 1.0576150967
2907.48182528 1.40667344038
2907.50225744 1.01503301184
2907.52268971 0.997204124597
2907.54312208 1.00913338295
2907.56355424 0.992791003624
2907.58398651 0.999825078823
2907.60441887 0.95137363105
2907.62485103 0.959292903603
2907.6452833 0.939079521685
2907.66571566 0.963033503147
2907.7474446 0.926625747245
2907.78830922 1.01151651382
2907.80874148 0.993489811271
2907.82917364 0.96530338328
2907.849606 1.01270902567
2907.87003825 0.95587889753
2907.89047041 1.03561814931
2907.91090277 1.04936729626
2907.93133502 0.913177089547
2907.95176718 0.977161901695
2907.97219953 0.97874310166
2907.99263178 0.941812616858
2908.03349629 0.972356689887
2908.05392854 1.00659372692
2908.07436069 1.2177182565
2908.09479304 1.03086109502
2908.11522519 1.01712212903
2908.13565744 0.983226456197
2908.15608979 0.997260280588
2908.17652204 1.02908128874
2908.19695429 0.983214560256
2908.21738654 0.975942696476
2908.23781878 1.02244542437
2908.27868328 1.01995390422
2908.29911552 1.00500466535
2908.31954787 1.07013256167
2908.33998001 1.00733469779
2908.36041225 1.00529536142
2908.3808446 0.987378015536
2908.40127674 1.02014828023
2908.42170898 1.00774059816
2908.44214132 1.01060502297
2908.46257346 1.00076054579
2908.4830057 1.01636282873
2908.52387018 1.03569937535
2908.54430242 1.03199408723
2908.56473476 1.04449472405
2908.5851669 1.01273572234
2908.60559913 1.04590955929
2908.62603147 1.01603933086
2908.64646371 1.02357269403
2908.66689584 1.01239857209
2908.68732818 0.975613705771
2908.70776041 0.980842539623
2908.72819254 0.959992857729
2908.74862488 0.983718432603
2908.76905711 0.985685200545
2908.78948924 0.963804375143
2908.80992157 0.996961785102
2908.8303538 0.976484608125
2908.85078593 0.975252078057
2908.87121826 0.94953851997
2908.89165039 1.00261365621
2908.91208262 0.919341390427
2908.93251495 0.905690668704
2908.95294707 0.912863718216
2908.9733793 0.880602506101
2909.01424385 0.968066635041
2909.03467608 1.02391667589
2909.0551083 1.06381587024
2909.07554053 1.05066683953
2909.09597275 1.00236537515
2909.11640497 1.02826726251
2909.1368372 0.978528130649
2909.15726952 1.0309353734
2909.17770164 0.986251998534
2909.19813386 0.967886518584
2909.21856618 0.975230966884
2909.25943052 0.990393173032
2909.27986284 1.02612743412
2909.30029496 0.95963042762
2909.32072717 0.972365358334
2909.34115949 0.966140098307
2909.36159161 0.967875127996
2909.38202382 1.00629481303
2909.40245614 0.952225066541
2909.42288825 0.996841088843
2909.44332047 0.96309156152
2909.46375278 0.966660186537
2909.50461711 1.03670908988
2909.52504942 1.01422016817
2909.54548163 1.02613372291
2909.56591374 1.01792550138
2909.58634605 0.989678836416
2909.60677816 1.00538590889
2909.62721037 0.998194649784
2909.64764268 1.01311070959
2909.66807479 0.998304654377
2909.688507 0.994901447568
2909.7089393 0.974402780501
2909.74980362 0.996778645265
2909.77023592 1.01007765987
2909.79066803 1.05574578869
2909.81110023 1.04965940888
2909.83153253 0.988706627287
2909.85196474 0.97898082145
2909.87239684 1.01152659451
2909.89282914 1.04540454025
2909.91326134 1.01208153876
2909.93369344 1.04002281211
2909.95412575 1.0461190237
2909.99499004 0.962902504428
2910.01542234 1.0167040698
2910.03585454 0.990423165809
2910.05628684 0.987165452188
2910.07671894 1.02236867712
2910.09715113 0.997210220229
2910.11758343 1.00222324864
2910.13801553 0.976892153988
2910.15844772 0.972912980406
2910.17888002 0.963564232086
2910.19931211 0.948682406213
2910.2401766 1.02524567671
2910.26060869 0.992132117823
2910.28104088 1.01799583424
2910.30147317 0.978875344795
2910.32190526 1.03956853943
2910.34233745 1.04085912789
2910.36276974 0.961387390245
2910.38320183 1.00042733413
2910.40363402 0.962547352354
2910.42406631 1.00229118826
2910.44449839 0.942114712403
2910.48536287 1.02244713995
2910.50579495 1.04279059229
2910.52622714 1.03624524238
2910.54665942 1.05296393556
2910.56709151 1.01070303385
2910.58752369 1.00844390188
2910.60795597 0.990752323449
2910.62838806 1.01124036914
2910.64882024 1.0091190337
2910.66925252 0.960598615972
2910.6896847 1.02932507227
2910.73054906 0.978718360936
2910.75098124 0.950767330723
2910.77141332 1.03774375948
2910.7918456 1.18760533538
2910.81227778 0.975531158801
2910.83270985 0.997147740159
2910.85314213 0.988389683686
2910.87357431 0.989053851478
2910.89400638 0.977338160507
2910.91443866 0.975133124787
2910.93487083 0.97527605983
2910.97573518 1.0676865343
2910.99616735 1.00916079691
2911.01659952 1.00723820938
2911.0370317 1.03952881952
2911.05746387 1.02154755237
2911.07789604 1.04377944187
2911.09832821 1.00709652308
2911.11876038 1.02215985675
2911.13919255 1.05791070206
2911.15962472 0.970524015226
2911.18005688 1.0037418227
2911.22092122 1.04707130071
2911.24135339 0.999626676893
2911.26178565 1.02373461556
2911.28221772 1.03783621323
2911.30264988 0.990147131075
2911.32308215 1.00429724894
2911.34351421 0.988980210567
2911.36394637 1.07220280656
2911.38437864 1.00741463254
2911.4048107 0.994823414189
2911.42524286 0.998037104291
2911.44567512 1.00387674463
2911.46610718 0.961071528407
2911.48653934 1.03312222931
2911.5069716 0.977083117394
2911.52740376 0.971124223147
2911.54783582 0.97230913699
2911.56826808 0.977930547045
2911.58870023 0.990072998436
2911.60913229 0.933087853273
2911.62956455 1.00817988995
2911.6499967 0.913529088306
2911.67042876 0.95011897286
2911.71129317 0.996652395025
2911.73172522 1.00389643055
2911.75215747 0.992299938196
2911.77258963 0.9772897576
2911.79302168 1.01364077971
2911.81345393 0.973561758912
2911.83388608 0.978155590234
2911.85431813 0.995899852955
2911.89518253 0.985017860303
2911.91561468 0.988844140744
2911.93604683 0.997975636443
2911.95647898 0.987805135759
2911.97691102 0.98807919738
2911.99734327 0.973518443596
2912.01777542 0.96587236161
2912.03820746 1.03279817806
2912.05863971 1.02056203538
2912.07907185 0.985063742488
2912.0995039 0.983551219894
2912.14036828 0.990672409496
2912.16080033 1.02173127164
2912.18123257 1.01143931492
2912.20166471 0.987155868038
2912.22209685 0.956502436855
2912.24252899 0.988680563052
2912.26296113 0.952873961747
2912.28339327 1.00522072364
2912.30382541 0.968040065488
2912.32425755 0.967962683437
2912.36512192 0.972576427132
2912.38555396 1.03641487607
2912.40598609 1.04682031271
2912.44685037 1.02408735967
2912.4672826 1.00551998745
2912.48771473 0.979966407486
2912.50814677 1.01219889854
2912.528579 1.01993985795
2912.54901113 1.05310225177
2912.56944317 1.03994767647
2912.5898754 1.04997065676
2912.61030743 1.01933385993
2912.63073956 0.987845944724
2912.65117179 1.03781441955
2912.67160382 1.01828996888
2912.69203595 0.993894440661
2912.71246818 1.03218110212
2912.7329003 1.01870941322
2912.75333233 1.00680581721
2912.77376456 1.03839596525
2912.79419668 1.00270407641
2912.81462871 0.989954906217
2912.83506093 1.00636493388
2912.85549306 0.995396764939
2912.87592508 0.981296993142
2912.89635731 1.01795666827
2912.91678943 1.00600883946
2912.93722145 1.00895659711
2912.95765368 1.01521438169
2912.9780858 1.01106600665
2912.99851782 0.990431262759
2913.01895004 0.987849117373
2913.03938216 0.965039270128
2913.05981428 0.986514286544
2913.0802464 0.966991587822
2913.10067852 0.998308469967
2913.12111063 0.96603299912
2913.14154275 0.982567151046
2913.18240698 1.00534432389
2913.2028392 1.02598647507
2913.22327122 0.954070316959
2913.24370333 0.997913351011
2913.26413554 1.04798971536
2913.28456756 1.04095800673
2913.30499967 1.03421115889
2913.32543188 1.00303718181
2913.3458639 0.986069610372
2913.36629601 1.07694908856
2913.44802445 1.00991067335
2913.46845656 0.996438666165
2913.48888867 1.03858500796
2913.50932078 1.09007338014
2913.52975288 0.978239552437
2913.55018499 0.994032192328
2913.5706172 0.996735061277
2913.5910492 0.998641751496
2913.61148141 0.918307611929
2913.63191351 1.049632072
2913.67277772 1.00354679484
2913.69320983 1.03197214344
2913.71364183 1.00099576882
2913.73407403 1.07721120695
2913.75450613 1.00429941619
2913.77493813 1.05295453644
2913.79537033 0.999426049191
2913.81580244 1.01257101019
2913.83623444 1.01833411525
2913.85666663 1.02173916098
2913.87709873 0.997888437181
2913.89753083 1.03797378424
2913.91796293 1.02715235316
2913.93839503 1.04507153718
2913.95882712 1.02928480447
2913.97925922 1.00355627724
2913.99969132 1.02409979543
2914.02012341 1.01184987537
2914.04055561 1.07792523217
2914.0609876 0.985978572496
2914.08141969 1.02687010663
2914.10185179 1.00082999815
2914.12228388 0.997737640463
2914.14271597 0.982283646834
2914.16314806 1.02782461273
2914.18358015 0.981963626589
2914.20401214 0.960683696549
2914.22444434 1.00572539487
2914.24487642 1.01634893641
2914.26530851 0.991124154679
2914.2857406 0.957232508426
2914.30617269 0.972115320666
2914.32660478 0.970500502108
2914.34703687 0.976554101849
2914.36746895 0.969984564293
2914.38790104 0.977757726282
2914.40833322 0.979471010161
2914.42876521 0.976285641624
2914.44919729 0.998684587205
2914.46962948 0.9607454993
2914.49006146 0.950331081491
2914.51049354 0.985529287351
2914.53092573 0.977185351586
2914.55135771 0.98401252305
2914.57178979 0.947698918309
2914.59222197 0.988522623876
2914.61265395 0.992499090535
2914.65351821 1.01524922629
2914.67395019 1.03133363349
2914.69438227 1.02767809865
2914.71481445 1.00656419599
2914.73524652 1.03289878942
2914.7556786 0.966743466511
2914.77611068 1.02277049731
2914.79654275 1.01063018138
2914.81697483 0.993655233783
2914.8374069 1.00813929299
2914.85783898 1.02344585774
2914.87827105 0.979012703344
2914.89870312 1.0368925321
2914.9191352 0.982582694718
2914.93956727 1.00967339169
2914.95999934 0.980612829418
2914.98043131 0.957685009748
2915.06215969 0.978506856871
2915.08259176 1.0002159779
2915.10302383 0.986375302499
2915.16432003 0.975320480353
2915.1847521 1.0158365714
2915.20518416 1.00661176496
2915.22561623 1.00586216889
2915.24604839 0.958358244387
2915.26648036 0.979483203095
2915.28691242 1.02324552416
2915.30734459 1.00399083228
2915.32777655 1.00448932847
2915.34820861 0.96017393451
2915.36864077 1.00167025843
2915.38907273 1.01507517247
2915.4095048 1.02988762275
2915.42993696 0.993927854487
2915.45036892 0.985247649667
2915.47080098 1.00130304818
2915.49123313 1.01095458338
2915.51166509 0.958088005784
2915.53209715 0.998268231401
2915.55252931 0.98104072998
2915.57296136 1.01545475811
2915.59339332 1.02388734218
2915.61382548 1.03321861946
2915.63425753 0.980265498078
2915.71598565 0.957604939795
2915.7364178 0.999212716934
2915.75684975 0.973037824646
2915.77728181 0.993707377857
2915.79771396 1.01681951378
2915.81814591 0.97434075658
2915.83857796 1.03999307326
2915.85901011 1.01152272677
2915.87944206 0.987395271243
2915.89987421 0.987028686137
2915.92030625 0.996802402352
2915.9407383 1.01869134296
2915.96117035 1.00433952624
2915.9816024 1.01898093644
2916.00203444 0.97295492256
2916.02246649 1.02581818601
2916.04289853 1.00219703927
2916.06333058 0.99977258155
2916.08376272 0.961802299829
2916.10419467 0.984749677404
2916.12462671 1.00839437753
2916.14505885 1.01221844172
2916.1654908 1.0243758807
2916.18592284 0.988506789018
2916.20635498 0.991353315521
2916.22678692 1.01568448554
2916.24721896 0.987575173227
2916.32894722 1.02257410366
2916.34937916 1.03380057827
2916.36981119 1.06082686422
2916.39024323 1.04337309645
2916.41067537 1.00105473473
2916.4311073 0.977588131624
2916.45153944 1.02388505951
2916.47197137 1.01154533429
2916.49240341 1.01778482998
2916.51283554 0.970824013083
2916.53326748 0.966553392542
2916.55369951 0.99708208119
2916.57413164 0.995039857087
2916.59456358 1.00047048442
2916.61499561 1.03439599387
2916.63542774 0.9642405072
2916.65585967 0.996535482041
2916.6762917 1.00936045841
2916.69672383 0.978984854129
2916.71715576 1.01282625695
2916.73758779 1.01907291763
2916.75801991 1.0067076512
2916.77845194 0.978911439826
2916.79888387 1.02066873821
2916.819316 0.975046514146
2916.83974802 0.992464637921
2916.86017995 1.00306640838
2916.88061207 1.00326104699
2916.9010441 0.988564903258
2916.92147622 1.01029769056
2916.94190815 0.967925737779
2916.96234017 0.957553098378
2916.98277229 1.00379568431
2917.00320422 0.920558279336
2917.02363624 0.974106417812
2917.04406836 0.98403164549
2917.06450028 1.15174569341
2917.10536432 1.02627835687
2917.12579634 0.986361218091
2917.14622836 1.04502778743
2917.16666038 0.996815252218
2917.1870924 1.01938713571
2917.20752441 1.03815452625
2917.22795643 1.00077918977
2917.24838845 1.02384920552
2917.26882046 0.980767037234
2917.28925258 0.983686151528
2917.30968449 1.01208891198
2917.33011651 1.02388026881
2917.35054862 0.986927251277
2917.37098054 0.988913640238
2917.39141255 1.00155368838
2917.41184466 1.00937993013
2917.43227657 1.04016156679
2917.45270859 1.07782406807
2917.4731407 1.00844449308
2917.49357261 0.99064931665
2917.51400462 1.04879739799
2917.53443673 1.00100208715
2917.55486864 1.0082449401
2917.57530065 0.986703773695
2917.59573276 1.00988270538
2917.61616476 1.00585521403
2917.63659667 0.9836885082
2917.65702878 0.980331825227
2917.67746078 0.970443096889
2917.69789269 1.01184580656
2917.7183248 0.963591329589
2917.7387568 0.970290837568
2917.75918871 0.999470086824
2917.77962081 1.01052740005
2917.80005281 1.05080746931
2917.82048472 1.00530550517
2917.84091682 0.98903784369
2917.86134882 1.00029851912
2917.88178072 0.959091393082
2917.90221282 0.944085613876
2917.92264483 1.01091066247
2917.94307683 0.994108468513
2917.96350883 0.961570007444
2917.98394082 0.983400914672
2918.00437282 1.00284616166
2918.02480482 0.973130753916
2918.04523682 0.943648894939
2918.08610081 1.10787449144
2918.10653281 0.921888238628
2918.12696491 1.01941199589
2918.1473968 1.00225433652
2918.1678288 0.994380089705
2918.18826089 0.975701980265
2918.20869279 0.998155477832
2918.22912478 0.958618394259
2918.24955687 1.0137530933
2918.26998877 1.20351149572
2918.29042076 0.985125055944
2918.33128474 1.025363031
2918.35171673 1.0111775711
2918.37214882 0.98455651881
2918.39258071 1.03669727196
2918.4130127 0.977818349239
2918.43344479 1.0020093207
2918.45387678 1.02778702408
2918.47430867 1.01378962407
2918.49474075 1.03398774744
2918.51517274 0.997398618003
2918.53560463 0.968880409095
2918.55603671 0.975801094649
2918.5764687 1.04501750397
2918.59690058 0.988630309713
2918.61733267 1.08125877942
2918.63776465 1.01954727838
2918.65819654 1.00290778188
2918.67862862 1.0539438997
2918.6990605 1.03980698134
2918.71949248 1.00648493599
2918.73992457 1.00006234356
2918.76035645 0.996486981678
2918.78078843 0.987037596356
2918.80122051 1.04124318118
2918.82165249 0.988913644949
2918.84208437 0.985086238502
2918.86251645 0.997535904071
2918.88294843 0.934785118334
2918.9033803 0.987969250885
2918.92381238 0.924746331844
2918.94424436 0.942671989309
2918.96467624 0.963767865602
2918.98510831 0.954211409418
2919.00554029 0.927429905036
2919.02597236 0.970804000696
2919.06683621 0.980835208803
2919.08726829 1.02905916678
2919.10770016 0.992983560235
2919.12813213 0.997646594298
2919.1485642 1.06543716967
2919.16899608 1.00987305703
2919.18942805 0.990656434232
2919.20986012 0.998593855644
2919.23029199 1.01204215607
2919.25072396 0.976077954281
2919.27115603 0.96556268561
2919.31201987 0.977817282514
2919.33245194 1.00323289829
2919.3528839 0.976717726706
2919.37331577 0.985853550254
2919.39374784 1.03216834929
2919.41417981 0.964544180943
2919.43461167 1.03637681878
2919.45504374 1.00643441979
2919.4754756 1.07010057295
2919.49590757 0.995621921004
2919.51633963 1.04421614056
2919.53677149 1.23323773518
2919.55720346 1.09930408837
2919.57763552 1.03135865539
2919.59806738 0.965155723172
2919.61849934 1.04369773315
2919.63893141 1.04890935391
2919.65936337 1.03718988156
2919.67979523 1.01766096079
2919.70022729 1.02306762081
2919.72065925 1.00370203422
2919.74109111 1.01870420559
2919.76152316 1.04147403142
2919.78195512 1.00005898738
2919.80238698 1.03953216354
2919.82281904 0.985991338575
2919.84325099 1.02970680081
2919.86368285 1.01264274238
2919.88411491 0.985726013319
2919.90454686 0.995343019691
2919.92497872 1.05244132695
2919.94541077 1.03001558473
2919.96584273 1.01647019685
2919.98627458 1.05389302567
2920.00670663 1.0196490636
2920.02713858 1.03612534347
2920.04757064 1.0318373951
2920.06800249 1.00178370153
2920.08843444 1.00808588431
2920.10886639 0.967418679486
2920.12929844 1.04514228715
2920.14973029 0.997669519778
2920.17016224 0.990055196099
2920.19059419 1.0015507372
2920.21102614 0.971386323843
2920.23145819 0.947292926955
2920.25189003 0.932964559992
2920.29275403 0.987381488042
2920.31318587 1.02308509182
2920.33361782 0.936801053938
2920.35404987 1.01005766335
2920.37448171 0.98191429219
2920.39491366 0.976577326389
2920.4153457 0.943332549021
2920.43577754 0.934498558727
2920.45620949 0.943826932585
2920.57880114 0.974769482368
2920.59923318 0.986887926977
2920.61966511 1.0556522761
2920.64009695 1.19695836404
2920.66052899 0.985127208229
2920.68096093 1.03253779897
2920.70139277 1.04118600941
2920.72182481 1.02917591419
2920.74225674 0.996862838599
2920.76268858 1.00680926454
2920.78312061 1.02772933194
2920.80355255 1.00979621651
2920.82398439 1.00118515548
2920.84441642 0.996210156139
2920.86484835 0.972641428071
2920.88528029 0.951605124042
2920.90571222 0.995022667553
2920.92614415 0.979263577005
2920.94657599 1.00866384763
2920.96700802 0.967739799368
2920.98743995 0.966357248482
2921.02830381 1.0005322038
2921.04873574 0.982682888557
2921.06916757 0.976944570172
2921.0895996 0.966229761681
2921.11003153 0.986883623118
2921.13046336 1.03488289324
2921.15089538 1.01453225304
2921.17132731 0.96956029591
2921.19175934 1.01703284779
2921.21219117 0.99584159955
2921.23262309 0.99669326989
2921.25305512 1.07043578891
2921.27348694 1.01622635216
2921.29391887 0.980626032271
2921.31435089 1.02107611183
2921.33478282 0.974392658471
2921.35521464 1.03137631684
2921.37564666 1.01656982536
2921.39607858 1.02505641575
2921.41651041 1.00045026246
2921.43694243 1.022122038
2921.45737435 1.01592976782
2921.47780617 1.05289879197
2921.49823238 1.01309392548
2921.51867008 0.980828455179
2921.5391019 1.00559729311
2921.55953392 1.00043230604
2921.57996584 0.993264515049
2921.60039766 0.954058572874
2921.62082968 1.01345136955
2921.64126159 0.963128831351
2921.66169341 1.00521516507
2921.68212543 0.966886688946
2921.70255734 0.953662434791
2921.72298926 0.954554106647
2921.76385309 1.00822240846
2921.784285 0.991784676644
2921.80471702 0.994752609682
2921.82514883 1.02596554881
2921.84558074 1.02619287879
2921.86601275 1.01138552268
2921.88644457 1.01015905665
2921.90687648 0.973963466551
2921.92730849 0.971844275527
2921.9477403 0.989303479818
2921.96817221 0.980979235808
2922.00903603 1.04250051562
2922.02946794 0.999220740721
2922.04989985 1.00137874463
2922.07033175 1.01598164343
2922.09076366 1.00075622262
2922.11119557 1.0468228384
2922.15205938 0.993466925701
2922.17249139 0.995208440997
2922.19292319 1.01195812159
2922.2133552 0.975401504131
2922.25421891 0.962604256
2922.27465091 1.02441453226
2922.29508281 1.04222006771
2922.31551462 1.04756348593
2922.33594662 1.01245036427
2922.35637852 1.03178513829
2922.37681032 1.02705209024
2922.39724232 0.994584414987
2922.41767422 1.01043392113
2922.43810602 1.01687169716
2922.45853802 1.01958371545
2922.47896992 1.08095930733
2922.49940172 1.03589378848
2922.51983372 0.95675929155
2922.54026562 1.0176301557
2922.56069752 1.37071203099
2922.58112941 0.956275030341
2922.60156131 0.973591863003
2922.62199321 1.01355485871
2922.6424252 0.960805449607
2922.662857 0.951196429589
2922.68328889 0.952543690038
2922.70372089 0.882187229293
2922.74458457 0.995181354413
2922.76501657 0.976397180777
2922.78544836 1.00165989883
2922.80588025 0.955326158083
2922.82631215 0.95555206449
2922.84674404 0.981844928927
2922.86717593 1.01506552787
2922.88760782 0.930009617186
2922.90803971 0.93920717177
2922.9284716 0.864592136142
2922.94890349 0.88828949315
2923.01019925 1.00824659636
2923.03063104 1.00419938295
2923.05106293 1.00161128242
2923.07149492 1.02489308657
2923.0919267 1.04429929079
2923.11235859 1.0009158472
2923.13279057 1.02050632514
2923.15322236 0.98069211102
2923.17365434 0.98037235677
2923.19408623 0.989310592139
2923.23495 1.01501163988
2923.25538188 1.05503544319
2923.27581366 1.02626266222
2923.29624564 1.01233837111
2923.31667752 1.04819926222
2923.33710931 1.01323369249
2923.35754129 1.0331274048
2923.37797317 1.01190703861
2923.39840505 0.991407395933
2923.41883693 0.99478789824
2923.43926881 1.06449739995
2923.45970069 1.03986379432
2923.48013266 1.01713085923
2923.50056444 1.01098515161
2923.52099632 0.999297911464
2923.5414282 1.04188795837
2923.56186007 1.02921289455
2923.58229195 0.992364186509
2923.60272383 1.00021136828
2923.6231557 0.991778061479
2923.64358758 1.02158888777
2923.66401945 0.97610403683
2923.68445132 0.988633045611
2923.72531507 1.047046839
2923.74574694 1.00894714653
2923.76617882 1.03370510996
2923.8479064 1.00018998646
2923.86833817 0.987935487465
2923.88877004 1.00401379902
2923.90920201 1.03201554509
2923.92963378 1.02187451582
2923.95006565 0.99623796316
2923.97049762 0.999814468398
2923.99092939 1.0012087304
2924.01136125 1.00660047507
2924.03179322 0.990313763789
2924.05222499 0.987129525627
2924.07265685 0.973492042285
2924.09308882 0.895466007894
2924.11352059 0.963139620535
2924.13395255 0.921598292125
2924.15438442 0.840134408851
2924.17481618 0.881160857824
2924.21568001 1.02974405214
2924.23611187 1.04560703913
2924.25654373 1.02609090002
2924.27697559 1.00539393968
2924.29740746 1.01390759695
2924.31783932 0.988554435362
2924.33827118 1.08489405866
2924.35870304 0.988440537474
2924.3791349 1.01684992547
2924.39956676 1.03395620788
2924.41999852 1.00052756291
2924.46086233 1.01282545797
2924.48129409 1.00518863784
2924.50172605 1.01309348694
2924.52215791 1.00335254018
2924.54258966 1.0429730637
2924.56302162 1.01197130075
2924.58345348 0.98594884828
2924.60388533 1.01790649441
2924.62431719 0.999932593569
2924.64474904 1.01084219306
2924.6651809 0.998664316406
2924.7060446 1.02892927728
2924.74690841 1.0143278017
2924.76734016 1.01181711773
2924.78777201 0.984279643163
2924.80820396 0.950328981203
2924.82863571 0.971118493898
2924.84906757 0.915183959401
2924.86949952 0.928109678108
2924.88993127 0.865434828281
2924.91036311 0.857010999124
2924.95122681 1.01903291714
2924.97165866 0.971699046836
2924.99209061 0.966491142752
2925.01252236 1.00608509814
2925.0329543 0.99083759143
2925.05338615 0.98982493539
2925.07381799 0.951963884214
2925.09424984 1.00843215021
2925.11468169 0.948190470268
2925.13511343 0.978609170133
2925.15554537 1.12242423565
2925.19640896 1.03071675659
2925.21684091 0.980893957002
2925.23727275 1.06105054899
2925.25770449 0.98184381455
2925.27813643 1.00787433087
2925.29856828 1.00935236567
2925.31900002 1.01258453631
2925.33943196 0.977826544411
2925.3598638 1.02086062591
2925.38029554 1.03060306804
2925.40072748 1.01417480729
2925.42115932 1.12061995381
2925.44159116 1.03711737389
2925.46202299 0.958301105126
2925.48245483 0.951686399057
2925.50288667 1.01361801283
2925.52331861 0.968096343901
2925.54375034 0.99513947539
2925.56418218 0.965055719513
2925.58461412 0.981301432549
2925.60504585 0.916595770636
2925.62547769 0.950891849479
2925.64590962 0.919456898011
2925.68677319 1.04336873079
2925.70720512 0.959083292226
2925.72763686 1.02704054082
2925.74806869 1.03520201395
2925.76850062 1.00915680722
2925.78893235 0.987639389738
2925.80936419 0.963092959857
2925.82979602 0.987308304298
2925.85022785 0.94854515179
2925.87065968 0.956280938034
2925.89109151 0.924032821385
2925.93195527 0.980612851372
2925.9523871 1.01805612626
2925.97281883 1.03052893807
2925.99325075 1.01717865836
2926.01368258 1.04336001877
2926.03411431 1.01432785243
2926.05454624 1.00611431637
2926.07497806 1.01140308511
2926.09540979 1.0466158886
2926.11584171 1.02906597955
2926.13627354 0.999658082951
2926.15670526 1.01248704273
2926.17713719 0.958568107878
2926.19756901 0.975181268678
2926.21800074 1.00872059567
2926.23843266 1.02231284866
2926.25886448 0.964415045836
2926.27929631 0.980764242682
2926.29972813 0.981546429359
2926.32015995 0.997586561079
2926.34059177 0.895134450091
2926.36102369 0.893139195825
2926.38145541 0.863975559737
2926.42231915 1.05361154103
2926.44275087 1.0017908261
2926.46318269 1.01574621449
2926.48361461 0.967629079758
2926.50404633 1.00194282776
2926.52447815 0.938958784941
2926.54490996 1.0182242537
2926.56534178 0.976783978063
2926.5857736 0.952337511171
2926.60620541 0.933196197323
2926.62663723 0.9520704506
2926.66750086 1.02447101036
2926.68793268 1.00069525342
2926.70836449 1.02333583459
2926.7287963 0.976971845146
2926.74922812 1.00271570266
2926.76965993 1.02571761578
2926.79009184 0.947500996894
2926.81052356 1.02896854129
2926.83095547 1.00019195042
2926.85138728 1.01510491349
2926.87181899 1.02172838309
2926.91268271 1.04325814385
2926.93311442 0.973177594803
2926.95354633 1.05890473951
2926.97397814 0.994504186227
2926.99440985 0.963810857646
2927.01484176 1.03830876653
2927.03527357 1.05657631276
2927.05570528 0.984637114615
2927.07613718 1.03151474845
2927.09656899 1.1523791784
2927.1170008 1.0203959976
2927.1374326 1.03549581812
2927.15786441 1.00878150853
2927.17829621 1.01193273793
2927.19872812 1.02689418794
2927.21915982 0.977196462209
2927.23959163 0.993337410959
2927.26002353 0.99666610403
2927.28045524 1.00342718758
2927.30088704 0.964028151443
2927.32131884 0.929666661718
2927.34175064 0.983556557701
2927.36218245 0.941964924507
2927.40304605 0.952498680392
2927.42347775 0.946334383369
2927.44390965 0.986336974688
2927.46434145 0.99343287848
2927.48477325 0.985722427371
2927.50520505 1.01905343612
2927.52563685 1.04507264162
2927.54606865 0.98215438838
2927.56650045 0.962194040515
2927.58693224 0.980372791809
2927.60736404 1.04066942959
2927.62779594 1.0237239179
2927.64822764 1.01261600279
2927.66865953 1.02383103149
2927.68909133 1.03672112946
2927.70952302 1.00134575463
2927.72995492 1.0301637278
2927.75038671 1.018412867
2927.77081841 1.26412205355
2927.7912503 0.997846596462
2927.8116821 0.983187906395
2927.83211379 0.955576657904
2927.85254568 1.01396659564
2927.89340917 0.968119543351
2927.91384106 0.941334512928
2927.95470464 1.00460410284
2927.97513643 0.993964394526
2927.99556822 0.994904876619
2928.01600001 0.996591249001
2928.0364318 1.03368429219
2928.05686359 1.0077761845
2928.07729538 0.99064799765
2928.09772717 1.01724102264
2928.11815896 1.05594221644
2928.13859065 1.02153610917
2928.15902253 0.983255343886
2928.17945432 1.00979236213
2928.19988601 1.01159495724
2928.22031789 1.04272867128
2928.24074968 1.07429381855
2928.26118137 1.02821982034
2928.28161325 0.977758797916
2928.30204504 0.94516470396
2928.32247682 0.985751871491
2928.3429086 0.919921083253
2928.38377217 0.972009941515
2928.40420395 0.976634231968
2928.42463574 1.02300368463
2928.44506752 0.995205620955
2928.4654994 0.968794914691
2928.48593108 1.01688865318
2928.50636296 1.05936477105
2928.52679474 0.981855230614
2928.54722642 1.00342608771
2928.5676583 1.06315815506
2928.58809008 0.982860260552
2928.60852176 1.02180911876
2928.62895364 1.04009094137
2928.64938542 1.00364998097
2928.6698171 0.968410332668
2928.69024898 0.99562568259
2928.71068075 1.0025023914
2928.73111243 0.967934692113
2928.75154431 0.953027223759
2928.77197608 0.933648497143
2928.81283964 0.91736322516
2928.83327141 0.898494859282
2928.87413496 1.04335753804
2928.89456673 1.06051962283
2928.91499841 0.985315444172
2928.93543028 1.07959046528
2928.95586206 0.993263041948
2928.97629373 1.04218251411
2928.9967256 1.00227343691
2929.01715737 1.03858565882
2929.03758904 1.00678802643
2929.05802092 0.975585017516
2929.07845269 0.977009142347
2929.11931623 0.993858132952
2929.139748 0.993291811164
2929.16017977 1.00456586318
2929.18061154 1.00331757961
2929.2010433 0.988223637742
2929.22147507 0.984110482735
2929.24190684 1.01886585082
2929.26233861 1.20786120875
2929.28277038 1.01458334684
2929.30320224 0.994546758819
2929.32363391 1.04489162529
2929.36449754 1.00005533242
2929.38492921 1.00598401736
2929.46665637 1.0372742107
2929.48708813 0.985505224505
2929.50751979 1.01595349512
2929.52795166 1.01819501051
2929.54838332 0.965497269855
2929.56881508 1.05486787247
2929.58924694 0.987410280842
2929.6096786 1.00935963705
2929.63011037 0.99088595287
2929.65054223 1.03016850119
2929.67097399 0.953071352966
2929.69140565 0.99985440312
2929.71183751 1.01598933623
2929.73226927 1.01165203711
2929.75270093 0.98358378098
2929.77313278 0.966193893685
2929.79356454 1.00936471153
2929.8139962 0.955896961387
2929.85485982 1.02214642323
2929.87529147 1.01687010069
2929.89572333 1.01841346713
2929.91615509 1.02031734591
2929.93658674 0.989599483727
2929.9570186 1.04668619571
2929.97745035 1.00681939624
2929.99788211 0.984983066963
2930.01831386 1.02418435368
2930.12047273 1.00679276122
2930.14090448 0.99746773237
2930.16133613 0.992296854942
2930.18176799 0.989941285928
2930.26349499 1.0550705754
2930.28392664 1.0665043148
2930.38608538 0.993539748413
2930.40651713 1.06757594992
2930.42694898 1.0015419546
2930.50867597 1.01517438215
2930.52910761 0.980224326196
2930.54953946 1.03164358092
2930.5699712 0.992079181277
2930.59040285 0.994685517594
2930.61083469 0.975906502703
2930.63126644 1.02384321662
2930.65169808 0.939211121233
2930.67212992 0.898391418908
2930.69256167 0.907930597603
2930.71299331 0.847934179104
2930.73342515 0.785543035148
2930.75385689 0.780614702524
2930.77428853 0.782268338441
2930.79472038 0.706320096803
2930.83558386 1.03479893834
2930.8560156 1.05033934255
2930.87644734 1.0060607509
2930.89687908 1.05918541504
2930.91731082 1.0434187249
2930.93774256 1.0115806697
2930.95817439 1.04813923063
2930.97860613 1.03284976334
2930.99903777 0.958591490517
2931.01946961 0.942213404574
2931.03990125 0.951365726307
2931.08076482 1.03480818848
2931.10119646 1.03382736477
2931.12162819 1.02006732406
2931.14206003 1.01397681751
2931.16249166 1.01822201063
2931.1829234 1.0571492285
2931.20335523 0.962579537113
2931.22378687 1.0292534831
2931.2442186 1.03328966655
2931.32594563 0.970534998263
2931.34637736 1.02462835095
2931.366809 0.993544049264
2931.38724083 0.986146870084
2931.40767256 0.970423058949
2931.42810419 0.915135352286
2931.44853602 0.996122912257
2931.46896775 0.935503192053
2931.48939938 0.958058427832
2931.50983121 0.878728314935
2931.53026294 0.765658040372
2931.5711264 1.01352509839
2931.59155812 1.02194750697
2931.61198975 1.05917699893
2931.63242158 1.02620980796
2931.65285331 1.07663003592
2931.67328503 1.00617613156
2931.69371676 1.07284548045
2931.71414849 1.01260167234
2931.73458021 1.02070492505
2931.75501194 0.986613746552
2931.77544366 0.96562157379
2931.81630711 1.02944456751
2931.83673884 0.973369614997
2931.85717066 1.0010197475
2931.87760228 0.987770396055
2931.89803401 0.998514843772
2931.91846583 1.05659098551
2931.93889745 1.02727842801
2931.95932917 1.03341945983
2931.979761 0.977409382819
2932.00019262 1.05116549667
2932.02062434 0.987277937655
2932.06148778 0.989209432387
2932.0819195 1.00896718841
2932.10235132 0.983130243536
2932.12278294 1.04463516508
2932.14321466 1.07144771137
2932.16364648 1.04646039224
2932.1840782 0.980645112782
2932.20450982 1.00806177687
2932.22494163 0.979428106955
2932.24537335 1.0237402381
2932.26580497 1.02934036132
2932.28623679 1.0083702562
2932.3066685 1.03472870584
2932.32710012 0.999322050824
2932.34753194 1.01504325783
2932.36796365 1.0230493801
2932.38839527 0.986314480052
2932.40882708 1.00651684684
2932.4292588 0.902364853267
2932.44969041 0.932636098444
2932.47012222 0.903096890858
2932.49055394 0.824842434295
2932.51098565 0.821534684793
2932.55184908 1.0037066787
2932.57228079 1.02826639381
2932.5927125 1.00611351318
2932.61314421 1.01808637092
2932.63357593 1.02260927368
2932.65400764 0.964614414041
2932.67443935 0.985033875516
2932.69487116 1.04021603087
2932.71530277 1.00468264129
2932.73573448 1.01614105801
2932.75616629 1.0203814492
2932.81746142 1.03400180767
2932.83789302 1.02720286566
2932.91961985 0.985595008302
2932.94005166 1.01375789902
2932.96048327 1.02123556031
2932.98091497 0.988104947825
2933.00134678 0.923295594947
2933.02177848 1.04595830057
2933.04221009 1.0013776935
2933.06264189 1.03242598545
2933.0830736 1.04478060676
2933.1035052 1.02255627741
2933.12393701 1.02229967519
2933.14436871 0.979483774515
2933.16480031 0.989228653495
2933.18523212 0.963085916553
2933.20566382 0.937505382266
2933.22609542 0.934926765053
2933.24652722 0.911728372489
2933.28739053 0.977444142587
2933.30782233 1.01185303067
2933.32825393 1.0027604178
2933.34868573 1.04056431224
2933.36911743 1.02506615405
2933.38954913 1.00884204003
2933.40998083 1.01468951162
2933.43041253 0.962696266674
2933.45084423 0.993176342486
2933.47127593 0.955576760811
2933.49170762 0.949631255943
2933.53257112 0.963421426012
2933.55300272 1.00305768846
2933.57343441 0.963092335107
2933.59386621 1.00845378617
2933.61429781 1.0011498856
2933.6347295 1.07477687074
2933.6551613 1.03019987163
2933.67559289 1.01492941251
2933.69602459 1.06277610578
2933.71645638 1.01325377385
2933.73688798 1.00232041166
2933.77775147 1.0261282827
2933.79818306 1.00850211259
2933.81861475 1.00678182183
2933.83904655 0.997302694495
2933.85947824 0.986662345896
2933.87990983 0.987627243122
2933.90034162 0.99111556885
2933.92077332 1.02098266876
2933.94120491 1.06782616671
2933.9616367 1.01667266765
2933.98206839 0.990334011402
2934.02293177 1.01655337559
2934.04336336 1.00159490448
2934.06379505 0.9843790536
2934.08422684 0.977719695509
2934.10465843 1.0294229787
2934.12509022 1.02568106921
2934.14552191 1.02138276698
2934.16595349 0.993370644025
2934.18638528 1.04747192429
2934.20681697 1.01027064951
2934.22724856 0.955698607739
2934.26811203 0.981536479876
2934.28854372 1.04843304473
2934.3089754 1.01772478945
2934.32940709 0.996143973125
2934.34983877 1.03189784707
2934.37027056 1.08724562889
2934.39070214 1.07617675713
2934.41113383 1.0640072484
2934.43156561 1.03309260714
2934.4519972 1.03839014699
2934.47242888 0.971160191496
2934.49286066 1.03838371318
2934.51329225 1.0222681205
2934.53372393 0.993841126695
2934.55415571 0.933649293787
2934.57458729 0.99281703523
2934.59501898 0.927869732061
2934.61545076 0.94295176533
2934.63588234 0.941841349225
2934.65631402 0.86869048836
2934.6767458 0.842201826494
2934.69717748 0.773891656645
2934.71760906 0.713031896029
2934.75847252 1.0203959994
2934.7789041 1.06302340677
2934.79933588 1.01051640857
2934.81976746 0.973553954916
2934.84019923 0.993681262642
2934.86063091 1.01509070731
2934.88106249 1.022857695
2934.90149427 1.0499764619
2934.92192594 1.05993559416
2934.94235752 0.99378946368
2934.9627893 1.02140915939
2935.00365255 1.03543947435
2935.02408433 1.00566482385
2935.044516 0.998673744393
2935.06494758 0.987283900296
2935.08537935 1.01749663342
2935.10581103 0.996797891623
2935.1262427 1.02564864571
2935.14667437 1.00968985322
2935.24883274 1.00155037446
2935.26926451 0.98486325215
2935.28969608 1.08057220019
2935.31012775 1.03381088318
2935.33055953 1.00392436305
2935.3509911 0.991778167686
2935.37142277 1.02501174516
2935.39185454 1.02045272504
2935.41228611 1.00279760952
2935.43271778 1.01821256102
2935.45314955 1.01790145011
2935.49401279 1.0067729919
2935.51444455 0.943466615912
2935.59617113 1.00949067831
2935.61660289 0.992537697858
2935.63703456 1.03778074354
2935.65746613 1.0072063095
2935.67789789 1.01652160867
2935.69832956 0.977806456999
2935.71876113 1.04355424067
2935.73919289 0.995720201511
2935.75962456 1.00803652463
2935.78005612 0.993287292427
2935.80048789 1.0293648193
2935.82091955 1.01183413723
2935.84135111 1.00986405829
2935.92307787 0.959200940508
2935.94350953 0.925535571978
2935.98437286 0.982468460509
2936.00480452 0.987846852134
2936.02523618 1.02868256501
2936.04566794 1.01995360384
2936.08653116 1.01346739105
2936.10696292 1.03374691625
2936.12739448 1.0137590648
2936.14782614 0.997040227746
2936.24998444 0.95368279388
2936.2704162 0.999374575272
2936.29084775 0.951728775915
2936.31127941 1.03081314369
2936.33171117 0.992069394543
2936.35214273 1.00288852029
2936.37257438 1.01450044909
2936.39300614 0.991029757976
2936.4134378 1.00894317092
2936.43386935 1.03795314338
2936.45430111 1.07034247118
2936.47473276 1.05101963159
2936.49516432 0.993745438705
2936.51559607 1.03323325068
2936.65861765 0.910035065479
2936.6790492 0.925706158592
2936.71991261 0.995201689551
2936.74034416 0.997765030425
2936.76077591 0.992685054907
2936.78120756 0.95164675053
2936.80163922 1.14990951962
2936.82207087 0.986939068523
2936.84250252 0.989329418833
2936.86293417 1.0102913782
2936.88336592 1.00743874072
2936.90379747 0.98635615232
2936.92422922 1.00619926251
2936.94466087 0.947664346713
2936.96509242 0.988691351758
2936.98552416 1.01152123931
2937.00595581 1.00781006633
2937.06725066 1.01365802217
2937.0876823 1.02886616087
2937.10811405 1.0733546396
2937.1285456 1.01034562846
2937.14897724 1.03812770394
2937.16940899 1.01968307096
2937.18984054 1.06937740168
2937.21027218 1.01880055863
2937.23070393 0.999770037831
2937.25113557 1.02649496975
2937.27156712 0.994471394355
2937.29199886 0.977057155522
2937.31243051 1.05526576405
2937.33286205 0.966581959387
2937.3532938 0.960249697525
2937.37372544 1.04819117611
2937.39415698 0.945631149117
2937.41458873 0.934002563304
2937.45545191 1.02570986285
2937.47588365 1.01043299255
2937.4963153 0.957797421196
2937.51674684 1.02138305163
2937.53717858 0.982938984879
2937.55761022 0.985492954687
2937.57804196 1.01824575477
2937.5984735 0.981557647306
2937.61890514 1.05182118915
2937.78235826 1.00380707228
2937.8027899 1.00186493139
2937.82322163 1.01228375098
2937.84365317 1.02981297342
2937.86408481 1.02490707451
2937.88451655 1.05373858262
2937.90494808 1.03176287322
2937.92537972 1.03298363869
2937.94581146 0.995556618495
2937.96624299 1.03826857223
2937.98667463 0.991003727757
2938.00710636 0.967510776721
2938.0275379 0.972860558447
2938.04796953 0.95719671033
2938.06840127 0.933618001458
2938.10926444 0.893037147248
2938.12969617 0.849906126352
2938.15012781 0.864434278937
2938.19099107 1.01527482151
2938.21142271 1.00502884404
2938.23185444 1.04941999196
2938.25228597 0.969515037567
2938.2727176 1.02837956895
2938.29314933 1.00531319272
2938.31358087 1.0153689409
2938.3340125 0.970356919556
2938.35444423 0.995297012291
2938.37487576 0.983005877291
2938.39530739 0.973071460541
2938.43617065 1.00503872001
2938.45660228 1.00822480306
2938.47703401 0.970253815637
2938.49746554 1.01198768387
2938.51789717 1.01810107864
2938.5383288 1.03902534205
2938.55876043 1.03571528481
2938.57919206 1.01223240218
2938.59962369 1.00438469446
2938.62005531 1.003951525
2938.64048694 1.00275340632
2938.6813502 1.0228287632
2938.70178182 1.01512218185
2938.72221355 0.957324073939
2938.74264508 0.982128570559
2938.7630768 1.00582487455
2938.78350843 1.02228965137
2938.80393996 0.998008155429
2938.84480331 0.956961479325
2938.86523483 1.01166781167
2938.88566656 1.05108075851
2938.90609818 1.00122024623
2938.9265298 1.0171014622
2938.94696143 0.963548728616
2938.96739305 0.991866602119
2938.98782468 0.955557835808
2939.0082563 1.01362427643
2939.02868792 0.996834508488
2939.04911955 1.0178728296
2939.06955127 0.996814652406
2939.08998279 0.990186437356
2939.11041441 1.01502012791
2939.13084613 0.990529874469
2939.17170928 0.956270080248
2939.25343586 0.973026478439
2939.27386738 0.982104455325
2939.294299 0.925480080256
2939.31473062 1.01421529721
2939.33516224 1.00248709574
2939.35559396 1.02302467714
2939.37602548 1.01261290437
2939.3964571 1.00294663145
2939.41688882 1.09889812969
2939.43732033 0.996711369299
2939.45775195 1.03511919738
2939.47818367 1.02734147478
2939.49861529 1.09144661782
2939.51904681 0.961811608265
2939.53947852 0.994506508509
2939.55991014 0.988667281501
2939.58034166 0.994751736162
2939.60077337 1.0028479507
2939.62120499 0.979380542556
2939.66206822 1.03048469821
2939.68249984 1.02660238365
2939.70293135 0.993719134223
2939.72336307 0.957851318223
2939.74379468 1.01170140456
2939.7642263 0.981633084841
2939.78465791 1.03039945442
2939.80508952 0.993322454666
2939.82552114 1.03931158062
2939.86638436 1.00967664305
2939.90724759 0.941993362366
2939.9276792 1.00665284356
2939.94811082 0.984734647287
2939.96854253 0.977730620215
2939.98897404 0.972945938914
2940.00940575 1.0111064731
2940.02983726 0.975846561475
2940.05026887 0.994668287384
2940.07070059 0.945358686572
2940.0911321 1.01959543145
2940.11156371 0.995870364048
2940.15242693 1.04238644977
2940.17285854 0.986576306206
2940.19329025 1.03395037633
2940.21372176 0.98086276159
2940.23415337 1.02313503708
2940.25458508 1.01923049991
2940.27501658 1.00317315721
2940.29544819 0.918632170597
2940.3158799 0.969065419394
2940.33631151 0.926897460681
2940.35674302 0.938683417648
2940.39760633 1.04401181377
2940.41803784 1.05927350613
2940.43846955 0.954423468419
2940.45890115 0.983803936052
2940.47933286 0.940224228346
2940.49976437 1.00994041943
2940.52019597 0.938441362327
2940.54062768 0.905123545121
2940.56105918 0.892628084001
2940.58149079 0.81428934527
2940.68364881 1.136017351
2940.70408042 0.990791337112
2940.72451202 1.08014232914
2940.74494362 1.01599479018
2940.76537523 0.993543175781
2940.78580683 1.01617007733
2940.80623843 1.03286442967
2940.82667004 0.994265569105
2940.84710174 0.997764681004
2940.90839654 1.02255641357
2940.92882805 1.01241598734
2940.94925965 1.06591053069
2940.96969135 1.01614605973
2940.99012285 1.00298865978
2941.07184935 1.00287814847
2941.09228095 1.04326137761
2941.17400735 1.32467185136
2941.19443895 1.00891252702
2941.21487055 1.03627560761
2941.23530214 0.976396322139
2941.27616534 0.980241162805
2941.29659694 1.02498910242
2941.37832343 0.9717770155
2941.39875492 1.00184074414
2941.41918652 0.983084387233
2941.43961812 1.00165187678
2941.46004971 1.04797103573
2941.48048131 1.02810945438
2941.5009129 1.03534658786
2941.5213445 1.10126829702
2941.54177609 0.988728862436
2941.62350247 0.965544365427
2941.64393407 1.02990712604
2941.66436576 0.978721001117
2941.68479735 1.00342051983
2941.70522885 1.02541356199
2941.72566054 0.99895087789
2941.74609213 0.991360886566
2941.76652363 0.98057858326
2941.78695532 0.946433354032
2941.80738691 0.974003824733
2941.8278184 0.92457635533
2941.86868169 1.01037913741
2941.88911318 1.04376742416
2941.90954487 1.0382867656
2941.92997646 0.988343225249
2941.95040795 1.01254346858
2941.97083964 1.035099445
2941.99127123 1.02594039667
2942.01170282 0.973375529913
2942.03213442 0.975258149415
2942.05256601 1.04894787077
2942.07299759 1.03626057237
2942.11386077 0.947594987544
2942.13429246 0.950923572212
2942.15472395 0.965655228798
2942.17515554 1.01396030997
2942.19558723 1.03800380614
2942.27731348 1.02102467837
2942.29774507 1.01770006244
2942.31817676 1.00518287244
2942.33860824 0.994129920145
2942.35903983 1.01911291405
2942.37947152 1.03807191191
2942.399903 1.00866129842
2942.5429241 0.893569853285
2942.56335579 0.8930514233
2942.62465054 1.00740856726
2942.64508213 0.991655531544
2942.66551381 0.962021387782
2942.68594529 0.994006650375
2942.70637688 1.02734863191
2942.72680856 0.974243581073
2942.74724004 1.01925020693
2942.76767163 0.994801351294
2942.78810331 0.981349655156
2942.80853479 1.0576450456
2942.84939806 1.27833881875
2942.86982954 0.991606933815
2942.89026112 0.986552768398
2942.9106928 0.998181644826
2942.99241903 1.04673316749
2943.01285061 0.999014553668
2943.03328229 1.03194073165
2943.05371377 1.00332510943
2943.09457703 0.982440329161
2943.11500851 0.972119778836
2943.13544009 1.00891482913
2943.15587177 1.03233970791
2943.17630324 1.00133062566
2943.19673492 0.977162902427
2943.2171665 1.0288571167
2943.23759798 1.00630708167
2943.25802966 1.02217259169
2943.27846124 1.02501644655
2943.29889271 1.02238835516
2943.33975597 0.966358562935
2943.36018755 0.956524041701
2943.38061912 1.00175233718
2943.4010507 0.938325760105
2943.42148228 1.01368218203
2943.44191386 0.977755260883
2943.46234543 0.963996977253
2943.48277701 1.03680916514
2943.50320868 0.950604751337
2943.52364016 1.04448113347
2943.54407174 0.991431123072
2943.56450341 1.01265971943
2943.58493489 0.9756056519
2943.60536646 0.978461200614
2943.62579814 1.05443215326
2943.64622961 1.02253746122
2943.66666129 1.01210434114
2943.68709276 1.01894600152
2943.70752433 0.994978450205
2943.72795601 1.02688230543
2943.74838748 0.977843020355
2943.76881906 0.983488195459
2943.78925073 0.927488495293
2943.83011378 1.00028686936
2943.85054545 1.00329586744
2943.87097702 1.03467768982
2943.89140849 1.05413681027
2943.91184017 1.04697115168
2943.93227174 1.02415439759
2943.95270321 0.997132300083
2943.97313488 1.02117156656
2943.99356645 1.058533766
2944.01399793 1.01246406101
2944.07529264 0.954196084182
2944.09572431 0.914587891461
2944.11615588 0.977467628678
2944.13658735 1.03094047731
2944.15701902 0.976759028141
2944.2387453 1.02541722445
2944.25917697 1.03238332678
2944.27960844 0.984691699588
2944.30004001 0.984758271808
2944.32047168 0.988126661094
2944.34090325 0.985763296388
2944.36133471 1.0255039966
2944.38176628 1.01189265617
2944.40219785 0.925081996429
2944.42262942 0.958581920572
2944.44306109 0.964569287984
2944.46349255 0.901203304198
2944.48392412 0.896690856606
2944.50435579 0.86212850422
2944.52478726 0.826796668029
2944.56565049 1.03160301699
2944.58608196 1.00362506192
2944.60651352 1.01552123852
2944.62694519 0.986146078076
2944.64737665 1.06337759607
2944.66780832 1.05755687199
2944.68823989 1.02615032283
2944.70867145 1.02266615076
2944.72910302 0.980435125033
2944.74953458 1.01958311991
2944.76996615 0.998761146436
2944.81082928 1.03177739829
2944.83126084 0.994405907342
2944.85169241 1.00928507318
2944.87212397 0.984004331505
2944.89255553 1.04354873897
2944.9129872 0.98955691427
2944.93341866 1.05458436493
2944.95385022 1.00518521642
2944.97428189 1.02525023374
2944.99471335 1.03750184649
2945.01514491 1.00483087028
2945.05600804 0.971116293253
2945.0764396 0.990462923911
2945.09687116 1.00057031946
2945.11730273 0.932632852366
2945.13773439 0.981626407094
2945.15816585 0.97086738146
2945.17859741 0.978076879612
2945.19902907 1.00429374728
2945.21946053 0.981121920787
2945.2398921 1.03013448399
2945.26032376 1.0501843561
2945.28075532 1.008790122
2945.30118678 0.99606796432
2945.32161844 1.03363781509
2945.34205 1.05943027447
2945.36248146 1.02652658794
2945.38291312 1.02460898995
2945.40334468 0.988924664994
2945.42377614 0.950118406414
2945.4442078 0.963122580429
2945.46463936 0.987538224057
2945.48507082 0.958324616587
2945.50550248 0.982785704077
2945.54636559 0.972218158714
2945.56679715 1.02893749103
2945.60766037 1.00794029804
2945.62809183 1.07665808661
2945.64852339 1.04252027935
2945.66895504 0.998196802264
2945.6893865 1.0026934681
2945.70981806 1.02650111583
2945.73024972 0.991944119695
2945.75068127 0.986145166623
2945.79154439 0.972196287022
2945.81197584 1.00942173922
2945.8324074 0.952659133287
2945.85283906 0.971185759292
2945.87327051 0.97177526261
2945.89370207 1.01063308173
2945.91413372 1.00413712119
2945.93456518 1.0010329961
2945.95499674 0.992203015029
2945.97542839 0.990439980721
2945.99585985 1.05651926764
2946.0162914 1.04571027352
2946.03672306 0.997317057649
2946.05715451 0.979573973867
2946.07758617 0.990930999203
2946.09801772 1.02983333331
2946.11844928 0.94491235128
2946.13888083 0.971842469427
2946.15931238 0.932713424866
2946.17974394 0.98164940037
2946.20017559 0.879175656898
2946.22060704 0.959235773245
2946.2410386 0.891600887278
2946.2819017 0.958721747323
2946.30233326 1.02696613044
2946.32276491 0.986901519788
2946.34319636 0.992625191083
2946.36362792 1.02419327169
2946.38405957 1.01031699899
2946.40449102 0.99101343428
2946.42492257 1.00826061474
2946.44535422 1.04006026393
2946.46578568 0.959358909294
2946.48621723 1.0041563547
2946.52708033 1.04976510824
2946.54751198 0.982133381771
2946.56794353 1.00710460707
2946.58837498 0.991689579714
2946.60880664 0.992369793211
2946.64966964 1.03892933552
2946.67010129 1.02224545981
2946.69053284 0.999134822343
2946.71096429 1.02874664177
2946.73139594 1.03969304678
2946.75182749 1.03930104961
2946.77225894 1.01354826074
2946.79269059 1.00969024887
2946.81312214 1.03353611435
2946.83355358 0.997289816457
2946.85398523 1.01576575355
2946.87441678 1.05925268392
2946.89484823 1.00245519621
2946.91527988 1.02180277677
2946.93571143 0.992435622496
2946.95614308 0.937885253379
2946.97657453 0.988602954892
2947.01743772 1.02127091393
2947.03786927 1.04673827695
2947.05830072 1.08243260447
2947.07873236 1.0402347377
2947.09916391 1.03041981613
2947.11959536 1.04229299314
2947.14002701 1.02429423854
2947.16045855 1.04659333657
2947.18089 0.993684375995
2947.20132165 0.999108650642
2947.22175319 1.04343994111
2947.26261629 0.96811172413
2947.28304783 0.993054398184
2947.30347928 0.967582467317
2947.32391092 1.00190654881
2947.34434237 1.02264243515
2947.36477392 0.943891502744
2947.38520556 0.987950752631
2947.40563701 0.952283909408
2947.42606865 0.966721179496
2947.4465002 0.9981985643
2947.46693174 0.988764571051
2947.50779483 0.995080949731
2947.52822637 1.04802562684
2947.54865792 0.996953150664
2947.56908946 0.959772941368
2947.58952101 0.976476351236
2947.60995265 0.995984097352
2947.6303841 0.972615226618
2947.65081564 1.01924777553
2947.67124728 1.01283037734
2947.69167873 1.02623353147
2947.71211027 0.947203160855
2947.73254191 1.0140019686
2947.75297336 0.97141539885
2947.7734049 0.974194014148
2947.79383654 1.05321280627
2947.81426798 1.00517441361
2947.83469963 0.985506278692
2947.85513117 1.00639732165
2947.87556271 0.999251480712
2947.89599425 0.996077263979
2947.9164258 1.01415898266
2947.93685734 1.10364862106
2947.95728888 1.09378403786
2947.99815196 1.16528575894
2948.0185835 1.18358237191
2948.03901504 1.18510664725
2948.05944649 1.20766172528
2948.07987813 1.04283598478
2948.10030967 1.13013988993
2948.12074111 1.00625510584
2948.14117275 0.967814901571
2948.16160429 0.959576269525
2948.18203573 0.945341625749
2948.20246737 1.01975106381
2948.24333055 0.889624028457
2948.26376199 0.901400712954
2948.28419353 0.937617263783
2948.30462517 0.93227107882
2948.32505661 0.967273037744
2948.34548815 1.08387063557
2948.36591979 1.12449579198
2948.38635123 1.17211833195
2948.40678277 0.991595472956
2948.4272144 0.95098965317
2948.44764594 1.01527066626
2948.48850902 0.950552371527
2948.50894056 0.948454400087
2948.529372 0.948154796145
2948.54980364 0.997219165336
2948.63152979 0.953837365458
2948.65196142 0.930847494147
2948.67239286 0.932065320811
2948.6928244 0.962412207729
2948.71325594 0.968501897364
2948.73368747 0.979402438408
2948.75411901 1.00949389221
2948.77455055 0.9891191015
2948.79498208 0.979075296727
2948.81541362 0.966044148124
2948.83584516 1.02264083887
2948.85627669 1.01380810435
2948.87670823 0.997589009735
2948.89713977 1.01129414297
2948.9175713 1.03434802023
2948.93800284 1.06329676461
2948.95843447 1.08115480603
2948.97886591 1.0214377941
2948.99929745 1.02943722864
2949.01972908 1.04630142987
2949.04016052 1.03285562444
2949.06059215 0.997694833573
2949.08102369 1.04568623204
2949.10145512 0.993084611785
2949.24447596 1.03954139429
2949.2649075 0.952277456408
2949.28533903 0.983731825047
2949.30577057 0.983998351003
2949.3262021 1.02067519501
2949.34663363 0.98290344139
2949.36706517 0.988661484015
2949.3874967 1.01677103865
2949.40792823 0.998712176595
2949.42835977 0.963825239455
2949.4487913 1.00277824484
2949.46922293 1.07096658346
2949.48965437 1.01745162338
2949.5100859 0.977823656673
2949.53051753 0.979438465492
2949.55094896 1.07481829997
2949.5713805 1.00604468995
2949.59181213 1.05045384259
2949.61224356 0.99897738064
2949.63267509 1.06190199808
2949.65310673 0.985857634885
2949.67353816 1.01788127743
2949.69396969 0.977688769058
2949.71440132 1.01587639833
2949.73483275 1.0275375413
2949.75526428 1.0151655924
2949.77569592 1.01943420136
2949.79612745 1.02972944133
2949.81655898 0.98732995859
2949.83699051 0.976823014528
2949.85742204 1.02635203233
2949.87785357 1.02047241098
2949.8982851 0.992789922019
2950.04130581 0.976637926801
2950.06173744 0.978236243404
2950.08216887 0.988491594701
2950.1026004 0.9575417512
2950.12303203 0.976709973913
2950.14346346 1.00351795421
2950.16389499 0.964884406207
2950.20475805 1.03357289384
2950.22518968 0.958206925132
2950.24562111 0.949270761106
2950.32734723 0.98867107469
2950.34777885 0.991752649357
2950.36821038 0.998816276778
2950.38864181 0.96769916653
2950.40907344 0.99141154853
2950.4499364 1.01637440298
2950.47036802 0.948974534894
2950.49079955 1.00695535731
2950.51123098 1.00219871651
2950.53166261 0.99695103027
2950.55209414 0.995038668937
2950.57252576 1.01575375598
2950.59295719 1.02604816205
2950.61338872 1.01401368972
2950.63382035 1.00723245831
2950.65425177 1.01305578752
2950.6746833 0.976763863669
2950.69511493 1.14978060466
2950.71554635 0.962857069906
2950.73597788 0.992344339752
2950.75640951 1.02635454459
2950.77684103 1.01711727887
2950.79727246 1.00651837896
2950.81770409 0.979326194051
2950.83813561 0.98091068421
2950.85856704 1.03694389797
2950.87899867 1.00022438469
2950.89943019 0.974207000764
2950.94029324 0.996553649069
2950.96072467 0.948761211599
2950.9811563 1.010892995
2951.00158782 0.985443570357
2951.02201925 0.964743428231
2951.04245087 1.02903594695
2951.0628824 0.969539927709
2951.08331382 1.02585844105
2951.10374545 1.01506740874
2951.12417697 0.989978235834
2951.1446085 0.986115539293
2951.16504002 1.02123568469
2951.18547155 1.00336845294
2951.20590307 1.03037362069
2951.2263346 0.993372439144
2951.24676612 0.988609700225
2951.26719765 1.017922208
2951.28762917 1.00456160449
2951.3080607 0.991224296578
2951.32849232 0.999893553665
2951.34892385 0.979071735504
2951.36935527 1.0262295408
2951.38978689 1.01892478325
2951.41021842 0.984907864913
2951.43064984 1.03429340918
2951.45108147 0.975226103781
2951.47151299 1.01890860635
2951.49194441 1.03590573601
2951.51237604 1.00608772561
2951.53280756 1.0321684938
2951.55323898 0.974292944705
2951.57367061 1.01581539084
2951.59410213 0.974500391009
2951.61453365 0.977080649184
2951.63496518 0.983293636136
2951.6553966 1.00348875516
2951.67582822 1.03396575482
2951.69625974 0.976357938851
2951.71669127 1.03215878395
2951.73712279 0.983769699988
2951.75755431 1.00794194446
2951.77798584 1.02438217813
2951.79841746 1.04116458247
2951.81884888 1.0342256495
2951.8392804 1.0062707868
2951.85971202 0.990596025128
2951.88014345 1.01596305684
2951.90057497 0.986731472977
2951.92100659 0.944105189068
2951.94143801 1.0038736091
2951.96186954 0.9552244563
2951.98230116 1.00538487894
2952.00273258 0.996801354262
2952.0231642 0.975548492807
2952.04359572 0.966899875064
2952.06402714 1.02961652543
2952.08445876 1.00041186952
2952.10489029 0.944373457765
2952.12532171 0.99098778827
2952.16618485 1.01982815463
2952.18661637 0.992660081313
2952.20704789 1.10773900604
2952.22747941 1.30885404199
2952.24791093 1.25622042775
2952.26834255 0.969337348594
2952.28877398 0.987161800255
2952.3092055 0.988980841498
2952.32963702 1.01698007026
2952.35006854 0.983551620585
2952.37050016 0.997559287384
2952.4113631 0.884066833839
2952.43179472 1.0191542624
2952.45222614 1.00985384458
2952.47265766 1.00687315017
2952.49308928 1.01279368194
2952.5135207 1.006143883
2952.53395222 0.942119676366
2952.55438384 0.978600548304
2952.57481526 0.991704887152
2952.59524678 0.955790617554
2952.6156784 1.03340632059
2952.63610992 1.04336070657
2952.65654134 1.00362890676
2952.67697296 0.995553489878
2952.69740448 1.02427462828
2952.71783599 1.01338881708
2952.73826751 1.01007169823
2952.75869903 0.969632110886
2952.77913065 0.98257957197
2952.79956207 0.981525702179
2952.81999359 0.980025765211
2952.84042521 1.00362046608
2952.86085663 0.992268250556
2952.90171977 0.955906542409
2952.98344574 1.02552972692
2953.00387736 1.04703949511
2953.02430878 1.00531175624
2953.04474029 1.00904578267
2953.06517191 1.00784151127
2958.39778755 0.911023483765
2958.41821906 0.91480321467
2958.43865047 0.897735358282
2958.52037662 0.945094860394
2958.54080813 0.927987950835
2958.56123965 0.889693628785
2958.58167126 0.941175263683
2958.60210267 0.922869311515
2958.62253428 0.923157296238
2958.70426033 0.896753071902
2958.72469174 0.886639252037
2958.8268494 1.01611240971
2958.84728082 0.94998192927
2958.86771243 1.02386100221
2958.88814384 0.984741978073
2958.90857535 0.926831822805
2958.92900697 0.983738187824
2958.94943838 0.929460562225
2958.96986999 0.957373518905
2958.9903015 0.980277784403
2959.01073302 0.988942674805
2959.03116453 0.98694037943
2959.07202755 1.01190160831
2959.09245907 1.03484693782
2959.11289058 1.08790497586
2959.13332209 0.999480137032
2959.1537537 1.05241056194
2959.17418512 1.02571686041
2959.19461663 1.06241098198
2959.21504824 1.0483308861
2959.23547966 1.08479926102
2959.25591127 1.02760282478
2959.27634278 1.02483402489
2959.29677419 1.02913488809
2959.31720581 1.10829488721
2959.33763732 1.0117871876
2959.35806873 1.04799289313
2959.37850035 1.00720278973
2959.39893186 1.040732234
2959.41936337 1.04370949563
2959.43979488 1.01081869207
2959.4602264 1.02268727598
2959.48065791 1.02710564183
2959.50108942 0.946506971359
2959.52152094 0.9664151514
2959.56238396 1.07760842709
2959.58281548 1.05931325488
2959.60324699 1.07562918423
2959.6236785 1.30803961425
2959.64411002 1.09013385748
2959.66454163 1.07065194302
2959.68497304 1.15493123321
2959.70540456 1.06701096649
2959.72583617 1.05284175943
2959.74626758 1.00774792098
2959.7666991 1.03957124852
2959.78713071 0.99846106561
2959.80756212 0.999024134965
2959.82799364 0.981465925555
2959.84842525 0.978656228702
2959.86885666 0.955953125973
2959.88928828 1.06261313096
2959.90971979 1.01153866333
2959.9301512 0.99097832474
2959.95058282 0.956076208883
2959.97101433 0.931068347168
2959.99144585 0.927804486307
2960.01187736 0.939046000334
2960.05274039 1.01301261283
2960.0731719 1.00320444457
2960.09360342 0.981396982295
2960.15489796 0.963700606276
2960.17532957 0.984128481443
2960.19576109 0.950191955612
2960.2161925 0.960292243796
2960.23662411 0.97843358905
2960.25705553 0.939538407872
2960.31835007 1.05877880774
2960.33878159 1.05831273274
2960.3592132 1.01822523661
2960.37964461 0.987452299553
2960.40007613 1.02116416405
2960.42050774 1.0210318532
2960.44093916 1.02322352289
2960.46137077 0.999262102236
2960.48180229 0.981527088477
2960.5022338 0.994177243121
2960.54309683 1.04810079888
2960.56352835 1.02813017505
2960.58395986 1.05543956818
2960.60439138 1.01366351957
2960.62482289 1.04507269934
2960.64525451 1.03365271917
2960.66568592 1.05798944461
2960.68611744 1.01068666861
2960.70654905 1.04158818699
2960.72698047 0.976045476006
2960.74741208 1.02195471064
2960.7678436 1.01128335676
2960.78827501 1.00364914178
2960.80870663 0.980501924628
2960.82913814 0.959704733563
2960.84956956 0.983487527321
2960.87000117 0.971104831064
2960.89043269 0.954533994739
2960.91086411 0.972319550024
2960.93129572 0.95367798669
2960.95172724 0.943119736962
2960.97215875 0.9391104859
2960.99259027 0.931799958717
2961.0334533 1.06349921894
2961.05388482 0.991784833114
2961.07431633 1.01300540048
2961.09474785 1.0314875943
2961.11517936 0.959528441979
2961.13561088 1.01344518515
2961.1560424 0.981479809898
2961.23776846 0.92978208491
2961.2786316 1.04831836483
2961.29906301 1.04797307702
2961.31949463 1.03408960764
2961.33992614 1.01240997471
2961.36035756 1.0087741513
2961.38078918 0.989921751757
2961.40122069 1.02140875128
2961.48294676 0.970991174769
2961.5238098 1.00714040377
2961.54424141 1.06792353321
2961.56467283 0.976318584401
2961.58510435 1.02402799226
2961.60553597 0.987399355093
2961.62596738 0.993492995676
2961.6463989 1.00432612651
2961.66683052 0.98128131106
2961.68726194 1.00361750514
2961.70769345 0.998511081009
2961.72812507 0.967672450658
2961.76898811 1.0493877523
2961.78941962 1.03218605203
2961.80985104 1.04821422568
2961.83028266 1.05525860427
2961.85071418 1.03924085331
2961.8711456 1.02626185044
2961.89157721 1.00750371869
2961.91200873 1.02829677999
2961.93244015 1.00424606291
2961.95287177 1.06646204249
2961.97330329 0.972096308631
2961.99373471 0.979834879344
2962.01416632 0.996094253955
2962.03459784 0.962910907344
2962.05502946 0.945935680977
2962.07546088 0.905653536303
2962.0958924 0.954838867204
2962.11632402 0.945733398493
2962.13675554 0.861529557352
2962.15718696 0.843203797375
2962.17761857 0.857415687178
2962.27977617 1.05407448148
2962.30020769 0.988023510984
2962.32063921 0.968617085659
2962.40236529 1.00323127059
2962.42279681 0.99627819064
2962.44322823 0.98832395095
2962.46365985 0.968979566448
2962.50452289 0.99626459353
2962.52495441 1.02450181698
2962.54538593 1.00078454541
2962.62711211 0.96095795901
2962.64754363 0.960187714519
2962.66797505 1.02862284793
2962.68840667 0.940075182608
2962.70883819 0.985495304486
2962.74970123 0.983217172074
2962.77013276 1.00807089692
2962.79056428 0.99242491818
2962.8109958 1.00560934151
2962.83142732 1.1394351894
2962.85185894 0.997855322929
2962.87229036 1.00520871876
2962.89272188 0.979660156319
2962.9131535 1.02138862364
2962.93358493 0.945169546121
2963.01531101 1.02431720648
2963.03574253 1.02601946635
2963.05617406 1.00502535557
2963.07660568 1.04145694025
2963.0970371 1.03972481284
2963.11746862 1.01654597591
2963.13790024 0.963239156085
2963.15833167 0.973689930175
2963.17876319 1.00306123476
2963.19919481 1.02714720066
2963.30135243 1.12423700492
2963.32178395 1.03680614552
2963.34221547 1.01253564988
2963.36264709 1.06987352661
2963.44437309 1.02522865098
2963.46480461 1.00056116628
2963.48523624 0.985703796997
2963.50566766 0.973535660244
2963.52609918 0.994995814306
2963.54653081 0.984049915089
2963.56696223 0.953916439497
2963.58739385 0.969659445806
2963.60782538 0.984575055282
2963.6282568 0.954163915732
2963.64868843 0.961735314871
2963.66911995 0.943337827127
2963.68955148 0.856683865309
2963.73041452 1.05391320611
2963.81214062 0.992967229874
2963.83257215 1.01951406612
2963.85300367 1.042657527
2963.8734353 0.960166167458
2963.89386672 1.02643121408
2963.91429825 0.982733883703
2963.93472988 0.961796691565
2963.97559283 1.08959691937
2963.99602445 1.07154592457
2964.01645588 1.03970753792
2964.0368875 1.08446922367
2964.05731903 1.03100008275
2964.07775046 0.975881416608
2964.09818208 1.04782184731
2964.11861361 1.0283908697
2964.13904503 0.987598054679
2964.15947666 0.969809539647
2964.17990819 0.990285711902
2964.22077124 1.00508093588
2964.24120277 1.12795061215
2964.26163429 1.0441144291
2964.30249735 1.09139000023
2964.32292888 1.07971268636
2964.3433605 1.07564640449
2964.36379193 1.08312103469
2964.38422356 1.04091855011
2964.40465499 1.05823393899
2964.42508651 1.0257676332
2964.44551814 1.06338778711
2964.46594957 1.03000706563
2964.4863811 1.02540829625
2964.50681272 0.974279878922
2964.52724415 0.998522190755
2964.54767578 1.05098092135
2964.56810731 1.0432951888
2964.58853874 1.00323142957
2964.60897037 1.02506544498
2964.62940189 0.970458342601
2964.64983332 1.03224977383
2964.67026495 0.964704829671
2964.71112801 1.06217028153
2964.73155954 1.0305268146
2964.75199107 1.01299796446
2964.7724226 1.00458861981
2964.85414882 0.939184673671
2964.87458025 0.948492556285
2964.89501187 0.942448409724
2964.9154434 0.975481988482
2964.95630647 1.04874363026
2964.976738 0.971445634506
2964.99716943 0.966374150373
2965.01760106 1.01843419648
2965.03803259 0.941871126055
2965.05846412 0.976084804772
2965.07889565 0.981735010455
2965.09932708 0.963705476999
2965.20148483 1.03819918401
2965.22191637 1.06296473686
2965.30364249 1.03917080549
2965.32407403 0.993828493789
2965.34450566 0.991896865121
2965.36493719 0.997472396351
2965.38536862 0.928263193761
2965.40580025 0.957770178189
2965.44666322 1.00879746686
2965.46709485 1.01560995142
2965.48752639 1.01738475492
2965.50795782 0.962468947621
2965.52838945 1.00852067141
2965.54882098 1.03054466615
2965.56925262 1.0003154227
2965.58968405 0.964203020264
2965.61011558 0.95018444036
2965.63054722 0.961287270925
2965.65097865 0.966390124681
2965.69184182 1.01231431477
2965.71227325 1.04236015795
2965.73270479 1.03019008865
2965.75313642 1.00386547847
2965.77356786 1.01121064721
2965.79399939 0.986777338168
2965.81443093 1.01426480998
2965.89615707 0.939348550927
2965.93702024 1.0404801916
2965.95745167 1.02570314789
2965.97788331 1.03653279505
2965.99831484 1.00219646758
2966.01874628 1.02314524976
2966.03917791 1.00662883997
2966.05960945 1.04669909039
2966.08004109 1.02334323565
2966.10047252 0.981347612564
2966.12090406 1.01926263112
2966.1413357 0.971301037794
2966.18219867 0.980150253139
2966.20263031 0.941533858067
2966.22306174 0.983408930621
2966.24349328 0.981130936527
2966.26392492 0.964297470521
2966.28435635 0.98800841018
2966.30478799 0.998874838713
2966.32521953 0.944614854275
2966.34565107 0.937189080256
2966.3660826 0.905989537663
2966.38651414 0.927246522547
2966.42737722 1.02102040273
2966.44780876 1.03835101461
2966.46824019 1.07064285384
2966.48867183 0.997945689915
2966.50910337 0.952465102648
2966.52953491 0.988760117691
2966.54996645 1.00843019672
2966.57039799 1.00882488196
2966.59082963 1.0194114281
2966.61126107 0.927482557366
2966.63169261 1.00296010726
2966.67255568 1.00211112672
2966.69298722 1.02078557049
2966.71341886 0.973787756885
2966.7338503 1.02448950753
2966.79514492 1.01759849302
2966.81557657 1.01072731653
2966.85643955 0.981153598301
2966.87687119 0.965429742872
2966.91773427 1.00190436972
2966.93816581 1.07421309529
2966.95859735 1.0428052209
2966.97902889 1.06011952945
2966.99946053 1.07437018935
2967.0811866 1.06055428057
2967.10161824 0.977828887649
2967.12204979 0.991329802854
2967.14248123 1.00677496519
2967.16291287 1.02736750635
2967.18334432 1.0119505437
2967.20377586 0.964284810782
2967.2242075 0.958400880182
2967.24463894 0.968849874471
2967.26507049 0.966818298003
2967.30593357 0.982400521637
2967.32636522 0.969840803987
2967.34679676 0.882554515057
2967.44895448 0.976796592836
2967.46938603 1.01344394309
2967.48981757 0.998145441777
2967.51024912 0.981641203091
2967.53068066 0.971883941715
2967.55111231 0.967150704507
2967.57154385 0.979139882413
2967.5919753 0.964043256683
2967.61240694 0.915713728615
2967.65326994 1.06054097872
2967.67370158 1.00575261484
2967.71456457 1.01104010896
2967.73499622 1.00633470334
2967.75542777 1.05536000593
2967.77585921 1.01853231315
2967.79629086 0.994609651977
2967.81672241 0.940842334513
2967.83715395 0.979601017743
2967.8575855 0.953165073608
2967.8984486 1.01508746145
2967.91888014 1.01794423118
2967.93931169 1.07040709724
2967.95974324 1.00742559237
2967.98017479 1.00530855954
2968.00060634 1.00025579738
2968.02103788 1.04636802842
2968.04146943 1.00886026562
2968.06190108 0.963125799339
2968.08233263 1.00183603706
2968.10276408 1.00457215196
2968.14362728 0.996709151676
2968.16405873 0.994714687299
2968.18449038 1.03044449116
2968.20492193 1.0140199734
2968.22535337 1.00901705678
2968.24578502 1.02137016306
2968.26621657 0.982294245039
2968.28664823 0.971808719529
2968.30707968 0.986353488874
2968.32751123 0.951664945871
2968.34794288 0.940665513552
2968.38880588 1.03503239499
2968.40923753 0.989052195052
2968.42966898 1.02233548407
2968.45010053 1.01318917016
2968.47053218 1.05077422567
2968.49096364 1.02014389079
2968.51139519 1.0272567047
2968.53182674 1.00371366508
2968.55225829 1.21137388537
2968.57268994 1.0339611546
2968.5931215 1.00237600215
2968.61355295 0.990868424558
2968.6339846 0.972350770482
2968.65441615 0.993008203818
2968.67484761 0.94784569142
2968.69527926 0.95778092622
2968.71571081 0.962866442487
2968.73614227 0.974441823142
2968.75657392 0.962458908686
2968.77700547 0.891303486675
2968.79743713 0.891056970798
2968.81786858 0.962744673669
2968.83830014 0.919506248496
2968.87916325 0.989236261953
2968.94045791 0.966454749093
2968.96088946 0.994571543297
2968.98132112 1.01121018814
2969.00175258 1.00964532177
2969.0834789 1.00713748662
2969.12434201 1.0264468336
2969.14477357 1.04166636683
2969.16520512 1.05946361733
2969.18563668 1.04884406786
2969.20606824 1.05796815305
2969.2264998 1.0297130619
2969.24693145 1.08270121454
2969.26736291 0.994592542816
2969.28779447 1.01157967371
2969.30822613 1.00950714304
2969.32865758 1.02063161112
2969.34908914 0.988412885022
2969.3695208 1.04135841073
2969.38995226 1.02236274806
2969.41038382 0.953120487485
2969.43081548 0.985314908151
2969.45124694 0.962278348673
2969.47167849 0.946633229293
2969.49211015 0.951380535105
2969.51254161 0.939192108704
2969.53297327 0.961848199398
2969.55340483 0.9402886615
2969.57383629 0.919121119339
2969.61469951 1.00194207341
2969.63513107 1.02157828474
2969.65556263 0.990775209405
2969.67599419 1.00152753598
2969.69642575 0.954541040684
2969.71685742 0.97458747895
2969.73728888 1.01328418663
2969.75772054 0.985112803349
2969.7781521 0.949885081896
2969.79858356 0.941999562284
2969.81901522 0.926541853964
2969.85987825 1.0408003041
2969.88030991 1.04293503783
2969.90074137 1.05348861833
2969.92117294 1.03884097321
2969.9416046 1.03968470244
2969.96203606 1.01823186533
2969.98246772 1.04903620682
2970.00289929 1.03048743473
2970.02333075 0.98326157786
2970.04376242 1.0436569665
2970.06419398 1.00451540208
2970.10505711 1.01558698915
2970.12548867 1.04492197382
2970.14592024 1.07946899492
2970.1663518 1.00581205796
2970.18678337 1.00117306505
2970.20721503 0.993204456082
2970.2276466 1.0803862111
2970.24807806 1.06269082568
2970.26850973 0.954204995255
2970.28894129 0.987963772521
2970.30937276 1.01615973703
2970.32980442 0.938320601327
2970.35023599 1.00163464856
2970.37066746 0.994297554568
2970.39109912 1.04557064289
2970.47282539 0.924148723582
2970.49325696 0.981158443587
2970.51368853 0.943261307146
2970.5341201 0.928017712066
2970.55455176 0.967926306035
2970.5954148 0.989898318952
2970.61584637 0.991960493796
2970.63627794 0.948373419567
2970.65670951 1.00627966517
2970.67714107 0.974636446082
2970.69757264 0.973721682088
2970.71800431 1.01116266951
2970.73843578 0.968481257534
2970.75886735 0.989001309723
2970.77929902 0.960208002165
2970.79973059 1.01738785579
2970.84059373 1.03978983059
2970.8610253 1.03550577007
2970.88145678 1.05781803842
2970.90188845 1.03880526183
2970.92232002 1.04626174744
2970.94275169 1.03261750885
2970.96318316 1.02911727254
2970.98361473 1.05805094101
2971.0040464 1.05269563234
2971.02447788 1.01429133745
2971.04490945 1.03304099182
2971.06534112 1.02285194151
2971.08577259 1.03102828014
2971.10620417 0.995071819152
2971.12663584 0.987034724278
2971.14706731 0.996197009396
2971.16749899 0.988946876409
2971.18793056 0.986744089725
2971.20836203 1.02162380229
2971.22879371 0.941677961544
2971.24922528 0.979244053958
2971.37181473 0.960258088871
2971.3922463 1.01700499505
2971.41267788 1.04747218741
2971.43310946 1.01127216805
2971.45354113 0.984769750691
2971.47397261 0.969329039484
2971.49440418 0.997078262364
2971.51483586 0.914320183053
2971.53526734 0.909635634002
2971.57613059 1.01384805945
2971.59656207 1.04667691427
2971.61699375 0.978521450139
2971.63742532 1.00078343184
2971.6578568 1.00257583301
2971.67828848 1.00131909355
2971.69872006 1.00401788011
2971.71915154 1.00951881512
2971.73958322 1.00745474972
2971.76001479 0.914910463364
2971.78044637 0.929421668736
2971.82130953 1.0553089865
2971.84174121 1.04517924607
2971.86217269 1.05611112579
2971.88260427 1.04352224995
2971.90303585 0.996198021688
2971.92346753 1.00134316817
2972.00519375 1.01212891896
2972.02562544 0.96982536459
2972.08692018 1.05485684013
2972.10735166 1.04068197373
2972.12778334 1.04741604227
2972.14821493 1.05400004071
2972.16864641 1.01966247815
2972.18907809 0.968952578516
2972.20950968 1.03432793683
2972.22994116 1.0774904291
2972.25037284 0.995527561719
2972.27080443 1.00125802356
2972.29123611 1.0132442608
2972.31166759 0.989635870828
2972.33209918 1.00986948173
2972.35253086 1.01514250669
2972.37296235 1.04171336053
2972.39339393 0.997735301571
2972.41382562 1.01812615748
2972.4342572 0.964388186917
2972.45468869 0.984817311329
2972.47512037 0.973058509819
2972.49555196 1.02803036295
2972.51598355 0.986242889605
2972.55684672 1.00761811586
2972.59770989 1.01770989638
2972.61814148 1.00727180084
2972.69986783 0.956713223849
2972.72029942 0.988507796471
2972.74073111 0.952142801701
2972.76116259 0.996910666593
2972.80202587 0.995415856405
2972.82245736 1.00623909451
2972.90418372 1.03374513607
2972.92461541 0.982902322838
2972.945047 0.980193402359
2972.96547859 0.984362835993
2972.98591018 0.97769960878
2973.00634177 0.966061677915
2973.04720495 1.01231266233
2973.06763655 1.00118710384
2973.08806824 1.02582450227
2973.10849973 1.01730564294
2973.12893132 1.04227664485
2973.14936301 1.00787296574
2973.16979451 1.01752432408
2973.1902262 0.978700507437
2973.21065779 1.01805680475
2973.23108929 1.02156464341
2973.25152098 1.00764447283
2973.27195257 1.00362032181
2973.29238407 0.99467737912
2973.31281576 0.990733175009
2973.33324725 0.977698249303
2973.35367885 0.984001402225
2973.37411054 0.941144404471
2973.39454204 1.03200159086
2973.47626852 0.969150526236
2973.49670012 0.969904218273
2973.53756331 1.04970680133
2973.55799491 1.01969912753
2973.5784265 1.00827847983
2973.5988581 1.00210242646
2973.6192897 1.02784597351
2973.63972139 1.02302886995
2973.66015299 0.99888770761
2973.68058449 0.967457435687
2973.74187928 1.00040559368
2973.80317408 1.00558294709
2973.82360578 1.02089606186
2973.84403738 0.940004136574
2973.86446908 0.956354156273
2973.88490058 0.982418701806
2973.92576378 0.938272464457
2973.94619538 0.880161247787
2973.96662698 0.925821837999
2974.06878499 1.11617568667
2974.08921669 0.977141704878
2974.1096482 1.04538072482
2974.1300798 0.99202506608
2974.1505115 1.02421599433
2974.17094311 1.01152415874
2974.19137461 1.05154931729
2974.21180631 0.999691542716
2974.23223792 0.961732997847
2974.27310112 1.01170807616
2974.29353273 1.06959432899
2974.37525925 0.979595718401
2974.39569075 1.01872686911
2974.41612236 1.01930377639
2974.43655407 1.00189044733
2974.45698557 1.00853390809
2974.47741718 0.97955214272
2974.49784889 1.01951587651
2974.51828039 1.01619253914
2974.5387121 0.969594838979
2974.55914371 1.01242235183
2974.57957532 0.979354265556
2974.60000692 0.978096686421
2974.62043853 1.00270776721
2974.64087014 0.983914545349
2974.66130175 0.965444716519
2974.68173336 0.956637515848
2974.70216487 0.92532192073
2974.72259658 0.917554131563
2974.76345979 1.01533270042
2974.7838914 1.03233973653
2974.80432301 1.01312268089
2974.82475473 1.00930953642
2974.84518624 1.00138258255
2974.86561785 0.958941566133
2974.88604956 0.960150032697
2974.90648107 0.961575996665
2974.92691268 0.981964620018
2974.94734439 0.97364630127
2974.9677759 0.979758967138
2975.00863923 1.00798522384
2975.02907074 1.03352712884
2975.04950245 0.997532698533
2975.06993407 1.02521585735
2975.09036558 0.988699276599
2975.1107973 1.06263556531
2975.13122891 1.06600268747
2975.15166052 1.04802796671
2975.29468183 1.00194953328
2975.31511344 1.01225009067
2975.33554516 1.00398431707
2975.35597678 0.993347852071
2975.37640829 0.969016439607
2975.39684001 0.946933832815
2975.41727153 0.951010436866
2975.43770325 0.935230967156
2975.45813486 0.917457342025
2975.4989981 1.02595027443
2975.51942972 1.03351574247
2975.53986124 1.0259819265
2975.56029296 1.00347388784
2975.58072457 1.0665444203
2975.60115609 1.02157929102
2975.62158781 0.973861603192
2975.64201943 1.01441248409
2975.66245115 1.01749707788
2975.68288267 1.02890746963
2975.70331429 1.01998635316
2975.72374602 0.969294556662
2975.74417754 1.01800800101
2975.76460916 1.01301469785
2975.78504088 0.955333946361
2975.8054725 0.94442425401
2975.82590402 0.994259500336
2975.84633575 0.950776511667
2975.86676737 0.920600647806
2975.88719899 0.929682398423
2975.90763061 0.909950695378
2975.92806224 0.896811891081
2975.94849396 0.838667190215
2975.98935711 1.00092026124
2976.00978883 1.03261293861
2976.03022036 1.09103955561
2976.05065198 1.01168058888
2976.07108361 1.03029129097
2976.09151523 1.01550859597
2976.11194696 0.983458810673
2976.13237848 1.02624541183
2976.15281011 0.999059874694
2976.17324183 0.970124485653
2976.19367336 1.00531611485
2976.23453671 1.18895230589
2976.27539987 1.01868839936
2976.2958316 1.01705013489
2976.31626313 1.0066217194
2976.33669485 0.992374288454
2976.35712648 1.03981167057
2976.37755811 1.00958359607
2976.39798974 1.00436434071
2976.41842137 1.00081754292
2976.438853 0.991619483527
2976.54101115 0.952032280827
2976.56144288 0.983900559133
2976.58187451 0.959905213952
2976.60230604 0.949534553861
2976.62273777 0.98098109043
2976.64316941 0.946563493753
2976.66360094 0.949992204479
2976.68403267 0.952079167256
2976.72489584 1.01261396594
2976.74532757 1.01231514322
2976.7657591 1.00883276477
2976.78619084 0.99692784104
2976.80662247 0.967896538146
2976.8270541 0.999959941997
2976.84748574 0.973541352551
2976.86791737 1.00688543398
2976.88834901 1.01386219159
2976.90878064 0.983274635316
2976.92921228 0.982578467887
2976.97007565 1.04234729962
2976.99050719 0.99392085832
2977.01093892 1.02344252636
2977.03137056 0.939331905082
2977.0518021 1.00274513594
2977.07223384 1.0180252383
2977.09266547 0.983370249136
2977.11309701 0.984993914829
2977.13352875 0.962534718784
2977.23568704 1.04424882934
2977.25611858 0.982466906595
2977.27655022 0.977620493796
2977.29698196 0.971015327005
2977.3174135 0.972852479776
2977.33784515 0.901989530269
2977.35827679 0.933351783388
2977.37870843 0.921339453897
2977.39914007 0.944938110768
2977.41957171 0.941062686507
2977.4604351 1.03475530495
2977.48086664 1.05765745474
2977.50129828 1.05191484968
2977.52173002 1.06027065183
2977.54216167 1.00604322298
2977.56259321 1.15497650014
2977.58302495 1.01856674769
2977.6034566 1.03174953001
2977.62388814 1.0316636955
2977.72604647 0.951980980854
2977.74647822 1.051686093
2977.76690976 1.00875221811
2977.78734141 1.01133913617
2977.80777316 0.999068861127
2977.8282047 1.02577794819
2977.84863635 0.939993531798
2977.8690681 0.974612634926
2977.88949965 0.981373837087
2977.90993139 0.959988568938
2977.97122634 1.06405660359
2977.99165799 1.11095119833
2978.01208964 1.0441525652
2978.09381624 1.11224377865
2978.11424789 1.03505962584
2978.13467954 1.02221142272
2978.15511119 1.04251407188
2978.17554284 1.00099738786
2978.1959746 1.00612273484
2978.21640615 0.997491438488
2978.2368378 0.98429970638
2978.25726955 0.981981708309
2978.27770111 1.00541031899
2978.29813276 1.02025101307
2978.31856451 0.964608195984
2978.33899607 0.967686384239
2978.44115444 1.0174616936
2978.461586 1.03621039778
2978.48201775 0.999737783275
2978.50244941 1.00556996347
2978.52288107 1.07518235747
2978.54331272 0.988034681633
2978.56374438 0.916698643694
2978.58417614 0.951193978454
2978.60460769 0.979839529364
2978.62503935 0.996396698529
2978.72719765 0.9788570487
2978.7476293 0.969363940526
2978.76806106 0.983868785377
2978.78849262 0.981777200164
2978.80892438 0.957339361446
2978.82935605 0.986921069966
2978.84978761 0.968990754297
2978.87021937 0.965841133082
2978.89065103 0.988993136803
2978.93151435 1.03165521387
2979.013241 1.02140073876
2979.03367277 1.01339409692
2979.05410433 1.01903694775
2979.07453599 1.03920135786
2979.09496776 1.02787718654
2979.11539932 1.00596738608
2979.13583099 1.00279066703
2979.17669442 0.979262055714
2979.19712598 0.962857415603
2979.27885275 0.958089766662
2979.42187443 1.03030406873
2979.44230619 0.934957561264
2979.46273776 1.0036035408
2979.48316953 0.990964058764
2979.5036011 0.951342153928
2979.52403277 0.982101042467
2979.54446454 0.896946194657
2979.56489612 0.946141342191
2979.58532779 0.919794636703
2979.60575956 0.907503691621
2979.62619113 0.923960322968
2979.66705457 0.972918288414
2979.68748625 1.0021764744
2979.70791792 0.975577387193
2979.72834959 1.02180625339
2979.74878127 0.999739502356
2979.76921294 0.988430242635
2979.78964461 0.942385268617
2979.81007629 0.976857257067
2979.83050806 0.923211242765
2979.93266644 1.06364230784
2979.95309812 1.03548534644
2979.97352969 1.04093513802
2979.99396147 1.00770376018
2980.01439315 1.00140303453
2980.03482473 1.01500010591
2980.0552565 1.01236617873
2980.07568818 1.04677877251
2980.09611976 1.01811818908
2980.11655154 1.03319121926
2980.13698312 1.06774459922
2980.1574149 1.02711682076
2980.17784658 0.994942395593
2980.19827816 1.04807290282
2980.21870994 1.00227805731
2980.23914162 1.02798254891
2980.2595733 1.01331565151
2980.28000498 0.963223659005
2980.30043666 0.97735332538
2980.32086834 0.973984421709
2980.34130003 0.950734991379
2980.36173171 0.945392373404
2980.40259517 1.02702395819
2980.42302676 1.04968681914
2980.46389022 1.00720843819
2980.48432181 1.07503240505
2980.50475359 1.01144829939
2980.52518528 0.997195477007
2980.54561686 0.98577348349
2980.56604865 0.976653791594
2980.60691212 0.987096499913
2980.64777539 0.965248189998
2980.66820718 1.0354462078
2980.68863877 1.0155526989
2980.70907045 1.01851197741
2980.72950224 1.01396361188
2980.74993383 1.00092812203
2980.77036552 0.998791898886
2980.79079721 0.964309924051
2980.8112289 1.03321308469
2980.83166069 0.998051184471
2980.85209227 0.968332383226
2980.89295576 0.971566551498
2980.91338745 1.03479258565
2980.93381904 0.999691308173
2981.0155459 1.00007604988
2981.0359776 0.969328268054
2981.05640939 1.03482626032
2981.07684098 1.03376726135
2981.09727267 0.973359675301
2981.13813606 1.01291798198
2981.15856776 1.01170998574
2981.17899955 0.976278230064
2981.19943115 0.981855021026
2981.21986284 0.982738279052
2981.24029464 1.00215624191
2981.26072623 0.974094909143
2981.28115803 0.955449361214
2981.30158972 1.07573342614
2981.34245312 0.994729584494
2981.38331651 0.941842919235
2981.40374821 0.995438032854
2981.42417991 0.982912601047
2981.44461161 1.00099818564
2981.46504331 0.999405846715
2981.48547501 1.04165200663
2981.50590671 0.971473671974
2981.52633841 0.977974229738
2981.54677011 0.941016334882
2981.56720191 0.991155321606
2981.58763351 0.859015859151
2981.68979212 1.08300588844
2981.71022372 1.02795206227
2981.73065552 1.05717193339
2981.75108723 1.03193197022
2981.77151883 1.00694640308
2981.79195063 0.998792455905
2981.81238234 0.989891764404
2981.83281394 1.00893507973
2981.93497257 1.03336599007
2981.95540438 1.05995174521
2981.97583598 1.03459846592
2981.99626769 0.992511149619
2982.0166995 1.00656074389
2982.03713121 0.992195265183
2982.05756281 1.02954905291
2982.07799462 1.04542444828
2982.11885794 1.24011051354
2982.13928975 0.990167262556
2982.15972136 0.99226571032
2982.18015317 1.04440506654
2982.20058488 1.017703701
2982.22101649 1.05170919962
2982.2414483 1.00082614647
2982.26188001 0.996972419607
2982.28231162 0.99884446308
2982.30274344 1.01493349347
2982.32317515 1.00228293303
2982.36403857 1.03763848809
2982.38447029 1.01715879985
2982.4049021 1.08431001685
2982.42533371 1.04395985545
2982.44576543 1.01329224668
2982.46619724 1.00881554809
2982.48662886 1.01742326164
2982.56835572 0.989370267075
2982.65008269 0.953339482098
2982.67051441 1.00160851873
2982.69094622 0.966727738464
2982.71137784 0.994358064314
2982.73180956 0.971110857965
2982.75224138 1.01106938531
2982.81353654 0.929238602648
2982.85439998 0.993759207476
2982.8748316 0.999510403383
2982.89526332 0.98473964056
2982.91569515 1.04414057529
2982.93612677 0.982018374136
2982.95655849 1.01417184167
2982.97699031 0.996840208361
2982.99742194 1.03837122807
2983.01785366 1.01017976865
2983.03828548 1.04606091919
2983.05871711 1.02003118649
2983.09958066 0.950191752067
2983.12001238 0.961033012019
2983.14044411 0.986005386657
2983.22217101 0.930301710085
2983.24260274 0.932235093937
2983.26303457 0.946782185773
2983.28346619 0.884547338587
2983.30389802 0.884331871467
2983.34476138 0.652074667134
2983.36519321 0.635669273502
2983.38562494 0.577944477649
2983.44692013 0.522345427244
2983.46735176 0.440442105287
2983.48778359 0.382438412011
2983.50821532 0.366154500768
2983.52864705 0.303097737891
2983.54907879 0.237597225024
2983.58994225 0.978496261442
2983.61037399 0.980485365981
2983.63080572 0.961964830745
2983.65123745 0.964951207967
2983.67166919 0.970604968947
2983.69210102 0.950851593564
2983.71253276 0.960460430414
2983.73296439 0.909455711646
2983.75339623 0.950486214027
2983.77382796 0.902590509969
2983.7942596 0.876008133594
2983.83512317 1.06722289542
2983.85555481 1.02704994496
2983.87598665 1.04784930197
2983.89641839 0.999990649046
2983.91685022 1.08286499515
2983.93728186 1.07633923346
2983.9577136 1.03544334558
2983.97814544 1.05587486669
2983.99857708 1.02173035636
2984.01900882 1.03032403835
2984.03944066 1.04202841056
2984.08030404 1.19319821216
2984.10073588 1.13185966559
2984.12116753 1.17686810504
2984.14159937 1.23127343296
2984.16203111 1.16032993805
2984.18246285 1.20610266881
2984.2028946 1.171976124
2984.22332624 1.11898219161
2984.24375798 1.17083079115
