# #0 time, 1 flux
2306.65128326 0.99321611909
2306.67171528 0.982371561195
2306.6921474 1.0150512987
2306.71257931 0.972255779086
2306.73301143 1.00784170391
2306.75344335 1.01028039057
2306.77387537 1.00820657549
2306.79430748 1.00049630808
2306.8147394 0.978138272687
2306.83517142 1.00375450332
2306.85560353 0.999254648457
2306.87603545 1.00259927617
2306.89646746 0.973699921933
2306.91689958 1.00901575466
2306.93733159 0.990113312794
2306.95776361 1.00432934836
2306.97819562 1.012479346
2306.99862763 0.989312192582
2307.01905964 0.992359877725
2307.03949166 0.991086157579
2307.05992367 0.974764907204
2307.08035578 1.01775440872
2307.10078769 1.00940605137
2307.1212197 1.00653141459
2307.14165181 0.973538757159
2307.16208372 0.99000791405
2307.18251583 1.00147876329
2307.20294784 1.00020954956
2307.24381185 0.999575001803
2307.26424386 0.976883929688
2307.28467577 1.00238820839
2307.30510788 1.00785181167
2307.32553988 1.02199665935
2307.34597179 1.01172482391
2307.36640389 0.987095746261
2307.3868359 0.997909396761
2307.4072679 0.991128619634
2307.42769991 1.01754550803
2307.44813191 0.980362567461
2307.46856392 0.995087321021
2307.48899592 0.99502805979
2307.50942792 0.992664658775
2307.55029193 1.00084523698
2307.57072393 1.01288105795
2307.59115603 0.964701107492
2307.61158793 1.00816887838
2307.63201993 1.02041493631
2307.65245203 0.992427733458
2307.67288393 0.983881844041
2307.69331593 1.00951171986
2307.71374803 1.01054974954
2307.73417992 1.01289401535
2307.77504402 1.01374195368
2307.79547592 0.992919937112
2307.81590801 0.999887269658
2307.83634001 0.976554445938
2307.85677191 1.00996798079
2307.877204 1.00926530806
2307.897636 1.00115520661
2307.91806799 1.0135249682
2307.93849998 1.02346235279
2307.95893198 0.981431512044
2307.97936397 0.988686653947
2307.99979596 1.02362334884
2308.02022796 0.990611821951
2308.04065995 0.974051371368
2308.06109204 0.993991574834
2308.08152393 0.98923975784
2308.10195602 0.99256513215
2308.12238791 1.00730206784
2308.1428199 0.98029109938
2308.16325199 1.0065047433
2308.18368388 0.995393346488
2308.20411587 0.996803359105
2308.22454796 1.00324291161
2308.24497985 0.980135314836
2308.26541184 0.991740566325
2308.28584393 1.00221584567
2308.30627581 1.00338698782
2308.3267078 0.998256645782
2308.34713988 1.00083742352
2308.36757177 0.990913060321
2308.38800376 0.995774662624
2308.40843584 0.986110072906
2308.42886783 0.982966375871
2308.44929971 0.976679889267
2308.46973179 1.0042671333
2308.49016378 0.985543502912
2308.53102774 0.976475874082
2308.55145973 0.989752419852
2308.57189171 1.00453423519
2308.61275567 1.01813585292
2308.63318775 1.0092717603
2308.65361963 0.999926244605
2308.67405161 0.993886859497
2308.69448369 1.00806950538
2308.71491557 0.997541400362
2308.73534755 1.01834213976
2308.75577963 1.01191744182
2308.7762115 1.00713347013
2308.79664348 0.984588566766
2308.81707556 1.00922959784
2308.83750744 1.00569255753
2308.85793941 1.00002781013
2308.87837149 0.991685941427
2308.89880336 0.98992041271
2308.91923544 0.986758954514
2308.93966731 0.979790136698
2308.96009929 0.992045319994
2309.02139521 1.00964443465
2309.04182728 1.01143978189
2309.06225926 1.00504502948
2309.08269113 1.00638948674
2309.1031232 1.0114469807
2309.12355517 1.01463329899
2309.14398704 1.00527348383
2309.16441911 0.983262145648
2309.18485108 1.0206830138
2309.20528295 0.995191039122
2309.22571502 0.998375981082
2309.24614699 1.01592692707
2309.26657896 0.996344344495
2309.28701093 0.99533736945
2309.30744289 1.00297663866
2309.32787486 1.00575061056
2309.34830683 0.996760475133
2309.3687388 0.994885406901
2309.38917086 0.975475483433
2309.40960273 1.00774310354
2309.43003469 1.02268467668
2309.45046676 1.00921746715
2309.47089872 0.993065784217
2309.51176265 1.01016014803
2309.53219462 1.0042279306
2309.55262648 1.01552624304
2309.57305854 1.00008303991
2309.5934905 1.0044044809
2309.61392237 0.98996392586
2309.63435443 1.00787194112
2309.65478629 1.02041151259
2309.67521825 1.02622447799
2309.73651413 0.985622472523
2309.75694619 1.0173322875
2309.77737805 1.0289319828
2309.79781001 1.01755683047
2309.81824206 0.990132339925
2309.83867402 0.980752306303
2309.85910598 0.995823150657
2309.87953794 1.01094473286
2309.89996989 0.999538190372
2309.92040195 1.00056666472
2309.94083381 0.995028560751
2309.96126576 0.997645662988
2309.98169782 1.00725740238
2310.00212967 0.994156575308
2310.02256163 1.0188983745
2310.04299368 0.990817397598
2310.06342553 0.987401600882
2310.08385749 0.986973597166
2310.10428954 0.996279803108
2310.12472139 0.998617109552
2310.14515334 1.00420018338
2310.1655854 0.963287313452
2310.18601725 1.009951161
2310.2473131 0.998631369927
2310.26774505 1.03156263247
2310.2881771 1.00464191759
2310.30860905 0.991656820359
2310.329041 0.984691690684
2310.34947295 0.996971328433
2310.36990479 1.01487711792
2310.39033684 1.00539582378
2310.41076879 0.996743748396
2310.43120063 1.00114168391
2310.5946563 1.0115526329
2310.61508814 1.00278750853
2310.63552018 1.02088815078
2310.65595213 0.995249781244
2310.77854377 1.03894333911
2310.79897571 0.996172840338
2310.81940775 0.992624825672
2310.83983959 1.00819370614
2310.86027163 0.98130269304
2310.88070357 0.967803396205
2310.90113541 0.997640909548
2310.92156745 1.00872117296
2310.94199938 1.03172008049
2310.96243122 1.01144269204
2310.98286326 0.997239078796
2311.00329519 1.00935760474
2311.02372703 0.975623109563
2311.04415907 1.00637322703
2311.064591 1.01335502963
2311.08502284 1.02554087119
2311.10545487 1.0190583002
2311.12588681 1.01937510515
2311.14631864 0.994682306794
2311.16675067 1.0015854646
2311.18718261 0.997885283161
2311.2484784 0.994353371568
2311.26891023 0.989135685408
2311.28934227 1.00335136011
2311.3097742 0.986940806972
2311.33020603 1.00559331082
2311.35063806 0.985410706296
2311.37106999 1.00241362064
2311.39150202 0.989989187213
2311.41193385 1.00797844084
2311.43236577 1.03453451345
2311.49366156 1.00710594888
2311.51409359 1.01068825956
2311.53452541 0.99499381566
2311.55495734 1.01756477271
2311.57538937 0.985390784748
2311.59582129 1.0061145126
2311.61625312 1.00158594378
2311.63668514 1.00769824606
2311.65711707 1.00241356784
2311.67754889 0.970715137964
2311.71841284 1.00385677685
2311.73884466 1.00539251562
2311.77970861 1.00504560163
2311.80014043 0.984591897701
2311.82057245 0.991371312373
2311.84100437 1.01032612766
2311.86143629 1.00350693494
2311.88186821 0.984329951981
2311.90230003 0.976433477808
2311.92273205 1.00406594878
2311.94316397 1.00037674091
2311.96359579 0.991291148994
2311.98402781 1.01086429698
2312.00445973 1.00389422513
2312.02489165 0.972745832547
2312.04532357 0.971042723774
2312.06575548 0.999290730899
2312.0861874 0.974852971449
2312.10661932 0.984107159095
2312.12705123 1.01011315572
2312.14748315 0.991692857004
2312.16791517 0.955695494137
2312.2087789 1.00841066247
2312.22921091 0.997890588084
2312.24964273 0.980340971549
2312.27007464 0.994777590333
2312.29050665 1.01053790098
2312.31093847 0.983922724419
2312.33137038 0.992901983713
2312.35180239 0.981590187218
2312.3722342 1.01666083105
2312.39266621 0.998082243292
2312.41309813 0.965064206629
2312.45396195 0.983871510464
2312.47439386 1.03382104807
2312.49482577 0.980145840203
2312.51525768 0.997604513455
2312.53568959 0.999984172646
2312.5561215 1.0015997394
2312.5765534 1.00996138669
2312.59698531 1.00111977887
2312.61741712 0.999749457902
2312.63784913 0.994902051825
2312.65828104 1.01092038837
2312.67871284 1.02722330301
2312.69914485 0.991471891074
2312.71957675 1.011272349
2312.74000856 1.00451711509
2312.76044057 1.02124317141
2312.78087247 1.00875410131
2312.80130428 0.991569626909
2312.82173628 0.999376555046
2312.84216818 1.01159257721
2312.86260009 0.997679702403
2312.88303199 0.996194255241
2312.90346389 1.00195476586
2312.9238959 1.02670089427
2312.9443277 1.0088753796
2312.9647596 0.986884598633
2312.9851916 1.00326852093
2313.0056235 1.00120176914
2313.0260553 1.0102950866
2313.0464873 1.01915225905
2313.06691921 0.995064986568
2313.087351 0.982019170334
2313.107783 0.998951714157
2313.1282149 0.9545918442
2313.1486467 0.971809334748
2313.1895106 0.96965599728
2313.2099424 0.998000835215
2313.23037439 0.992635244171
2313.25080629 0.989933332492
2313.29167008 1.00279345864
2313.31210198 0.998649465768
2313.33253388 0.983393145265
2313.35296577 0.999806495282
2313.37339767 1.01939213378
2313.39382946 1.01187316312
2313.43469335 1.01816205659
2313.45512524 1.01474777146
2313.47555714 1.0116934373
2313.49598903 0.986904526765
2313.51642102 1.00585782745
2313.53685281 0.990533704166
2313.5572847 1.01831093837
2313.5777167 0.984818910402
2313.59814849 1.01181134452
2313.61858038 1.00308451332
2313.63901237 0.987580201575
2313.67987605 0.997401961024
2313.70030804 1.00023894182
2313.72073983 1.01833711023
2313.74117172 1.0141350914
2313.7616037 1.02264900694
2313.78203549 0.998943614011
2313.80246738 1.01455177849
2313.82289937 1.00087697649
2313.84333125 0.994520403417
2313.86376304 1.02189245692
2313.88419503 1.01082783107
2313.90462691 1.01442740449
2313.9250588 1.00895630809
2313.94549069 0.975398082176
2313.96592257 0.99469569014
2313.98635445 0.988396375234
2314.00678634 0.987763274416
2314.02721822 1.00145216767
2314.04765011 1.0067296585
2314.06808199 0.970242497475
2314.08851387 0.992592139559
2314.10894576 1.02417048176
2314.19067328 1.01101187496
2314.21110516 1.014436668
2314.23153704 1.00445619505
2314.25196893 1.02767715261
2314.27240081 1.00251558302
2314.29283268 1.00096507013
2314.31326456 0.993868243969
2314.33369644 0.985202281652
2314.35412842 1.0009818509
2314.3745602 0.979890291393
2314.41542406 1.00037187301
2314.43585583 0.998527779606
2314.45628781 1.01784780162
2314.47671969 1.0015071266
2314.49715146 0.992604174742
2314.51758344 0.997069495102
2314.53801531 1.02020273886
2314.55844709 0.989664827952
2314.57887906 0.992157559201
2314.61974271 0.994590656172
2314.64017469 1.00724722254
2314.66060656 0.992697366978
2314.68103843 1.00151726401
2314.70147031 0.998740781225
2314.72190218 0.989354184485
2314.74233405 0.981621701312
2314.76276592 1.01691359116
2314.7831978 1.00284926539
2314.80362967 1.00791872643
2314.82406154 1.01493564247
2314.84449341 0.982662465382
2314.86492518 0.990714926853
2314.90578902 1.0033463652
2314.92622099 0.983810345693
2314.94665276 0.998513053768
2314.96708463 1.01405499327
2314.98751659 1.00452768793
2315.00794836 1.00621092454
2315.02838023 1.01177327359
2315.0488122 0.992096899685
2315.06924396 0.986255216921
2315.08967583 1.01249255444
2315.1101078 0.999516802574
2315.13053956 1.03696228568
2315.15097143 1.02563904522
2315.1714034 0.997326028125
2315.19183526 0.973361668374
2315.21226703 1.01692701201
2315.23269899 0.992837736536
2315.25313085 1.0056315372
2315.27356262 1.00050267998
2315.29399458 1.0182463353
2315.31442644 0.997542623352
2315.33485821 0.984352843001
2315.35529017 1.00123068302
2315.39615399 1.00497787429
2315.41658576 1.01554920142
2315.43701762 1.01203977264
2315.45744958 0.978820218439
2315.47788134 0.978603175151
2315.4983132 0.997426915633
2315.51874506 1.00035109179
2315.53917692 1.0248246889
2315.55960878 1.01140867032
2315.58004064 1.00198421752
2315.60047249 0.968352503863
2315.62090435 0.969910112905
2315.64133621 0.996057484847
2315.66176807 0.957622264784
2315.7434955 0.983060512352
2315.76392745 1.00558241496
2315.78435921 1.00642505999
2315.80479106 0.987173014687
2315.82522302 0.9742571266
2315.90695033 0.991644963684
2315.92738229 1.01202784045
2315.94781414 1.01439427399
2315.96824589 1.01347259465
2315.98867785 0.982112068442
2316.0091097 0.969991548719
2316.02954155 1.00337572335
2316.0499734 1.0180423017
2316.07040525 0.991999764654
2316.09083711 1.00097616487
2316.11126896 0.977606400389
2316.13170081 0.985111975384
2316.15213266 0.987547261382
2316.17256461 0.979403505569
2316.19299636 0.999906403984
2316.2134282 1.02642417526
2316.23386005 0.990072512319
2316.2542919 0.997431625325
2316.27472365 0.978373355243
2316.2951556 1.0045050269
2316.31558744 0.982153508711
2316.33601939 1.01055076044
2316.37688299 1.02016098177
2316.39731493 1.00229912853
2316.41774668 0.998551418484
2316.43817852 1.00420825518
2316.45861047 1.00315434912
2316.47904221 0.985834806668
2316.49947406 1.01328081544
2316.519906 0.988223271038
2316.54033785 1.00786600892
2316.56076959 0.997353570847
2316.58120153 1.01147438657
2316.60163338 0.9855725158
2316.62206512 1.00627480367
2316.64249706 0.989063700403
2316.6629289 0.992088659393
2316.68336065 1.00701862205
2316.70379259 1.003700448
2316.72422443 0.984043738829
2316.74465617 1.01515139815
2316.76508811 1.00160211165
2316.78551995 1.02063650574
2316.80595189 1.00410295114
2316.94897466 0.995258377557
2316.9694065 0.99896786028
2316.98983844 0.974447839867
2317.01027017 0.977064954177
2317.03070201 0.996932003732
2317.05113385 1.0103235505
2317.07156568 1.01034196194
2317.09199752 1.00120036573
2317.11242945 1.01292208655
2317.13286119 0.994576209482
2317.15329302 1.02346381616
2317.17372496 1.01110981147
2317.19415669 0.999669807381
2317.21458863 0.993191340072
2317.23502046 0.985821499408
2317.25545219 0.976130299639
2317.27588413 1.01363232667
2317.29631596 1.01339196352
2317.31674769 0.992016630791
2317.35761146 0.991328508471
2317.37804329 1.02542154188
2317.39847512 1.00453957442
2317.41890695 1.00818198574
2317.43933878 1.00769255036
2317.45977061 0.985248982838
2317.48020244 1.00110803259
2317.50063427 1.01286157004
2317.5210661 1.00027978104
2317.54149793 1.02533858437
2317.58236169 1.02222528973
2317.60279341 1.00441981689
2317.62322524 0.985131698853
2317.64365717 1.00050522144
2317.6640889 0.980206819891
2317.68452082 0.997003693097
2317.70495265 0.990013152964
2317.72538438 0.982206286774
2317.7458163 1.01893377838
2317.76624803 1.00022353617
2317.78667985 0.980323124362
2317.86840725 1.02222053143
2317.88883898 1.00583813785
2317.9092708 1.00083740344
2317.92970272 1.0147988293
2317.95013455 0.991058044477
2317.97056627 1.00965805436
2317.99099819 0.989852320439
2318.01143001 0.987412175045
2318.03186174 0.976790890946
2318.05229366 0.973568475287
2318.0931572 1.00010641872
2318.11358912 0.985429514903
2318.13402094 1.00020799415
2318.15445286 0.973227016981
2318.17488458 0.983827478717
2318.1953164 0.956440516159
2318.21574832 0.975484596076
2318.23618004 1.01495114154
2318.25661186 0.975593678365
2318.27704378 1.00069330674
2318.37920276 1.0089185524
2318.39963468 0.979813975748
2318.4200665 0.996477990001
2318.44049821 1.00630732249
2318.46093013 1.00358517364
2318.48136184 1.02174429818
2318.50179366 0.995808456417
2318.52222557 0.990901792247
2318.60395273 1.00630396174
2318.62438464 1.0066594239
2318.64481646 1.0110979301
2318.66524817 0.997050452566
2318.68568008 1.02285750885
2318.70611189 0.999317264215
2318.72654361 1.03947747601
2318.74697552 1.00292328254
2318.76740733 0.971863607098
2318.78783914 1.0345856559
2318.82870276 1.01647802771
2318.84913457 1.02687427362
2318.86956648 1.00099979021
2318.88999819 1.03367921172
2318.91043 0.976400638138
2318.93086191 1.00308038321
2318.95129362 1.00050396627
2318.97172543 0.998352086107
2318.99215733 0.994308871184
2319.01258904 0.989828654601
2319.11474818 0.996177904009
2319.13517988 1.01520525772
2319.15561179 0.999566614816
2319.1964753 1.00014589393
2319.21690721 1.03901013191
2319.23733891 1.01947595066
2319.25777072 1.02881192472
2319.27820262 1.00709535779
2319.31906613 0.999165412775
2319.33949803 0.999907829982
2319.35992983 0.978308149817
2319.40079344 1.00577362571
2319.42122524 0.995904022898
2319.44165714 1.01880641651
2319.46208885 0.980463567658
2319.48252065 1.00759014427
2319.50295255 0.996968748065
2319.52338425 1.00724488737
2319.56424795 1.00511963113
2319.58467965 1.02352732894
2319.60511145 1.00987788694
2319.62554335 0.974972818973
2319.64597505 0.983924325013
2319.66640685 1.00084515601
2319.68683875 0.997561566035
2319.70727055 0.996140092788
2319.72770224 1.00048824383
2319.74813414 0.988765912178
2319.76856594 1.00045344271
2319.80942953 0.997529399862
2319.82986133 1.01350008
2319.85029313 0.997992933037
2319.87072492 0.996444965909
2319.89115662 1.0351305243
2319.91158851 0.999093517053
2319.93202031 1.01342632348
2319.9524521 0.98043725451
2319.9728839 1.01018448974
2319.99331569 0.995807951553
2320.01374739 0.991056825319
2320.03417928 0.993618473726
2320.05461108 0.992028831226
2320.07504277 1.00958578723
2320.09547466 1.01889956572
2320.36108795 0.994242587638
2320.38151984 0.983604335844
2320.40195163 1.01802128115
2320.42238332 1.00638961318
2320.4428152 0.993205106925
2320.46324699 1.01242336883
2320.48367868 1.00657033978
2320.50411057 1.00662516163
2320.52454236 1.02017448354
2320.54497414 0.967410148512
2320.56540593 1.02427006208
2320.58583772 0.983432138024
2320.6062695 0.965748354147
2320.62670129 0.9974951141
2320.64713307 0.983325163796
2320.66756486 1.00116410748
2320.68799665 1.01344289665
2320.70842843 0.993938668265
2320.72886022 0.995306167333
2320.749292 1.00761475167
2320.79015567 1.02683264126
2320.81058735 0.985544240017
2320.83101913 1.01070105427
2320.85145102 0.978831068555
2320.8718827 1.00625880756
2320.89231448 1.00665446452
2320.91274637 1.014519123
2320.93317805 1.00312552084
2320.95360983 1.00362275327
2320.97404171 1.01428225916
2320.99447339 0.981580710496
2321.01490517 1.00061264453
2321.03533706 1.00756413736
2321.05576874 1.00253984584
2321.07620062 0.978314296121
2321.0966324 0.969921021992
2321.11706418 0.98082595636
2321.13749596 1.00439628149
2321.15792773 0.998175614165
2321.17835951 1.00131401027
2321.19879129 0.985328015322
2321.21922307 0.966666350898
2321.2805184 1.02581073488
2321.30095018 1.00227894795
2321.32138206 1.0006024328
2321.34181374 1.01631474644
2321.36224551 0.978453254141
2321.38267729 0.999083047785
2321.40310906 0.996371468019
2321.42354074 1.02242132634
2321.44397262 1.00059020124
2321.46440439 1.00533382067
2321.48483627 1.01002776654
2321.50526794 0.978211458402
2321.52569972 1.00546039514
2321.54613159 1.01902036152
2321.56656326 0.982576253238
2321.58699504 0.991306181282
2321.60742691 0.998369847298
2321.62785868 0.999060765115
2321.64829036 1.0192730182
2321.66872223 1.00701226957
2321.689154 0.992260115224
2321.70958568 1.00156160468
2321.73001755 0.97640126945
2321.77088099 1.01078781911
2321.79131286 0.998551840938
2321.81174463 0.991046946316
2321.8321763 1.01247417652
2321.85260817 1.00349753196
2321.89347181 0.960054899079
2321.91390348 1.00280124684
2321.93433525 1.00298337733
2321.95476712 0.992841025282
2321.99563056 1.02366844284
2322.01606243 1.00543642065
2322.0364941 1.00649636654
2322.07735763 1.01882538813
2322.0977894 0.99593892458
2322.11822117 1.00802829656
2322.13865303 0.990633324393
2322.1590847 1.0137196755
2322.17951647 0.986437685962
2322.19994833 1.00505253223
2322.22038 0.997794055421
2322.28167529 0.993196029126
2322.30210716 0.989854674504
2322.32253892 0.998688773112
2322.34297059 1.01202848072
2322.36340245 1.0147347932
2322.38383422 1.00080349455
2322.40426588 0.998394221415
2322.42469774 0.983501152458
2322.44512951 1.01265180194
2322.46556127 1.00755922878
2322.48599303 1.00118856418
2322.5064248 0.988692298989
2322.52685656 0.979759737329
2322.54728832 0.976416360836
2322.56772008 1.00858201563
2322.58815184 0.987501271621
2322.6085837 0.987126138103
2322.62901536 1.00237955663
2322.64944723 1.0279224207
2322.66987899 0.972773532296
2322.69031065 0.969676540113
2322.71074251 0.97390713654
2322.75160592 1.02808079166
2322.77203778 0.981258669143
2322.79246944 0.967868922502
2322.8129012 0.988688544827
2322.83333306 1.00024005047
2322.85376472 0.999224340515
2322.89462833 1.00552574675
2322.91505999 1.00528546623
2322.93549175 0.986105110598
2322.95592361 0.985585516164
2322.97635536 0.982388128661
2322.99678702 1.00525456997
2323.13980941 1.0116599756
2323.16024116 0.993124262991
2323.18067302 0.992307317015
2323.20110467 1.00013713855
2323.24196828 1.00527962604
2323.26239993 0.987793471256
2323.28283169 0.997092456122
2323.30326354 1.03018351301
2323.32369519 0.990427865705
2323.34412694 1.00716329263
2323.3645588 1.00854296674
2323.38499045 0.982520193599
2323.4054222 0.993355867886
2323.42585405 0.960552666395
2323.4462858 1.0120055707
2323.46671755 0.984231583364
2323.4871493 1.01006890084
2323.50758096 1.0129520669
2323.52801281 1.01156374767
2323.54844456 0.997648555253
2323.56887621 0.995360446343
2323.58930806 1.03449104589
2323.6097398 0.987564315601
2323.63017145 0.981855377039
2323.6506033 1.00671866842
2323.67103505 0.988233296206
2323.6914667 1.01169512202
2323.7323303 1.01303779486
2323.75276194 1.02317583004
2323.77319379 1.01080351759
2323.79362554 1.00962565013
2323.81405739 1.01231381574
2323.83448903 1.00847336027
2323.87535263 0.999184326256
2323.89578427 0.995513839339
2323.91621602 0.992610364328
2323.93664786 0.99676879067
2323.95707951 0.987529187919
2323.97751125 0.998467274325
2323.9979431 1.0035355785
2324.01837484 1.01176021519
2324.03880649 1.01126961745
2324.05923833 0.993527462035
2324.07967008 1.01674112832
2324.10010172 0.976443283673
2324.12053356 0.973160605224
2324.14096531 1.02393634699
2324.16139695 0.992717231647
2324.18182879 0.980506596351
2324.26355576 1.00010179287
2324.2839875 1.0174164872
2324.30441925 0.984061373579
2324.32485089 1.015953112
2324.34528273 1.02295192147
2324.36571447 1.0010718725
2324.38614621 1.03277212509
2324.40657795 0.986746743492
2324.42700969 0.987333443551
2324.46787327 1.01693030451
2324.48830491 1.01025110489
2324.50873665 0.994034973302
2324.52916849 1.00809088487
2324.54960013 0.987700037883
2324.57003196 1.02980227919
2324.5904637 0.975111882093
2324.61089534 1.01108776125
2324.63132718 1.02139111658
2324.65175892 0.981536689331
2324.73348577 1.03120239778
2324.7539176 0.997755519298
2324.77434934 0.995980711378
2324.79478097 1.02452945199
2324.81521281 0.963498238393
2324.83564455 1.0100001889
2324.85607628 0.996371038747
2324.87650802 1.01054014797
2324.89693975 0.99432544525
2324.91737149 0.998913504739
2324.93780332 1.01054577638
2324.95823496 1.00066586202
2324.97866669 0.990950169266
2324.99909842 1.01194042276
2325.01953016 1.02185422147
2325.03996199 1.01228891745
2325.06039362 1.00118387487
2325.08082536 0.984660723344
2325.10125719 0.988207444827
2325.12168882 1.01276543092
2325.16255239 0.982298060145
2325.20341575 0.983614922584
2325.22384758 1.00886521887
2325.24427921 1.01474828123
2325.26471094 0.979772244382
2325.28514277 0.974939299878
2325.30557451 1.00413908549
2325.32600624 1.01880944614
2325.34643827 0.98179404314
2325.36687 0.99733234196
2325.38730173 0.978418215496
2325.40773346 1.00207357553
2325.42816508 1.00095626245
2325.44859691 0.989822432083
2325.46902864 1.01627172289
2325.48946027 0.984542152822
2325.5098921 1.00534152694
2325.53032383 1.00756313534
2325.55075546 0.99557339765
2325.57118728 0.986741285423
2325.59161901 1.02009344609
2325.63248247 0.964301903255
2325.71420937 1.02448066325
2325.7346412 0.998909847384
2325.75507282 1.00614695632
2325.77550455 1.0026448576
2325.79593638 1.00626997204
2325.816368 0.978485473315
2325.83679973 1.0359004504
2325.85723155 0.988614084524
2325.87766328 0.99361446755
2325.91852672 0.975797786927
2325.93895845 0.963624165999
2325.95939007 1.00822185922
2325.9798219 1.01928931616
2326.00025362 0.999619699255
2326.06154879 0.999880456619
2326.08198061 0.997186025346
2326.10241223 1.00548856391
2326.12284396 0.983480989356
2326.14327568 0.98988904757
2326.20457084 0.991366772607
2326.22500256 0.994596903687
2326.24543428 0.993069240336
2326.265866 1.00095026388
2326.28629773 0.974114339513
2326.30672945 0.989308609627
2326.32716117 0.99137720245
2326.34759289 0.988427131834
2326.36802461 0.983273500566
2326.40888804 1.00611566825
2326.42931986 0.986900862601
2326.44975158 1.0181169471
2326.4701832 0.998782837946
2326.49061502 1.00048327596
2326.51104674 0.973123871372
2326.53147835 1.00293684791
2326.55191017 0.994191507788
2326.57234189 1.00050570904
2326.59277351 1.01662330155
2326.61320532 1.01627260275
2326.63363704 1.01752145429
2326.65406866 1.01254871506
2326.67450048 1.00865962544
2326.69493219 0.97521876345
2326.71536391 0.965648104059
2326.73579562 0.984800864198
2326.75622734 1.01812142509
2326.77665906 1.00232358613
2326.79709077 0.989366820453
2326.81752249 1.00074681943
2326.8379543 0.982177006174
2326.85838592 0.990265469277
2326.94011277 0.983284478249
2326.96054459 0.984318780719
2326.9809762 0.988168382074
2327.00140791 0.989530235389
2327.02183973 0.998988870544
2327.04227134 0.993602898688
2327.06270305 1.00011322707
2327.08313487 0.999611631575
2327.10356648 1.01415024606
2327.12399819 1.00724554541
2327.14443 0.999420794402
2327.16486161 1.0132932735
2327.18529343 1.01479958664
2327.20572514 0.982785798351
2327.22615685 0.999205949684
2327.24658856 0.99785222039
2327.26702027 1.02166108477
2327.28745198 1.00964602905
2327.30788369 1.02474804234
2327.3283154 1.00710424482
2327.34874711 1.00145180502
2327.45090566 0.99209733168
2327.47133737 1.01111388713
2327.49176918 0.995577824201
2327.5530643 1.00671406642
2327.57349591 1.01974713664
2327.59392772 1.00828686234
2327.61435943 1.01526316366
2327.63479103 0.990268622415
2327.65522284 1.02097354279
2327.67565445 1.00046035066
2327.69608615 1.02552540936
2327.71651796 0.994768537335
2327.73694967 0.99078199978
2327.75738127 0.98182047434
2327.77781308 1.01996989729
2327.79824478 0.982397241598
2327.81867639 1.00530691702
2327.94126682 0.999854729299
2327.96169842 0.994198412543
2327.98213013 1.02140197864
2328.00256193 1.01216422558
2328.02299354 0.999883560029
2328.04342524 1.03099322435
2328.06385704 0.987547470108
2328.08428865 0.99176608937
2328.10472035 1.0137075364
2328.14558376 1.01322343229
2328.16601546 1.00041301919
2328.18644726 0.989347274242
2328.20687896 0.979177445374
2328.22731056 0.977817779981
2328.24774237 0.984618179138
2328.26817407 0.998440785267
2328.28860577 0.992287096001
2328.30903747 1.01279728228
2328.32946917 0.968590505013
2328.34990087 0.985826419971
2328.39076417 1.00493573348
2328.41119597 0.990349189372
2328.43162767 1.00421765792
2328.45205927 1.03158316633
2328.47249107 1.03075991427
2328.49292277 0.987704576555
2328.51335437 1.03392498436
2328.53378617 0.991542388753
2328.55421787 0.99463234098
2328.57464957 1.00066146109
2328.59508127 1.00335586872
2328.61551297 0.997994821349
2328.63594476 1.02482962352
2328.65637636 1.02165667311
2328.69723986 1.0021474008
2328.71767146 0.985463916196
2328.73810315 0.997774093866
2328.75853495 1.00931960833
2328.77896665 0.998533037551
2328.79939824 1.01066590665
2328.81983004 0.985423955517
2328.84026174 0.970219940172
2328.88112513 1.00024686934
2328.90155683 0.996611038591
2328.92198842 0.997839394663
2328.94242022 1.00798449121
2328.96285191 0.988140672323
2328.98328371 1.01115679653
2329.0037153 0.994703489368
2329.024147 0.984597691615
2329.04457869 1.00471305584
2329.06501039 1.01258632147
2329.08544208 1.00663527896
2329.10587378 0.987027315972
2329.12630547 1.00922809511
2329.14673716 1.00451163803
2329.16716886 1.01458698015
2329.18760055 0.998127252507
2329.20803224 1.01405110473
2329.22846404 0.985857878046
2329.24889563 1.01476020571
2329.26932732 1.00623187481
2329.28975912 0.979645018184
2329.31019071 1.01095874314
2329.3306225 1.01339699638
2329.37148578 1.0125751034
2329.39191758 1.02611000922
2329.41234927 1.00456099231
2329.43278086 0.977589983044
2329.45321265 0.996491682986
2329.47364434 0.9948311825
2329.49407593 1.01735228963
2329.51450772 0.997127698119
2329.53493941 0.99601401288
2329.555371 0.994842854158
2329.57580279 1.02308393259
2329.59623448 1.01694385197
2329.61666617 0.998200008169
2329.63709786 1.00237413384
2329.65752955 0.990220090216
2329.67796134 1.00436134259
2329.69839303 1.00219241164
2329.71882462 0.995449567087
2329.73925641 0.974991674925
2329.7596881 0.984982751
2329.78011969 0.981323232863
2329.80055148 1.02569288565
2329.82098316 1.01476825317
2329.86184654 1.00622770178
2329.88227813 1.02032694285
2329.90270981 0.99664147557
2329.9231416 0.99070666829
2329.94357319 0.999671205167
2329.96400488 1.00765332699
2329.98443666 0.98843583357
2330.00486825 0.9985625961
2330.02530004 0.989882428101
2330.04573172 0.989588328198
2330.06616341 0.960053533852
2330.10702678 1.00871967224
2330.12745847 1.00136077227
2330.14789015 0.992776259427
2330.16832184 0.978253639694
2330.18875352 1.00606881536
2330.20918531 1.00100096057
2330.22961689 0.991941541873
2330.25004858 1.01403795204
2330.27048036 0.986666984791
2330.29091195 0.996449922909
2330.31134363 1.00758333244
2330.33177541 0.992351458261
2330.352207 1.01592533844
2330.37263878 1.00179438318
2330.39307047 0.985489427114
2330.41350205 1.01248384355
2330.43393383 1.00287664984
2330.45436552 1.01245176208
2330.4747971 0.991069484634
2330.49522888 1.02625315902
2330.51566056 0.994981650385
2330.53609225 1.01370109383
2330.55652393 1.00913199542
2330.57695561 0.992651555016
2330.59738719 0.995289812708
2330.63825066 1.00054577696
2330.71997738 0.980845570186
2330.74040906 0.989954211637
2330.76084074 1.00643689945
2330.78127252 0.981618532197
2330.80170411 0.999829017717
2330.84256757 1.01150186768
2330.86299915 0.997684720332
2330.88343083 1.01694750439
2330.9038626 1.00692277287
2330.92429418 1.01547662973
2330.94472586 0.978126032137
2330.96515764 0.981111073292
2330.98558922 1.01583435259
2331.0060209 0.995839905671
2331.02645268 1.00681045346
2331.04688436 0.997043215072
2331.06731604 1.0055079725
2331.08774771 1.01268866968
2331.10817939 0.987526108891
2331.12861107 1.02730183789
2331.14904275 0.999805741429
2331.16947443 0.997284032463
2331.1899061 1.01070472144
2331.21033778 0.987106460679
2331.23076946 1.00315443409
2331.25120114 0.995250915832
2331.27163281 1.01267656341
2331.29206449 1.01765241895
2331.31249617 0.983683578629
2331.33292784 0.993193495098
2331.35335942 0.997091028028
2331.37379119 0.989891042771
2331.39422287 1.00099351101
2331.41465465 0.995463761464
2331.43508622 1.01232014527
2331.4555179 0.999321470441
2331.47594967 1.01462470338
2331.49638125 0.973738880358
2331.51681292 1.00653342179
2331.5372447 0.993988025128
2331.57810795 0.999648769799
2331.59853972 0.999324591581
2331.6189714 0.991859392772
2331.63940297 0.983185831912
2331.65983475 1.03688251191
2331.68026642 0.998865447998
2331.70069809 1.03390080383
2331.72112977 1.00040704472
2331.74156144 0.969629113178
2331.86415148 1.00522212573
2331.88458325 0.991753850712
2331.90501482 1.00749377716
2331.92544649 1.01054265294
2331.94587827 0.984299233575
2331.96630984 1.00400352513
2331.98674151 0.993766340649
2332.00717318 0.990746840759
2332.02760485 0.992494309847
2332.0684682 1.02039435788
2332.08889987 0.987842878497
2332.10933164 1.00403790019
2332.12976331 1.01883380454
2332.15019488 0.996094545143
2332.17062665 1.01556144387
2332.19105832 1.0197823919
2332.21148989 1.02270376825
2332.23192166 1.02629468604
2332.25235333 1.01036596795
2332.2727849 0.99942840062
2332.29321667 0.992864173623
2332.31364834 0.997718461895
2332.33407991 0.991351914775
2332.35451168 1.01281481463
2332.37494335 1.00758419446
2332.39537512 0.96981734088
2332.41580668 1.0078740307
2332.43623835 1.03037008004
2332.45667012 1.00638779624
2332.47710169 0.993102206526
2332.49753336 0.986150369804
2332.51796513 0.974706281262
2332.53839669 1.01099824671
2332.55882836 0.990279348446
2332.57926013 0.994797535898
2332.5996918 1.00424858175
2332.62012336 0.989503824774
2332.64055513 1.00253694747
2332.6609868 1.00062690901
2332.68141837 0.996269856565
2332.70185013 0.993829845322
2332.7222818 0.972498145639
2332.74271347 0.993482860194
2332.76314513 0.993916305148
2332.7835768 0.974065775246
2332.80400847 1.00412551189
2332.82444013 1.00466316182
2332.8448717 1.00523421471
2332.86530346 0.999962981356
2332.88573513 1.0113676352
2332.90616669 0.983561054645
2332.92659846 0.986723409412
2332.94703013 1.00634665436
2332.96746179 0.995598332137
2332.98789346 1.01093262014
2333.00832512 1.00459215539
2333.04918845 1.02560737477
2333.06962011 0.988342054595
2333.09005188 0.980493765649
2333.11048354 1.00408274969
2333.13091511 0.991738630455
2333.15134687 1.01020140048
2333.17177853 1.00670735652
2333.1922101 0.999246151287
2333.21264186 1.01336952538
2333.23307352 0.99443770707
2333.25350509 1.0146399498
2333.27393685 0.981044014058
2333.31480008 1.01245435875
2333.33523184 0.988727495816
2333.3556635 1.01321001039
2333.37609527 1.00466765194
2333.39652683 0.997236458093
2333.41695849 0.985930901846
2333.43739025 1.00728114606
2333.45782181 0.998872466215
2333.47825348 0.978221585451
2333.49868514 1.00889687333
2333.5191168 1.01635755825
2333.53954846 0.98014330945
2333.55998012 0.999169157953
2333.58041178 0.995983431131
2333.60084344 1.00476583554
2333.62127521 1.008880075
2333.64170677 1.02211158219
2333.66213853 1.01255280198
2333.68257019 0.986513196544
2333.70300175 0.988289925665
2333.76429673 0.9985200673
2333.78472849 0.98725650078
2333.80516015 1.00268465418
2333.82559171 1.01702526023
2333.84602347 1.01215924354
2333.86645513 0.995573821358
2333.88688669 0.996689356254
2333.90731845 1.00025285517
2333.96861342 0.991622233172
2333.98904508 0.955067541693
2334.0299084 1.00396692613
2334.05034006 1.0024282793
2334.07077182 0.983719341502
2334.09120347 0.9989651229
2334.11163503 1.02150425024
2334.13206679 1.01403427295
2334.15249845 1.00751307978
2334.17293001 0.999351471082
2334.19336176 1.01522077979
2334.21379332 0.997060847685
2334.23422498 1.01902401484
2334.25465674 1.01579438528
2334.27508829 1.01917871397
2334.29552005 1.03029979963
2334.31595171 0.996698560871
2334.33638326 0.99126172151
2334.35681502 0.982891205916
2334.37724668 1.00023070405
2334.39767823 0.996176742561
2334.41810999 0.994319930102
2334.43854165 1.00736602359
2334.4589733 0.98778417513
2334.47940496 1.01716934172
2334.49983661 1.00786731965
2334.52026827 0.999877678674
2334.54069992 1.01525504858
2334.58156334 1.02413441355
2334.60199499 1.02716395755
2334.62242655 0.991187271133
2334.6428583 0.999602881244
2334.68372151 1.01173906005
2334.70415327 0.988414161146
2334.72458492 0.99894319867
2334.74501647 0.985864999692
2334.76544823 0.987544859084
2334.78587988 1.01475113282
2334.80631144 0.983134345839
2334.82674319 1.01032036911
2334.84717484 0.971980677619
2334.8676064 0.998588691247
2334.88803815 1.01366724854
2334.90846981 1.00321254062
2334.92890156 1.01616946484
2334.94933311 0.979158562445
2335.03105973 1.00533727655
2335.05149138 0.991650575445
2335.07192303 1.00629154945
2335.09235468 0.989066982523
2335.11278634 1.01272373129
2335.13321799 1.00148028536
2335.15364964 1.01792066597
2335.17408139 1.03388521929
2335.2149447 1.01715002362
2335.23537635 1.02438161955
2335.2558079 1.0035151805
2335.27623965 0.980873607538
2335.2966713 0.994134527917
2335.31710285 1.01674062611
2335.33753461 1.0094570929
2335.35796626 0.963684391833
2335.37839781 1.01008761419
2335.39882956 0.98590232084
2335.41926121 0.977862684628
2335.43969286 1.00516979014
2335.46012451 0.988847988453
2335.48055616 0.998071609142
2335.50098791 1.00165950408
2335.52141946 1.00742729244
2335.54185111 0.999144811488
2335.56228286 0.977838591296
2335.58271451 1.0177630122
2335.60314606 1.02124728039
2335.62357781 0.992025492648
2335.64400946 1.0004353769
2335.66444101 1.03438258056
2335.68487276 0.99407097175
2335.70530431 0.989763792092
2335.72573596 0.983928783915
2335.74616771 1.0103409765
2335.76659926 0.997226765583
2335.78703091 0.983301210374
2335.80746266 0.979855799543
2335.8278942 0.995033325324
2335.84832595 0.972481436993
2335.8687576 0.994955547471
2335.88918915 1.01034899187
2335.9096209 1.00316139517
2335.93005255 0.976910518898
2336.01177914 0.980165784033
2336.03221079 0.988644843545
2336.05264243 1.01327779857
2336.07307408 1.00130865637
2336.09350573 0.995969774014
2336.11393738 1.01123097119
2336.13436912 0.994949992207
2336.15480077 0.990524743988
2336.17523232 1.00164586791
2336.19566407 0.999496100825
2336.21609571 1.00644478984
2336.23652726 0.987276153198
2336.25695901 1.00880289751
2336.27739065 0.984925790789
2336.2978222 0.971544652774
2336.31825395 0.991209281209
2336.33868559 0.990274208501
2336.35911714 1.0130370563
2336.37954888 0.970829667168
2336.39998053 0.985099755893
2336.42041218 1.00672246973
2336.44084382 1.00810322426
2336.46127537 1.00313414976
2336.48170711 0.966701348711
2336.50213876 1.00015245629
2336.5225704 0.979629451181
2336.54300205 0.986983771022
2336.5634337 0.989604497856
2336.58386534 0.999643270219
2336.60429699 1.02237642431
2336.62472863 0.985995261189
2336.64516028 0.988648483764
2336.66559202 1.01778994473
2336.68602357 1.00482451761
2336.70645531 1.00955449986
2336.72688695 1.01054090753
2336.7473185 1.00894530828
2336.76775024 1.00725494795
2336.78818189 1.00530188313
2336.80861343 1.00526420003
2336.86990836 0.984678562496
2336.89034011 0.994306262901
2336.91077175 1.00255031343
2336.99249843 1.00531168312
2337.01292997 1.00509249358
2337.03336161 0.993744415875
2337.05379336 1.01515110704
2337.074225 1.01633935058
2337.09465654 1.00401891171
2337.11508818 0.999304027677
2337.13551993 1.00029635113
2337.15595147 1.00756183598
2337.17638321 0.992551903014
2337.19681475 1.00005598514
2337.2172464 1.00057005384
2337.23767814 0.975426983368
2337.25810968 1.00149250096
2337.27854142 1.00478968794
2337.29897307 1.0001842933
2337.31940461 0.969217560556
2337.33983635 0.983185928558
2337.36026799 0.986300648231
2337.38069953 0.979877690335
2337.40113128 0.983668922167
2337.42156292 0.985915762335
2337.44199446 0.98735689853
2337.4624262 1.0213844345
2337.48285784 1.02563506432
2337.50328948 1.00322255654
2337.52372112 0.970122418089
2337.60544769 0.99529723566
2337.74846927 1.01682521151
2337.76890091 0.994237056323
2337.78933245 1.02148119536
2337.80976419 1.00021206878
2337.83019573 0.999499722558
2337.85062737 1.03135787008
2337.87105911 1.01188852095
2337.89149075 1.00695946972
2337.99364895 0.999717111442
2338.01408059 1.00614726507
2338.03451223 1.02003488767
2338.05494387 0.98486511035
2338.07537551 1.00159160522
2338.09580714 0.995264938159
2338.11623878 0.979742946778
2338.13667042 0.991942681544
2338.15710216 1.01640672882
2338.1775337 0.983104401707
2338.19796544 0.9997551404
2338.21839708 0.989258892301
2338.23882861 0.996224766341
2338.25926035 0.989907666121
2338.27969199 0.999171042095
2338.30012353 0.999821551818
2338.32055527 0.999803663171
2338.34098691 0.989041855372
2338.36141844 1.01571975522
2338.38185018 0.996611871828
2338.46357673 1.01910227531
2338.48400847 1.02316017776
2338.50444001 1.01497284508
2338.52487165 1.00679070741
2338.54530338 1.01787002217
2338.56573492 1.02022958028
2338.58616656 0.989891122466
2338.62702983 1.00080047055
2338.64746147 0.987177663275
2338.66789321 1.01560680347
2338.68832474 1.00556325868
2338.70875638 1.01240893207
2338.72918812 1.03272860535
2338.74961965 1.00154157763
2338.77005139 0.995903698912
2338.79048303 1.00993798088
2338.81091456 1.02683608506
2338.8313463 0.990669646868
2338.85177793 0.979849726779
2338.87220947 1.00958095414
2338.89264121 1.01067096029
2338.91307284 0.970966674365
2338.93350438 0.989858749848
2338.95393611 0.967141671593
2338.97436775 0.995636278418
2338.99479949 0.98995144381
2339.01523102 1.0069860235
2339.03566266 0.999477020349
2339.05609439 0.967557849275
2339.07652593 0.97049279035
2339.23997911 1.00964856376
2339.26041075 0.993735718925
2339.28084238 1.01343127013
2339.30127402 0.990672453565
2339.32170555 1.03170670825
2339.34213729 1.0171134382
2339.36256892 1.00370961792
2339.38300046 1.00039927621
2339.40343219 1.0102465022
2339.42386382 1.00751800526
2339.44429536 1.00930584185
2339.46472709 1.00085969613
2339.48515873 0.982990888327
2339.50559036 1.0064715014
2339.526022 1.01312006114
2339.54645363 1.0070961145
2339.56688536 0.994121434722
2339.5873169 0.99494061101
2339.66904343 0.996848149261
2339.68947517 0.994607050673
2339.7099068 1.00402710103
2339.73033833 1.01511072979
2339.75077007 0.999312055927
2339.7712017 0.991106496939
2339.79163323 1.01224039046
2339.81206497 1.00651736766
2339.8324966 0.997624407804
2339.85292833 1.00049059972
2339.87335987 0.997592795828
2339.91422323 1.01002806878
2339.93465477 1.00567927908
2339.9550864 0.986222978601
2339.97551813 0.992452365985
2339.99594967 1.0066827085
2340.0163813 0.983338620106
2340.03681293 0.977024633394
2340.05724456 1.00979316296
2340.0776762 0.964068289904
2340.09810783 0.974255916863
2340.11853946 0.976356266273
2340.15940283 0.983903256617
2340.17983436 0.970445008336
2340.20026609 1.00001474303
2340.22069772 0.998552582998
2340.24112926 0.991684646189
2340.26156099 1.01074968398
2340.28199262 0.993395926458
2340.30242415 1.0066071574
2340.32285588 1.01746904452
2340.34328752 1.01136764006
2340.36371925 1.010294181
2340.38415078 1.00280396839
2340.40458241 0.977002952314
2340.42501414 1.00309024985
2340.44544568 0.993628638888
2340.46587731 1.00588389864
2340.48630904 1.00099252382
2340.50674057 1.00324528437
2340.5271722 1.00514422165
2340.54760393 1.01564806158
2340.56803546 0.983875176755
2340.5884671 0.999998150071
2340.60889883 1.00530630999
2340.69062535 1.01276934087
2340.71105698 0.983983998828
2340.73148861 0.998636259289
2340.75192024 0.987634664304
2340.77235188 1.02447525189
2340.79278351 1.01030479721
2340.81321504 1.00022521752
2340.83364677 1.00053608878
2340.8540784 1.01749128635
2340.87450993 1.02813836071
2340.89494166 0.983690526356
2340.91537329 1.00658660531
2340.93580502 0.978794884087
2340.95623655 1.00479568856
2340.97666818 1.01471770755
2340.99709991 0.969784747942
2341.01753144 1.00999531626
2341.03796307 1.01704719603
2341.0583948 0.997004453947
2341.07882633 1.00424207027
2341.09925796 1.02285528197
2341.11968969 1.01424105
2341.14012132 1.00420774597
2341.18098458 0.981193821681
2341.20141621 0.987232279277
2341.22184784 1.03175204833
2341.24227947 1.00337459466
2341.2627111 1.00073179701
2341.28314273 1.03808317179
2341.30357436 1.00168022786
2341.32400599 0.999477952122
2341.34443772 1.00505529082
2341.36486925 0.989358530674
2341.38530088 1.00258143868
2341.40573251 0.991851989808
2341.42616414 0.988933710931
2341.44659587 0.981641976439
2341.4670274 1.02733989268
2341.48745903 1.00004655293
2341.50789076 0.996066747266
2341.52832229 1.02579053164
2341.54875392 0.993492822671
2341.56918565 1.0250589927
2341.58961718 0.980133291503
2341.61004881 1.00130179416
2341.63048054 0.967623124997
2341.65091206 0.982956431257
2341.67134379 0.989302355674
2341.69177542 0.998507220672
2341.71220705 1.00640278616
2341.73263868 0.968434459726
2341.75307031 0.995426582887
2341.79393357 0.996834778048
2341.8143652 1.00755989543
2341.83479682 0.998610105029
2341.89609171 0.978320034673
2341.91652344 1.00173630926
2341.93695497 0.972095208087
2341.9573867 0.996887495661
2341.97781833 0.986774572266
2341.99824985 1.02085085092
2342.01868158 0.968117965917
2342.03911321 0.978605792161
2342.05954474 0.993293328909
2342.07997647 1.01413066571
2342.1004081 0.980559400983
2342.12083962 1.00124068788
2342.14127135 0.978480243467
2342.16170298 0.996260602672
2342.18213461 0.995602822552
2342.20256624 1.0085948125
2342.22299787 1.00076538411
2342.24342949 1.01625768519
2342.34558763 0.989786539113
2342.36601936 1.00546609721
2342.38645089 0.991798301001
2342.40688252 1.02783714033
2342.42731425 0.993861903164
2342.44774577 1.01821311498
2342.4681775 1.0163090335
2342.48860913 1.00935544166
2342.50904066 1.00387705403
2342.52947238 1.01636038816
2342.54990401 1.01091663032
2342.57033554 1.00021797176
2342.59076727 0.993437460581
2342.6111989 1.01548866993
2342.65206215 0.988367061715
2342.67249378 1.01297090443
2342.69292551 1.00754453304
2342.71335703 0.998057301617
2342.73378866 1.00582710138
2342.75422039 0.99961371081
2342.77465192 1.01266414746
2342.79508354 1.02351036243
2342.81551517 0.972317658407
2342.8359469 0.997430113828
2342.85637842 0.99809075412
2342.87681015 0.988168512039
2342.89724168 0.991860898407
2342.91767341 0.990652338496
2342.93810503 1.01261582699
2342.95853656 0.991245587336
2342.97896829 0.992108395834
2342.99939991 1.01715352323
2343.01983144 1.00277493014
2343.04026317 0.989105925892
2343.0606948 1.00173081575
2343.08112632 0.979975084216
2343.10155805 0.978089555956
2343.12198968 1.00860519215
2343.1424212 1.03038402658
2343.16285293 1.00326266762
2343.18328456 1.00450559757
2343.20371629 1.01750880592
2343.22414781 1.00121460493
2343.24457944 1.00976645981
2343.26501117 0.996759473547
2343.28544269 1.0014442743
2343.30587432 1.03467867374
2343.32630605 1.01415554041
2343.34673767 1.00409695252
2343.3671692 0.997378937007
2343.38760093 0.998289794247
2343.40803255 1.00118181124
2343.42846418 1.0005365573
2343.44889581 1.00739952327
2343.46932743 0.966839065043
2343.48975916 0.99245111609
2343.51019069 1.00588791786
2343.57148557 0.973287093232
2343.59191719 0.980628113971
2343.61234882 1.00513225622
2343.63278045 0.979019660521
2343.65321217 0.965028725847
2343.6736437 1.00095143151
2343.69407533 0.976650638679
2343.71450705 0.99239460192
2343.73493858 1.00401809651
2343.75537021 0.993055906247
2343.79623346 1.00541567606
2343.83709681 0.985670966071
2343.85752844 0.997468133952
2343.87795996 1.00432112738
2343.89839169 1.00008790915
2343.91882332 1.00040123122
2343.93925494 0.997503291082
2343.95968657 0.978572749573
2343.9801182 1.00959611309
2344.00054992 1.01240737859
2344.02098145 0.987930622028
2344.04141308 0.986087875559
2344.0618448 0.995572788411
2344.08227633 1.00660434975
2344.10270795 1.00162627393
2344.12313968 1.03740674376
2344.14357121 0.999814446329
2344.16400293 0.988810768376
2344.18443456 1.00369376926
2344.22529781 0.973436477116
2344.24572944 0.984484506952
2344.26616096 1.00995838707
2344.28659269 0.995574002631
2344.30702422 1.00122421592
2344.32745594 0.992270609193
2344.38875082 1.01015599185
2344.40918245 1.01444175773
2344.42961407 1.00196801482
2344.4500457 1.0109164768
2344.47047733 1.02335001574
2344.49090895 1.00683789711
2344.51134058 1.00123984319
2344.5317722 0.994944270069
2344.55220383 0.974817886233
2344.57263556 0.992109283858
2344.59306708 0.982874384147
2344.61349871 1.01355861904
2344.63393043 1.0198232896
2344.65436196 1.0076344
2344.67479369 0.984923222696
2344.69522531 1.00807931462
2344.71565684 1.01015882747
2344.73608856 0.990717945366
2344.75652019 1.0102606873
2344.77695172 0.998468387012
2344.81781507 0.973428442555
2344.83824669 1.01841613433
2344.85867832 0.991015213842
2344.87910995 1.01549758349
2344.89954167 1.0291513521
2344.9199732 1.02430321745
2344.94040482 0.980997485559
2344.96083645 1.00167322072
2344.98126808 0.999722890616
2345.10385783 0.999669148822
2345.12428956 0.996893571068
2345.16515271 0.992534708244
2345.18558444 0.980030028617
2345.20601606 0.99831552941
2345.22644759 0.983238984439
2345.24687931 0.995661061952
2345.26731094 1.01046410487
2345.28774247 1.00448707356
2345.30817419 0.977331783973
2345.32860582 1.02439285198
2345.34903754 1.01096520937
2345.36946907 1.01279621304
2345.3899007 1.00679435593
2345.41033242 0.997261466715
2345.43076395 0.973778420234
2345.45119558 1.00195183795
2345.4716273 0.986957952914
2345.49205893 0.986461905686
2345.51249045 1.02055182573
2345.53292218 0.979517081829
2345.55335381 1.00971877714
2345.57378543 1.00361310161
2345.59421706 0.963991518977
2345.61464868 1.01610773612
2345.63508031 1.00422031638
2345.65551194 0.999503395748
2345.67594356 1.00323279518
2345.69637519 1.00837706531
2345.71680681 1.00586414598
2345.79853322 1.00181595671
2345.81896495 1.01228234092
2345.83939657 1.01618835518
2345.8598283 1.0129570325
2345.88025982 0.99764368203
2345.90069145 1.00357302395
2345.92112318 0.999720087569
2345.9415547 1.00216705213
2345.96198633 0.992594241391
2345.98241805 0.99305483778
2346.00284958 1.00410432138
2346.04371293 0.980635824843
2346.06414456 0.984497933503
2346.08457619 0.981372065901
2346.10500781 1.01580625895
2346.12543944 0.989936909505
2346.14587107 1.00024247271
2346.16630269 0.996924326122
2346.18673432 1.01455528009
2346.20716604 0.991035907509
2346.22759757 0.992182816563
2346.3297558 0.978786860463
2346.35018733 0.999207083481
2346.37061906 0.999125123435
2346.39105068 1.00377206793
2346.41148221 0.993109999956
2346.43191393 1.01169412152
2346.45234546 0.989730581951
2346.47277709 1.00008067292
2346.53407207 0.99110457427
2346.55450369 0.976571640987
2346.57493532 0.985855734595
2346.61579857 0.999262189555
2346.6362302 1.0053640409
2346.65666183 0.994202472987
2346.67709345 0.990800172354
2346.69752508 1.01578446181
2346.82011494 1.00489599438
2346.84054657 0.961489285425
2346.90184145 0.977535476352
2346.92227298 0.992094456772
2346.9427047 1.01598332799
2346.98356806 1.00512809068
2347.00399958 0.99122902743
2347.02443121 0.998438533975
2347.04486284 1.02480540912
2347.06529447 1.00480726632
2347.08572609 1.00526114251
2347.10615782 1.02873936929
2347.12658935 0.998265058587
2347.14702097 1.0180975821
2347.1674526 0.990128598529
2347.18788423 0.992115022459
2347.20831596 0.976948338546
2347.26961084 0.997479930272
2347.29004246 1.00849085104
2347.31047399 1.01905786091
2347.33090572 1.00113769633
2347.35133735 0.997927975961
2347.37176887 1.00760560643
2347.3922006 1.00689122701
2347.41263223 0.989132372545
2347.55565372 0.984108659011
2347.57608525 1.0207764947
2347.59651688 0.990428236347
2347.61694861 0.998688116414
2347.63738013 0.988052805707
2347.65781186 1.00977077268
2347.67824349 0.994365825127
2347.69867512 1.00148891685
2347.71910674 1.01115297894
2347.78040163 1.02348993567
2347.80083326 0.994240999525
2347.82126488 1.01931897514
2347.84169651 0.986245177279
2347.86212814 0.995373557784
2347.88255987 1.00946693867
2347.9029914 0.989271263553
2347.92342302 0.995349951515
2347.94385475 1.01318003605
2348.02558117 0.987798094497
2348.04601279 1.00440623211
2348.06644452 1.01178467328
2348.08687605 0.998792428254
2348.10730778 0.970587660321
2348.12773941 1.00291402807
2348.14817094 0.994460505249
2348.16860266 1.00276593081
2348.18903429 0.995746882796
2348.20946592 0.996358599594
2348.25032918 1.02415743325
2348.27076081 0.989564428184
2348.29119244 1.01871811904
2348.31162407 1.02206080103
2348.33205579 1.00145865318
2348.35248742 1.00076271317
2348.37291895 1.01397195272
2348.39335068 1.00240211392
2348.41378231 0.995010755398
2348.43421384 1.00855153121
2348.45464557 1.00124346784
2348.49550873 0.987323842302
2348.51594046 1.02171824446
2348.53637198 0.986326047089
2348.55680371 0.989070481899
2348.57723534 1.003893312
2348.59766687 0.993567323402
2348.6180986 0.973082490699
2348.63853023 0.945994079181
2348.65896176 0.986920670047
2348.67939349 0.994505714009
2348.76112001 1.00236010607
2348.78155174 0.985502178598
2348.80198327 1.01803967803
2348.8224149 1.03177693959
2348.84284663 0.981199566839
2348.88370979 1.01761958259
2348.90414152 1.00670875593
2348.92457315 0.97296042422
2349.00629967 1.00528400315
2349.0267313 1.00518055903
2349.04716293 1.00459585048
2349.06759466 1.01542906142
2349.08802619 0.994788767281
2349.10845782 0.999026734639
2349.12888955 0.993701807138
2349.14932108 0.994161709179
2349.16975281 1.00490280563
2349.19018434 0.981836653318
2349.2310477 1.01149300706
2349.25147923 1.02107159051
2349.27191086 0.993226376223
2349.29234259 1.00237114108
2349.31277412 1.00176591088
2349.33320575 1.01019034154
2349.35363749 1.01278483325
2349.37406902 0.994246558482
2349.39450075 0.987927756206
2349.53752217 0.971178646138
2349.5579538 0.986677188084
2349.57838553 1.00131785791
2349.59881706 0.976293436966
2349.61924879 0.999284122493
2349.63968042 1.00271550321
2349.78270194 0.987804996837
2349.80313348 0.986323362218
2349.82356511 0.973891948371
2349.84399684 0.995109935526
2349.86442837 1.00445148805
2349.88486 0.999985918626
2349.90529164 1.03679087119
2349.92572327 0.971579384325
2349.9461549 0.992283420455
2349.96658653 0.99858877861
2349.98701817 1.03737865779
2350.0074499 1.00162427073
2350.04831306 0.987695534638
2350.0687448 1.00533901449
2350.10960796 0.994692368112
2350.13003969 0.996161845761
2350.15047133 1.01514204634
2350.17090286 0.992246435479
2350.21176623 0.976664998376
2350.23219796 1.01040754696
2350.25262949 0.987921099572
2350.27306113 0.999568808391
2350.29349286 0.98642090701
2350.31392439 0.98571847133
2350.33435602 1.00733745314
2350.35478776 1.00050397147
2350.37521929 0.988294264599
2350.39565103 1.02862382584
2350.47737756 1.00202635709
2350.49780909 0.995515663096
2350.51824083 1.01202907359
2350.53867246 1.00927290113
2350.5591041 1.0173311709
2350.57953573 0.989431045291
2350.59996736 0.99843436715
2350.620399 0.999799422014
2350.64083063 1.01115060616
2350.66126227 0.988324559345
2350.6816939 1.00023237189
2350.70212553 0.985684630592
2350.72255717 0.98826674213
2350.7429889 1.01126447202
2350.76342044 1.02659432877
2350.78385217 1.0084422896
2350.80428381 1.00301702005
2350.82471534 1.00079993276
2350.84514708 0.996573272205
2350.86557871 0.99675063803
2350.94730515 1.01277741525
2350.96773689 1.01124931872
2350.98816852 0.982583718823
2351.00860026 1.01759280695
2351.02903179 1.02645343663
2351.04946343 1.02373015234
2351.06989516 1.0058440897
2351.0903267 0.989244410359
2351.11075833 0.990874911786
2351.13119007 0.953267736351
2351.19248498 0.985870807458
2351.21291661 0.981298870548
2351.23334825 1.02523290334
2351.25377989 1.00107292244
2351.27421142 1.02612674256
2351.29464316 0.993153456416
2351.31507479 1.00399762689
2351.33550643 0.999495196986
2351.35593807 0.987447638783
2351.3763697 0.999755338161
2351.39680144 0.978673711138
2351.43766461 1.01701717819
2351.45809635 1.00146550728
2351.47852789 0.996457862634
2351.49895952 1.012810384
2351.51939126 0.979270136637
2351.5398228 0.996854082492
2351.56025444 1.01513642227
2351.58068617 1.01808796681
2351.78500265 0.975635491009
2351.80543419 0.998888178728
2351.82586582 0.988401244999
2351.84629756 0.973655183757
2351.8667292 1.0043608879
2351.88716074 0.990750650873
2351.90759248 1.01097767158
2351.92802411 1.00206850137
2351.94845565 0.98242059257
2351.96888739 0.986328869443
2351.98931903 1.01531129929
2352.00975067 1.02777578652
2352.03018231 1.02562832328
2352.05061385 0.987854227809
2352.09147722 1.00019043976
2352.21406706 1.00625861604
2352.2344988 0.970205093017
2352.25493034 0.970533367346
2352.27536198 1.00422580491
2352.29579372 1.00056530277
2352.31622526 1.01409898357
2352.3366569 1.00314005744
2352.35708864 1.00807938925
2352.37752028 0.984540647669
2352.41838356 1.01100261172
2352.4388152 1.01507586039
2352.45924684 1.01583461732
2352.47967848 0.999349399889
2352.50011012 0.989360158933
2352.52054176 1.00097913776
2352.5409734 0.999661164031
2352.56140514 0.995902577389
2352.62270006 1.01887743304
2352.66356325 1.01288322071
2352.68399499 0.978507353845
2352.70442653 0.992391483727
2352.72485827 0.98146457181
2352.74528991 0.986151697975
2352.76572145 0.993231039272
2352.7861532 1.00601689215
2352.80658484 0.998153934618
2352.97003797 1.03896977664
2353.01090136 0.99303778465
2353.0313329 0.98268407626
2353.05176454 0.985330599606
2353.07219629 1.00146918747
2353.09262793 1.01385632566
2353.11305957 0.986857428157
2353.13349122 0.996608187108
2353.15392286 1.02622776796
2353.1743545 1.02327045085
2353.19478615 1.00805733192
2353.21521779 1.00573071556
2353.23564953 0.978400776895
2353.25608108 0.999249899693
2353.27651272 0.98960863309
2353.29694446 1.0383837004
2353.31737601 0.986377026026
2353.33780775 0.99380646555
2353.3582394 1.0166436296
2353.39910268 1.00839221694
2353.41953423 1.01118014587
2353.43996587 1.00638469238
2353.46039762 0.999174789924
2353.50126091 1.01416676347
2353.52169255 0.997179313093
2353.78730404 0.967910932768
2353.80773569 1.01350217082
2353.82816723 0.987417964589
2353.84859898 1.02836202616
2353.86903063 1.01261943161
2353.88946237 0.99820618424
2353.90989392 0.995638030764
2353.93032557 0.999183855221
2353.95075731 1.00979450086
2353.97118886 1.02330436259
2353.99162051 0.995703279951
2354.01205225 0.989756388943
2354.0324838 1.00359621917
2354.05291555 1.01761032004
2354.07334709 1.02266383889
2354.13464204 0.995100686651
2354.15507368 1.03823215499
2354.17550543 0.991121759041
2354.19593698 0.980232088888
2354.21636863 0.981599316333
2354.23680038 0.985808236894
2354.31852697 0.995715053787
2354.33895862 1.02361925415
2354.37982192 0.995063132061
2354.40025366 0.98277237626
2354.42068521 0.972873408656
2354.44111696 1.01487933456
2354.46154861 1.02791860576
2354.48198016 1.00196591336
2354.50241191 1.00613022435
2354.52284356 0.991091605102
2354.54327511 1.00996053168
2354.56370686 1.01595970551
2354.58413851 0.990888295424
2354.60457026 1.00863944833
2354.62500181 0.993053883676
2354.64543346 0.994180574443
2354.66586511 1.01878577231
2354.68629676 1.00866513386
2354.70672841 0.990095245069
2354.72716006 1.01802582003
2354.74759171 0.972573060856
2354.76802336 1.00444259736
2354.78845501 0.994022382502
2354.80888666 0.984832559493
2354.87018161 1.01276742889
2354.89061337 0.978640249919
2354.91104492 1.00947127333
2354.93147657 1.00047539232
2354.95190832 0.991859263204
2354.97233997 1.0099253477
2354.99277162 1.00929758104
2355.03363493 0.980308182919
2355.05406668 0.987784537097
2355.13579319 1.01714475103
2355.15622494 0.990704271133
2355.17665659 1.00045399174
2355.19708815 0.988414160733
2355.2175199 0.993457327591
2355.23795155 0.998764800958
2355.25838311 1.00260956212
2355.27881486 0.995954843276
2355.29924651 0.995114293455
2355.31967807 0.989980476383
2355.36054147 1.01315625946
2355.40140478 1.01044979145
2355.42183644 0.980305024521
2355.44226809 1.00772749236
2355.46269974 1.00500276697
2355.4831314 0.978329700648
2355.50356305 0.994372867872
2355.52399471 0.971071083242
2355.64658464 1.00648503712
2355.66701639 1.03036959039
2355.68744805 1.01860705053
2355.7078797 1.00091320509
2355.72831136 0.998823632643
2355.74874302 0.977241661357
2355.76917477 0.994535357732
2355.78960633 0.997289677317
2355.81003798 0.972769539661
2355.8509013 0.999423692599
2355.87133295 0.974831933947
2355.89176471 1.00933746599
2355.91219627 0.992828822972
2355.93262802 0.991711073528
2355.95305968 1.00075119844
2355.97349124 1.00578869634
2355.99392299 1.00339324256
2356.01435465 1.01085104545
2356.03478631 0.992393008317
2356.05521797 0.996385750177
2356.07564962 0.978447137442
2356.09608128 1.00052235463
2356.11651294 0.998753031605
2356.1369446 1.00709364172
2356.15737626 1.00596861617
2356.17780792 1.01321084377
2356.19823957 0.980365902866
2356.21867123 1.0004928582
2356.23910289 1.00418365684
2356.25953465 1.01443930722
2356.27996631 1.02276392929
2356.34126129 1.0006553982
2356.36169284 0.977866478815
2356.3821246 1.00676229645
2356.40255626 1.01293770645
2356.42298782 0.974811710821
2356.44341958 1.01743240222
2356.46385124 0.99428927984
2356.484283 1.00964280409
2356.50471456 1.00034759802
2356.62730453 1.01302820707
2356.66816795 0.99468390702
2356.68859951 0.988407383907
2356.70903127 1.00122123336
2356.72946293 0.987447768851
2356.7498946 0.998215531136
2356.77032626 0.998380906551
2356.79075792 0.982828896095
2356.87248457 1.00199270445
2356.89291623 1.00144038639
2356.91334789 0.994398721487
2356.93377966 1.01862813232
2356.95421122 0.960760724643
2356.97464288 1.00142345139
2357.17895962 0.997615517169
2357.19939138 1.00387673671
2357.21982295 1.01736161441
2357.24025461 0.987168293282
2357.26068638 1.00609469872
2357.32198137 1.01977127503
2357.34241294 0.982753421975
2357.3628447 1.00130861487
2357.38327637 0.984664516155
2357.40370803 0.99709657045
2357.4241397 0.985048779189
2357.44457137 0.993008409839
2357.46500303 0.996231606518
2357.4854347 1.00076548957
2357.50586636 0.985729152694
2357.52629793 1.02747120233
2357.58759303 1.00718046941
2357.6080247 0.997507035567
2357.62845637 0.996553822121
2357.64888813 0.968396689536
2357.6693197 1.00610822464
2357.75104647 0.983080054929
2357.77147814 1.00109136856
2357.81234148 0.994722319625
2357.83277314 1.00170199551
2357.85320471 0.993786731276
2357.87363648 0.999060543569
2357.89406815 1.00280723566
2357.91449992 1.02230264533
2357.93493149 1.00893089841
2357.95536316 1.01206382792
2357.97579493 1.00619165746
2358.07795328 0.986704387481
2358.09838495 0.962011267374
2358.11881662 0.993543766398
2358.13924829 1.01696102002
2358.15967996 1.00427226175
2358.18011153 1.01801600507
2358.2005433 1.00276753689
2358.32313333 1.00642407684
2358.343565 0.998618105813
2358.36399677 0.995980321573
2358.38442834 0.978781054494
2358.40486002 0.995808378888
2358.42529179 0.979813088433
2358.44572336 1.01095148352
2358.46615513 0.986245825447
2358.5683134 0.982838855925
2358.58874517 0.995200756517
2358.60917685 0.979828235185
2358.62960862 1.00547571358
2358.6500402 0.979070106915
2358.67047187 1.00545683455
2358.69090364 1.02841126846
2358.71133532 1.0053626074
2358.73176689 1.01590582722
2358.81349369 1.00145619846
2358.83392527 0.999362666342
2358.85435704 1.01070911852
2358.87478872 0.992791952225
2358.8952203 1.01016330308
2358.93608375 1.02469511005
2358.95651532 1.02549027896
2358.9769471 1.02588342619
2359.03824213 0.987811212915
2359.05867381 1.00667307551
2359.07910558 0.984876883418
2359.09953716 1.011996635
2359.11996884 1.02208224516
2359.14040062 0.997766756589
2359.16083219 0.998910023566
2359.18126397 1.01375203994
2359.20169565 1.01128967723
2359.22212723 0.999693710575
2359.24255901 0.989778608454
2359.32428572 1.01994475111
2359.3447174 0.984989043732
2359.36514908 1.00182899556
2359.38558076 0.993371136681
2359.58989766 0.997994460721
2359.61032924 0.998477942291
2359.63076102 1.00569551182
2359.6511927 0.997106079861
2359.67162429 0.99782594886
2359.69205607 0.982973736061
2359.71248775 1.00344907953
2359.73291953 0.998260544467
2359.75335111 1.00689383506
2359.77378279 0.997997801343
2359.79421458 1.03256822976
2359.81464616 1.01363386231
2359.83507784 0.990665934686
2359.85550962 0.980737230363
2359.89637299 0.979097428986
2360.10068983 1.0248869056
2360.12112162 0.993890969343
2360.1415533 0.994195133902
2360.16198489 0.982086061038
2360.18241667 1.01971524173
2360.20284826 1.00684881461
2360.2845751 0.980355833537
2360.30500679 1.02284165338
2360.32543837 0.98507115141
2360.34587016 0.974242856368
2360.36630185 0.969297585658
2360.38673343 1.00560791378
2360.40716522 0.983593879377
2360.42759691 1.00594386651
2360.50932376 1.00940134923
2360.52975535 0.984409663024
2360.55018704 0.97065101455
2360.57061882 0.996149771336
2360.59105051 1.00781770775
2360.6114822 0.996677354055
2360.63191389 1.00180975799
2360.67277727 1.01525266716
2360.69320896 0.982979068135
2360.71364065 1.00474636387
2360.73407244 0.999134553619
2360.75450403 0.986470000459
2360.77493572 0.98689602159
2360.79536741 1.01456456591
2360.8157991 1.00127779895
2360.83623089 1.00771361505
2360.85666258 1.00198883037
2360.87709417 1.00706053873
2360.89752596 0.949935005789
2360.91795755 0.974227228588
2361.02011611 1.00309136414
2361.0405477 1.03082592906
2361.06097949 1.00356821957
2361.08141119 1.0080174748
2361.10184288 1.01565763809
2361.14270627 1.01095576841
2361.16313806 1.01781308032
2361.18356965 0.995313415104
2361.20400135 0.998634424438
2361.24486473 0.983644010968
2361.26529643 0.97975899049
2361.28572822 0.987354340739
2361.30615992 0.992056846295
2361.32659161 1.00381291055
2361.34702331 1.018286635
2361.367455 0.99309049468
2361.55134036 0.994984866499
2361.59220366 1.00084407246
2361.61263545 1.00723603911
2361.63306705 1.00358806053
2361.65349875 0.995765969601
2361.67393054 1.0164181753
2361.77608903 0.990324887677
2361.79652073 0.997209000167
2362.04170123 0.99056886625
2362.08256463 1.00161861447
2362.10299643 0.992486898393
2362.12342803 1.01465860484
2362.14385974 0.987022997756
2362.16429154 0.984782420205
2362.18472314 1.00368093489
2362.22558654 0.9950496819
2362.24601825 0.99894742951
2362.26645005 1.01424582014
2362.28688165 1.00617497432
2362.32774516 1.00470014437
2362.36860856 1.01190372177
2362.49119879 0.976376772818
2362.51163049 0.992702787829
2362.5320622 1.00426463698
2362.5524939 1.01081758204
2362.57292561 1.01010635313
2362.59335741 1.00486883545
2362.61378912 1.00176544813
2362.63422073 1.02932300819
2362.73637936 1.00265647821
2362.75681116 1.01573642892
2362.77724277 0.988567804111
2362.79767448 0.980177322014
2362.81810629 0.98755536685
2362.83853789 0.989790605675
2362.8589696 1.00621594854
2362.87940141 1.01194397437
2362.89983302 1.00607617358
2362.92026483 1.01074353152
2362.94069644 0.994290441589
2362.96112814 1.01141482136
2362.98155995 1.00670108672
2363.00199156 0.989068613043
2363.02242327 1.00737444608
2363.04285508 0.966838361262
2363.06328669 0.991844533783
2363.0837185 0.984916600412
2363.12458192 0.979902655171
2363.24717229 1.02895168092
2363.2676039 0.985710099108
2363.28803561 1.01401129299
2363.30846742 0.990067958693
2363.32889914 0.983218887724
2363.34933075 0.9743290541
2363.47192123 1.02111851733
2363.49235284 1.01628471517
2363.51278455 0.974905346507
2363.53321637 1.00365273997
2363.55364798 1.01591706891
2363.5740797 0.990522387847
2363.59451141 1.00059516779
2363.69667009 1.00253212827
2363.7171017 1.02096732347
2363.73753342 1.00493909448
2363.75796524 1.00459481575
2363.77839695 0.999265440867
2363.79882867 1.00852803218
2363.81926039 1.00889863617
2363.8396921 0.996103393067
2363.86012382 0.976353886415
2363.88055554 0.998016303217
2363.94185069 1.03491060555
2363.96228251 1.0070678067
2364.00314585 1.0006134192
2364.02357767 1.00124329391
2364.04400938 1.00138562325
2364.064441 1.02219284679
2364.08487282 0.999531916387
2364.10530454 0.995135310514
2364.12573636 0.993168219891
2364.14616798 1.01225132915
2364.1665997 0.995780755588
2364.18703142 0.998734977549
2364.20746314 1.00470183791
2364.22789486 1.03458972876
2364.24832659 1.00131492486
2364.26875831 1.0034805149
2364.28919013 0.994028468501
2364.30962175 1.00759269849
2364.33005347 0.993781678111
2364.35048529 1.00927995375
2364.37091692 1.0012134651
2364.39134864 0.975048517019
2364.43221208 1.00905998993
2364.45264381 0.99653077829
2364.47307563 1.01123960503
2364.49350735 1.02020165492
2364.51393908 0.995162479346
2364.5343708 1.01079846801
2364.55480252 0.983302016389
2364.57523425 0.982497079193
2364.59566597 1.01181463521
2364.6160977 1.00580088617
2364.63652952 0.982718223098
2364.67739297 1.01444463531
2364.6978247 1.00502471942
2364.71825632 0.995885045998
2364.73868815 1.00408712942
2364.75911988 0.990032545655
2364.7795515 1.01287253753
2364.79998333 1.0021456499
2364.98386887 0.989944501237
2365.0043007 1.01376666167
2365.02473233 1.01974676391
2365.04516406 1.02849038527
2365.06559589 0.986752763101
2365.08602752 1.00891212048
2365.10645925 1.0015576624
2365.18818627 1.02181287725
2365.208618 0.968521953772
2365.24948146 1.01373452162
2365.26991319 0.997080365046
2365.29034502 1.00490960285
2365.31077666 0.997179056809
2365.33120849 0.991729937231
2365.35164022 1.00742080042
2365.37207185 0.991294098455
2365.41293542 0.995878168162
2365.45379888 1.00294574475
2365.47423062 0.975827718894
2365.49466225 0.986361555377
2365.51509408 1.00180946269
2365.53552582 1.02688117578
2365.55595765 1.02790555397
2365.71941153 0.973490364314
2365.73984317 0.961762146141
2365.7602749 1.00148933435
2365.78070674 0.973082680418
2365.80113848 1.00967735147
2365.82157011 0.999323351541
2365.84200195 0.99097696079
2365.86243369 0.992136190521
2365.90329716 1.00229199101
2365.9237289 1.00131901183
2365.94416074 1.01180572079
2365.96459238 1.00849348829
2365.98502412 0.982881956715
2366.00545596 0.987493284303
2366.02588759 1.00287011011
2366.04631943 1.01694063134
2366.06675117 0.981128889845
2366.14847803 0.987224197736
2366.16890987 0.987962671636
2366.18934161 0.990285547563
2366.20977336 1.00256234766
2366.2302051 0.993838530319
2366.25063684 0.993602808199
2366.27106858 0.993399255627
2366.29150032 1.00122311613
2366.31193206 1.0019985594
2366.33236381 0.984270458494
2366.41409078 0.986404397914
2366.43452262 0.986925871429
2366.45495427 0.978418745557
2366.47538601 0.978363465617
2366.49581785 1.00205517453
2366.5162496 1.00466355555
2366.53668134 1.00116252841
2366.55711309 0.978981901651
2366.57754483 1.00986739782
2366.59797668 1.03089803367
2366.61840832 0.995927902699
2366.63884007 1.0063484752
2366.65927191 1.01775290899
2366.67970356 1.0213317725
2366.70013541 1.010490501
2366.72056715 1.01515614518
2366.7409988 0.982667376543
2366.78186239 1.01317572954
2366.80229404 1.00868643603
2366.82272589 0.985129189322
2366.90445288 1.00916647353
2366.92488473 1.01159168484
2366.94531638 1.03664721831
2366.96574813 1.01478008356
2366.98617988 1.01617069386
2367.00661163 1.00111345188
2367.02704338 0.988100849233
2367.19049738 0.976152065567
2367.21092924 0.980873819777
2367.23136099 0.998589483918
2367.25179274 1.00872781759
2367.27222449 0.994052594528
2367.29265625 0.992718226374
2367.3130881 1.00059269825
2367.33351975 0.993973160763
2367.39481501 0.996749465483
2367.41524687 0.979577888836
2367.43567862 1.03979095565
2367.45611028 1.00741129725
2367.47654213 0.984384093246
2367.49697389 0.99500122411
2367.51740554 0.982897262576
2367.5378374 1.00053566797
2367.55826915 0.993244346389
2367.57870091 1.01721114451
2367.59913267 1.00939766005
2367.61956442 1.00972295852
2367.63999618 0.993372773799
2367.66042794 1.01394901802
2367.68085969 1.01821532121
2367.70129145 1.00697829206
2367.72172321 1.00458324091
2367.74215507 0.992766433684
2367.76258673 0.993316998199
2367.9260409 0.990483652945
2367.94647266 0.995827044617
2367.96690452 0.99691463514
2367.98733618 1.01298021119
2368.0281998 1.02234257002
2368.04863147 1.00486472818
2368.06906333 1.01289651972
2368.08949509 1.02663417424
2368.10992675 0.996246949183
2368.13035861 1.01092850775
2368.15079038 0.974914592012
2368.17122204 1.01838789779
2368.1916539 0.978899170701
2368.21208567 1.01017615517
2368.23251743 0.977598706648
2368.25294919 1.00962785115
2368.27338096 0.99217858128
2368.29381272 0.991979300744
2368.31424449 1.00137946841
2368.35510802 1.01427994475
2368.37553978 1.00322269813
2368.39597165 0.999600581076
2368.41640331 1.01366552002
2368.43683508 0.994971982975
2368.45726694 1.00534879061
2368.47769871 1.00549134444
2368.49813038 0.992625526837
2368.51856224 1.00927218742
2368.60028931 0.960960660429
2368.62072118 0.985942159579
2368.64115285 0.99990267965
2368.66158462 0.992551746592
2368.68201649 1.01164154912
2368.70244816 0.980698582668
2368.72287993 1.0157988223
2368.7433118 0.995147506077
2368.76374347 1.02395961357
2368.88633409 0.99692841814
2368.92719773 0.986635505277
2368.94762961 1.01992298565
2368.96806128 1.01947923341
2368.98849305 0.998102174903
2369.00892482 1.00022008051
2369.0293566 0.995172465624
2369.04978837 0.99460625364
2369.07022014 0.999669319785
2369.09065192 0.988503425988
2369.11108379 1.00731340397
2369.13151547 1.00080845089
2369.15194724 0.99470641452
2369.19281089 1.00121180591
2369.21324256 1.00002628227
2369.23367444 0.999169363823
2369.25410622 0.99514489464
2369.27453799 0.971150384978
2369.37669688 0.991380907522
2369.39712875 0.978837953778
2369.41756043 1.00834176045
2369.43799231 1.01080309286
2369.45842409 0.995712774071
2369.47885577 0.974526754887
2369.49928764 0.988216329758
2369.51971942 0.995606464913
2369.5401511 1.00288752264
2369.58101476 0.980537703554
2369.60144654 1.01405596541
2369.62187832 0.978301816058
2369.6423101 1.00912446726
2369.66274188 1.01114059918
2369.68317366 1.00215410838
2369.70360544 1.0298098431
2369.72403723 1.01107974952
2369.74446901 1.00752963813
2369.76490089 1.01678367084
2369.84662802 0.989561716694
2369.8670597 0.999787773357
2369.88749159 1.01548135466
2369.90792337 0.998917993714
2369.92835515 0.985936781047
2369.94878694 0.991388230553
2369.96921872 1.00783448167
2369.98965061 1.00987644399
2370.11224132 0.987093326747
2370.13267301 1.00841544705
2370.1531049 0.995945158809
2370.17353668 1.00018059012
2370.19396837 1.01093295266
2370.21440026 0.974258748806
2370.23483204 1.01418237021
2370.25526383 1.00757838894
2370.27569562 1.01167583924
2370.29612741 0.995725798947
2370.3165593 0.980940279697
2370.33699099 1.01674220426
2370.39828636 0.990864006706
2370.41871815 0.985626776236
2370.43914994 1.01624853562
2370.45958173 1.00278898362
2370.48001362 1.03129458953
2370.58217248 0.995869674439
2370.60260437 1.00663517025
2370.62303616 0.994384718814
2370.64346806 1.00447947935
2370.66389975 1.00891446869
2370.68433154 1.00432541959
2370.70476344 1.02235257484
2370.8477859 0.988380704006
2370.8682178 1.01014968695
2370.88864959 0.986070300941
2370.90908129 1.03858359515
2370.92951318 0.988441195823
2370.94994498 1.00604339146
2370.97037678 1.01738423078
2370.99080858 1.03098422414
2371.01124037 0.993218973749
2371.05210397 0.990225348956
2371.07253577 1.00679083392
2371.09296757 0.998014415989
2371.11339937 0.996749612276
2371.13383127 0.994341421031
2371.15426297 1.03577221224
2371.17469477 0.982224553292
2371.19512667 0.983506302922
2371.23599017 0.99938607805
2371.25642207 0.99914593209
2371.29728577 0.986789315602
2371.31771747 0.97908947659
2371.33814927 0.988513877303
2371.35858118 0.989183458992
2371.37901288 1.00027433638
2371.39944468 0.993243819088
2371.41987658 0.99121562416
2371.44030829 1.02260221643
2371.46074019 1.0098361045
2371.48117199 0.983926094253
2371.50160946 1.00025721012
2371.52203558 1.00011233773
2371.54246738 1.01908833816
2371.56289909 1.0034760276
2371.58333099 1.00331909634
2371.6037628 1.00893111979
2371.6241947 0.980896204816
2371.64462641 1.01001017076
2371.66505822 0.993310771774
2371.68549012 0.968172315527
2371.70592183 0.99992724771
2371.72635364 1.01998108799
2371.74678554 1.00698926037
2371.78764906 0.987374548605
2371.80808097 0.99799220498
2371.82851278 1.00149102547
2371.84894458 0.997221878514
2371.86937639 1.00322533674
2371.8898082 1.0182607974
2371.91024011 0.989874977167
2371.93067182 1.00993979594
2371.95110363 1.00889366694
2371.97153554 0.985712609934
2372.05326269 0.984686787031
2372.0736946 0.98063966847
2372.09412631 1.02014859592
2372.11455812 0.990577468946
2372.13499003 1.00238637402
2372.15542175 0.979650858441
2372.17585366 0.996123885294
2372.19628547 0.997681684277
2372.21671719 1.01869754336
2372.29844454 0.978576291406
2372.31887636 1.00201776874
2372.33930827 0.991119838582
2372.35973999 1.00010391522
2372.42103554 1.00722647762
2372.44146726 1.00640416707
2372.46189917 0.971350756662
2372.48233099 0.98677666557
2372.50276281 1.00003945486
2372.52319462 1.01113748715
2372.54362644 0.988257391381
2372.56405826 0.983999941372
2372.58449008 0.970265413733
2372.6049219 1.00046312232
2372.62535382 0.985066794551
2372.64578554 0.988375601796
2372.66621746 1.00594170239
2372.68664918 1.03314058272
2372.82967202 1.03857675022
2372.85010385 0.999138412896
2372.87053557 0.988621816339
2372.89096749 0.981258664723
2372.91139932 0.996417192113
2372.93183104 0.992351288673
2372.95226296 0.99231681054
2372.97269479 0.969561730507
2372.99312671 0.994695436018
2373.01355844 1.01253219165
2373.03399026 1.00240444756
2373.05442219 0.986287656045
2373.07485401 0.993798040329
2373.09528574 1.00515296197
2373.11571766 0.987296609357
2373.13614949 1.00633102285
2373.15658131 1.01040943302
2373.3608996 1.00054421957
2373.38133152 1.00879520475
2373.40176325 1.01155435985
2373.42219508 1.01864136175
2373.44262702 1.03237690209
2373.46305875 1.02451932119
2373.48349068 1.0213847315
2373.50392251 1.00003378506
2373.52435424 1.01423110209
2373.54478617 0.999009360926
2373.565218 0.97778263224
2373.58564974 0.996376411511
2373.60608167 1.02474208925
2373.6265135 1.0070111202
2373.64694544 1.01157820894
2373.66737717 1.00267265798
2373.687809 0.990446440523
2373.70824094 0.987606801607
2373.72867267 0.988685571479
2373.74910451 1.01888068186
2373.76953644 0.995656101691
2373.78996828 1.00237437353
2373.81040001 1.0165116257
2373.83083195 1.0043623472
2373.85126379 0.991140315038
2373.87169562 0.972414110659
2373.89212746 1.01497075352
2373.9125593 0.963446715835
2373.93299123 1.00798307024
2373.95342297 0.990648712693
2373.99428675 1.0002342162
2374.01471849 1.02191728161
2374.05558216 0.995595808441
2374.076014 0.986908438953
2374.11687768 0.997320695452
2374.13730952 1.01670620485
2374.30076436 1.00547876472
2374.3211962 1.000869345
2374.34162804 0.985324521632
2374.36205999 0.990390689529
2374.38249173 0.993357272135
2374.40292357 0.982169763152
2374.42335552 0.995669501117
2374.44378736 1.00622487175
2374.46421911 0.972262131292
2374.48465105 0.981614115451
2374.5050829 0.980390902729
2374.52551474 0.980237417748
2374.54594659 0.955136298914
2374.56637844 0.98329191381
2374.58681038 0.973499237705
2374.60724213 0.989209273165
2374.62767398 0.96468852675
2374.64810593 0.966623573311
2374.66853767 0.98120436203
2374.68896962 0.968579398669
2374.72983322 0.980928729734
2374.75026517 0.979576547591
2374.77069692 0.973490616619
2374.79112877 1.00477886714
2374.81156072 0.982464349165
2374.83199247 0.990451813566
2374.85242442 0.9903852558
2374.87285627 1.00600794701
2374.89328802 1.00205647364
2374.91371997 0.991173527193
2374.93415183 1.00414894627
2374.97501553 1.01935585475
2374.99544738 1.01817564701
2375.01587934 1.00712658676
2375.03631109 1.00118404287
2375.05674294 1.03018905077
2375.0771749 1.02783186744
2375.09760675 0.990231627471
2375.11803861 1.02095926675
2375.13847046 1.00651865058
2375.15890232 1.00008892838
2375.17933417 1.011799956
2375.24062984 1.03598106075
2375.2610616 1.00869322147
2375.28149355 1.01723048623
2375.30192541 1.01834775345
2375.32235717 1.01666827556
2375.34278913 1.0233532185
2375.36322088 1.01833677065
2375.38365274 1.01820895305
2375.4040847 1.02189007812
2375.42451656 1.00216293456
2375.44494842 0.977293488952
2375.46538028 1.00046653216
2375.48581204 1.00219308276
2375.506244 1.00218852983
2375.52667586 1.00466930177
2375.54710762 0.956646818186
2375.62883517 0.992012032786
2375.64926703 0.968578402181
2375.66969899 0.983022706284
2375.71056262 1.02856733261
2375.73099458 0.997663857728
2375.75142635 1.02028767664
2375.77185831 1.00243918352
2375.79229018 1.00086069156
2375.81272204 0.990160289916
2375.85358577 0.980993725403
2375.87401764 0.99718910315
2375.89444961 0.991900285142
2375.91488137 0.997121735802
2375.95574521 1.01777514829
2375.97617697 1.00125689935
2375.99660894 0.975008520683
2376.05790455 0.996268814413
2376.07833632 0.999517353319
2376.09876818 0.99483123905
2376.11920015 0.999841066111
2376.13963192 1.00005496791
2376.16006389 1.01151339197
2376.20092754 1.01886065297
2376.22135951 0.996973079382
2376.24179138 0.985514919834
2376.26222315 0.991910902693
2376.28265512 1.00450372177
2376.30308699 1.01849284037
2376.32351897 1.00707855985
2376.34395074 0.993839974115
2376.36438261 0.992389081383
2376.38481459 0.984077347635
2376.40524636 1.01186625214
2376.44611021 1.01939874369
2376.46654208 1.03279328981
2376.48697396 1.00234896121
2376.50740584 1.0116141865
2376.52783771 0.975090430563
2376.54826959 1.00545684329
2376.56870146 1.00546530324
2376.58913334 1.00131593769
2376.73215649 1.00112895146
2376.75258837 0.982459164306
2376.77302035 0.980232265531
2376.79345213 1.00549998715
2376.81388411 1.0060681919
2376.83431599 0.994931008515
2376.85474777 1.00115422486
2376.87517975 1.00060605394
2376.89561163 1.02625335058
2376.93647539 0.988150340965
2376.95690728 0.996645887168
2376.97733926 0.977286657383
2376.99777104 1.03115772901
2377.01820293 0.9904496444
2377.03863491 1.01310993633
2377.05906669 0.98273481017
2377.07949858 1.00168420152
2377.09993056 0.989980288167
2377.12036245 1.00104332572
2377.20208999 0.971843297187
2377.22252188 1.01441240608
2377.24295376 0.988045993254
2377.26338575 0.987230134657
2377.28381754 0.99020702997
2377.30424953 0.995953698176
2377.32468142 1.03879713184
2377.3451132 0.965989825925
2377.36554519 0.991543689753
2377.38597708 0.997930938089
2377.40640887 0.999840104976
2377.42684086 0.978939274479
2377.44727265 1.0142243308
2377.46770464 1.0225501851
2377.48813653 0.98604816093
2377.50856832 1.00930685337
2377.52900032 1.01000162949
2377.54943221 1.00928959959
2377.59029599 1.01677137449
2377.71288735 0.986006219741
2377.73331925 0.998863113052
2377.75375124 0.981921823315
2377.77418314 0.981301468507
2377.79461503 0.998575916443
2377.81504693 0.966603689991
2377.83547883 1.01090986336
2377.85591072 1.02934147009
2377.95807031 0.993709407526
2377.97850221 0.981374208303
2377.99893401 1.0010213978
2378.01936601 0.957564465278
2378.03979791 0.992748292759
2378.06022971 0.997599133129
2378.08066171 1.00173664429
2378.10109351 0.987797375769
2378.12152551 0.988862788384
2378.14195741 1.01006926184
2378.16238921 0.995853708582
2378.18282121 1.00206728238
2378.20325312 0.999427829982
2378.24411692 1.01141909821
2378.26454882 1.01936543236
2378.28498083 0.997214550104
2378.30541263 1.01263544244
2378.32584454 1.01445488147
2378.34627654 0.984658427644
2378.36670835 1.00401716265
2378.40757226 0.991164456123
2378.50973179 1.01507678294
2378.5301637 1.01174565331
2378.5505956 1.015596362
2378.57102751 1.01042582173
2378.59145942 1.00513940132
2378.61189143 1.01378719912
2378.65275515 0.981583495956
2378.67318716 0.971733097998
2378.69361907 0.985623171798
2378.71405088 0.997716516272
2378.73448289 0.990422038314
2378.7549147 1.01593696606
2378.79577862 1.0007538785
2378.81621044 1.01104534888
2378.93880212 0.999417943996
2378.95923393 0.988618115383
2378.97966585 0.984151216962
2379.00009786 1.00093993591
2379.02052968 1.00290458533
2379.04096159 1.0317172198
2379.06139361 0.99279608282
2379.08182542 0.99413030455
2379.16355319 0.990001133408
2379.18398511 0.991708713331
2379.20441703 0.972320441582
2379.22484895 1.00081648817
2379.24528087 0.990130959728
2379.26571289 1.00359214789
2379.28614481 1.00896146676
2379.30657663 0.992199769029
2379.32700865 1.01888485418
2379.34744057 1.00213502703
2379.36787239 0.979494616477
2379.38830441 0.995740624367
2379.40873633 1.00809437743
2379.42916816 1.00689164667
2379.44960018 0.997492691842
2379.53132777 0.991982178787
2379.5517598 1.01102426381
2379.57219172 0.999449626932
2379.59262355 1.00102754012
2379.6334875 0.980384214564
2379.65391952 0.985432417828
2379.67435135 1.00363674426
2379.69478328 0.990299100909
2379.7152153 0.986465688397
2379.73564713 0.9841567399
2379.75607906 0.990154225749
2379.77651109 1.02719220075
2379.79694302 1.02142485861
2379.81737494 1.00728676318
2379.83780687 0.981766318666
2379.87867073 0.981680283173
2379.91953459 0.984417925182
2379.93996662 0.999586793647
2379.96039846 0.990930348426
2379.98083049 1.006958638
2380.00126242 0.963041027645
2380.02169425 1.00315961079
2380.04212628 1.00353168579
2380.06255822 0.993392442915
2380.08299005 0.999614011354
2380.12385392 0.998767900529
2380.14428595 0.994319360417
2380.16471789 1.00668922455
2380.18514972 1.01212315315
2380.20558176 0.998935246788
2380.22601369 1.01035003913
2380.24644553 1.00075402527
2380.26687756 1.00066078985
2380.2873095 0.997077885807
2380.30774154 0.985116123292
2380.32817338 1.01230937494
2380.36903735 1.0023887591
2380.38946919 0.986968554549
2380.40990113 1.00440291196
2380.43033317 1.02591570204
2380.45076501 1.01291596251
2380.47119705 1.01599501711
2380.49162899 0.997933000561
2380.51206093 1.0247589894
2380.53249287 1.01159708516
2380.55292481 1.01205300938
2380.57335675 0.997027232448
2380.61422064 1.03736496484
2380.65508462 0.995100802875
2380.67551646 0.993109488585
2380.69594851 1.00198312493
2380.71638045 1.01216476584
2380.7368123 1.00907030415
2380.75724434 1.02379346119
2380.77767619 0.996441355009
2380.79810823 0.995508877354
2380.81854018 1.00759552199
2380.85940407 0.996152426566
2380.87983602 0.96082494599
2380.90026786 0.990062425246
2380.92069991 1.01422831453
2380.94113186 1.01723144647
2380.96156391 1.01077264229
2380.98199576 0.976016412686
2381.0024277 1.01595759718
2381.02285975 0.999682588039
2381.0432916 0.980595862211
2381.06372355 0.965846953121
2381.10458755 1.01296875955
2381.12501951 0.992527666677
2381.14545146 0.979722132688
2381.16588341 0.993546801841
2381.18631536 1.00570895571
2381.20674731 1.00880071991
2381.22717927 0.988020683906
2381.24761122 0.997594217287
2381.26804317 1.00280925612
2381.28847523 0.977274168973
2381.30890718 0.964625600529
2381.34977109 1.00182612655
2381.37020305 1.00497991432
2381.3906349 0.992394989901
2381.41106696 1.00820079102
