# #0 time, 1 flux
2306.65163437 1.01833596788
2306.6720665 0.994324509
2306.69249873 0.990167614689
2306.71293076 0.988348175808
2306.73336299 0.984194062451
2306.75379502 0.98622488746
2306.77422715 1.03644350778
2306.81509141 0.976555778847
2306.83552354 0.963439673319
2306.85595577 0.994815828581
2306.89681992 1.00299528599
2306.91725215 1.01456358511
2306.93768428 0.980123004374
2306.9581164 1.00959295493
2306.97854853 1.01054823646
2306.99898065 0.997208110407
2307.01941278 1.00610459492
2307.0398449 0.993724490563
2307.06027703 1.01247578641
2307.08070925 0.982897596955
2307.10114127 0.998950345918
2307.1215734 1.00958584372
2307.14200562 0.99983206726
2307.16243764 1.00182105821
2307.18286986 0.995176544934
2307.20330198 1.01892372832
2307.223734 1.01848352359
2307.24416622 0.987399949789
2307.26459834 0.999636295847
2307.28503036 0.994295175474
2307.30546258 0.98142686084
2307.32589469 1.00261020941
2307.34632671 1.00523342105
2307.36675893 0.991030837001
2307.38719104 1.00488756301
2307.40762316 0.996343742365
2307.42805528 1.01595767215
2307.44848739 0.979413973213
2307.46891951 1.01884050591
2307.48935162 1.00054057942
2307.50978373 0.99076764828
2307.55064796 0.999322595866
2307.57108007 0.990227796536
2307.59151228 0.998604907221
2307.61194429 0.998832880651
2307.63237641 1.02380169666
2307.65280862 1.0285153757
2307.67324063 1.02259290536
2307.69367274 1.05449064578
2307.71410495 1.00068910706
2307.75496916 1.02848690912
2307.77540127 0.999065095222
2307.79583328 1.00571198958
2307.81626548 1.00727810164
2307.83669759 0.994361157961
2307.8571296 1.01043494334
2307.8775618 0.999242374481
2307.89799391 0.982812913171
2307.91842601 0.966219716119
2307.93885812 0.997528596205
2307.95929022 1.00260839744
2307.97972232 1.00667994545
2308.00015443 0.990690443606
2308.02058653 0.988290424691
2308.04101863 0.986868308335
2308.06145083 0.99700454339
2308.08188283 0.9896919371
2308.10231504 0.999118805461
2308.12274704 0.976144488312
2308.14317913 1.01431468318
2308.16361133 1.02294425331
2308.18404333 1.00076324931
2308.20447543 0.980616107024
2308.22490763 1.0073945914
2308.24533963 1.02164305081
2308.26577172 0.99732468383
2308.28620392 0.996725047838
2308.30663592 0.99157052836
2308.32706801 0.990149886606
2308.34750021 1.00208271458
2308.3679322 0.99980798143
2308.3883643 0.999917117584
2308.40879649 0.980303846109
2308.42922859 0.98483942053
2308.44966058 0.991529072451
2308.47009277 1.02290005732
2308.53138905 1.02370500646
2308.55182114 0.979921992159
2308.57225323 0.993432353164
2308.59268532 0.991275956357
2308.61311741 0.973481225647
2308.6335496 0.99596360651
2308.65398159 1.01019132618
2308.67441367 1.00311490285
2308.69484586 0.993612382119
2308.71527785 1.00201071232
2308.73570994 1.01095049071
2308.75614212 1.00819690722
2308.77657411 1.00834584398
2308.7970062 0.998559682892
2308.81743838 1.0051714093
2308.83787037 1.03695605239
2308.85830245 1.00632488768
2308.87873463 0.980867470872
2308.89916662 1.01305473498
2308.9195988 1.00718392044
2308.94003078 0.992947142525
2308.96046286 0.989642410026
2308.98089505 0.971879205924
2309.00132713 1.02047083173
2309.02175911 0.993025167663
2309.04219129 0.995871720874
2309.06262337 0.998093972927
2309.08305535 0.994135580137
2309.10348753 0.983837020014
2309.12391961 1.00844673902
2309.16478376 0.997836716543
2309.18521584 0.98505242199
2309.20564782 0.997055265095
2309.22607999 1.02301886343
2309.24651207 1.00233815512
2309.26694414 1.01417677295
2309.28737622 0.999791233168
2309.30780829 1.018186589
2309.32824037 1.03601441847
2309.34867244 0.976663724609
2309.36910452 1.0058152114
2309.38953669 0.992107649222
2309.40996866 1.01040673334
2309.43040073 1.01974108193
2309.45083291 0.977781064955
2309.47126498 0.999859355637
2309.51212912 1.0305005918
2309.53256119 1.00247993327
2309.55299316 1.0270585921
2309.57342533 0.985768191456
2309.5938574 1.00290988564
2309.61428936 1.0303811597
2309.63472153 0.98282282679
2309.6551535 1.00475406132
2309.67558557 0.997055072285
2309.69601773 1.02348949462
2309.77774589 0.988073355742
2309.79817796 0.979684377272
2309.81861012 1.03345773273
2309.83904219 1.01108225561
2309.85947425 1.00103912738
2309.87990631 1.00773706702
2309.90033837 0.991848969517
2309.92077054 0.993747324514
2309.9412025 0.993480527198
2309.96163456 1.00246424558
2309.98206672 1.00006256558
2310.00249868 0.985448108082
2310.02293074 1.01249209254
2310.0433629 1.01182817816
2310.06379486 0.995537199812
2310.08422692 0.987128366075
2310.10465907 0.992438597125
2310.12509103 1.00414767021
2310.14552309 0.979008279704
2310.16595524 0.991314894552
2310.1863872 1.00190997387
2310.20681926 0.973114622416
2310.22725141 1.00070903137
2310.24768337 0.987745293951
2310.26811542 0.998116108143
2310.28854758 1.00794350091
2310.30897963 0.987574848039
2310.32941168 1.01717257079
2310.34984374 0.956492734911
2310.37027569 1.00431717552
2310.39070784 0.991275716511
2310.41113989 0.999495341868
2310.43157184 0.973826410156
2310.45200399 0.967363616987
2310.49286799 0.997284459036
2310.51330014 0.969161108776
2310.53373219 0.986927773849
2310.55416414 1.01847492205
2310.57459629 1.0138843548
2310.59502834 0.994113135815
2310.61546028 0.982202283125
2310.63589243 0.983895863578
2310.65632448 0.991111098741
2310.67675652 1.02577288454
2310.69718857 0.985329555957
2310.73805266 1.00690379418
2310.7584848 1.04204640047
2310.77891675 1.01169135587
2310.86064502 0.984380811109
2310.88107706 1.00199488956
2310.901509 0.976237993084
2310.92194114 1.0045328882
2310.94237318 1.01882128457
2310.96280512 0.996471131103
2310.98323726 0.999853434485
2311.0036693 0.974887834712
2311.02410124 1.01859040347
2311.04453338 1.0007785155
2311.06496542 1.00594710961
2311.08539736 0.974878527876
2311.10582949 1.00279670372
2311.18755764 0.98703608985
2311.22842171 1.01759616156
2311.24885374 0.99971222156
2311.26928568 0.989089965777
2311.28971781 1.00324406384
2311.31014985 1.03543700948
2311.33058178 0.992063962057
2311.35101391 0.985086582096
2311.37144594 1.016955937
2311.39187807 1.00247227466
2311.41231 1.01945449613
2311.43274204 0.996094934309
2311.45317417 0.989914976634
2311.4736061 1.00083885301
2311.49403812 1.01562156552
2311.51447025 0.988888475335
2311.53490218 1.0040788975
2311.55533421 1.00511831821
2311.57576634 0.989636685374
2311.59619837 1.00410225297
2311.61663029 0.957988397788
2311.63706242 0.984191041445
2311.65749445 0.99583663242
2311.67792637 1.00276635446
2311.71879052 1.02580954251
2311.75965457 1.00563761625
2311.78008659 0.992513123873
2311.80051852 1.01089356794
2311.82095064 0.998378898008
2311.84138266 1.00158603146
2311.86181468 0.996982321641
2311.88224671 1.0029926701
2311.90267863 0.997109864318
2311.92311075 0.982366851613
2311.94354277 1.00133774607
2311.96397469 1.00614572053
2311.98440681 0.993058991597
2312.00483883 0.992360216105
2312.02527085 0.99826676231
2312.04570286 0.971056311916
2312.06613488 1.01649341637
2312.0865669 1.00747993731
2312.10699892 0.977712435953
2312.12743093 0.981212035512
2312.14786295 1.0045344965
2312.16829507 0.994766783296
2312.209159 1.01913230797
2312.22959111 1.03750185651
2312.25002303 0.99928290099
2312.27045504 0.997083425952
2312.29088715 1.0089413711
2312.31131907 1.00421923739
2312.33175108 0.998187179591
2312.39304721 0.996408149156
2312.41347923 0.993852501334
2312.45434325 1.01856173599
2312.47477526 1.02795437254
2312.49520727 1.00703221158
2312.51563927 0.982715983877
2312.53607128 0.996177047811
2312.55650329 1.00777724698
2312.5769353 0.99906979798
2312.59736731 0.999479550421
2312.61779921 1.01766720598
2312.63823132 1.04014918865
2312.65866333 0.995026009869
2312.67909523 1.00757201653
2312.69952734 0.998403246529
2312.71995934 0.991104046149
2312.74039125 1.0126197093
2312.76082335 1.00798048874
2312.78125536 1.02515846814
2312.80168726 0.993804413562
2312.82211936 1.00977519835
2312.84255136 1.03818651632
2312.86298337 0.985963050447
2312.88341537 0.99480216878
2312.90384737 0.999329719297
2312.92427947 0.985137058386
2312.94471137 0.996972669076
2312.96514337 1.01111187208
2312.98557547 1.00414761432
2313.00600747 0.993035978751
2313.02643937 0.987766449245
2313.06730347 0.981299446192
2313.08773537 1.01726223217
2313.10816746 0.976070871677
2313.12859946 0.960403481121
2313.14903136 0.941707731543
2313.18989545 1.01590474654
2313.21032734 0.993016795488
2313.23075944 0.999608201447
2313.25119143 0.996569232155
2313.27162343 0.968569516695
2313.29205542 0.984069812891
2313.31248742 0.976816268374
2313.33291941 1.00253159268
2313.3533514 0.999777447171
2313.37378339 1.00165247144
2313.39421529 1.00125395282
2313.43507937 0.99636386152
2313.45551136 0.993729860418
2313.47594335 1.00737855259
2313.51680743 1.01064608802
2313.53723932 0.999711694537
2313.55767131 1.01532747419
2313.57810339 0.999509809447
2313.59853528 1.00125498605
2313.61896727 0.992032741686
2313.63939936 0.99663500356
2313.65983124 0.997185557412
2313.68026323 0.99677094395
2313.70069532 1.00148459404
2313.7211272 1.00701367214
2313.74155919 1.0052307821
2313.76199127 0.999733847621
2313.78242316 1.01239540326
2313.80285514 1.02058443029
2313.82328722 0.996985852179
2313.84371921 1.00092098082
2313.86415109 1.01465465397
2313.88458317 0.997914427378
2313.90501516 0.999150487357
2313.92544714 0.956954866126
2313.94587912 1.02005123298
2313.98674308 0.993141004748
2314.02760704 0.993847720226
2314.04803902 1.00207490255
2314.068471 0.972545239432
2314.08890298 1.0191718863
2314.10933496 0.968894179394
2314.19106286 1.00217441644
2314.21149484 0.993462495901
2314.23192682 0.999938650693
2314.25235879 0.977832262451
2314.27279077 1.00835498242
2314.29322274 1.0126026809
2314.31365472 1.0035395868
2314.33408669 0.998867451187
2314.35451876 1.00242037589
2314.37495064 0.989267352359
2314.41581468 1.00502241431
2314.43624656 0.992110202465
2314.45667863 0.97877143298
2314.4771106 1.00139494255
2314.49754247 1.01582383386
2314.51797454 0.993738006568
2314.53840651 1.02939320607
2314.55883838 0.994130131546
2314.57927045 1.01100044284
2314.59970242 0.995656534948
2314.62013429 1.01022025594
2314.64056636 0.991319594278
2314.66099832 0.994576615321
2314.68143029 0.991994720859
2314.70186226 1.00046727946
2314.72229422 1.0027947664
2314.74272619 1.0124829762
2314.76315816 1.00040083942
2314.78359012 0.981044616312
2314.80402209 0.989521341784
2314.82445405 0.978848767838
2314.84488602 1.0000421846
2314.86531788 1.00662037232
2314.90618191 0.986930529037
2314.92661397 0.980486506162
2314.94704583 0.976633439704
2314.9674778 0.984517526352
2314.98790986 1.01400811674
2315.00834172 0.995200214438
2315.02877368 0.999595889624
2315.04920574 1.02243554444
2315.0696376 0.979776710025
2315.09006956 1.0253074031
2315.11050162 0.996718587412
2315.13093348 0.983106870146
2315.15136544 0.965202496596
2315.1717975 1.00043264766
2315.21266131 1.02287575051
2315.23309337 1.00110955342
2315.25352533 0.976042767014
2315.29438924 0.978144502574
2315.3148212 0.975676282208
2315.43741292 0.979224377972
2315.45784498 0.981128898902
2315.47827683 0.986625859321
2315.49870878 0.998302857764
2315.51914073 1.04091867086
2315.53957268 0.98729263923
2315.56000464 0.991452615372
2315.60086854 0.977839755726
2315.62130049 1.01241340377
2315.64173244 0.976592590021
2315.66216439 1.00624919813
2315.68259634 0.986476092889
2315.70302838 1.02254702894
2315.76432423 0.968878604945
2315.78475608 1.01261588161
2315.80518802 0.971696232856
2315.82562007 0.99697462385
2315.88691591 1.00779036674
2315.90734775 0.997665875688
2315.9277798 1.0215084308
2315.94821174 1.0218235284
2315.96864358 1.00415970172
2315.98907563 1.00650392615
2316.00950757 1.01085082267
2316.02993951 0.99092976433
2316.05037146 1.00091531219
2316.0708034 1.01186748272
2316.09123534 0.990908333154
2316.11166728 1.01361369824
2316.13209922 1.03418991826
2316.1729632 1.00970294469
2316.19339504 0.995827448697
2316.21382698 1.00799568058
2316.23425892 1.00780765418
2316.25469086 0.99901304102
2316.2751227 1.01508818378
2316.29555474 0.994766105933
2316.31598667 0.985196747143
2316.33641871 0.989871761183
2316.37728249 1.00812002983
2316.39771452 1.00762341523
2316.41814636 1.00692072505
2316.43857829 1.01128185367
2316.45901033 1.01931382817
2316.47944216 0.998756863261
2316.4998741 0.982457236379
2316.52030613 0.997970348905
2316.54073807 0.990460011188
2316.5611699 1.00366238138
2316.58160193 0.991571980554
2316.60203386 1.00963614076
2316.6224657 0.996381440942
2316.64289773 0.986943436403
2316.66332966 0.993657742253
2316.68376149 0.976607124942
2316.70419352 0.994379153293
2316.72462545 1.00255090181
2316.74505728 0.999159290614
2316.76548931 0.980533804832
2316.78592124 1.03076845169
2316.80635327 0.998349996985
2316.8267851 0.991703168604
2316.86764906 1.0244236485
2316.94937666 1.02182232065
2316.96980859 1.01617402863
2316.99024062 1.01094285872
2317.01067244 0.994441598352
2317.03110437 1.0157183256
2317.05153629 1.02412984096
2317.07196822 0.999210826681
2317.09240014 1.01164494728
2317.11283216 0.995317031619
2317.13326399 0.993740233803
2317.15369591 1.02171452379
2317.17412793 0.998388433606
2317.19455975 0.970123815995
2317.21499178 0.997607689221
2317.2354237 1.01839214306
2317.25585552 1.01260539615
2317.27628754 0.995429523088
2317.29671946 0.986746195077
2317.31715128 0.983810163791
2317.35801522 1.00133472118
2317.37844714 1.00444411158
2317.39887906 1.0103281975
2317.41931097 1.00551929033
2317.43974289 1.02035512035
2317.46017481 0.979946761306
2317.48060673 1.02354673356
2317.50103864 0.993069457793
2317.52147056 1.02485142513
2317.54190248 0.984721222227
2317.56233439 1.00995611952
2317.58276641 1.02715588556
2317.60319822 1.0322674823
2317.62363014 1.00818837386
2317.64406215 0.987581138554
2317.66449397 0.990975054843
2317.68492598 1.03914656985
2317.70535789 1.01154871681
2317.72578971 0.98153323896
2317.74622172 0.970798667983
2317.76665353 0.973511584496
2317.78708544 0.994609059779
2317.80751746 0.989674830706
2317.84838118 0.983932476687
2317.86881319 1.00515474383
2317.889245 1.00122304698
2317.90967691 1.01161500893
2317.93010892 1.02769499044
2317.95054083 1.00985457739
2317.97097264 0.988963683331
2317.99140465 0.970062310631
2318.01183655 0.995318577673
2318.03226836 0.985390532155
2318.05270037 0.973133635974
2318.09356408 1.01891185314
2318.11399609 1.01432216735
2318.134428 1.02030812608
2318.15486 1.02077165561
2318.17529181 0.980256120156
2318.19572371 0.994718990586
2318.21615572 1.00533261912
2318.23658752 1.01314289774
2318.25701942 0.993524181077
2318.27745143 0.991358210133
2318.29788323 0.987999025429
2318.35917894 0.993851001904
2318.37961084 1.01450278919
2318.40004284 1.00924668125
2318.42047474 1.02500802171
2318.44090655 1.01852158464
2318.46133855 0.979718826058
2318.48177035 0.997511003167
2318.50220225 1.02605520058
2318.52263425 0.99815025747
2318.60436174 0.99709217893
2318.62479374 1.01653928378
2318.64522564 1.01255731657
2318.66565743 1.01020055302
2318.68608943 0.995644808631
2318.70652133 0.995473051149
2318.72695312 1.02290974266
2318.74738512 0.99897592066
2318.76781701 1.04767608202
2318.78824891 0.976953432343
2318.84954459 0.998443521401
2318.86997659 1.00742915256
2318.89040838 0.992626421966
2318.91084027 0.973005172426
2318.93127227 0.989351490833
2318.95170406 0.994218424247
2318.97213595 1.00254197677
2318.99256794 1.00690269194
2319.01299973 1.00574665014
2319.0947274 0.999478821891
2319.11515929 0.985745617713
2319.13559107 1.00720219785
2319.17645485 1.0252942785
2319.19688674 1.03343838445
2319.21731873 1.01407790048
2319.23775052 1.0035984696
2319.2581824 1.00069832541
2319.27861439 1.02513350113
2319.29904628 1.0265759447
2319.38077372 1.00407039741
2319.40120571 1.01285280598
2319.42163759 1.00739528138
2319.44206958 0.990670918922
2319.46250136 0.995057937035
2319.48293324 0.981980212651
2319.50336523 0.980660275068
2319.52379701 0.98825089937
2319.56466087 0.985486480132
2319.58509266 1.01511010682
2319.60552454 0.982623899407
2319.62595652 0.978889245301
2319.6463883 0.988698231699
2319.66682018 1.01391555617
2319.70768404 0.985189402235
2319.72811582 1.00887058193
2319.7485478 0.989149968703
2319.83027532 1.01804920866
2319.85070719 1.01418717091
2319.9324347 0.992738786396
2319.95286658 1.02525408466
2319.97329845 1.00992038906
2319.99373033 0.986304769186
2320.0141621 0.980714325857
2320.03459408 1.00192857663
2320.05502595 0.999538794007
2320.07545773 0.973577576337
2320.0958897 1.00935747175
2320.11632158 0.981405106641
2320.13675345 0.97949062231
2320.15718532 0.970777287929
2320.17761719 0.991750678706
2320.19804907 0.992764273489
2320.21848094 0.996954314172
2320.23891281 0.990387505458
2320.25934478 0.946383211007
2320.30020842 1.0137937716
2320.32064039 1.01890509625
2320.34107226 1.00314739777
2320.36150403 1.000818605
2320.381936 0.988171285965
2320.40236787 1.03803508315
2320.42279964 0.998646668834
2320.44323161 1.01498975377
2320.46366348 1.00221907164
2320.48409524 0.989273047848
2320.50452721 1.00057329403
2320.52495908 1.00280952364
2320.54539095 1.0121786641
2320.56582281 1.01736953876
2320.58625468 1.00711444008
2320.60668654 1.00101671216
2320.62711841 0.985279473002
2320.64755027 1.03105111996
2320.66798214 1.02994135175
2320.688414 1.00014943857
2320.70884587 1.00076471324
2320.72927773 1.00530190954
2320.7497096 0.977923726601
2320.79057342 0.988085072794
2320.81100518 0.993742210407
2320.87230077 1.01267724184
2320.91316459 1.00551622871
2320.93359635 0.987046295404
2320.95402821 0.995056553269
2320.97446017 0.992912165024
2320.99489193 0.991266902248
2321.01532379 1.01630641028
2321.03575575 0.985770037345
2321.05618751 0.993469250054
2321.07661947 0.97917532746
2321.09705133 1.00172504475
2321.11748319 0.981949398221
2321.13791504 0.974855906639
2321.1583469 1.0072548674
2321.17877876 0.961355595178
2321.21964247 0.983867013233
2321.30136989 0.989045161682
2321.32180185 0.998481472513
2321.3422336 0.985194254132
2321.36266546 1.01183103316
2321.38309731 1.00012966228
2321.40352916 0.984750427134
2321.42396092 1.00138647435
2321.44439287 1.01314324846
2321.46482472 0.971348792554
2321.48525667 1.02233184665
2321.50568843 1.02000367913
2321.52612028 0.996610533234
2321.54655223 1.00897937051
2321.56698398 1.00990324041
2321.58741583 0.991572403689
2321.60784778 0.972672917868
2321.62827963 1.00784091767
2321.64871138 0.983021961306
2321.68957518 0.982410678179
2321.71000693 1.01301263123
2321.73043888 0.992689787142
2321.77130247 0.99097913424
2321.79173442 0.99346647962
2321.81216627 1.01637864647
2321.83259802 1.01928365738
2321.85302996 0.984468015349
2321.87346181 0.993978214532
2321.89389375 1.01563638907
2321.9143255 1.03320585819
2321.93475735 0.987975090222
2321.95518929 0.988102218452
2321.97562104 1.00438223975
2321.99605288 1.00094729879
2322.01648482 1.00153024164
2322.03691657 1.01397644497
2322.05734841 1.04504760136
2322.07778026 1.00373758314
2322.0982121 1.00602116705
2322.11864394 1.00894405229
2322.13907588 0.992798515568
2322.15950763 0.965085456398
2322.17993947 1.00065688548
2322.20037141 0.992812886458
2322.22080315 1.01056778956
2322.26166693 1.01864287657
2322.28209867 0.983304111244
2322.32296245 1.01034239712
2322.34339419 0.995390730129
2322.36382613 0.997158093964
2322.38425797 0.990847676815
2322.40468971 1.01622380044
2322.42512165 0.980509603342
2322.44555348 0.984766957396
2322.46598532 1.00561486138
2322.48641716 1.00304589367
2322.506849 1.02695155994
2322.52728083 0.986744087325
2322.5681445 1.03354399038
2322.58857634 1.00481951931
2322.60900828 0.995531601194
2322.62944001 0.988609705933
2322.64987195 0.987721452824
2322.67030378 1.0011023777
2322.69073551 0.999843662295
2322.79289468 0.986341496244
2322.81332651 1.01387839039
2322.83375845 1.00686917307
2322.85419018 0.997276139355
2322.87462201 1.0348504363
2322.89505394 0.998884014652
2322.91548567 0.98858531309
2322.9359175 0.986718773426
2322.95634943 1.0058455444
2322.97678126 1.02848588149
2322.99721299 1.01616484198
2323.01764492 1.0311506966
2323.03807675 1.01643399382
2323.05850858 1.00548985134
2323.07894041 1.02789949753
2323.09937224 0.988290071456
2323.11980407 0.996455937472
2323.14023589 1.00347318694
2323.16066772 0.993461180553
2323.18109965 0.970370028504
2323.20153138 0.998216131871
2323.24239513 0.989480607935
2323.26282685 0.990120039658
2323.28325868 1.00083540443
2323.30369061 1.00147695819
2323.32412233 1.00755081723
2323.34455416 1.00194850837
2323.36498608 1.00842751676
2323.3854178 1.03191250575
2323.40584963 1.03345764263
2323.42628155 0.996940559517
2323.44671338 0.990799145643
2323.4671452 1.00100154571
2323.54887249 1.01236491761
2323.56930421 0.977665046993
2323.58973613 0.999924820488
2323.61016795 1.00748021532
2323.63059967 0.987340687871
2323.65103159 0.996290671776
2323.67146341 1.03141725083
2323.69189513 1.00821811168
2323.73275887 0.987080700206
2323.75319059 0.987140494465
2323.77362251 0.995945589724
2323.79405433 1.02039846539
2323.81448625 1.02453822951
2323.83491797 0.986660890951
2323.85534978 1.02005395798
2323.8757817 0.996535590051
2323.89621342 1.02527892669
2323.91664523 0.975791516149
2323.93707715 0.992465072993
2323.95750887 0.993400394204
2324.03923613 1.01574265473
2324.05966804 1.01723809619
2324.08009986 1.00014181263
2324.10053157 1.00811346962
2324.12096349 1.01860026145
2324.1413953 0.990895168558
2324.16182701 0.985079620242
2324.18225893 1.00969129731
2324.24355436 1.00588534037
2324.26398618 0.99433674308
2324.28441799 1.0315850565
2324.3048498 1.02150474383
2324.32528151 1.00264926069
2324.34571342 0.990881968682
2324.36614523 1.00851773107
2324.38657704 1.03421297263
2324.40700885 0.98956231885
2324.42744066 0.997668855867
2324.5091679 0.995998333732
2324.52959981 1.00943112039
2324.55003151 0.995680415104
2324.57046342 0.988662474799
2324.59089523 0.991588209265
2324.61132694 0.97834414432
2324.63175884 0.999920086247
2324.65219065 0.992051963059
2324.73391777 1.00953601064
2324.75434968 0.983337672371
2324.77478148 1.00997656151
2324.79521319 1.0258629135
2324.81564509 1.01418206495
2324.8360769 0.98962559272
2324.8565087 0.999418923401
2324.87694051 0.988363055186
2324.89737231 1.00632374766
2324.91780411 0.995297747131
2324.93823601 0.991428050479
2324.95866772 1.00279233682
2324.97909952 1.03338483617
2324.99953132 1.00393825553
2325.01996312 0.985352211218
2325.04039502 1.00314924465
2325.06082673 1.0074094426
2325.08125853 1.03982520146
2325.10169043 1.0015833934
2325.12212213 1.00558675448
2325.14255393 0.991400483039
2325.16298583 0.963299240204
2325.20384933 1.053159912
2325.22428123 1.0039600039
2325.24471292 0.997833292181
2325.26514472 1.00923002247
2325.28557662 0.992094856199
2325.30600842 1.00765048746
2325.32644022 1.01835746522
2325.34687231 1.01426911245
2325.36730411 1.00932693436
2325.4081677 0.987975718771
2325.4285994 0.990490180345
2325.4490313 0.989603071245
2325.46946309 0.976712318163
2325.48989479 1.00104224448
2325.51032668 0.990663752806
2325.53075848 1.01131199132
2325.55119017 1.02040544675
2325.57162207 0.994943794943
2325.59205386 0.979873856376
2325.61248555 1.02246746125
2325.63291745 0.989044295559
2325.71464462 0.98793671885
2325.73507651 1.00736681133
2325.7555082 1.00230310281
2325.77594 1.01523401254
2325.79637189 0.994923024185
2325.81680358 0.985811329266
2325.83723537 1.01496237687
2325.85766726 0.982316221486
2325.87809905 1.00342392779
2325.89853074 1.01599899781
2325.91896263 0.983817682569
2325.93939442 1.00804476757
2325.95982611 1.01049057995
2325.980258 1.0195014481
2326.00068979 1.00020011331
2326.02112148 0.996768177553
2326.04155336 0.996786899975
2326.06198515 0.978198598172
2326.08241704 1.00677441959
2326.10284873 0.985618587544
2326.12328052 0.990807336694
2326.1437123 0.967546192447
2326.20500766 1.00555323643
2326.22543945 0.99299092448
2326.24587123 0.986542610424
2326.26630302 1.00648418052
2326.2867348 1.00901778409
2326.30716659 0.994833100586
2326.32759837 0.995003179498
2326.34803016 0.989956525341
2326.36846194 1.030371952
2326.38889383 1.02425617025
2326.40932551 1.01456926722
2326.42975739 1.00544948028
2326.45018918 1.0021593445
2326.47062086 1.00045227976
2326.49105274 0.989421173479
2326.51148452 1.00261000952
2326.55234809 1.01340457582
2326.57277987 1.02518225998
2326.59321155 1.00588889902
2326.63407521 0.982991499204
2326.65450689 1.00690237215
2326.67493877 0.98280769394
2326.69537055 1.00538096443
2326.71580233 1.01035506915
2326.73623411 0.997934837647
2326.75666589 1.00616542292
2326.77709767 1.01407352067
2326.79752945 0.98536215637
2326.83839311 0.968129121464
2326.85882478 0.991254261912
2326.87925656 0.978451564435
2326.92012012 0.999815535998
2326.94055189 0.983914464106
2326.96098377 0.999768253127
2326.98141545 1.00957789153
2327.00184722 1.00821183534
2327.0222791 0.995938776571
2327.04271077 0.98137810356
2327.06314255 0.990633869231
2327.08357443 0.983219682544
2327.1040061 1.00792793616
2327.12443787 1.04533136332
2327.16530142 1.01199829209
2327.1857333 0.996399927746
2327.20616507 1.03353286887
2327.22659684 1.00086425936
2327.24702862 0.993451647474
2327.26746039 1.00122346659
2327.28789216 0.995037642084
2327.30832394 0.992090566053
2327.32875571 0.984480110936
2327.34918748 0.99693579398
2327.36961935 0.99717975384
2327.41048279 1.00947064928
2327.43091467 1.01419049082
2327.45134634 0.966342287713
2327.47177811 1.01612167986
2327.49220998 1.00349370526
2327.51264165 1.01268018811
2327.53307352 1.031136352
2327.55350529 1.00936957576
2327.59436882 0.996890080915
2327.61480059 0.993035301834
2327.63523226 1.00419715474
2327.65566413 1.02223479939
2327.6760958 1.00801845711
2327.69652757 0.9886493184
2327.71695943 0.981417264233
2327.7373912 1.01076088004
2327.75782287 1.00053951698
2327.77825473 0.990344750198
2327.7986865 1.01382618548
2327.81911817 0.999451328975
2327.94170896 0.998445790639
2327.96214062 1.00934086551
2327.98257239 0.986555859424
2328.00300425 0.994772747171
2328.02343592 0.988351224825
2328.04386768 0.994210284908
2328.06429954 0.983720461892
2328.08473121 1.007214073
2328.10516297 1.00751590711
2328.14602649 0.989608555682
2328.16645826 1.01018293697
2328.18689012 1.01408187677
2328.20732188 0.981790038742
2328.22775354 1.00273859095
2328.2481854 1.01010375515
2328.26861716 1.00630273358
2328.28904893 1.00953119329
2328.30948069 0.9962916793
2328.32991245 0.95320331123
2328.35034421 0.987943293493
2328.39120763 1.00451202727
2328.41163948 0.985634242697
2328.43207124 1.00097028544
2328.4525029 1.00681325405
2328.47293476 1.02388534807
2328.49336652 0.997107731542
2328.51379818 1.00346233123
2328.53423004 0.996772542337
2328.55466179 1.0158274786
2328.57509355 1.00193901932
2328.59552531 0.98014870342
2328.61595707 0.999085610252
2328.63638892 0.997349166778
2328.65682058 0.987027909212
2328.67725233 0.986185195175
2328.69768419 0.992450708138
2328.71811585 0.978588234526
2328.75897946 0.99508878723
2328.77941121 0.994977634909
2328.79984287 1.02178588033
2328.82027472 1.00230398226
2328.84070648 1.00393456791
2328.88156998 1.00579590363
2328.90200174 0.993629380313
2328.92243339 1.00058319821
2328.94286524 0.990788169696
2328.963297 1.01472794179
2328.98372885 0.99681112084
2329.0041605 0.983467406932
2329.02459226 1.03084705803
2329.04502401 1.0097501363
2329.06545576 0.984090370125
2329.08588751 0.993849051526
2329.10631926 1.00830408788
2329.12675101 1.00929510052
2329.14718276 0.99079410798
2329.16761452 0.999368189409
2329.18804627 0.996824999621
2329.20847802 0.971851011564
2329.22890987 1.01453223074
2329.24934152 0.99465635668
2329.26977327 0.999763842717
2329.29020511 1.00171036904
2329.31063676 1.0063983587
2329.39236386 0.982661342902
2329.41279561 1.00708430112
2329.43322725 1.01181362902
2329.4536591 0.97145368198
2329.47409085 1.02130458914
2329.4945225 0.997042870084
2329.51495434 0.992309164467
2329.53538609 0.999936930859
2329.55581774 1.01727182273
2329.57624958 0.987376852594
2329.59668133 1.00270402631
2329.61711307 1.00041512757
2329.63754482 1.01258506555
2329.65797656 0.995417073011
2329.67840841 1.04080924534
2329.69884015 0.992024473223
2329.7192718 1.00048172563
2329.73970364 1.0259230939
2329.76013539 0.979515293548
2329.78056703 0.994080990661
2329.80099887 0.998971557124
2329.82143062 0.993121922932
2329.8622941 1.00963798784
2329.88272575 1.01348814512
2329.90315749 0.990154040962
2329.92358933 0.996315052372
2329.94402097 1.01487686706
2329.96445272 1.00297777737
2329.98488456 1.03032025715
2330.0053162 1.01582156911
2330.02574804 1.00404660092
2330.04617978 0.99400531369
2330.12790674 1.0028499614
2330.14833848 1.00198430054
2330.16877022 1.04471514557
2330.18920196 1.01841883488
2330.2096338 0.997445402153
2330.23006544 1.01448357196
2330.25049718 0.998312126595
2330.27092902 0.996886532072
2330.29136066 0.993895418147
2330.3117924 0.997866208985
2330.33222423 1.03741194958
2330.35265587 1.00693799277
2330.37308771 0.999587634943
2330.39351945 1.01585891915
2330.41395108 0.989605476228
2330.43438292 1.00400365398
2330.45481466 0.992015569964
2330.47524629 0.998451226788
2330.49567813 1.00935302465
2330.51610987 0.985796163746
2330.5365416 1.00044938174
2330.55697334 0.999602127787
2330.57740507 1.02929119833
2330.59783671 0.998268186552
2330.61826854 1.01244923913
2330.63870028 0.97934356003
2330.65913191 1.01026515405
2330.67956375 0.980357972434
2330.69999548 1.03629906508
2330.72042722 1.0010302013
2330.74085895 1.00846008865
2330.76129068 0.997631211766
2330.78172252 0.97925297297
2330.80215415 0.993322237675
2330.84301771 0.98676596709
2330.86344935 1.00897801654
2330.88388108 0.986233951645
2330.90431291 1.02331955586
2330.92474454 1.00284947686
2330.94517627 0.999360591915
2330.96560811 1.01811733425
2330.98603974 1.00534661301
2331.00647147 1.00838597396
2331.0269033 0.995108013079
2331.04733503 1.00024838213
2331.06776676 1.00964158238
2331.08819849 0.99951437651
2331.10863022 0.983146295847
2331.16992541 1.01991002769
2331.19035714 0.987719003306
2331.21078887 1.00722450512
2331.2312206 0.984412192263
2331.31294751 1.01407641747
2331.33337924 0.986972040277
2331.35381086 1.01293558412
2331.37424269 1.00461931516
2331.43553787 0.999866020895
2331.4559696 0.989675455336
2331.47640142 1.00207678772
2331.49683305 1.00921812563
2331.51726478 0.980965759347
2331.5376966 1.00281070052
2331.57855995 0.991153819988
2331.59899178 0.995881822618
2331.6194235 1.00062919552
2331.63985513 1.05306456955
2331.66028695 0.992693777654
2331.68071868 0.996410435738
2331.7011504 1.02206063128
2331.72158212 1.01534618953
2331.74201385 1.01407085907
2331.76244567 1.00131686315
2331.78287729 0.993613043501
2331.82374084 0.995475004821
2331.84417246 0.985983468428
2331.86460418 0.992829672267
2331.88503601 1.00703173869
2331.90546763 0.995194470767
2331.92589935 0.991378020945
2331.94633117 0.997807033582
2331.96676279 1.00503665805
2331.98719451 1.00620523277
2332.00762624 0.991266864472
2332.02805796 1.01364147305
2332.0689214 0.98765526867
2332.08935312 1.01365385094
2332.10978494 0.996290406677
2332.13021666 0.997570270526
2332.15064828 1.00312642369
2332.1710801 0.984929787169
2332.19151182 1.01854997969
2332.21194343 1.03448523368
2332.23237525 1.00203134016
2332.25280697 1.01578498268
2332.27323859 0.997983410094
2332.29367041 1.0022573833
2332.31410213 1.03543127663
2332.33453374 0.996806185978
2332.35496556 1.00646545543
2332.37539728 0.984891697846
2332.3958291 0.998368678381
2332.41626071 1.0035740456
2332.43669243 1.00525010987
2332.47755586 1.00016048141
2332.49798758 1.00966681472
2332.5184194 1.01047733853
2332.53885101 0.993841587508
2332.55928273 0.99964483847
2332.57971454 0.997897050347
2332.60014626 0.985822281671
2332.62057787 1.01850427804
2332.64100969 1.00726450736
2332.6614414 1.01994721504
2332.68187302 0.978524228269
2332.70230483 0.992322841535
2332.72273655 0.997450417746
2332.74316826 0.986514151846
2332.76359998 0.991839768888
2332.78403169 1.0086034426
2332.8044634 0.980788216216
2332.82489512 0.992002990563
2332.84532673 0.985381485351
2332.86575854 1.00593698859
2332.88619025 1.00448627407
2332.90662187 1.00263769114
2332.92705368 0.994871576703
2332.94748539 0.996235877386
2332.9679171 1.02090068122
2332.98834882 0.985165871901
2333.00878053 0.983362066383
2333.04964395 1.00837895063
2333.07007566 1.02280936082
2333.09050747 0.988214935931
2333.11093918 0.98067739317
2333.13137079 1.00273433778
2333.1518026 0.996942001537
2333.17223431 1.00374758638
2333.19266592 0.994987609016
2333.21309773 0.992508711901
2333.23352944 1.00992485972
2333.27439286 0.996544597302
2333.29482457 1.01749695161
2333.31525618 0.997353569314
2333.33568799 1.01900854038
2333.3561197 1.00790466699
2333.3765515 0.997439085847
2333.39698311 1.00111437375
2333.41741482 1.00669560667
2333.43784663 1.01820640821
2333.45827823 0.999695379527
2333.47870994 1.01250799825
2333.49914165 0.997796083579
2333.51957336 1.01803290342
2333.54000506 0.995855598908
2333.56043677 0.996566778931
2333.58086848 0.980089797677
2333.60130018 1.02398351509
2333.62173199 0.991507573262
2333.64216359 0.990881961037
2333.74432222 1.00001074024
2333.78518563 0.990521871348
2333.80561733 0.987702636813
2333.82604894 1.00196001909
2333.84648074 1.02178155378
2333.86691245 1.01849874662
2333.90777585 0.988944746304
2333.92820756 0.993254127614
2333.96907096 1.01530869898
2334.05079777 0.995209143383
2334.07122958 0.999296940847
2334.09166128 0.990172676228
2334.11209288 1.00247852864
2334.13252468 1.01176813469
2334.15295638 0.988032595377
2334.17338798 0.981631578385
2334.19381978 0.968135544694
2334.21425139 0.975469165634
2334.23468309 1.00472608338
2334.25511489 0.998539740642
2334.27554649 0.998519586646
2334.31640999 1.00292496182
2334.33684159 1.00662592174
2334.35727339 0.999944929242
2334.37770509 1.01714158664
2334.39813669 1.01350781222
2334.41856848 1.01528584814
2334.43900018 1.00898098541
2334.45943188 1.00010079033
2334.47986358 1.00259991994
2334.50029528 0.983732714133
2334.52072698 0.995453840949
2334.54115868 0.991643463843
2334.56159037 0.996258787456
2334.58202217 0.989575527909
2334.60245387 1.01320337056
2334.62288547 1.01522879986
2334.64331726 1.02937431332
2334.66374896 1.03900502728
2334.68418056 0.973802844012
2334.70461236 1.0083927592
2334.72504405 0.985735958129
2334.74547565 1.0120360331
2334.76590744 0.998472540537
2334.78633914 0.995608277875
2334.80677074 1.00424490796
2334.88849762 1.00999000141
2334.90892931 1.00141078086
2334.92936111 1.02963399547
2334.9497927 1.0233250918
2335.03151948 1.0113169831
2335.05195117 1.00077406643
2335.07238287 0.994303249238
2335.09281456 0.986770098327
2335.11324626 0.996992247514
2335.13367795 0.997455778797
2335.15410964 0.992799742687
2335.17454143 0.996990120701
2335.19497303 1.00154520371
2335.21540482 0.996401871971
2335.23583651 0.99502215363
2335.2562681 0.990234776471
2335.2766999 0.997012876441
2335.29713159 1.00204439349
2335.31756318 1.01127903784
2335.33799497 1.00222548796
2335.35842666 0.997819703677
2335.37885826 1.02955601047
2335.39929005 0.999450220591
2335.41972174 1.00361538108
2335.44015343 1.05188573429
2335.46058512 0.99731557897
2335.48101681 1.01266060856
2335.5014486 0.998323071307
2335.52188019 0.979674427173
2335.54231188 0.990134179599
2335.56274367 1.00058634983
2335.58317536 1.00498800827
2335.60360695 1.00284742407
2335.62403874 1.00192739301
2335.64447043 0.995600912154
2335.66490202 1.01182774814
2335.70576539 0.999894575793
2335.72619708 1.01503340076
2335.74662887 0.991565819891
2335.76706046 1.01534235704
2335.78749215 0.981105982365
2335.80792394 0.991992794104
2335.82835552 1.01420768488
2335.84878731 0.982885616279
2335.869219 1.00716922895
2335.88965059 0.99503091248
2335.91008237 1.00627828479
2335.93051406 1.00773536515
2335.95094565 0.952750033341
2335.99180912 1.0250994468
2336.01224081 1.01939046629
2336.03267249 1.00610922855
2336.05310418 1.03429851476
2336.09396755 0.998222531223
2336.11439924 0.999545364739
2336.13483102 0.974747265718
2336.15526271 0.991881074794
2336.17569429 0.989651577434
2336.19612608 1.00745493578
2336.27785282 1.00896862331
2336.2982844 0.987862308929
2336.31871619 0.998964182292
2336.33914787 0.99993008791
2336.35957945 1.01155480184
2336.38001124 1.00816550239
2336.4208746 1.00181917871
2336.44130629 1.03690040609
2336.46173787 0.991631962783
2336.48216965 1.00813302886
2336.50260134 1.01457563482
2336.52303302 0.999558922642
2336.5434647 0.99250827131
2336.56389638 0.98838061248
2336.58432806 1.01106261403
2336.60475975 0.99447806569
2336.62519143 1.01799760362
2336.66605489 0.981515218215
2336.68648647 0.99153246825
2336.70691825 1.0160356974
2336.72734994 1.00040714865
2336.74778152 0.972646582911
2336.7682133 0.999972593889
2336.78864498 0.99689475817
2336.80907656 0.980480610427
2336.82950834 0.996048292553
2336.84994002 1.02664925243
2336.8703716 0.997149935849
2336.89080338 0.983295947591
2336.91123506 0.997640129927
2336.93166664 0.963896106068
2336.9725301 0.998750113015
2336.99296188 1.03069957159
2337.01339346 0.982501899725
2337.03382514 1.0015370653
2337.07468859 1.00058346476
2337.09512017 1.0089678212
2337.11555185 0.976587124499
2337.13598363 0.979720394021
2337.15641521 0.992429006666
2337.17684698 0.977231686239
2337.19727856 1.00201803837
2337.21771024 0.970055784005
2337.23814202 1.04068837234
2337.25857359 1.02916458861
2337.27900537 1.02505763069
2337.29943705 1.00483311898
2337.31986863 1.00461413394
2337.3403004 0.998229870743
2337.36073208 1.00452442195
2337.38116366 0.976885292209
2337.40159543 1.00772053587
2337.44245868 1.00472206405
2337.46289046 0.981355979351
2337.48332214 1.00028273593
2337.50375381 0.994591103339
2337.52418549 0.971899665855
2337.54461716 0.971295281224
2337.56504884 0.976233950482
2337.60591219 1.01883089777
2337.62634396 1.00447658705
2337.64677564 0.984831077101
2337.66720721 1.00886335646
2337.70807066 1.00509375793
2337.72850224 1.01061177819
2337.74893401 0.997141612919
2337.76936568 0.971843205186
2337.78979726 1.02832765772
2337.81022903 1.01116264455
2337.85109228 1.01166839216
2337.89195572 1.01204097419
2337.9123874 0.977594454243
2337.97368242 1.0077910573
2337.99411409 1.01222144356
2338.01454576 0.989301864499
2338.03497743 0.984643156963
2338.0554091 1.01350275802
2338.07584078 1.00084529111
2338.09627245 0.977409304017
2338.11670412 0.965365426916
2338.13713579 1.00142535019
2338.15756756 1.01717640366
2338.17799913 0.965999731232
2338.19843091 0.998324944861
2338.21886258 0.977594900773
2338.23929415 1.00447856831
2338.25972592 0.987926768277
2338.28015759 1.0158374586
2338.30058916 1.00021445743
2338.32102093 0.989148150999
2338.3414526 0.995392782315
2338.36188417 1.0017209782
2338.38231594 0.972322450417
2338.40274761 0.999638279225
2338.46404262 0.99748505284
2338.48447439 0.972681388932
2338.50490596 1.02339317255
2338.52533763 1.01338568972
2338.54576939 0.995121592494
2338.56620096 1.02913787277
2338.58663263 1.01367923797
2338.6070643 1.01043918351
2338.62749597 0.977277408783
2338.64792764 1.02284296489
2338.66835941 0.978566203639
2338.75008598 1.01101003325
2338.77051774 1.01048172239
2338.79094941 1.03863403348
2338.81138098 1.0108919046
2338.91353941 0.9712806309
2338.93397098 1.02146723721
2338.95440275 0.995179196951
2338.97483441 0.995033411532
2338.99526618 1.00568287797
2339.01569775 0.977895794973
2339.09742441 0.957758927396
2339.11785617 0.98078695057
2339.13828784 0.958099453769
2339.17915117 1.00429386519
2339.19958283 0.999042637666
2339.2200144 1.01843210186
2339.24044616 0.990679889826
2339.26087783 0.986587243712
2339.28130949 1.02563216405
2339.30174116 0.979609929783
2339.32217272 1.00067502106
2339.34260449 0.9888988975
2339.36303615 0.983316958308
2339.38346771 0.984448888385
2339.40389948 1.00077961229
2339.42433114 0.991571693076
2339.44476271 0.979991329278
2339.46519447 1.01906928434
2339.52648946 1.00071742521
2339.54692112 1.00947611693
2339.56735288 1.01785967255
2339.58778445 1.00593462041
2339.60821611 1.00721826211
2339.62864787 1.00196276366
2339.64907943 1.01677401739
2339.6695111 1.02127040632
2339.68994286 0.994907915587
2339.71037452 1.01688864991
2339.73080608 0.967888694293
2339.77166951 0.995250186404
2339.79210107 1.00851644011
2339.81253283 1.00115394626
2339.83296449 1.03227624149
2339.85339625 0.9985678266
2339.87382781 1.0296604116
2339.91469123 1.00335734894
2339.9351228 1.01329156795
2339.95555446 0.972364477475
2339.97598622 1.00447461201
2339.99641778 1.00050383409
2340.01684944 0.995504494125
2340.0372811 1.0057923551
2340.05771276 0.992815126988
2340.07814442 0.986404125409
2340.09857608 0.998878028027
2340.11900774 0.974185663261
2340.15987116 0.993559579915
2340.18030272 1.00253975947
2340.20073448 0.999966303037
2340.22116614 0.985146228743
2340.24159769 0.98563569765
2340.26202945 1.0092928384
2340.28246111 0.995165364418
2340.30289267 0.99996880683
2340.32332443 1.00398862252
2340.34375609 1.02912295971
2340.36418785 0.988255281667
2340.42548282 1.0077961786
2340.44591438 1.02292175676
2340.46634604 0.986632524496
2340.4867778 0.993889836092
2340.50720935 1.0023659425
2340.52764101 1.00738099614
2340.54807277 1.002944126
2340.56850433 1.01164889411
2340.58893598 1.01806349024
2340.60936774 0.985177441099
2340.6297994 0.993483524844
2340.65023105 0.978841884979
2340.67066271 1.01346407123
2340.69109437 1.01864922292
2340.73195768 0.994682782397
2340.75238934 0.978039751298
2340.77282099 0.995856113527
2340.79325265 1.03718430118
2340.81368421 0.993966482854
2340.83411596 1.00456174885
2340.85454762 0.969670184122
2340.87497918 1.00832665711
2340.89541093 1.00404420716
2340.91584259 0.992054222254
2340.93627434 1.00070797931
2340.9567059 0.982414138023
2340.97713755 1.00178983169
2340.99756931 1.01039800173
2341.01800086 0.992127892302
2341.03843252 0.984515985569
2341.05886427 1.01031525501
2341.07929583 1.02262310049
2341.09972748 1.00149681377
2341.12015924 1.00523527108
2341.14059089 0.992067531462
2341.16102255 1.00188599144
2341.1814542 0.97726871408
2341.20188586 0.979117568841
2341.22231751 0.989065044426
2341.24274916 0.993917067639
2341.26318082 1.01343636923
2341.28361247 1.01188523951
2341.30404413 0.988487029497
2341.32447578 0.996083737149
2341.34490753 0.991762074214
2341.36533909 0.986917655595
2341.40620239 1.0039226102
2341.42663405 1.00566647098
2341.4470658 0.990826827703
2341.46749735 1.00013368171
2341.48792901 1.00716255938
2341.50836076 0.996278128154
2341.52879231 0.996896017374
2341.54922396 1.01446312807
2341.56965572 1.03317201535
2341.59008727 1.01568485207
2341.61051892 0.992113372089
2341.63095067 1.00512466941
2341.65138223 0.985823613491
2341.67181398 0.961267867153
2341.69224563 0.990517699017
2341.71267728 1.0144332053
2341.73310893 1.00529868244
2341.75354058 1.0037595961
2341.77397224 1.01216965567
2341.79440389 0.994797751606
2341.81483554 1.00373324765
2341.83526719 0.977684914907
2341.89656214 0.986943741854
2341.91699389 0.974867134533
2341.93742545 0.994029864338
2341.9578572 1.0149694612
2341.97828885 1.00950923942
2341.9987204 1.00687386898
2342.01915215 0.986817669015
2342.0395838 1.01608147574
2342.06001535 1.02114240127
2342.0804471 0.969702965599
2342.10087875 0.994441998017
2342.1213103 0.989389373262
2342.14174205 1.01550451482
2342.1621737 1.01009217102
2342.18260535 1.01451462606
2342.203037 0.995335689354
2342.22346865 1.0001377229
2342.2439003 1.04450360285
2342.26433195 0.980958572603
2342.2847636 0.996100589101
2342.30519525 1.01793255931
2342.3256269 0.997405509226
2342.34605854 0.99500224398
2342.36649029 1.03234473126
2342.38692184 0.999771327141
2342.40735349 1.03537941799
2342.42778524 1.00034997571
2342.44821679 1.01195532034
2342.46864854 1.00277135914
2342.48908019 0.971856372116
2342.50951173 1.02126347403
2342.52994348 1.01304010458
2342.55037513 0.996323940086
2342.57080668 0.994009879225
2342.59123843 0.985898308907
2342.61167008 0.990809115675
2342.63210162 0.9954044567
2342.65253337 0.998412467888
2342.67296502 0.992842657914
2342.69339677 1.02537426415
2342.71382831 1.00574292253
2342.73425996 1.01854562147
2342.75469171 1.00506594818
2342.77512326 1.00563054038
2342.7955549 1.01931234817
2342.81598655 1.00099221184
2342.8364183 0.985547179959
2342.85684985 1.03538472932
2342.87728159 1.00943368597
2342.89771314 0.980290322971
2342.91814489 0.999538292534
2342.93857653 1.00005337611
2342.95900808 1.03886493
2342.97943983 0.994937040044
2342.99987147 1.02145275844
2343.02030302 1.01630174818
2343.04073477 1.01518425023
2343.06116641 0.986926628027
2343.08159796 0.98945416479
2343.1020297 0.992368175865
2343.12246135 0.987080511216
2343.1428929 1.02540412678
2343.16332464 1.01269373725
2343.18375629 0.992694358874
2343.20418803 1.00232601595
2343.22461958 0.988022840296
2343.24505122 0.983745634587
2343.26548297 0.986319782705
2343.28591452 0.984367059436
2343.30634616 1.00444564785
2343.32677791 1.00225833576
2343.34720955 1.00686194298
2343.3676411 0.984680384815
2343.38807284 1.00578324802
2343.40850449 1.00149531206
2343.42893613 1.01338686159
2343.44936778 0.999452475926
2343.46979942 1.01328378542
2343.49023117 0.99126613245
2343.51066271 1.00830841902
2343.53109435 0.989160489112
2343.551526 0.975132436754
2343.57195764 0.986423036326
2343.59238929 0.98047884282
2343.69454751 1.01703074803
2343.71497925 1.00375998496
2343.75584244 0.998048536492
2343.77627418 0.995885128369
2343.79670573 0.997837589111
2343.83756911 0.975710215275
2343.85800076 0.977993238766
2343.8784323 1.00210706988
2343.89886404 1.00126160384
2343.91929569 1.0040293867
2343.93972733 0.995321502112
2343.96015897 0.986315154212
2343.98059062 0.995361753592
2344.0214539 0.98822594981
2344.04188554 1.00120721495
2344.08274883 0.999981554802
2344.10318047 0.976796500074
2344.12361221 1.01710331289
2344.14404376 1.01084984515
2344.1644755 1.00298305217
2344.18490714 1.02463342481
2344.20533868 0.982899199981
2344.22577043 1.01315711345
2344.24620207 1.00476798177
2344.26663361 0.983142434007
2344.28706535 1.01656650535
2344.30749689 1.00853930266
2344.36879182 1.03754093032
2344.38922356 1.00262350553
2344.4096552 0.997951529105
2344.43008684 1.01753199535
2344.45051849 1.03555049353
2344.47095013 0.989825908401
2344.49138177 1.01061811645
2344.51181341 1.01152465689
2344.53224505 0.956333152701
2344.55267669 1.01663547228
2344.57310843 0.968873795689
2344.59353997 0.986175270894
2344.61397161 0.960541327875
2344.63440336 0.97509408463
2344.6548349 0.980016364385
2344.67526664 0.99070306643
2344.69569828 0.995105570644
2344.71612982 0.963858107465
2344.73656156 0.976225825889
2344.7569932 1.00432509955
2344.77742474 0.991896166354
2344.81828812 0.997955757093
2344.83871976 1.00819228476
2344.8591514 1.02732385547
2344.87958304 1.01047383333
2344.90001478 0.990442007873
2344.92044632 1.00768335822
2344.94087796 0.993389914489
2344.9613096 1.01993984323
2344.98174124 0.989236163059
2345.00217288 0.976926244349
2345.08389954 1.01873462956
2345.10433108 1.01635597806
2345.12476282 1.01665248274
2345.14519446 1.00742490875
2345.165626 0.999986169565
2345.18605774 1.01495799134
2345.20648938 1.00252601337
2345.22692092 1.0365238714
2345.24735266 1.01670148241
2345.26778429 1.01547109375
2345.28821583 1.04017976419
2345.30864757 1.02648607635
2345.32907921 0.99952247072
2345.34951095 1.003039128
2345.36994249 0.997040166847
2345.39037413 1.0055871507
2345.41080587 1.01942519194
2345.43123741 0.993811551228
2345.45166904 0.99381103079
2345.47210078 0.99336751273
2345.49253242 1.02010280914
2345.51296396 1.00184671138
2345.5333957 1.00800947248
2345.55382734 0.994792653315
2345.57425897 1.03308422451
2345.59469061 1.0069517315
2345.61512225 0.98335630726
2345.63555389 0.981668496562
2345.65598553 1.00091517365
2345.67641717 0.984476702441
2345.6968488 0.974153870916
2345.71728044 0.947157529021
2345.73771208 0.947460364647
2345.75814372 0.925281032592
2345.79900689 1.01181352323
2345.81943863 1.01331072657
2345.83987027 0.983514274856
2345.86030201 1.02452032241
2345.88073354 1.03045925286
2345.90116518 1.02543124242
2345.92159692 1.02014975546
2345.94202846 1.01716704825
2345.96246009 0.981757557308
2345.98289183 0.998321540851
2346.00332337 1.02207237708
2346.04418674 0.989135004478
2346.06461838 1.00378757424
2346.08505002 0.990939491858
2346.10548165 0.980129077238
2346.12591329 1.00662208617
2346.14634493 0.983635032123
2346.16677656 0.998639854538
2346.1872082 1.02166669107
2346.20763994 0.977829184119
2346.22807148 1.00751448266
2346.24850311 0.983197702
2346.28936639 1.02581612057
2346.30979812 0.989974974855
2346.33022976 0.982978885538
2346.37109303 1.00447016643
2346.39152467 1.02311817163
2346.4119562 0.998287433512
2346.43238794 1.00179200748
2346.45281948 0.977936180206
2346.47325111 0.997683359018
2346.49368285 0.951674459625
2346.53454612 0.998502600338
2346.55497776 1.00313829844
2346.57540939 1.02694108647
2346.59584103 0.998772690367
2346.61627267 1.01078200653
2346.6367043 0.992308129434
2346.65713594 0.986948504258
2346.67756757 0.99734627168
2346.69799921 1.02870852044
2346.82058912 1.00311322942
2346.84102076 1.01614150439
2346.8614523 1.01522197965
2346.88188403 0.995630203928
2346.90231567 0.985181482382
2347.00447384 1.0300451151
2347.02490548 1.03152614394
2347.04533711 0.998407271838
2347.06576875 1.04549735903
2347.08620038 0.994136377243
2347.10663212 1.00913943127
2347.12706365 1.04293101861
2347.14749529 0.958787701115
2347.18835856 0.980176677853
2347.20879029 1.00676193552
2347.22922183 0.974487756354
2347.2700852 0.997855612851
2347.29051683 1.01142195867
2347.31094837 0.989746544645
2347.3313801 0.972043990669
2347.35181174 0.989938987756
2347.37224327 1.0188092627
2347.39267501 0.994648510718
2347.41310664 1.00782244729
2347.43353838 0.991510082132
2347.45396991 1.00353104965
2347.47440155 0.979762233611
2347.51526481 0.998822133928
2347.53569645 1.00584282683
2347.55612818 1.01386846041
2347.57655972 1.01160794702
2347.59699135 0.998606177391
2347.61742309 1.02021654648
2347.63785462 1.00152603708
2347.65828636 0.993448603625
2347.67871799 1.00876367679
2347.69914962 0.991564591946
2347.71958126 0.975972788875
2347.76044453 0.998341881363
2347.78087616 1.00076671817
2347.80130779 1.00453399532
2347.82173943 0.995891357706
2347.84217106 0.986775170571
2347.8626027 1.00038097845
2347.88303443 0.992859587735
2347.90346596 0.987619719395
2347.9238976 0.999502148696
2347.94432933 0.976607482638
2347.96476087 1.01461551755
2348.00562423 1.00279235385
2348.0464874 1.00850758805
2348.06691914 0.997713586575
2348.08735067 1.00637908857
2348.1077824 0.995350897413
2348.12821404 1.02981995324
2348.14864557 0.991967315394
2348.1690773 0.998281955848
2348.18950894 0.987299701578
2348.20994057 0.986810708541
2348.25080384 1.0076728111
2348.27123547 1.02321504836
2348.29166711 1.01997627666
2348.31209874 1.00296005359
2348.33253047 0.990602056316
2348.35296211 1.00184427219
2348.39382537 1.00399353147
2348.41425701 1.02183715132
2348.43468854 1.0208619798
2348.45512027 0.988944426333
2348.49598344 1.00764340173
2348.51641517 0.98070527374
2348.53684671 0.976867466386
2348.55727844 0.992350917329
2348.57771007 0.97279137358
2348.59814161 1.01051303303
2348.61857334 0.990261506755
2348.63900497 1.00128219328
2348.6594365 1.02575771498
2348.67986824 1.00155021196
2348.70029987 0.975078002087
2348.74116314 0.989831690601
2348.76159477 0.982524611517
2348.7820265 0.988330304945
2348.80245804 1.00408911639
2348.82288967 0.996212572566
2348.8433214 0.989288025457
2348.86375294 1.00711552816
2348.88418457 1.01450491033
2348.9046163 0.987941117251
2348.92504793 1.00062956156
2348.94547957 0.964516241683
2348.98634283 1.0499985469
2349.0272061 0.992481751317
2349.04763773 0.962537595124
2349.06806946 1.0192059226
2349.088501 0.988539848149
2349.10893263 1.0026140313
2349.12936436 1.05081751087
2349.1497959 1.00449490481
2349.17022763 1.04615177689
2349.25195406 1.03477014562
2349.27238569 0.991689056184
2349.29281743 0.998652750517
2349.31324896 0.996358397067
2349.33368059 1.00615397115
2349.35411232 1.01443438051
2349.37454386 0.998319227614
2349.39497559 0.98566828499
2349.41540722 0.969743254265
2349.49713375 1.00461424002
2349.51756538 0.991002683758
2349.53799702 1.01430652309
2349.55842865 0.997156690881
2349.57886038 1.01272510327
2349.59929191 0.995866025413
2349.61972365 0.99523366493
2349.64015528 0.976987945022
2349.66058681 0.999174936273
2349.68101854 0.997510023594
2349.74231344 1.00608098912
2349.76274508 0.995729689889
2349.78317681 1.00966883401
2349.80360834 0.998848223228
2349.82403997 0.99170394511
2349.84447171 0.998506291909
2349.88533487 0.996495329305
2349.9057665 1.00814562169
2349.92619814 1.00207513816
2349.94662977 0.974038078492
2349.9670614 1.03137235649
2349.98749303 1.0301243514
2350.00792476 1.00642953324
2350.0283563 0.980582646113
2350.04878793 1.02590475858
2350.06921966 0.996959717648
2350.08965129 1.01102907449
2350.11008283 1.01026260351
2350.13051456 0.994954622325
2350.15094619 0.976377096858
2350.23267282 1.00457545339
2350.25310435 1.00118181348
2350.29396772 1.00501611236
2350.33483088 0.991006705399
2350.35526262 0.997518914096
2350.37569415 1.00576437342
2350.39612588 0.99277415546
2350.47785241 0.983108904426
2350.49828394 1.01244497217
2350.53914731 1.00647610935
2350.55957894 0.988533217355
2350.58001057 1.00799115836
2350.60044221 1.00277861125
2350.64130547 1.00152204267
2350.6617371 0.976337568011
2350.68216874 1.0032718704
2350.70260037 1.00087820028
2350.723032 1.02172765686
2350.74346373 0.99320514384
2350.76389527 0.97772474774
2350.784327 0.991173465556
2350.80475863 0.993830010582
2350.82519016 1.02876270176
2350.88648506 0.986798043157
2350.90691679 0.981722504018
2350.94777996 1.00526262373
2350.96821169 0.994067089904
2350.98864332 0.96745923312
2351.00907506 0.98507421651
2351.02950659 1.00748665033
2351.04993822 0.990963545842
2351.07036995 0.979482593631
2351.09080149 0.961040162737
2351.11123312 1.03275711753
2351.13166485 1.01427385235
2351.15209638 0.959442919095
2351.19295975 1.03090275106
2351.21339138 0.991688878657
2351.23382302 1.00290926183
2351.25425465 1.00050383518
2351.27468618 1.00599627662
2351.29511791 1.0120911989
2351.31554955 0.996003633858
2351.33598118 0.99235943907
2351.35641281 0.991173708657
2351.37684444 1.02295255742
2351.47900261 1.03510861464
2351.49943424 0.993266354355
2351.51986597 1.00329783388
2351.54029751 0.976046579487
2351.56072914 1.00228964906
2351.58116087 0.982359330027
2351.7241822 0.99790666081
2351.74461394 0.994935783572
2351.76504557 1.0002579557
2351.7854773 1.00143909451
2351.80590884 1.01494758227
2351.82634047 1.02457949573
2351.8467722 0.999469313318
2351.86720383 1.03038022109
2351.88763537 0.999785539425
2351.9080671 1.01216652498
2351.92849873 1.02338260345
2351.94893027 0.994323141706
2351.98979363 1.00076382047
2352.01022527 0.990674649025
2352.0306569 0.990104358987
2352.05108843 0.989009411126
2352.07152017 1.01762225333
2352.0919518 0.979415699865
2352.11238333 0.997110359455
2352.19410997 1.00697703847
2352.2145416 1.01662158027
2352.23497333 1.01422651486
2352.25540487 0.975334759174
2352.2758365 0.994107203769
2352.3371314 0.981116281891
2352.35756313 1.02637545303
2352.37799477 0.996362886693
2352.41885803 0.986161492559
2352.43928967 0.982918948614
2352.4597213 1.02439082348
2352.48015294 0.980786852474
2352.50058457 0.999337618761
2352.5210162 0.983348048837
2352.54144784 1.02138514595
2352.56187957 1.00826336181
2352.5823112 0.986187860777
2352.60274274 1.00147218043
2352.62317447 0.974750146989
2352.66403764 1.01680445325
2352.68446937 0.980025628445
2352.70490091 1.00269059799
2352.72533264 0.980683322247
2352.74576428 0.970624038768
2352.76619581 0.981875571509
2352.80705918 0.957241237726
2352.82749071 1.00126309525
2352.95008072 0.996694434894
2352.97051225 0.998995860389
2352.99094389 1.02602793915
2353.01137562 0.999309593619
2353.03180715 0.999727107188
2353.05223879 0.991798455746
2353.07267052 1.01139592137
2353.09310216 1.02190617409
2353.11353379 1.00148281121
2353.13396543 1.01588925996
2353.15439706 1.03451030955
2353.1748287 0.989938925578
2353.19526033 1.005432247
2353.21569197 1.01820886549
2353.2361237 0.995498803898
2353.25655524 1.02342728845
2353.27698687 1.00277165856
2353.2974186 1.01899529872
2353.31785014 0.984414015369
2353.33828187 0.985566360789
2353.35871351 0.987736024893
2353.39957678 1.00654888992
2353.42000831 1.02438837879
2353.44043995 0.987810656706
2353.46087168 0.985172771177
2353.48130322 0.970702036583
2353.50173495 0.996558841763
2353.52216659 1.00260204918
2353.70605131 0.989545775133
2353.72648304 0.999755842305
2353.74691468 0.998829567567
2353.76734621 1.01679057857
2353.78777795 1.00183931129
2353.80820959 1.00961080984
2353.82864112 0.990209654374
2353.84907286 1.01465609244
2353.86950449 0.99662477149
2353.95123114 1.02737443004
2353.97166267 0.999121176294
2353.99209431 1.01597325393
2354.01252604 1.00778873058
2354.03295758 0.979208168307
2354.05338932 0.95205474598
2354.07382085 1.0280033152
2354.09425249 0.986620512398
2354.1555474 1.00845844273
2354.17597913 1.02494955307
2354.19641067 1.00560507371
2354.21684231 0.972561067011
2354.25770568 1.00080017198
2354.27813732 1.00098902789
2354.29856895 1.00161362881
2354.31900059 0.996909428919
2354.33943223 1.01242268701
2354.3802955 0.990540093643
2354.40072724 0.997316392011
2354.42115877 1.02043823837
2354.44159051 0.977860550305
2354.46202215 1.03157350047
2354.48245368 1.00464223845
2354.50288542 0.987138727937
2354.52331706 0.996972931067
2354.5437486 1.03856215462
2354.56418033 0.987541961887
2354.58461197 0.958351303888
2354.60504371 1.00987726537
2354.62547524 0.981344817878
2354.64590688 0.969087299698
2354.70720179 0.996089562
2354.72763343 0.98832800566
2354.74806507 1.01119059832
2354.76849671 0.966886372707
2354.78892834 0.977807936555
2354.80935998 0.966281363296
2354.82979172 0.983010695948
2354.8706549 1.00402334478
2354.89108663 1.02683661835
2354.91151817 1.01758997452
2354.93194981 0.991966812798
2354.95238155 1.00230270209
2354.97281319 0.987488437542
2354.99324482 0.996762019619
2355.01367646 0.966043517651
2355.0341081 1.00961048906
2355.05453984 0.974890705249
2355.13626629 0.988520967966
2355.15669803 1.03010617393
2355.17712967 1.03805110313
2355.25885613 0.987129848015
2355.27928786 0.997797926049
2355.2997195 1.01392649992
2355.38144616 1.01519830734
2355.4018777 1.02529875762
2355.42230934 0.989062403246
2355.44274098 1.02802082861
2355.46317262 0.983767267881
2355.48360426 1.00343974546
2355.5040359 1.01278349272
2355.64705737 0.993241081242
2355.66748911 1.01602918608
2355.68792075 1.0432235256
2355.70835239 1.03132070565
2355.72878403 0.976864269395
2355.74921567 1.00390127136
2355.76964741 1.01115427611
2355.79007895 1.00365562999
2355.87180552 1.01607309874
2355.89223726 1.01130067514
2355.9126688 1.0089742288
2355.93310054 1.00009638311
2355.95353218 0.998347881834
2355.97396372 0.997345573151
2355.99439546 1.00385665524
2356.0148271 0.999169691024
2356.03525874 1.00923115432
2356.05569038 1.0216116648
2356.07612202 1.01961529392
2356.09655367 0.999261090776
2356.11698531 1.0229019527
2356.13741695 1.00052395018
2356.15784859 0.975234996821
2356.17828023 1.02089139612
2356.19871187 1.01723189311
2356.21914351 0.97509381794
2356.23957516 0.979215890977
2356.2600069 0.989927782167
2356.28043854 1.00173754919
2356.30087008 1.01825475113
2356.34173347 0.976893834832
2356.36216501 0.998039110715
2356.38259675 1.01674068525
2356.40302839 0.996870902653
2356.42345993 0.995415671545
2356.44389168 0.996389750141
2356.46432332 0.988388297296
2356.48475506 0.987759267603
2356.5051866 0.999070680379
2356.52561825 0.984936772157
2356.54604999 1.01320805337
2356.58691317 0.990908615361
2356.60734492 0.997130051061
2356.62777646 0.990536003513
2356.6482082 0.992112656866
2356.66863985 0.972856936453
2356.68907139 1.03404175694
2356.70950313 0.996236241592
2356.72993477 1.00379662627
2356.75036642 1.0020394727
2356.77079806 1.02627607845
2356.7912297 1.01266835436
2356.83209299 1.00461190416
2356.85252464 1.00161764802
2356.87295628 0.992013782535
2356.89338792 1.0175198088
2356.91381957 0.980248604183
2356.93425131 1.0315528858
2356.95468285 1.00456314566
2356.9751145 0.959186762963
2356.99554624 0.963953913879
2357.01597779 0.955499690736
2357.03640953 0.976851331702
2357.07727272 0.984688514262
2357.09770446 1.00324444724
2357.11813611 0.990868982103
2357.13856765 0.992146124557
2357.1589994 1.01059374454
2357.17943104 0.991962827328
2357.19986279 0.987634109495
2357.22029433 1.0005349346
2357.24072598 1.00094995844
2357.26115772 1.03056895482
2357.28158927 0.988505791653
2357.32245266 0.987884104601
2357.3428842 1.00114255273
2357.36331595 1.02681066886
2357.38374759 1.00507639273
2357.40417924 0.9840032195
2357.42461089 1.01258831263
2357.44504253 0.98338177367
2357.46547418 1.01096140723
2357.48590582 1.01427549187
2357.50633747 0.977865095915
2357.52676901 0.953819097708
2357.58806405 0.97198098304
2357.6084957 0.988343415962
2357.62892735 1.01554358246
2357.64935909 1.02374525328
2357.66979064 1.01010150772
2357.69022229 1.0041223127
2357.83324391 1.01639650463
2357.85367546 0.985531896753
2357.87410721 0.987532896631
2357.89453886 1.00100189419
2357.9149706 1.02567135935
2357.93540215 1.01998727631
2357.9558338 1.0042787765
2357.97626555 0.959206587489
2357.99669709 0.99152725509
2358.01712874 0.987572159701
2358.05799214 1.0031135154
2358.07842379 1.01757300643
2358.09885543 1.01447968603
2358.11928708 0.979011998095
2358.13971873 0.996653023611
2358.26230862 0.973679980086
2358.30317202 1.00693362418
2358.32360357 0.992278589095
2358.34403522 0.964478543792
2358.36446697 1.00607261083
2358.38489852 1.00462760041
2358.40533017 0.996293694656
2358.42576192 1.03847941268
2358.44619347 1.01277321954
2358.46662522 0.997936063761
2358.48705687 1.02689980368
2358.50748842 0.977704514396
2358.54835182 0.988255449433
2358.56878337 1.0005039635
2358.58921512 0.991390085306
2358.60964677 0.991795750846
2358.63007852 1.00666033117
2358.65051007 1.00165528568
2358.67094172 0.984253717954
2358.69137347 1.02832224803
2358.71180512 1.00328303315
2358.73223667 0.979072649729
2358.75266842 1.00584621028
2358.79353162 0.971397103153
2358.81396338 0.977823435833
2358.83439493 1.00163048886
2358.85482668 0.993623504721
2358.87525833 0.994167025147
2358.89568988 1.02494249501
2358.91612163 0.990755617902
2358.93655329 0.998205702508
2358.95698484 0.991382276132
2358.97741659 1.0073583747
2359.0591432 1.03556332975
2359.07957495 1.00010419662
2359.1000065 0.99340793341
2359.12043816 0.973555070265
2359.14086991 1.03158587045
2359.16130146 0.99342592014
2359.18173321 1.01577750864
2359.20216487 0.989428758314
2359.22259642 0.977265936107
2359.24302817 1.0094210056
2359.28389148 1.00981495009
2359.30432313 0.989618734337
2359.32475479 1.02343999245
2359.36561809 1.00337251922
2359.38604975 1.01989795294
2359.4064815 0.988735206735
2359.42691316 0.994181108218
2359.59036639 1.00859456393
2359.61079795 1.0211841266
2359.6312297 1.04041443772
2359.65166136 0.995732366869
2359.67209291 0.997186070603
2359.69252467 0.982318950753
2359.71295632 0.992362669493
2359.73338808 1.00060515782
2359.75381963 1.00578369843
2359.77425129 0.984336053051
2359.79468305 1.00983379427
2359.8151146 0.99576190454
2359.83554626 1.00287198514
2359.85597801 1.00308592271
2359.87640957 1.01330114952
2359.89684133 0.99289666475
2359.91727298 1.00824886837
2359.93770464 0.999606154667
2359.97856795 1.01533343733
2360.01943127 1.02386748912
2360.10115789 1.00209876008
2360.12158965 1.01326057341
2360.14202131 1.00113119378
2360.16245287 0.992317711043
2360.18288463 0.996426496995
2360.20331618 0.983616542377
2360.22374784 0.993127078391
2360.26461116 1.02308667343
2360.28504292 0.989276590421
2360.30547457 1.00015000825
2360.32590613 1.03313813502
2360.34633789 1.01116810509
2360.36676955 1.00601067889
2360.38720111 1.03327225601
2360.40763287 0.987385529188
2360.42806453 0.997427570256
2360.44849629 1.00062106203
2360.46892784 1.00676958829
2360.50979126 0.986579043719
2360.53022282 1.03645090526
2360.55065448 1.00164637909
2360.57108624 0.983138554329
2360.5915179 0.994608104839
2360.61194956 1.00310854039
2360.63238122 0.977739843389
2360.65281288 0.99529581868
2360.67324454 1.01122545854
2360.6936762 0.97453568872
2360.71410786 1.02180046826
2360.73453962 1.00653709294
2360.75497119 1.00867440151
2360.77540285 0.9745640806
2360.79583451 1.01814482218
2360.81626617 1.0344891853
2360.83669793 0.998150604935
2360.85712959 1.00739472717
2360.87756115 0.970079543399
2360.89799291 0.954642694193
2360.91842447 0.991776475202
2361.04101445 0.997401691805
2361.06144621 0.996964792906
2361.08187787 1.00453182432
2361.10230953 1.01343618739
2361.1227412 1.0072924046
2361.14317286 1.04596326088
2361.24533118 0.998124575708
2361.26576284 0.99086849198
2361.2861946 1.02323561431
2361.30662627 1.02747410781
2361.32705793 0.989560052975
2361.3474896 0.952618421379
2361.36792126 1.00942658502
2361.38835292 0.975999348643
2361.57223791 1.0155080875
2361.59266957 1.02619668738
2361.61310134 1.02941434578
2361.6335329 0.99565217984
2361.65396457 1.02682021019
2361.67439634 0.991903958093
2361.77655467 0.993182729368
2361.79698633 0.98204712419
2361.817418 1.00741760158
2361.83784967 0.992465254611
2361.8787131 0.994121139626
2361.89914467 0.98218285223
2361.91957634 1.00890156412
2362.02173477 0.998857716496
2362.06259811 1.00018405612
2362.16475655 0.98084406774
2362.18518812 1.02507018824
2362.22605146 0.988288392455
2362.24648313 0.997884289713
2362.2669149 0.977804758436
2362.28734647 1.01573055626
2362.30777814 0.997435572753
2362.32820991 1.02555219415
2362.38950492 0.998363110463
2362.40993649 1.00868081677
2362.51209494 1.00179788085
2362.55295828 1.03178519028
2362.57338996 0.999379798611
2362.59382173 1.02181998646
2362.6142534 1.00226211616
2362.65511674 1.03587475217
2362.73684343 0.995563655917
2362.7572752 0.968679839398
2362.77770678 1.04299487136
2362.79813845 0.996001120089
2362.81857022 0.996711618242
2362.83900179 1.00432003445
2362.85943347 1.00909678176
2362.87986524 0.977082529191
2362.90029681 1.00693716028
2362.92072859 1.00573196529
2362.94116016 0.994542840528
2362.96159184 0.992132021269
2362.98202361 0.991749531104
2363.00245518 0.959260699572
2363.02288686 1.0313615207
2363.06375021 0.994603344501
2363.08418198 0.977074529513
2363.10461366 0.962197134234
2363.12504533 0.944497602788
2363.14547701 1.00228695626
2363.16590868 0.963880603225
2363.20677203 0.979825741947
2363.22720371 1.008092334
2363.24763548 1.00828984736
2363.26806706 1.00224304284
2363.28849873 1.01259816639
2363.30893051 1.01900733016
2363.32936219 1.00211704947
2363.34979376 1.01984670937
2363.37022554 0.987723860219
2363.39065722 0.990793836297
2363.47238402 1.00383911939
2363.4928156 0.97257920876
2363.51324728 1.02224671664
2363.53367906 0.990057517385
2363.57454231 0.990033311126
2363.59497399 0.991824812959
2363.61540567 0.997876192684
2363.63583745 1.02427074284
2363.65626903 1.01830972033
2363.6767007 1.00079075558
2363.69713248 1.00475844171
2363.71756406 0.993295492145
2363.73799574 1.00213905112
2363.75842752 1.02098679806
2363.7788592 0.991234038024
2363.81972256 0.986880316702
2363.84015424 1.0202364991
2363.86058592 0.980586482763
2363.8810176 1.00319568399
2363.96274442 0.987098642053
2363.9831761 1.03224421286
2364.00360768 1.02167592065
2364.02403946 1.00177469352
2364.04447114 1.03033230102
2364.06490272 1.00114850846
2364.08533451 0.984810062282
2364.10576619 0.985685532483
2364.12619797 1.00278362205
2364.14662955 0.985507349599
2364.16706123 0.999413635562
2364.18749292 1.0064456089
2364.2079246 0.999973807024
2364.22835628 0.990865055334
2364.24878796 1.02288825992
2364.26921965 0.973943061523
2364.28965143 1.01408737813
2364.33051469 0.986331327816
2364.35094648 1.00194946958
2364.37137806 1.00082275657
2364.39180974 0.988153293571
2364.43267311 1.00763870576
2364.4531048 1.00946151175
2364.47353658 1.03988379428
2364.49396826 1.00865284415
2364.53483163 0.980269124093
2364.55526332 1.01575535992
2364.575695 1.00183312048
2364.59612669 1.01890650422
2364.61655837 1.01891260972
2364.69828522 1.00504271693
2364.73914859 1.0291363591
2364.75958027 0.986973359196
2364.78001186 1.00702735387
2364.80044365 1.00316455362
2364.82087533 0.982342793404
2364.84130712 0.998033195797
2364.94346546 0.996021239605
2364.96389715 0.974301123357
2364.98432883 1.0022554744
2365.00476062 0.991075555067
2365.02519221 1.01769094597
2365.0456239 0.987807721687
2365.10691896 0.96183683089
2365.18864582 1.00126422382
2365.20907751 0.98891677931
2365.2295092 0.976363929133
2365.24994089 1.00164178309
2365.27037258 0.980540017077
2365.29080437 1.00208198945
2365.31123596 0.985901602208
2365.33166775 0.998027462725
2365.35209944 1.01275983325
2365.37253103 1.00893529102
2365.41339452 1.00863236044
2365.43382611 1.0002699599
2365.4542579 0.991952191308
2365.47468959 0.97719598645
2365.49512118 1.00308209933
2365.51555297 1.01164510091
2365.53598467 0.999403639426
2365.55641646 0.964987753609
2365.57684805 1.01426541147
2365.69943821 1.0188813451
2365.71987 0.985679447511
2365.7403016 1.02179591438
2365.76073329 0.984902879361
2365.78116508 0.99568970524
2365.80159678 1.00398965002
2365.82202837 0.999571839569
2365.84246017 1.00606058485
2365.86289186 0.980616559406
2365.88332356 1.00364397856
2365.90375525 1.00473598828
2365.92418695 0.988952726502
2366.00591383 1.00073492357
2366.02634543 0.967785181013
2366.04677722 0.983043790003
2366.06720892 0.966279828464
2366.08764052 0.936879451417
2366.10807231 0.994335379607
2366.14893561 0.976525856987
2366.1693674 0.995589608791
2366.1897991 1.00596325639
2366.2102308 0.975069212266
2366.2306625 0.981988127287
2366.25109419 1.00637650219
2366.27152589 0.985259627821
2366.29195759 1.00463779622
2366.31238929 1.01446564912
2366.33282099 0.979189634141
2366.39411608 1.0056466827
2366.41454778 1.00862653959
2366.43497958 0.99816378943
2366.45541118 1.00513881354
2366.47584288 1.00253963658
2366.49627468 1.01914887901
2366.51670638 1.0421703894
2366.53713808 0.992502820177
2366.55756978 1.00232083134
2366.57800148 1.00747141244
2366.59843328 1.00505638029
2366.61886488 0.986919403481
2366.63929658 1.00698781001
2366.65972838 1.0070812788
2366.68015999 1.04907484297
2366.70059179 0.99619888322
2366.72102349 0.981530689492
2366.74145509 1.00700610482
2366.76188689 1.00024609685
2366.78231859 0.98727608033
2366.8027502 0.968473935606
2366.823182 0.992479599026
2366.8436137 0.961540613504
2366.88447711 0.9817039741
2366.90490881 1.00456109349
2366.92534061 1.01846048131
2366.94577222 0.998165806346
2366.96620392 1.02830709472
2366.98663563 0.992785613709
2367.00706733 0.993890996053
2367.02749903 0.960506412872
2367.04793074 0.993807539706
2367.06836244 0.968276033633
2367.15008936 1.01349625062
2367.17052107 0.981931479764
2367.19095267 1.02995444185
2367.21138448 1.02463732987
2367.23181619 1.01637048142
2367.25224789 1.01783018997
2367.2726796 0.984601042971
2367.29311131 0.982577959016
2367.31354311 1.001633542
2367.33397472 1.04092504027
2367.39526984 1.01690552065
2367.41570165 0.999977027737
2367.43613336 1.02250074204
2367.45656496 1.00692306179
2367.47699677 0.985865334816
2367.49742848 1.03069373273
2367.51786009 0.985073648183
2367.5382919 1.02871255441
2367.55872361 1.01345171635
2367.57915532 0.997915792374
2367.59958702 1.00919308655
2367.62001873 1.01162228872
2367.64045044 1.01673049715
2367.66088215 1.01379669671
2367.68131386 0.997999083692
2367.70174557 0.997798979064
2367.74260909 0.996530919311
2367.7630407 0.994054217448
2367.78347242 0.993072581076
2367.80390423 0.985749576245
2367.88563107 1.02430959752
2367.90606278 1.00914013937
2367.9264945 1.00306211541
2367.94692621 0.997909724878
2367.96735802 1.00116634363
2367.98778963 0.98848504862
2368.00822135 1.01598116368
2368.02865316 1.01746494745
2368.04908477 1.00712426016
2368.06951659 1.00962223498
2368.0899483 0.972020750984
2368.11037991 1.00886925075
2368.13081173 0.9988259411
2368.15124344 1.0087775168
2368.17167506 1.00187882832
2368.19210687 0.975468644113
2368.21253858 0.995856689265
2368.2329703 1.01137612747
2368.25340201 0.994404811903
2368.29426544 0.970234578501
2368.31469716 0.994851852135
2368.35556059 0.981989815955
2368.37599231 1.01370297444
2368.39642412 0.999875496002
2368.41685574 1.01832764911
2368.43728746 0.990315138961
2368.45771927 1.0099432647
2368.47815099 0.976676256373
2368.49858261 1.03268764908
2368.51901443 0.977855683259
2368.53944614 0.995683854027
2368.55987776 0.961227799226
2368.6007413 1.00263890048
2368.62117312 1.01323888173
2368.70289989 0.985551452734
2368.72333161 0.994316323135
2368.74376343 0.98430465134
2368.76419505 0.965084454227
2368.78462687 1.00338821005
2368.86635375 0.998354353078
2368.88678537 1.02122549243
2368.90721719 0.969409382547
2368.92764892 0.996268869207
2368.94808074 0.997801077413
2368.96851236 1.01420611925
2368.98894408 1.03049141474
2369.0093758 1.00686132595
2369.05023925 1.01251639898
2369.07067097 1.01343220931
2369.09110269 1.00031040733
2369.11153452 1.03535966515
2369.13196614 0.967608648324
2369.15239786 1.00322132204
2369.17282969 0.973426720809
2369.19326141 1.02353943011
2369.21369303 0.994348513369
2369.23412486 0.990370153525
2369.25455658 0.980447622464
2369.27498831 0.998307807844
2369.29542003 0.977300262457
2369.35671521 1.00272245094
2369.37714693 0.989529001186
2369.41801038 0.98425961128
2369.43844221 1.01609746223
2369.45887394 1.00329968496
2369.47930556 1.00135769573
2369.49973739 1.0023316767
2369.52016912 0.990697045662
2369.54060074 1.017518231
2369.5814643 0.98305734127
2369.60189603 1.0079634085
2369.62232775 0.971103743493
2369.64275948 0.980683319285
2369.66319121 0.998781337688
2369.68362294 0.996409225476
2369.70405467 0.993086763437
2369.7244864 1.01191582343
2369.74491812 1.00687717161
2369.76534995 0.963708320568
2369.78578158 1.0023889152
2369.82664514 0.999896487172
2369.84707687 1.01492583532
2369.8675085 1.02980697086
2369.88794033 0.999292195249
2369.90837206 1.00768825961
2369.9288038 1.03078860087
2369.94923553 0.973178164823
2369.96966726 0.972517716053
2369.99009909 0.976353148673
2370.01053072 1.01017458178
2370.09225765 1.00247183652
2370.11268948 0.973032911122
2370.13312112 1.03801391967
2370.15355295 0.983350588326
2370.17398468 1.01813977122
2370.19441632 1.02151690713
2370.21484815 0.9831158091
2370.23527988 1.01021727978
2370.25571162 0.994474056196
2370.27614335 1.00864961916
2370.29657509 1.00012170536
2370.31700692 1.02840572202
2370.33743856 1.03694873442
2370.35787029 1.01259085736
2370.37830203 0.97897893425
2370.39873376 1.02805501586
2370.4191655 1.00227255165
2370.43959723 0.980179703409
2370.46002897 0.969074257636
2370.48046081 0.988925793608
2370.50089254 1.01067210775
2370.52132418 0.969295194401
2370.56218775 1.01728459299
2370.58261939 1.0054218195
2370.60305123 0.999519206986
2370.62348297 0.982735444798
2370.66434644 1.00374053173
2370.68477818 1.02874422586
2370.70521002 1.01312837931
2370.72564166 0.991114397568
2370.7460734 1.00632455821
2370.76650524 0.982753517895
2370.80736872 0.985814708051
2370.82780046 0.976929136857
2370.8482321 0.992733785981
2370.86866394 1.01215064046
2370.88909568 0.988748490711
2370.90952732 1.01906180021
2370.92995916 1.01627115495
2370.9503909 1.00045300899
2370.97082264 0.986189129505
2370.99125438 1.0053507875
2371.01168613 0.994113802942
2371.05254961 0.985598024992
2371.07298135 0.974861224059
2371.0934131 1.00512941013
2371.17514007 0.978691944523
2371.19557191 1.0124435794
2371.21600366 1.00792631307
2371.2364353 1.0176488212
2371.25686715 0.978458218063
2371.29773074 1.0074555215
2371.31816238 0.986230125312
2371.33859413 1.0215079081
2371.35902597 0.984915654494
2371.37945762 1.00410772341
2371.39988936 0.954707342849
2371.42032121 0.986030822124
2371.4611847 0.996665433008
2371.48161645 1.02156783018
2371.52247992 0.985729158043
2371.54291166 1.01495917161
2371.56334331 0.991301107246
2371.58377516 1.01216142199
2371.60420691 0.966817872553
2371.62463876 0.996869890731
2371.64507041 1.0059157551
2371.66550215 0.981126082815
2371.685934 1.00586233397
2371.70636565 1.00190098562
2371.7267974 0.95947039096
2371.82895625 1.02801161211
2371.849388 1.02793872284
2371.86981975 1.00466203567
2371.8902515 1.00103391274
2371.91068336 1.02595691531
2371.93111501 0.973023843805
2371.95154676 0.967992362298
2371.97197861 0.957343095535
2371.99241026 0.9744229369
2372.03327387 1.00047295603
2372.05370552 1.03527410665
2372.07413738 0.99767491214
2372.11500078 0.978006395262
2372.13543264 1.02199814731
2372.15586429 0.958018396067
2372.17629614 0.993751238625
2372.1967279 0.989769982039
2372.21715955 0.995890803004
2372.23759141 0.987886629195
2372.27845492 0.993227595386
2372.29888668 0.971344582611
2372.31931843 0.973811039099
2372.33975029 1.01018644248
2372.36018194 1.0000569284
2372.3806137 1.02034107943
2372.40104556 1.0038362586
2372.42147731 1.00387211737
2372.44190897 1.01096614889
2372.46234083 1.01472556998
2372.48277259 1.01312349503
2372.50320434 1.04717609785
2372.5236361 0.990909321911
2372.54406786 0.985198255282
2372.56449962 0.995203329855
2372.58493138 0.992871197814
2372.60536314 1.02097418897
2372.625795 1.01634817647
2372.64622666 1.01532492959
2372.66665852 1.01826107314
2372.68709018 0.986714631762
2372.8301126 1.00338705181
2372.85054436 1.00526936281
2372.87097603 0.980791825221
2372.89140789 1.01794671802
2372.91183965 0.984198881249
2372.93227131 1.00419149912
2372.95270318 1.03323842687
2372.97313494 0.976106331261
2372.9935668 1.0175876205
2373.01399847 1.0067034883
2373.03443023 0.993473818866
2373.05486209 1.00599240825
2373.07529386 0.998070625553
2373.09572552 0.999828900327
2373.13658915 0.996894604849
2373.15702092 0.985146306799
2373.32047515 1.0173052631
2373.34090682 0.989273217219
2373.36133858 0.966743880801
2373.40220212 0.964889869503
2373.46349742 1.01391789956
2373.48392929 1.00955221864
2373.50436106 0.998173351883
2373.52479273 1.01461107619
2373.5452246 1.04480032928
2373.56565637 0.993129580556
2373.58608804 0.997156463851
2373.60651991 1.02585542459
2373.62695168 0.988200779275
2373.64738355 1.00160876745
2373.66781523 1.01052120391
2373.688247 1.03203378338
2373.70867887 0.982641152823
2373.72911054 0.998549369642
2373.74954231 0.991047832835
2373.79040596 1.00068873474
2373.81083763 1.00758606935
2373.8312695 1.0040025824
2373.9129966 0.999070762574
2374.01515547 0.988645984616
2374.03558735 0.969760090878
2374.05601902 1.022061121
2374.0764508 1.01938546033
2374.09688267 1.02026915009
2374.11731435 0.993625886073
2374.13774613 0.979749940814
2374.30120045 0.991454955998
2374.32163223 0.976453986255
2374.34206401 0.99415769329
2374.36249589 1.02033181281
2374.38292757 1.01204225537
2374.40335935 1.02487826807
2374.42379123 1.02119245507
2374.44422301 0.995784052928
2374.46465469 0.989877818505
2374.48508657 1.00717650674
2374.50551835 0.997565444125
2374.52595013 0.998034997049
2374.54638191 1.0052749021
2374.56681369 1.00780659937
2374.58724558 1.01023852418
2374.60767726 1.0211275264
2374.62810904 0.969289749561
2374.64854092 0.959081821627
2374.66897261 0.993672511306
2374.68940449 0.979187780889
2374.73026796 0.982862746972
2374.75069984 1.01211962051
2374.77113152 1.00335630758
2374.79156331 0.961477856106
2374.81199519 0.975430649607
2374.83242688 1.00915781234
2374.85285876 0.999370951623
2374.87329055 1.04234790856
2374.93458591 0.968633016223
2374.97544948 0.996211968684
2374.99588127 1.00615959742
2375.01631316 1.00025878341
2375.03674484 0.992798705594
2375.05717663 0.972503378991
2375.07760852 1.00542995803
2375.09804031 0.975752636352
2375.1184721 0.990526703517
2375.13890388 0.980438108765
2375.15933567 0.982267991214
2375.26149462 0.9991851537
2375.28192651 0.980341980245
2375.3023583 1.0327828617
2375.32278999 1.02214030757
2375.34322189 0.99706965116
2375.36365358 0.999778754672
2375.38408537 1.00944518344
2375.40451726 0.997606548791
2375.42494905 1.02525309449
2375.44538085 0.992572128052
2375.46581264 1.00002466997
2375.48624433 1.00812849897
2375.50667623 0.999358387617
2375.52710802 0.975392229844
2375.54753971 0.972377153732
2375.56797161 1.00160155263
2375.5884034 0.994375184763
2375.6088353 0.988527969949
2375.62926699 1.00351499802
2375.75185777 0.991994833364
2375.77228966 1.01384376766
2375.79272146 1.01074862854
2375.81315326 0.996951077442
2375.83358505 1.04498422692
2375.87444865 1.01427955873
2375.89488055 1.01155203376
2375.91531225 1.03348130999
2375.95617594 1.04831509407
2375.97660764 0.976838574877
2375.99703954 1.03510792879
2376.01747134 0.990871716298
2376.03790304 0.987601019542
2376.05833494 1.00135963873
2376.07876664 0.97036417837
2376.09919844 1.00415643807
2376.11963034 1.00766446522
2376.14006205 0.977659446482
2376.22178935 1.0031762236
2376.24222116 1.04137945038
2376.26265286 1.01542964243
2376.28308476 1.03868074989
2376.30351657 0.988497662694
2376.32394847 0.983677891344
2376.34438017 1.02978419219
2376.36481198 0.990426380667
2376.38524388 0.998383320802
2376.40567559 0.944893638624
2376.4465393 0.977230974965
2376.4669711 0.999361962744
2376.48740291 1.00239994028
2376.50783471 1.02083375824
2376.52826652 1.01187813516
2376.58956194 0.981741733451
2376.60999385 1.01022951489
2376.63042556 0.961288005324
2376.71215289 0.976862447018
2376.7325846 1.00674554322
2376.75301641 0.973637276647
2376.77344832 1.0036269343
2376.79388003 1.04326474923
2376.85517546 1.03494418251
2376.9369028 1.01156831746
2376.95733461 0.995917340745
2376.97776653 0.998328470829
2376.99819824 1.038873371
2377.01863005 0.982725470633
2377.03906197 0.997628482757
2377.05949368 0.973294684928
2377.07992549 1.00951536132
2377.10035741 0.998343573432
2377.12078922 0.995628720896
2377.20251648 1.0505251204
2377.22294829 1.00425817795
2377.24338011 1.00539235572
2377.26381203 1.02737330992
2377.28424374 1.00839783316
2377.30467566 1.03195518524
2377.32510748 1.03532549666
2377.44769828 1.02909783074
2377.4681302 0.955836999725
2377.48856202 0.982163014849
2377.50899374 0.951854511597
2377.52942566 0.976518976221
2377.54985748 1.00761235164
2377.63158486 0.993559115141
2377.6724484 0.987556654726
2377.69288032 0.978431098074
2377.71331205 0.980196274618
2377.73374387 0.999501823891
2377.75417579 0.994889845785
2377.77460761 0.993007978656
2377.79503944 1.00772832553
2377.81547126 0.983436854041
2377.83590308 1.01576620589
2377.95849413 1.02143435764
2377.97892596 0.988230480547
2377.99935768 1.02314858248
2378.01978961 1.02498308991
2378.04022144 0.987928466668
2378.06065316 1.02979147579
2378.12194874 0.982771855498
2378.14238057 0.993742019951
2378.1628123 1.03636646479
2378.18324423 1.01989354655
2378.20367606 0.994682707658
2378.22410779 0.981085084529
2378.24453971 0.999906746066
2378.26497154 0.990087443353
2378.28540347 1.0033544819
2378.3058352 0.941111237354
2378.32626703 1.02733479969
2378.34669897 1.0171776041
2378.3671307 0.949092246414
2378.40799446 0.969608523747
2378.42842619 0.989655002249
2378.44885812 1.01430857384
2378.46928995 0.985434225532
2378.48972179 0.975866996959
2378.51015362 0.981179754149
2378.53058545 1.00871659907
2378.55101729 0.989101644061
2378.57144912 0.979257481454
2378.59188095 0.999570355639
2378.61231289 0.960410006404
2378.65317646 1.02050769222
2378.67360839 0.984163393482
2378.69404023 0.98923691071
2378.71447196 1.00407021508
2378.7349039 1.03597167861
2378.75533564 1.00608120856
2378.77576757 0.973837168339
2378.79619941 1.03040366782
2378.81663115 0.977237399764
2378.83706308 1.00756144237
2378.85749492 0.959577132748
2378.8983586 1.00341598197
2378.91879044 0.990367774321
2378.93922238 0.988432770386
2378.95965412 1.00208623405
2378.98008595 1.02452624213
2379.00051789 0.997955032562
2379.02094963 1.010107233
2379.16397262 1.01084079454
2379.18440447 1.03887742866
2379.20483631 0.992380511474
2379.22526815 1.02292880953
2379.24569999 1.03276258659
2379.26613194 0.99180233897
2379.28656378 0.999004847561
2379.30699553 1.00110907592
2379.32742747 0.983628368604
2379.40915485 1.01850895822
2379.4295866 1.04898204477
2379.45001854 1.00727834905
2379.47045029 0.999227477103
2379.49088223 0.973317104284
2379.51131408 0.976908300701
2379.53174583 0.958750537888
2379.55217778 0.980971101851
2379.57260962 0.981115296099
2379.59304137 1.01759867052
2379.63390517 1.01432829447
2379.71563267 1.002745959
2379.73606442 1.00685681831
2379.75649627 0.987715997597
2379.77692822 1.00905183992
2379.83822377 1.00462020211
2379.87908748 1.00349025055
2379.89951933 0.991605687011
2379.91995118 1.00240587968
2379.94038314 0.985692615269
2379.96081489 0.991268142607
2379.98124684 1.01190130545
2380.0016787 0.98116331019
2380.02211045 0.972101261102
2380.04254241 0.983522392385
2380.06297426 1.01670174022
2380.08340602 0.951775071512
2380.14470168 0.972320950351
2380.16513354 0.990127151881
2380.1855653 1.01004195121
2380.20599725 0.993048893954
2380.22642911 0.980053350803
2380.24686087 1.02028927207
2380.26729283 0.997069676792
2380.28772468 0.9846279964
2380.30815664 0.97882837821
2380.36945222 1.01802536615
2380.38988398 1.01193698293
2380.41031584 1.03501225476
2380.4307478 1.00464827435
2380.45117956 1.01092702479
2380.47161152 1.02200602776
2380.49204338 1.00372504664
2380.51247524 0.983702198689
2380.53290711 0.989046406634
2380.55333897 1.00208235837
2380.57377083 0.997423899519
2380.61463456 1.00470213637
2380.63506652 1.0374219302
2380.65549838 1.01350432658
2380.67593015 0.991764736127
2380.69636211 0.992966606176
2380.71679398 0.994228785007
2380.73722574 1.013067173
2380.75765771 1.02113174425
2380.77808947 1.04856683657
2380.79852144 0.951126450395
2380.8189533 0.987877856987
2380.8802489 1.02159580009
2380.90068067 0.978575171527
2380.92111264 1.01833094674
2380.94154451 0.977382374668
2380.96197647 0.995294692753
2380.98240824 1.01194384708
2381.00284011 1.01139910067
2381.02327208 0.992643391408
2381.06413572 1.0021879345
2381.10499956 1.02262204596
2381.12543143 1.00046458315
2381.1458633 1.00443983946
2381.16629517 1.04092947456
2381.18672704 0.993003678218
2381.20715892 1.001724243
2381.22759079 0.987841658073
2381.24802266 1.00061121396
2381.26845453 0.975490857564
2381.28888651 0.997046472469
2381.30931838 0.986782412535
2381.35018213 1.00994714557
2381.370614 0.996282182661
2381.39104578 0.979626339528
2381.41147775 1.00534993211
