# #0 time, 1 flux
1977.36431454 0.999467783349
1977.38474669 0.998061723674
1977.42561099 0.999036657791
1977.44604324 0.999174033007
1977.46647529 0.99824879856
1977.48690753 1.00074596556
1977.50733968 0.998996065028
1977.52777173 1.0006801461
1977.54820398 0.998639459042
1977.56863612 0.998896606745
1977.58906817 0.998586991509
1977.60950041 0.99898368746
1977.62993256 1.00053773471
1977.6503646 0.999334778721
1977.67079685 1.00012851514
1977.69122899 1.00198691546
1977.71166104 1.00077933568
1977.73209328 0.999376956062
1977.75252542 1.00044612115
1977.77295746 1.00127893585
1977.79338971 1.00067452614
1977.81382185 0.999563188719
1977.83425399 1.00106805918
1977.85468613 0.999573210608
1977.87511827 0.999495859958
1977.89555041 0.999909084073
1977.91598255 1.00182565157
1977.93641468 1.00066795558
1977.95684692 0.999804639682
1977.97727896 1.00131260401
1977.9977111 1.00085912866
1978.01814334 1.00002936396
1978.03857537 0.999488362753
1978.05900751 0.999597083444
1978.07943974 1.00063338521
1978.09987178 1.00088589637
1978.12030391 1.00040309566
1978.14073615 0.999185184302
1978.16116818 1.0028093474
1978.18160031 0.999276345584
1978.20203255 0.999725530722
1978.22246458 1.00083623122
1978.24289681 0.998599388355
1978.26332894 1.00028625189
1978.28376108 0.9993886854
1978.30419321 1.00031478469
1978.32462534 1.00015861839
1978.34505747 0.998773314391
1978.3654896 0.999482796748
1978.38592173 1.00172191505
1978.40635386 1.00061958777
1978.42678598 0.999501812327
1978.44721811 0.999105151116
1978.46765024 1.00010642242
1978.61067512 1.00036892254
1978.63110724 1.00089342471
1978.65153947 0.998682083071
1978.67197149 1.00142791065
1978.69240361 1.00137385878
1978.71283584 1.00020006983
1978.73326786 1.00084048785
1978.75369998 0.998543410645
1978.7741322 0.999691026304
1978.79456432 0.999225289232
1978.81499634 1.00018087042
1978.83542856 0.999136930001
1978.85586068 0.999049437661
1978.8762927 1.00043238903
1978.91715704 1.00141255099
1978.93758905 0.999455265141
1978.95802127 0.99980409388
1978.97845339 0.99983769191
1978.9988854 1.00009808664
1979.01931762 1.00118910748
1979.06018175 0.999340339269
1979.08061397 1.00021834595
1979.10104608 1.00015016972
1979.12147829 1.00057353061
1979.14191031 0.999624798814
1979.16234242 1.00003523936
1979.18277453 0.999713015662
1979.20320664 0.999932173322
1979.22363876 1.00059487812
1979.24407087 0.999395298859
1979.26450298 1.00058445363
1979.28493509 1.00006476963
1979.3053672 0.999306505508
1979.32579931 1.00038925726
1979.34623142 0.999935907156
1979.36666363 1.000526527
1979.38709564 1.00176247971
1979.40752774 0.999051105216
1979.42795995 0.999932963424
1979.44839196 0.998769746101
1979.46882407 0.999861558508
1979.48925627 1.00063441415
1979.50968828 1.00083989377
1979.53012038 0.999899144417
1979.55055259 0.999759435545
1979.57098459 0.999945873215
1979.5914168 0.999757096887
1979.6118489 0.999944823732
1979.632281 1.00044719018
1979.65271311 1.00047141474
1979.67314521 0.9992540655
1979.69357731 0.999731296079
1979.71400941 0.999072024047
1979.73444151 1.00078675031
1979.75487362 0.999918548611
1979.77530572 0.999320165859
1979.79573782 0.998787202734
1979.81616992 0.999735888066
1979.87746621 0.999687063612
1979.89789831 0.999317330775
1979.91833041 1.000879512
1979.9387625 1.00073393071
1979.9591946 0.998793212316
1979.9796267 0.998712102726
1980.00005879 0.99924707178
1980.04092298 0.999418968513
1980.06135518 1.00024166508
1980.08178717 1.00123141675
1980.10221927 1.00107769892
1980.12265146 0.999652778144
1980.14308345 0.999541973534
1980.16351555 1.00029087157
1980.18394774 1.00033512809
1980.20437983 0.999917978199
1980.22481182 0.999641740532
1980.24524401 1.00090591768
1980.2656761 1.00147446912
1980.28610809 0.999744672607
1980.30654028 0.999723782647
1980.32697237 0.99914758265
1980.34740436 1.00034397854
1980.36783655 1.00031782098
1980.38826864 1.00112862187
1980.40870063 1.00013244784
1980.42913281 0.999247610459
1980.4495649 1.00026439216
1980.46999699 1.00036919291
1980.49042907 0.999209854287
1980.51086116 1.00025066723
1980.53129334 1.00217740538
1980.55172533 0.997754454506
1980.57215741 0.998837421687
1980.5925896 1.00041659051
1980.61302158 1.00019705621
1980.63345366 0.999422165427
1980.65388585 0.999491721072
1980.67431783 1.0020744641
1980.69474991 1.00016683083
1980.71518209 0.999725907857
1980.73561407 0.999779130218
1980.75604615 0.997727613567
1980.77647833 1.00043178455
1980.79691031 0.999606582342
1980.81734239 0.999752622568
1980.83777457 1.00087815059
1980.85820655 1.00046126704
1980.87863863 0.998702121191
1980.89907081 0.999094268319
1980.91950278 0.998236032882
1980.93993486 0.999602103089
1980.96036704 1.00200309567
1980.98079901 1.00010322236
1981.02166326 0.999965312029
1981.04209534 1.00189124965
1981.06252741 0.999373107736
1981.08295949 1.00094827112
1981.10339156 1.00119169361
1981.12382364 1.00204698016
1981.14425571 1.00077464107
1981.16468778 1.00047143229
1981.18511995 1.00055773891
1981.20555193 1.00006007674
1981.225984 1.00034603216
1981.24641617 0.998864277206
1981.26684814 1.00198694733
1981.28728021 0.999685779899
1981.30771238 0.998770017501
1981.32814435 0.999447270194
1981.36900859 0.999481344879
1981.38944055 0.998646668046
1981.40987262 0.999553610956
1981.61419338 0.999522860085
1981.63462534 1.00173408312
1981.6550575 0.999929530073
1981.67548957 1.00065286646
1981.69592153 1.00063427708
1981.71635369 1.00058589634
1981.73678575 0.999318783352
1981.75721771 1.00082152779
1981.77764987 1.00152605459
1981.79808193 1.00208015267
1981.81851389 1.00101897202
1981.83894605 0.999177102632
1981.85937811 1.00031410599
1981.87981017 1.00037510802
1981.90024223 1.00010262512
1981.92067428 0.999357394535
1981.94110644 1.00007809184
1981.9615384 0.999161270932
1981.98197046 0.999660828481
1982.00240261 0.998769978024
1982.02283467 0.999835646538
1982.04326662 1.00042003902
1982.06369878 0.998374928935
1982.08413083 1.0000421711
1982.10456279 1.00000457451
1982.12499494 1.00027020474
1982.14542689 1.00036333159
1982.16585895 0.999586316444
1982.1862911 1.00141214633
1982.20672305 0.999805137556
1982.2271551 0.999897841768
1982.24758725 0.998804785782
1982.26801921 1.00025936322
1982.28845126 0.99911693702
1982.30888341 1.0000907808
1982.32931536 1.00014822557
1982.34974741 1.0000423073
1982.37017956 1.00133343252
1982.3906116 0.998800520514
1982.41104365 1.00017488649
1982.4314757 0.999870027342
1982.45190775 0.99938159259
1982.47233979 0.999433584013
1982.49277184 0.999193100282
1982.51320389 0.999817782314
1982.53363603 0.998119630116
1982.55406798 1.00081850417
1982.57450002 0.999113301563
1982.59493217 1.00080708456
1982.61536411 1.00092581056
1982.63579616 1.00001244924
1982.6562283 1.00053273971
1982.67666024 0.998926480891
1982.69709229 1.00233488545
1982.71752443 0.999715427968
1982.73795637 0.999716665607
1982.75838841 1.00086095146
1982.77882055 0.99949536985
1982.79925249 1.00107935831
1982.81968453 0.999833555834
1982.84011668 1.00109069319
1982.86054871 1.00108576148
1982.88098075 1.00179239373
1982.90141279 1.00041873142
1982.92184473 0.999170889596
1982.94227687 1.0004391554
1982.98314084 0.999869508693
1983.00357298 0.999664318953
1983.02400502 1.00041347026
1983.04443695 1.0000923832
1983.06486909 1.00135951172
1983.08530113 1.00059777649
1983.10573306 1.00017347317
1983.12616519 0.999587728309
1983.14659723 0.99980806469
1983.16702916 1.0022596836
1983.1874613 0.999701772926
1983.20789333 1.000909008
1983.22832536 1.00013784431
1983.24875739 0.998431335998
1983.26918943 1.00036614421
1983.28962146 0.997488486234
1983.31005349 0.99914781355
1983.33048552 0.996829032407
1983.35091765 0.999349253376
1983.53480591 1.0001135662
1983.55523793 1.00186154041
1983.57566986 1.00059753352
1983.59610198 1.00058422467
1983.61653401 1.00037930823
1983.63696594 0.999298656027
1983.65739806 0.999496266748
1983.67782998 0.999667176852
1983.69826211 1.0005327874
1983.71869413 1.00197977228
1983.73912605 1.000973886
1983.75955808 0.999809712192
1983.7799902 1.00015369817
1983.80042222 1.00107270867
1983.82085424 0.999929078603
1983.84128626 0.999997890258
1983.86171828 1.00180538937
1983.88215041 1.00046423837
1983.90258233 1.00035794485
1983.92301435 1.00202579178
1983.94344646 1.00023919079
1983.96387838 0.999552292048
1983.9843104 1.00022601634
1984.00474252 0.999714835164
1984.02517444 1.00021909527
1984.04560645 1.0008680445
1984.06603857 1.00044159225
1984.08647049 1.00048667223
1984.1069025 0.999624926364
1984.12733462 1.00002719215
1984.14776654 0.998496075242
1984.18863067 1.00040911543
1984.20906268 0.999187561263
1984.22949459 1.00012113024
1984.24992671 0.999064257267
1984.27035872 0.999524478303
1984.29079073 0.99961236402
1984.31122275 0.99943127959
1984.49511084 0.998251275519
1984.51554275 0.998992148152
1984.53597486 0.998609410633
1984.55640687 0.999678981386
1984.57683877 1.00024782878
1984.59727088 1.00142736042
1984.6585669 1.00007763734
1984.67899891 0.999927376427
1984.69943091 0.999533436573
1984.71986302 1.00077158819
1984.74029492 1.00242359798
1984.76072703 0.999125362702
1984.78115903 1.00049248811
1984.80159093 1.00077656273
1984.82202304 1.00032551792
1984.84245504 1.00057395561
1985.00591105 0.999478731409
1985.02634305 0.999553092589
1985.04677505 0.998490505187
1985.06720705 0.999163493391
1985.08763904 1.00364937628
1985.10807104 0.999968095815
1985.12850304 1.00034555661
1985.14893504 0.999536891058
1985.16936693 0.999465660223
1985.18979903 1.00065716264
1985.21023103 1.00078681398
1985.23066312 1.0014358732
1985.25109502 0.999826545997
1985.27152701 1.00121206347
1985.29195911 0.999327754313
1985.312391 1.00033980154
1985.332823 1.00007938691
1985.35325509 0.999870164248
1985.37368698 0.999424319849
1985.43498296 0.999579130274
1985.47584704 0.999181916052
1985.51671092 0.999438858544
1985.53714301 0.999673578011
1985.557575 0.999672728069
1985.57800689 1.00066059017
1985.59843898 1.00125514075
1985.61887097 0.998378527025
1985.63930286 0.998618599214
1985.65973495 0.99807494168
1985.68016694 1.00187402683
1985.70059902 1.0004026479
1985.72103091 0.998331759501
1985.7414629 1.00008700849
1985.76189498 1.00095879137
1985.78232687 1.00181176133
1985.80275885 0.998876390993
1985.96621473 0.998845668291
1985.98664671 0.999713958039
1986.00707869 1.00011868435
1986.02751067 0.999546278796
1986.04794265 0.999792941372
1986.06837473 1.00076039964
1986.08880661 1.00044402981
1986.10923859 1.00122203999
1986.12967067 0.997605779644
1986.15010255 0.999510255343
1986.17053463 0.999389652932
1986.19096661 0.999917812204
1986.21139849 0.998913600457
1986.23183057 1.00040812184
1986.25226254 0.999989741029
1986.27269442 1.00103711137
1986.2931265 0.997864045756
1986.31355848 0.999786561968
1986.33399035 1.00019942055
1986.35442243 1.00064451084
1986.3748544 1.00280896432
1986.39528638 1.00108176357
1986.41571835 1.00068691425
1986.43615033 1.00239519144
1986.47701427 1.00115037974
1986.51787822 0.999372609838
1986.53831029 1.00068239956
1986.55874217 0.99930570791
1986.70176606 1.000017918
1986.72219793 0.998920838733
1986.7426299 0.99956755516
1986.76306197 0.999202183463
1986.78349384 0.999264220835
1986.8039258 0.998331305122
1986.82435787 1.00007868303
1986.84478974 1.00134198934
1986.86522171 1.00036286284
1986.90608574 0.998857833563
1986.92651761 0.999715399154
1986.94694967 1.00025862989
1986.96738164 1.00039162356
1986.9878135 1.00009011945
1987.00824556 1.00002211442
1987.02867753 1.00064541659
1987.04910939 1.00091514712
1987.19213323 0.99929870059
1987.21256519 1.002105245
1987.23299725 0.99996014514
1987.25342911 1.00063946429
1987.27386107 1.00255918672
1987.29429313 1.0017026063
1987.31472499 1.00028758307
1987.33515695 0.999834273379
1987.35558901 0.999863074628
1987.37602087 0.999994325562
1987.39645282 1.00111276403
1987.41688478 0.999642193389
1987.43731674 1.00093656542
1987.45774869 1.00092012097
1987.47818075 1.00004361127
1987.49861261 0.999768912551
1987.51904466 0.999810408732
1987.53947662 0.997848029167
1987.6825002 1.00034897404
1987.70293225 0.999140869376
1987.7233642 1.00153014739
1987.74379615 1.00117138818
1987.7642281 0.999596681951
1987.78466006 1.00071112871
1987.9276837 1.00037772088
1987.94811575 0.999460804379
1987.9685476 0.999125607305
1987.98897965 1.00050623847
1988.0094116 1.00016395451
1988.02984344 1.00033938597
1988.05027549 0.999837641712
1988.07070744 0.999507643841
1988.09113928 0.99856431789
1988.11157133 1.00047848032
1988.13200317 1.00115825068
1988.15243512 0.999949432158
1988.17286716 0.999001166545
1988.21373095 0.99995499356
1988.234163 0.999858698053
1988.25459484 0.999902392094
1988.27502678 0.997949084895
1988.43848241 1.00103757635
1988.45891445 0.999627146975
1988.47934629 0.999541349484
1988.49977823 0.999143381603
1988.52021027 0.998517807101
1988.66323374 1.00004952244
1988.68366567 0.999955644376
1988.70409771 1.00176761238
1988.72452954 0.99948425656
1988.74496148 1.00001650258
1988.76539351 1.00039298822
1988.92884898 0.999559614082
1988.94928091 0.998854928885
1988.96971274 0.999618103897
1988.99014478 1.00041223837
1989.01057671 1.00042362276
1989.03100854 1.00143718006
1989.05144057 0.998942033089
1989.0718725 0.999537287975
1989.09230433 1.00061859294
1989.11273636 0.998874546439
1989.13316828 0.998453881796
1989.15360021 0.999167614024
1989.17403214 0.999088928933
1989.19446407 1.00106005504
1989.214896 1.00013489914
1989.23532792 1.00042578452
1989.25575985 0.999949792374
1989.39878343 1.00030941227
1989.41921535 0.999975389686
1989.43964718 1.00011772346
1989.4600792 1.00026151954
1989.48051113 0.998942579553
1989.50094295 0.999550142164
1989.52137497 0.99880344133
1989.54180689 1.0004116345
1989.56223872 1.00049188091
1989.58267074 0.998965019211
1989.60310266 1.00012909954
1989.62353448 0.998959490568
1989.6439665 1.00043083729
1989.66439842 1.00002182538
1989.68483024 0.997880369249
1989.70526226 1.00101983911
1989.72569418 0.998455749591
1989.88914952 1.00095799237
1989.90958144 1.00023112755
1989.93001346 0.999954562488
1989.95044527 1.00048895101
1989.97087719 0.999769109483
1989.9913092 0.997560730539
1990.01174102 0.998395211963
1990.03217293 1.00002916959
1990.05260495 1.00063245252
1990.07303676 0.999764293302
1990.09346867 0.997647902971
1990.1343326 1.00034605806
1990.15476441 1.00185209919
1990.17519642 0.999098252971
1990.21606015 0.999676932868
1990.42037935 0.998331646066
1990.44081115 1.00044784187
1990.46124316 0.999674902449
1990.62469841 0.999389601917
1990.64513042 0.99966301771
1990.66556222 0.999276507172
1990.68599413 0.997352140693
1990.70642613 1.00017960435
1990.72685793 0.996913601885
1990.89031325 0.999540499969
1990.91074505 1.00024387991
1990.93117705 0.999640275184
1990.95160895 1.00075239885
1990.97204085 1.00007935152
1990.99247275 1.00106768036
1991.01290465 0.999774362599
1991.03333655 0.999798267945
1991.05376845 1.00060431249
1991.07420035 1.00030104547
1991.09463214 0.999777452586
1991.11506414 1.00060842318
1991.13549604 1.00091616954
1991.15592804 0.999832814972
1991.17635983 0.999177120725
1991.19679173 0.998898958752
1991.21722372 0.998733525092
1991.36024689 1.00044076866
1991.38067878 1.00062272468
1991.40111078 1.00091049921
1991.42154257 1.00056279331
1991.44197446 1.00076215397
1991.46240645 0.99964927699
1991.48283835 1.00079999753
1991.50327014 1.00008568718
1991.52370213 1.00073662499
1991.54413402 0.999362355089
1991.56456581 1.00110644887
1991.5849978 0.999936289573
1991.60542969 1.00052308348
1991.62586168 0.998814041288
1991.64629347 0.999975321989
1991.66672536 0.99966548411
1991.68715735 1.00053130724
1991.70758914 1.00207710878
1991.72802102 1.0008826915
1991.74845291 1.00089190306
1991.7688848 0.999850584007
1991.78931669 1.00039526546
1991.80974858 0.999610124344
1991.83018046 1.00114701766
1991.85061235 0.99986959436
1991.87104423 1.0017661995
1991.89147612 0.999071373888
1991.91190801 1.00083074049
1992.09579506 1.00114802175
1992.11622694 0.999637641139
1992.13665873 1.00009991354
1992.15709071 1.0004800806
1992.17752259 1.00120546527
1992.19795437 0.999199734126
1992.34097763 0.998518787074
1992.36140951 0.99967295666
1992.38184139 0.999398952929
1992.40227327 0.998971659984
1992.42270515 0.999551408197
1992.44313712 1.00104126194
1992.463569 0.997906919132
1992.48400078 0.999854001558
1992.50443275 0.999972320658
1992.52486453 1.00024308017
1992.60659203 1.00051959038
1992.85177461 0.998643669455
1992.87220649 1.0013045254
1992.89263836 1.00128976781
1992.91307023 1.00310180924
1992.9335021 1.00138813013
1992.95393397 1.00039208074
1992.97436594 1.00032471661
1992.99479771 1.00014009458
1993.01522958 1.00025039564
1993.03566155 0.999675907002
1993.05609331 0.998691255964
1993.07652518 1.0004374136
1993.09695715 0.998107421891
1993.13782079 1.00013435061
1993.15825275 1.00264786897
1993.17868452 0.999982791119
1993.32170768 1.00127124649
1993.34213955 0.999956442794
1993.36257131 1.00160602749
1993.38300327 0.99984647644
1993.40343514 0.999867021826
1993.4238669 1.0013234081
1993.56689004 1.00062013689
1993.5873219 1.00007532596
1993.60775366 0.999166108883
1993.62818562 0.999464806689
1993.64861748 0.99979549224
1993.66904944 0.99996778821
1993.6894812 1.00023076453
1993.70991306 0.999767819413
1993.73034502 1.00037586733
1993.75077678 0.999835915981
1993.77120864 0.999658971763
1993.79164059 0.999633927387
1993.81207245 0.998930933245
1993.83250421 1.00059330592
1993.85293617 0.999680722302
1993.89379978 1.00125387159
1994.05725463 0.99833586105
1994.07768658 0.99999956333
1994.09811843 0.999835633965
1994.11855019 1.00063223384
1994.13898214 1.00070119143
1994.15941399 1.00265671337
1994.30243696 1.00061312836
1994.32286881 1.00010359636
1994.34330066 0.999501119304
1994.36373251 1.00019238344
1994.38416446 1.00048268146
1994.40459621 1.00027042546
1994.42502806 1.00010891407
1994.44546001 1.00199673177
1994.48632371 0.999998735567
1994.50675555 0.999990029123
1994.5271873 1.00044369691
1994.54761925 0.999720009095
1994.5680511 1.0002168027
1994.58848284 0.998663196588
1994.60891479 1.00122597842
1994.62934664 0.999682389346
1994.64977848 0.99779076476
1994.67021033 0.997513745861
1994.77236946 0.999132951217
1994.7928014 1.00134631945
1994.81323324 1.00122095545
1994.83366499 1.00033934058
1994.85409693 0.998969065992
1995.03798351 0.999061714586
1995.05841535 0.999262831579
1995.07884729 0.998729815595
1995.09927903 0.997998080371
1995.11971087 1.00005945824
1995.14014281 1.00030024736
1995.28316568 0.999810144596
1995.30359752 0.999263866432
1995.32402936 0.998538397358
1995.36489303 1.00103856128
1995.38532487 1.00020625515
1995.4057567 0.999898779232
1995.42618854 1.00201316282
1995.44662037 1.00034578143
1995.46705221 1.00063650599
1995.48748404 1.00013147811
1995.50791588 0.999430520937
1995.52834761 1.00027633605
1995.54877955 1.00339904826
1995.58964322 0.99981736686
1995.77352981 1.00192326873
1995.79396164 1.00064088313
1995.81439337 1.00029304751
1995.8348253 0.999982119926
1995.85525713 0.998623756515
1995.87568886 0.998876558004
1996.05957542 1.00136029853
1996.08000724 1.00143132287
1996.10043907 1.00095295535
1996.1208709 0.99904620891
1996.14130272 1.00068498431
1996.16173455 0.999893479253
1996.18216638 1.0020459423
1996.2025982 1.00126727183
1996.22303003 1.00000110252
1996.24346195 0.999789734002
1996.26389368 0.999544113602
1996.2843255 0.999875017611
1996.30475743 0.999512105938
1996.32518915 1.00052862852
1996.34562097 0.99856838124
1996.48864383 1.00029960037
1996.50907555 0.999193751017
1996.52950748 1.00078164902
1996.5499393 0.998377868427
1996.59080294 0.99944491959
1996.77468941 1.0005964498
1996.79512113 0.999593565533
1996.81555295 1.00120723075
1996.83598487 0.99998445965
1996.85641658 0.999953006301
1996.8768484 0.99919223173
1996.97900748 1.0011258837
1996.9994394 1.00068990534
1997.01987111 1.00050823763
1997.04030293 1.00015558974
1997.06073484 1.00129190966
1997.10159837 1.00095646349
1997.12203029 0.997710009628
1997.22418925 0.999909692567
1997.24462116 0.99961595084
1997.26505298 1.00061443147
1997.28548469 0.99928632657
1997.3059166 0.998465399392
1997.32634841 1.00107205946
1997.34678032 0.999664509801
1997.36721203 1.00009789228
1997.38764384 1.00126251571
1997.40807575 0.999382237177
1997.42850746 0.999233136671
1997.44893927 0.999982708518
1997.46937118 1.00016338793
1997.48980289 0.997569226695
1997.5102347 0.998701734313
1997.53066661 1.00074198817
1997.57153013 1.00043128587
1997.73498459 0.999974902795
1997.7758483 1.00141385429
1997.79628 0.998766580836
1997.81671191 0.998639861109
1997.83714371 1.00011504237
1997.98016634 1.000403812
1998.00059815 1.00008342331
1998.02102995 1.0007097387
1998.04146175 1.00009806646
1998.06189365 0.999353757943
1998.08232536 0.999735844041
1998.10275726 0.998266155705
1998.12318906 1.00093849707
1998.14362076 0.999433779622
1998.16405266 0.99964117154
1998.18448446 0.998727948402
1998.20491616 1.00006617004
1998.22534806 0.997933799714
1998.24577986 0.999431967068
1998.26621156 0.998754221503
1998.28664346 0.999421359574
1998.47052965 1.00036139713
1998.49096145 1.00018089362
1998.51139325 0.999141538598
1998.53182504 1.00024116365
1998.55225684 1.00047274135
1998.57268873 0.999381742338
1998.59312043 0.998950361352
1998.7157112 1.00173209532
1998.736143 1.00181665812
1998.75657489 1.00050043339
1998.77700658 1.00148493055
1998.79743838 0.999183601776
1998.81787027 1.00029953037
1998.87916565 0.999893368326
1998.89959744 1.00051747979
1998.92002924 1.00013765717
1998.96089282 0.999643325028
1998.98132461 1.00017207434
1999.0017564 1.00036247727
1999.02218819 0.999469471578
1999.04262008 1.00032083031
1999.06305177 0.999889216187
1999.08348356 0.999783251068
1999.10391535 0.999047582126
1999.12434714 0.999751357734
1999.18564251 1.00031073255
1999.2060742 1.00251732301
1999.22650609 1.00164858973
1999.30823324 0.999048502225
1999.32866513 1.00180970437
1999.34909682 0.999794857881
1999.3695286 1.00193252306
1999.38996049 1.00028619569
1999.41039228 1.00055897181
1999.43082396 1.00052121252
1999.45125585 0.998861285518
1999.47168764 1.00021926326
1999.49211932 1.00058646473
1999.51255121 0.999170359085
1999.53298299 0.998641919925
1999.55341468 1.00107978664
1999.57384656 1.0009369109
1999.6555737 1.00163522164
1999.67600558 1.0004040468
1999.69643727 1.00003308478
1999.71686905 0.99916968047
1999.73730093 0.999777007417
1999.75773261 0.999430820819
1999.7781644 1.00019910389
1999.94161865 1.00133139323
1999.96205043 0.999823434596
1999.98248231 1.00007371033
2000.00291399 0.999986629808
2000.02334587 0.999589567078
2000.04377765 1.00061357965
2000.06420933 0.999121016215
2000.08464121 1.0005673923
2000.10507298 1.00140286016
2000.12550466 0.998587353552
2000.14593654 1.00040864831
2000.16636832 0.998608928215
2000.1868 0.999840499845
2000.20723187 0.99984781794
2000.22766365 0.998770724459
2000.24809543 0.999352768549
2000.26852721 0.99959661729
2000.28895898 0.997932726868
2000.43198151 0.999962841143
2000.45241329 1.00010120211
2000.47284496 0.999173543769
2000.49327684 0.999355802764
2000.51370861 0.999719521536
2000.53414029 0.998673825193
2000.55457216 0.999869940536
2000.57500393 0.999421468351
2000.59543561 0.99872269323
2000.63629915 0.998853805171
2000.65673093 0.999560670932
2000.6771628 0.999528871019
2000.69759447 0.998117749895
2000.71802624 1.00122539007
2000.73845811 1.00138957397
2000.75888979 1.00060559582
2000.77932166 1.00042535313
2000.79975343 1.00096185038
2000.8201852 0.999345451099
2000.84061697 1.00100077485
2000.86104874 1.00381107633
2000.88148051 0.999445241964
2000.90191228 1.00032710467
2000.92234405 1.00080482178
2000.96320769 1.00054404736
2000.98363936 1.00019932084
2001.00407113 0.999484647465
2001.16752527 0.998188090499
2001.18795714 1.00092356367
2001.22882067 1.00065011238
2001.24925244 0.998568287879
2001.26968411 0.999577981057
2001.29011597 1.00115034358
2001.31054774 1.00069001231
2001.3309795 1.00037757384
2001.35141117 0.998439543856
2001.37184303 1.00128397228
2001.3922748 0.999909201472
2001.41270646 1.00025601883
2001.43313833 0.998888833633
2001.45357009 1.00114714062
2001.47400176 0.999763783901
2001.49443362 0.998962179256
2001.51486538 1.00145334526
2001.65788782 0.999742098373
2001.67831948 1.00021259489
2001.69875125 0.998069354946
2001.71918311 0.997399349856
2001.73961477 0.99945019525
2001.76004653 0.998874252643
2001.78047839 1.00062571399
2001.80091015 1.00006808966
2001.82134181 0.999308498647
2001.84177367 1.00068311611
2001.86220543 1.00073422543
2001.90306895 1.0020696108
2001.92350071 1.00058877421
2001.94393257 0.999371090638
2001.96436423 0.99991526283
2001.98479599 0.999298474632
2002.00522775 1.00144544373
2002.14825005 1.00009349581
2002.16868181 1.00058759229
2002.18911356 0.999197249039
2002.20954532 1.00045545699
2002.22997718 0.997660257361
2002.25040883 0.999700209958
2002.27084059 0.999359694942
2002.29127244 0.998334752508
2002.33213586 1.00033260854
2002.35256771 1.00069842438
2002.37299947 1.00090857974
2002.39343112 1.00021355142
2002.41386297 1.00017355588
2002.43429473 0.99943995761
2002.45472638 0.999405743025
2002.47515824 1.00066792081
2002.49558999 0.999400074194
2002.51602164 1.0011025647
2002.65904401 0.997858605043
2002.67947576 0.999004288296
2002.69990762 0.999071106933
2002.72033927 1.00022903161
2002.74077102 1.00036218284
2002.76120277 1.000746743
2002.78163452 1.00073591158
2002.80206627 1.00108000685
2002.82249812 0.998577816191
2002.84292977 1.00297275429
2002.86336152 1.00048497895
2002.88379337 0.999487113444
2002.90422502 1.00081807647
2002.92465677 1.00148058055
2002.94508862 1.00078957541
2002.96552027 0.999978067191
2002.98595212 0.998805505354
2003.12897435 0.999297905628
2003.1494061 0.998715011257
2003.16983785 1.00224347144
2003.1902696 0.997490743417
2003.21070134 0.999161404937
2003.23113309 0.998336905214
2003.25156483 1.00134128692
2003.27199658 1.00099631686
2003.29242843 0.999613725388
2003.31286007 0.99978188471
2003.33329192 0.998757382131
2003.35372366 1.00068342247
2003.39458715 0.998667888016
2003.4150189 1.00045454591
2003.43545054 0.99906578304
2003.45588239 1.00044908558
2003.61933623 0.999940299757
2003.63976808 0.998591172594
2003.66019982 0.998773796216
2003.68063156 1.00051765376
2003.7010633 0.99993902376
2003.72149505 1.00123985883
2003.74192679 1.00098550232
2003.76235853 0.99976469479
2003.78279027 0.998808767604
2003.80322211 1.00200032252
2003.82365375 0.998973011592
2003.84408549 0.999578265125
2003.86451733 0.998557876814
2003.88494897 0.999549596602
2003.90538071 0.999387102873
2003.92581255 0.999530520415
2004.10969821 1.00014059709
2004.13012994 1.00019261027
2004.15056168 0.999798939341
2004.17099342 1.00025972007
2004.19142516 1.00111181508
2004.21185689 0.999223197275
2004.23228863 1.00047206933
2004.25272027 0.998893597214
2004.2731521 0.99871956568
2004.29358384 1.00020889466
2004.31401548 0.999984891162
2004.33444731 1.00013430746
2004.35487905 1.0000527187
2004.37531089 0.999244494438
2004.39574252 1.00045124938
2004.6204917 1.00100582692
2004.64092344 1.00126685209
2004.66135507 1.00055059643
2004.6817869 1.00019904342
2004.70221863 0.999507089341
2004.72265037 1.00136335291
2004.7430821 0.999902609651
2004.76351383 1.00124058474
2004.78394566 0.997624500404
2004.8043773 0.998892145262
2004.82480903 1.00018662443
2004.84524076 0.999983729453
2004.86567249 0.999908998546
2004.88610422 1.0002388513
2004.90653595 1.00127186286
2004.92696769 0.999523858242
2004.94739942 0.999574131504
2004.96783115 1.00027975725
2004.98826288 0.999905687595
2005.00869461 0.999922373854
2005.02912634 1.00000464775
2005.04955807 1.00083190629
2005.0699899 1.00112932521
2005.09042153 0.999824437537
2005.11085326 1.00038118937
2005.13128509 0.998719111278
2005.15171681 0.999680491632
2005.17214844 0.999014026163
2005.213012 0.999680468527
2005.23344363 0.998376720146
2005.25387546 0.999170174078
2005.27430718 0.997144235173
2005.29473881 0.999218931811
2005.31517064 1.00040572931
2005.33560237 1.00027527377
2005.35603399 1.00041622876
2005.37646582 0.99943589529
2005.39689755 1.00012297793
2005.41732938 0.998455135769
2005.437761 1.00141517003
2005.45819273 1.00003565339
2005.47862455 1.00096674965
2005.49905618 0.999405329369
2005.51948791 0.999230439359
2005.53991973 0.998568069731
2005.56035136 1.00039006975
2005.58078308 0.998659132065
2005.60121491 0.99974449347
2005.62164653 0.999221202873
2005.64207826 1.00006558037
2005.66250998 0.999958537698
2005.82596387 1.00099071029
2005.8463956 1.00078276644
2005.86682722 1.0001774325
2005.88725904 0.999880117748
2005.90769077 1.00062839231
2005.92812239 1.00152086912
2005.94855421 1.00053658906
2005.96898593 0.999779257969
2005.98941765 1.00156735964
2006.07114454 1.00223672457
2006.09157626 1.00074660234
2006.11200808 1.00019477894
2006.1324397 1.00043611753
2006.15287142 0.999575788111
2006.17330324 0.999679563642
2006.19373496 0.999874437861
2006.21416658 1.00002703035
2006.2345984 0.999845880793
2006.25503012 0.99900030573
2006.27546174 1.00095336898
2006.29589356 1.00238378526
2006.31632528 0.999815968891
2006.3367569 1.00145477902
2006.35718872 0.999541611585
2006.37762034 0.999580331778
2006.58193762 0.999582649065
2006.60236934 0.999610945974
2006.62280105 1.0006947603
2006.64323287 1.00023682224
2006.66366449 1.00124107858
2006.6840962 1.00038612824
2006.70452802 0.998973834038
2006.72495963 0.999750852879
2006.74539135 0.999411789148
2006.76582317 0.999337236997
2006.78625478 0.99958511065
2006.8066866 0.999693794488
2006.82711831 1.00189226023
2006.84754993 1.00010192332
2006.88841346 0.999012441719
2007.05186717 0.999371109685
2007.07229888 0.999572859211
2007.0927306 0.999888730192
2007.11316231 0.99937745473
2007.13359402 1.00066123435
2007.15402573 1.00052549652
2007.17445745 1.00006677684
2007.19488916 1.00204105554
2007.21532097 1.00146707882
2007.23575258 1.0007914295
2007.2561843 0.999959554787
2007.27661611 0.999888011752
2007.29704772 0.999542951496
2007.31747943 1.00004419047
2007.33791124 0.999826647114
2007.54222835 0.998846192654
2007.56266006 1.00051829064
2007.58309177 1.00121776507
2007.60352348 1.00021140269
2007.62395529 1.00060203431
2007.64438689 1.00135581566
2007.6648186 0.998871267668
2007.68525041 1.0010658744
2007.70568202 0.999839415746
2007.72611373 1.00075036641
2007.74654544 1.00172505437
2007.76697715 0.999376754164
2007.78740895 1.00106266938
2007.80784066 0.998994745555
2007.82827227 1.00124589646
2007.84870408 0.998640748356
2007.86913568 0.999554393915
2007.88956739 1.00159934318
2007.9099992 1.00005486301
2007.9304308 0.999203140444
2007.95086251 0.999775340446
2007.97129432 0.999087498369
2007.99172592 0.998613349342
2008.01215763 0.999508478217
2008.03258944 0.99938274308
2008.05302114 0.999076998785
2008.07345275 0.998689426492
2008.09388456 0.996503610801
2008.11431626 0.99912065626
2008.2777699 0.999988336095
2008.2982016 0.999945623782
2008.31863341 1.00048047175
2008.33906501 0.999939358256
2008.35949672 0.999563084574
2008.37992852 1.00111211159
2008.40036012 1.00069234124
2008.42079183 1.00002510453
2008.44122363 1.00086902007
2008.50251864 1.00120142063
2008.54338215 1.00020436361
2008.56381385 1.00032020889
2008.58424545 0.999553078295
2008.62510895 1.00149189718
2008.64554056 0.999419419849
2008.66597236 0.999404671854
2008.68640406 1.00175037142
2008.70683566 0.999471850851
2008.72726746 0.999331431102
2008.74769916 1.00240206074
2008.76813096 1.00125838179
2008.78856256 1.00100682602
2008.80899427 1.00155096578
2008.82942607 0.999553200498
2008.84985767 1.00195753227
2008.87028937 1.00012071957
2008.89072117 0.999614228718
2008.91115277 1.00042161941
2008.93158447 0.999620644169
2008.95201627 1.00102365334
2008.97244787 0.999917762877
2008.99287957 0.999899784582
2009.01331137 1.00280063172
2009.03374306 1.00029688761
2009.05417466 1.00214468748
2009.07460646 0.999372098413
2009.25849175 0.998992571027
2009.27892334 0.999698346193
2009.29935514 1.00085200131
2009.31978684 0.999434116176
2009.34021844 0.999762938068
2009.36065023 0.998821255199
2009.38108193 1.00008417671
2009.40151373 1.00008012074
2009.42194532 0.999838766476
2009.44237702 1.00060765124
2009.46280882 1.00016107541
2009.48324041 0.999654830447
2009.50367211 0.999921788918
2009.52410391 0.999949869333
2009.5445356 1.00028099982
2009.5649672 0.99953116888
2009.58539899 1.00183371701
2009.60583069 0.999177813412
2009.62626228 0.9997449577
2009.64669408 1.00015420752
2009.66712577 1.00011102764
2009.68755737 0.999365592665
2009.70798916 1.00061041551
2009.72842086 1.00022734596
2009.74885265 1.0000193008
2009.76928425 1.00080336589
2009.78971594 0.999304715908
2009.81014774 0.999258741472
2009.99403288 1.00050474187
2010.01446457 0.999913927459
2010.03489626 0.999933537229
2010.05532796 0.998460517207
2010.07575965 1.00003103799
2010.09619144 1.00047276574
2010.11662313 1.00029238145
2010.13705472 1.00139502031
2010.15748652 1.00056777315
2010.17791821 1.00012307934
2010.1983498 0.999596812591
2010.21878159 0.999882839945
2010.23921328 1.00183134659
2010.25964488 0.999942464965
2010.28007667 0.999649163876
2010.30050836 0.998680885498
2010.32093995 1.00029651349
2010.34137174 1.00064477591
2010.36180343 1.00022889163
2010.38223522 1.00053355282
2010.40266681 1.00022792046
2010.44353029 0.999275381623
2010.46396188 0.998603436921
2010.48439357 0.999622303166
2010.50482536 0.999951113248
2010.52525705 0.999283457112
2010.54568864 0.9992601866
2010.56612043 0.999218943163
2010.58655212 0.999048781877
2010.60698371 0.999749982542
2010.6274155 0.999108590049
2010.64784719 1.00003990722
2010.66827878 0.998132080914
2010.68871057 0.999198721713
2010.70914215 0.999392671272
2010.72957394 0.998401756921
2010.75000563 1.00061852491
2010.77043722 1.00112656632
2010.79086901 1.00087703427
2010.8113007 1.00210481964
2010.83173228 1.00048595253
2010.85216407 1.00052785359
2010.87259576 1.00186149891
2010.89302735 0.998022196989
2010.91345913 0.999249762511
2010.93389082 0.999445452478
2010.95432251 0.999169156709
2010.9747542 0.999477838201
2010.99518588 1.00026560227
2011.01561767 0.999995006645
2011.03604936 1.00116354265
2011.05648094 1.00081591343
2011.07691273 0.999050746849
2011.09734442 0.999871335725
2011.117776 0.998521060357
2011.13820779 0.999041380422
2011.15863947 0.997651002452
2011.17907106 0.999915851035
2011.19950285 0.999969560096
2011.21993453 1.00100233206
2011.24036612 0.998081881983
2011.2607979 0.999586232126
2011.28122959 1.00008301668
2011.30166117 0.9994446668
2011.46511475 0.999549598649
2011.48554644 0.999511503658
2011.50597812 1.0004358361
2011.5264098 1.00022055147
2011.54684159 0.999784322092
2011.56727317 1.0035912931
2011.58770486 1.0004593286
2011.60813664 0.999104478965
2011.62856822 0.999527063939
2011.64900001 0.99919145434
2011.66943169 0.999915916606
2011.68986327 0.999250547233
2011.71029506 1.00065877466
2011.73072674 0.999204614156
2011.75115832 1.00092862531
2011.7715901 0.999952125037
2011.79202179 1.00078261414
2011.81245337 1.00059864664
2011.83288515 0.999973779473
2011.85331683 0.999070204151
2011.87374852 1.00065944613
2011.8941802 1.00155078983
2011.91461188 1.00031177933
2011.93504366 0.99937461234
2011.95547524 1.00109286234
2011.97590692 1.00057388888
2011.99633871 0.998984086249
2012.01677039 1.0000274227
2012.03720197 1.00127779208
2012.05763375 0.998151478004
2012.07806533 0.997702724692
2012.15979205 0.999693489028
2012.18022384 0.999991973678
2012.20065542 1.00017015534
2012.2210871 0.999274499895
2012.24151888 1.0005531637
2012.26195046 1.00298443089
2012.28238224 0.999020032372
2012.30281392 0.999067693221
2012.46626735 0.999654413242
2012.48669903 0.999890539154
2012.50713071 0.999541715346
2012.52756239 0.999685507871
2012.54799407 1.0006785709
2012.56842585 0.998768561797
2012.58885752 1.0005736403
2012.6092891 1.00044376839
2012.62972088 0.997602254449
2012.65015256 1.00021177247
2012.67058414 1.00000269623
2012.69101592 0.998175314495
2012.71144759 1.00001028943
2012.73187917 1.00050281885
2012.75231095 0.999961451657
2012.93619604 1.00256294332
2012.95662772 1.00017813106
2012.9770594 1.00110735846
2012.99749107 1.0007272105
2013.01792275 1.0031822317
2013.03835443 0.999081324159
2013.0587861 1.00074299935
2013.07921778 1.000175353
2013.09964955 0.99962404839
2013.12008113 0.999888063698
2013.14051291 1.00045980396
2013.16094458 0.999205423878
2013.18137616 0.999600979749
2013.20180793 0.999413823854
2013.22223961 1.00110117596
2013.24267118 1.00041579253
2013.26310296 0.99960503733
2013.28353463 0.999572534642
2013.30396621 0.999327811837
2013.32439798 0.999834414892
2013.34482966 0.998544353401
2013.36526123 0.999933190511
2013.38569301 1.00070900954
2013.40612468 0.999532371683
2013.44698803 0.998446130342
2013.46741971 1.00026267464
2013.48785138 0.999842144776
2013.50828305 0.998995535957
2013.5491464 0.999116106233
2013.56957808 0.999462163565
2013.59000975 1.00029060474
2013.61044152 0.998854142121
2013.6308731 1.00053462085
2013.65130477 1.00082258552
2013.67173654 0.998699119474
2013.71259979 1.0006158081
2013.73303156 0.99764053209
2013.91691662 0.999729993314
2013.93734829 0.999504223388
2013.95777996 1.00070031616
2013.97821163 1.00106507691
2013.99864331 1.00049933404
2014.01907498 1.00104414006
2014.03950665 1.00064416177
2014.05993842 0.999944063904
2014.08037009 1.00184724198
2014.10080167 1.00077802439
2014.12123344 0.999773655722
2014.14166511 1.00034555922
2014.16209668 0.997589839891
2014.18252845 0.997827090969
2014.20296012 1.00036413372
2014.22339169 0.999680789005
2014.24382346 0.999231328375
2014.26425503 1.00254163208
2014.28468671 1.00037175392
2014.30511848 1.00051722443
2014.32555005 0.999434551619
2014.34598182 1.00002851102
2014.36641349 0.99941284713
2014.38684506 0.999060394481
2014.40727683 0.998522448552
2014.4277085 1.00027872803
2014.44814017 0.999556587637
2014.46857184 0.999873717486
2014.48900351 1.00002931098
2014.50943518 0.99930899353
2014.52986685 0.99878395686
2014.55029852 0.999615426845
2014.57073019 1.00055929968
2014.59116196 0.999285176571
2014.61159353 0.999274738808
2014.6320253 0.999672405269
2014.65245697 0.999671254124
2014.67288854 0.999744161701
2014.6933203 0.999482266402
2014.71375197 0.998590254888
2014.73418354 0.999642419377
2014.75461531 1.00080112523
2014.89763699 1.00068701061
2014.91806866 0.999601053582
2014.93850033 1.0003897201
2014.958932 1.00081700688
2014.97936366 1.00022153592
2017.86022879 0.999868217117
2017.88066055 0.998946950536
2017.90109211 1.00116289979
2017.92152377 0.999531566947
2017.94195553 0.999638814968
2017.96238708 0.999892214865
2017.98281874 0.999666174543
2018.0032505 1.00017310655
2018.02368206 0.999387078809
2018.04411372 0.999440597538
2018.06454548 1.00027203651
2018.08497704 1.00008773316
2018.1054088 0.999874007483
2018.12584046 1.00087370947
2018.14627211 1.00355101126
2018.16670377 1.00044381271
2018.18713543 1.00095042049
2018.20756709 0.998419874401
2018.22799875 1.00015246593
2018.24843041 1.00187029915
2018.26886206 1.00035786521
2018.28929382 1.00259378133
2018.30972538 1.00049096617
2018.33015704 0.999630889606
2018.3505888 0.998045096909
2018.37102036 1.00299834059
2018.39145211 1.00125463225
2018.41188377 0.999592062299
2018.43231533 0.999387375256
2018.45274709 1.00000770948
2018.47317875 0.999652002774
2018.4936103 1.00100702112
2018.51404206 0.999151559298
2018.53447362 1.00121410401
2018.55490528 0.999354029024
2018.57533704 1.0013090577
2018.59576859 1.00038310293
2018.61620035 0.999152175894
2018.63663201 0.999315535369
2018.65706367 0.997691582407
2018.67749532 0.999560657237
2018.69792698 0.999979400115
2018.71835864 1.00090912098
2018.7387903 0.999336261985
2018.75922195 0.998094688284
2018.77965361 1.00097680835
2018.80008537 1.00159052557
2018.82051693 0.99944795547
2018.8818119 1.00082472867
2018.90224365 0.999948211952
2018.92267531 1.00114635257
2018.94310687 0.999618987848
2018.96353863 0.999739477903
2018.98397028 1.00043919278
2019.00440184 1.00039021154
2019.0248336 1.00070721167
2019.04526525 0.999975622381
2019.06569681 1.00064724069
2019.08612857 0.99984482214
2019.10656022 0.999895133017
2019.12699188 1.00046042899
2019.14742354 1.00026807181
2019.16785519 1.00047776444
2019.18828685 0.998923352172
2019.20871851 0.999566067622
2019.22915016 0.998804164341
2019.24958182 1.00109308962
2019.27001348 0.999918489881
2019.29044513 0.998418768557
2019.31087679 1.00021928227
2019.33130845 1.0001383755
2019.3517402 0.999228244557
2019.37217186 1.00026167437
2019.39260341 1.00212090269
2019.41303517 0.999345294607
2019.43346683 0.999654477656
2019.45389838 1.00204232043
2019.47433014 1.00012765463
2019.4947618 1.00006641451
2019.51519335 1.00049759157
2019.53562511 0.998578780514
2019.55605676 0.999741068212
2019.57648832 0.999366490232
2019.59692008 1.00009669581
2019.61735173 0.999080009633
2019.63778349 1.0010478819
2019.65821504 0.999975274016
2019.6786467 0.999766816607
2019.69907846 0.999735241752
2019.76037342 0.99868581541
2019.78080508 1.00115154962
2019.80123663 1.00125882269
2019.82166839 1.00355514979
2019.84210005 0.999970703623
2019.8625317 0.999984211553
2019.88296336 0.999242426408
2019.90339491 0.999460476508
2019.92382667 1.00046717264
2019.94425832 0.999957040745
2019.96468988 0.99931007125
2019.98512163 0.998768136315
2020.00555329 1.0003055321
2020.02598485 0.999269733574
2020.0464166 1.00038255149
2020.06684826 0.9986874328
2020.08727981 1.00083834754
2020.10771157 1.00021598926
2020.12814322 0.999858868938
2020.14857498 0.999092213497
2020.16900653 1.00016061336
2020.18943819 1.00000470139
2020.20986994 0.999597312437
2020.2303015 0.99969227197
2020.25073315 0.997447717405
2020.27116491 0.99986152974
2020.29159656 0.99972547454
2020.31202812 0.999265642986
2020.33245987 0.999918721468
2020.35289153 1.00070355738
2020.37332318 0.998829495047
2020.39375484 1.000764346
2020.41418649 1.00049915028
2020.43461825 0.999916247077
2020.4550498 1.00077524365
2020.47548146 0.999869871458
2020.49591311 1.00010604414
2020.51634477 0.999434638974
2020.53677642 0.999566279568
2020.55720808 1.00017293492
2020.57763973 1.00073708096
2020.59807139 1.00092052594
2020.61850304 1.00249327226
2020.65936645 0.999643663261
2020.67979801 0.999458180261
2020.70022966 0.998965458072
2020.72066142 0.999544179609
2020.76152462 1.0008475826
2020.78195638 1.001084528
2020.80238803 1.00047941564
2020.82281959 0.99922403728
2020.84325134 0.998925695112
2020.863683 0.999182734479
2020.88411465 0.999546754085
2020.90454631 0.998183676786
2020.92497796 0.99930327764
2020.94540962 0.999148022244
2020.96584127 0.998345616462
2020.98627292 0.99972718622
2021.00670468 0.999765767792
2021.02713623 1.00100682745
2021.04756789 0.999326779275
2021.06799964 1.00010029169
2021.0884312 1.00085558757
2021.10886285 0.999062005091
2021.12929461 0.999739997827
2021.14972616 1.00118309228
2021.17015791 0.999956464507
2021.19058957 1.00019779049
2021.21102112 1.00138300008
2021.23145288 1.00078961855
2021.25188453 0.998495223885
2021.27231609 1.00024554957
2021.29274784 1.00123701698
2021.31317939 0.999714667963
2021.33361105 1.00200830823
2021.3540428 1.00077027116
2021.37447446 1.00036128694
2021.39490611 0.999310520977
2021.41533776 0.999875163309
2021.43576942 1.00002462345
2021.45620107 0.999210742155
2021.47663273 1.00101617427
2021.49706438 1.00084062133
2021.51749614 1.00022581275
2021.53792769 1.00124234299
2021.55835934 1.00096144644
2021.5787911 0.998900835453
2021.59922265 0.998934803059
2021.61965441 0.999759452576
2021.64008606 1.00048181638
2021.66051761 1.00090238564
2021.68094937 0.998376143852
2021.72181258 1.00307696181
2021.74224433 0.998661611124
2021.76267598 0.999451587501
2021.78310754 0.998236517973
2021.80353929 0.99852627521
2021.82397095 0.999676503506
2021.8444026 0.999092812124
2021.86483425 1.00048595241
2021.88526591 0.998338055264
2021.90569756 1.00000784468
2021.92612922 0.998735032217
2021.94656087 0.999074649243
2021.96699252 0.997199429699
2021.98742418 1.00060800148
2022.00785583 1.00000412166
2022.02828759 0.999954687412
2022.04871914 1.00030060222
2022.06915079 0.99990812588
2022.08958255 1.00251945594
2022.1100141 1.00113588673
2022.13044585 1.00094412079
2022.15087751 1.00074069938
2022.17130906 1.00109462722
2022.19174082 0.999817156122
2022.21217247 1.00068727511
2022.23260402 0.999074575379
2022.25303578 1.000070299
2022.27346743 1.00016506412
2022.29389899 0.999867440477
2022.31433074 0.999106880118
2022.33476239 1.00006191399
2022.35519415 0.998696109051
2022.3756257 1.00167279161
2022.39605736 0.999704159122
2022.45735232 0.999957640797
2022.47778407 0.999725568056
2022.49821572 0.998651058458
2022.51864728 0.999258516081
2022.53907903 0.999022801466
2022.55951069 1.00044080991
2022.57994224 0.999372066439
2022.60037399 0.999501562503
2022.62080565 1.00040541843
2022.6412373 1.00005573421
2022.66166896 0.999877630237
2022.68210051 1.00026609134
2022.70253226 0.999496741627
2022.72296392 1.00044456371
2022.74339547 1.00045374202
2022.76382722 0.99892473981
2022.78425888 1.00126450334
2022.80469043 1.00161932559
2022.82512219 1.00172656249
2022.84555384 1.00037605956
2022.86598559 1.00038486527
2022.88641715 1.00098977092
2022.9068488 1.00016858236
2022.92728056 1.0008641245
2022.94771211 0.999068168366
2022.96814376 1.00005352409
2022.98857552 0.999149223599
2023.00900717 0.999344882495
2023.02943873 0.999987208062
2023.04987048 0.999864229928
2023.07030213 1.00024916287
2023.09073379 0.999381662808
2023.11116544 0.999365902391
2023.13159709 1.00091462081
2023.15202885 1.00040925716
2023.1724604 0.999137950967
2023.19289206 1.00204783128
2023.21332381 1.00012366654
2023.23375536 1.0001981753
2023.25418702 0.999825918099
2023.27461877 1.00005340134
2023.29505033 0.999578031096
2023.31548198 0.999593695067
2023.33591373 0.998645901418
2023.35634529 0.99991004006
2023.37677704 0.998246795642
2023.3972086 1.00024746625
2023.41764025 0.998462750247
2023.43807201 1.0007193195
2023.45850356 1.00071589679
2023.47893521 0.999548691557
2023.49936697 1.00035678948
2023.51979862 1.00206854437
2023.54023018 1.00061878549
2023.56066193 1.00058512795
2023.58109358 0.998838981711
2023.74454682 0.999034426963
2023.76497847 0.999562533534
2023.78541023 0.99909140336
2023.80584178 1.00018712267
2023.82627353 1.00029866372
2023.84670519 1.0014859005
2023.86713674 0.999316096171
2023.8875685 1.00177533812
2023.90800015 1.00279260036
2023.92843171 1.00094307708
2023.94886346 1.00051880212
2023.96929511 1.00008805935
2023.98972677 1.00114726967
2024.01015842 1.00060963473
2024.03059008 0.998798135483
2024.05102173 0.998857242268
2024.07145339 0.998912516436
2024.09188504 0.999676521598
2024.1123167 0.999954741823
2024.13274835 1.00151068443
2024.15318 0.998704259985
2024.17361166 1.00163796159
2024.19404331 1.00175651204
2024.21447497 0.999940465404
2024.23490672 0.999935559718
2024.25533828 0.999970166413
2024.27577003 0.999065887091
2024.29620169 0.99972013132
2024.31663324 1.0003588423
2024.337065 1.00016388701
2024.35749665 1.00075521856
2024.37792821 0.998812910306
2024.39835996 0.99958778125
2024.41879162 1.00026745736
2024.43922317 0.999829978138
2024.45965492 0.999635743457
2024.48008658 1.00034065216
2024.50051833 1.00185709585
2024.54138154 1.0000108429
2024.5618133 0.999570460329
2024.58224485 0.999676363675
2024.68440323 1.00103620163
2024.70483488 0.999764056201
2024.72526654 0.999046766113
2024.74569819 0.999368156555
2024.76612975 0.998844995482
2024.7865615 1.00077665212
2024.80699316 1.00022228118
2024.82742471 0.999394302792
2024.84785647 0.99999218549
2024.86828812 0.99865345312
2024.88871968 0.998833658323
2024.90915144 1.00170535632
2024.92958309 1.00066620442
2024.95001485 0.999252571275
2024.9704464 1.00063426492
2024.99087806 1.00034130276
2025.01130981 1.00003605596
2025.03174137 1.00005665566
2025.05217302 0.999611818028
2025.07260478 1.00245834604
2025.09303633 0.999868948725
2025.11346799 1.00144100522
2025.13389974 0.999897026971
2025.1543314 1.00058310171
2025.17476306 0.999074360898
2025.19519471 1.00002218556
2025.21562637 1.00112233147
2025.23605802 1.0004139546
2025.25648968 1.00088198999
2025.27692133 1.00026571773
2025.29735309 1.00083567129
2025.31778465 0.998774470557
2025.3382163 0.997165397811
2025.35864806 1.00318658239
2025.37907961 0.998044740157
2025.39951137 1.00015227024
2025.46080634 1.00064329568
2025.48123789 0.998891626935
2025.50166955 1.00149521777
2025.52210131 0.999169565613
2025.54253286 0.999635054201
2025.70598621 1.00016844763
2025.72641787 0.99864589138
2025.74684952 0.999432593482
2025.76728118 0.999281322901
2025.78771284 0.999718090781
2025.80814449 1.00224448105
2025.82857615 0.999046695471
2025.84900791 1.00349170507
2025.86943956 0.998812423877
2025.88987112 1.00180189335
2025.91030288 1.00062734317
2025.93073453 0.999305163957
2025.95116609 0.998517092078
2025.97159785 0.99976302762
2025.9920295 1.00018330958
2026.01246106 1.0000210416
2026.03289282 0.998306780025
2026.05332448 1.00044611291
2026.15548276 1.00086483598
2026.17591432 1.00047268774
2026.19634608 1.00059200935
2026.21677773 0.99919586682
2026.23720939 1.00093210092
2026.25764105 1.00001063268
2026.2780727 1.00073838048
2026.29850446 0.998574462662
2026.33936768 0.999847192012
2026.35979943 0.998617689613
2026.38023109 1.00049801728
2026.40066265 0.999702402934
2026.42109441 0.998817318469
2026.44152606 1.00099053385
2026.46195762 1.0006623544
2026.48238938 1.00138612722
2026.50282104 0.999209540655
2026.5232528 0.999776331134
2026.54368435 1.00064535318
2026.56411601 0.999036486286
2026.58454777 0.998999273833
2026.60497933 0.999140708764
2026.62541099 0.999439877831
2026.64584274 1.00070405503
2026.6662743 0.997867458157
2026.68670596 0.998855574467
2026.70713772 1.0007949236
2026.72756928 1.00105958055
2026.74800103 1.00023675676
2026.76843269 1.00017200815
2026.78886425 0.999788100511
2026.80929601 0.999073613397
2026.82972757 1.00143058851
2026.85015933 0.996823305541
2026.87059099 0.998381201398
2026.89102254 0.998909685807
2026.9114542 1.00130061231
2026.93188596 0.999915280592
2026.95231762 0.999062945397
2026.97274928 0.999369308799
2026.99318094 0.999161038506
2027.0136126 1.00141495314
2027.03404436 1.00015243247
2027.05447591 0.997819519285
2027.11577089 0.99907256659
2027.15663431 0.999251371833
2027.17706587 1.00072203929
2027.19749763 0.99938560967
2027.21792929 0.998612265839
2027.23836085 0.998135730161
2027.25879261 0.998366682054
2027.40181422 0.99901854037
2027.42224598 1.00083316107
2027.44267754 1.00076618067
2027.4631092 1.00099220253
2027.48354086 1.00090918821
2027.50397262 1.0009189023
2027.54483594 1.00016287392
2027.5652675 0.999853483573
2027.60613092 1.0004670234
2027.62656248 0.999155106122
2027.64699425 1.00087862721
2027.66742591 1.00112797919
2027.68785747 1.00050841597
2027.70828923 0.999805625447
2027.72872089 1.000349384
2027.74915245 1.00075723557
2027.89217417 0.998633578285
2027.91260583 1.00039002518
2027.9330376 1.00082749814
2027.95346916 1.00044413636
2027.97390082 1.00056533483
2027.99433258 1.00011611029
2028.01476424 0.999348919742
2028.0351959 0.998977101652
2028.05562756 0.9984444999
2028.07605923 1.00147422668
2028.09649089 0.999880251437
2028.17821753 0.998801688548
2028.1986492 1.00040759409
2028.21908086 1.00017465174
2028.23951252 1.0007185377
2028.25994428 1.00129987335
2028.28037584 0.999399840621
2028.34167083 1.00001118988
2028.36210249 1.00074376939
2028.38253426 1.00015755839
2028.40296582 0.999989988939
2028.42339758 1.00155321075
2028.44382924 1.00138777043
2028.46426081 1.00000304947
2028.48469257 0.999401282935
2028.50512423 0.99938050352
2028.58685088 0.998859220777
2028.60728255 1.00192673434
2028.62771421 1.00050779602
2028.64814597 1.00021868406
2028.66857754 0.998918775453
2028.6890092 0.999862594828
2028.70944096 1.00157064381
2028.87289427 1.00018678011
2028.89332593 1.00075937973
2028.9137575 1.00011797558
2028.93418926 0.999724546245
2028.95462093 0.997318169892
2028.99548426 0.998934527796
2029.01591592 0.99991960181
2029.03634748 0.998992397415
2029.05677925 0.999150546404
2029.07721091 1.00057141916
2029.09764268 1.00089035661
2029.11807424 1.00018166335
2029.13850591 1.00046957561
2029.15893767 0.999852421294
2029.17936924 1.00273037676
2029.1998009 0.99938518381
2029.22023267 0.999610120323
2029.36325432 1.00008389665
2029.38368609 1.0005383682
2029.40411766 0.999324275029
2029.42454932 1.00078652512
2029.44498109 1.00007696474
2029.46541265 0.999870756093
2029.48584442 0.999940224669
2029.50627608 0.999713774725
2029.58800265 1.00151598849
2029.60843442 0.999273667888
2029.62886598 0.999523225039
2029.64929765 0.999589859738
2029.66972941 0.999727124067
2029.69016098 0.999503858827
2029.71059275 1.00051782674
2029.73102441 0.999902530336
2029.75145608 1.00053908146
2029.77188775 1.00017239313
2029.79231942 0.996188683029
2029.81275108 0.998183900873
2029.83318275 1.00046175479
2029.85361442 1.00123533349
2029.87404618 0.999304152847
2029.89447785 1.00033912512
2029.91490942 0.99998465964
2029.95577285 0.999346486728
2029.97620442 1.00000592986
2029.99663619 1.00225062287
2030.05793119 0.999510232046
2030.07836286 1.00082259479
2030.09879463 0.999585654896
2030.1192262 1.00045982037
2030.13965787 0.999971628998
2030.16008963 0.99918925273
2030.1805212 0.998875674974
2030.20095287 0.999309456953
2030.22138454 0.998903376717
2030.24181621 0.99941476196
2030.28267955 1.00161031957
2030.30311121 1.00266029795
2030.32354298 1.00026891931
2030.34397455 0.999740332279
2030.36440622 0.998004249231
2030.38483799 1.00063565323
2030.40526966 1.00192551109
2030.42570123 1.00029308217
2030.446133 1.00039295708
2030.46656467 1.00003190539
2030.48699634 0.999482233692
2030.50742801 1.00033262098
2030.52785968 0.998569085641
2030.54829135 1.00035340407
2030.56872302 0.999954935801
2030.58915469 0.998338935042
2030.60958646 1.00043950035
2030.63001803 1.00010863105
2030.6504497 0.998759833811
2030.67088147 1.00075589494
2030.69131304 1.00082914088
2030.83433483 0.999739076703
2030.85476651 1.0004090352
2030.87519818 1.00079635755
2030.89562985 0.999088142647
2030.91606152 1.00158600175
2030.93649319 0.999282907471
2031.07951489 1.00018023193
2031.09994667 1.00019415742
2031.12037834 0.999665999799
2031.14080991 1.00043618602
2031.16124168 1.00079481799
2031.18167335 1.00041877363
2031.20210493 0.999746831037
2031.2225367 0.998749887258
2031.28383172 1.00043957516
2031.30426339 0.999742900857
2031.32469516 1.00036892854
2031.34512674 0.999817362724
2031.36555841 1.00004410445
2031.38599018 1.00017915875
2031.40642176 1.0011836916
2031.42685343 0.999787808212
2031.44728521 1.00182250187
2031.46771678 0.999420509639
2031.48814855 0.999838099073
2031.5290119 0.999340965029
2031.54944357 0.99991362839
2031.56987525 0.999880151502
2031.59030682 1.00124708966
2031.6107386 0.99961854678
2031.63117027 0.99973523434
2031.65160185 0.998705642847
2031.67203362 0.999125106876
2031.6924653 0.999015748975
2031.71289697 0.997997958275
2031.73332865 0.998887090219
2031.75376032 0.997740367842
2031.7741921 0.999580526563
2031.79462367 1.00051521632
2031.81505535 1.00084780757
2031.83548712 0.998887805838
2031.8559187 0.99974682298
2031.87635047 1.0002585986
2031.89678215 1.0010900124
2031.91721372 1.00065042763
2031.9376455 0.999961776733
2031.95807718 0.999825033324
2032.0193722 1.00101153031
2032.03980388 0.999457217524
2032.06023556 0.99980557264
2032.08066723 0.999987096059
2032.10109901 0.999434086626
2032.12153059 0.999971062319
2032.14196226 1.00086474037
2032.16239404 1.00140346529
2032.18282562 0.999529098181
2032.2032573 1.00046857644
2032.22368907 1.00034342519
2032.24412075 0.998212352164
2032.26455243 1.00047609974
2032.2849841 0.999201892432
2032.30541568 1.00101131629
2032.32584746 1.00070852508
2032.34627914 1.00052773565
2032.36671072 1.00100283809
2032.38714249 0.998356886859
2032.40757417 0.9997874151
2032.42800575 1.00061462985
2032.44843753 0.999699689138
2032.46886921 1.00165770481
2032.48930099 0.99988255382
2032.50973256 0.999299185418
2032.53016424 1.00102350086
2032.55059602 1.0000042654
2032.5710276 0.998827996006
2032.59145928 0.999376472145
2032.61189106 0.998628477411
2032.63232264 0.998263297491
2032.65275442 0.996912369973
2032.6731861 0.997483258039
2032.7753445 0.999955609889
2032.79577618 1.00097688403
2032.81620786 0.999499563956
2032.83663954 0.99985434553
2032.85707122 0.999765436626
2032.8775029 0.999400279652
2032.89793468 0.999605692444
2032.91836626 0.999062326076
2032.93879804 0.99887648575
2032.95922962 0.999352297821
2032.9796613 0.996484627301
2033.00009308 1.00056755373
2033.02052466 1.00240788951
2033.04095644 0.999468623923
2033.06138813 0.999315095065
2033.08181971 1.0001783143
2033.10225149 1.00041162657
2033.12268317 0.999154293611
2033.14311475 0.998464440887
2033.16354653 0.996741256224
2033.26570505 1.00001045876
2033.28613663 0.999656249114
2033.30656831 0.999575834293
2033.32700009 0.999845593176
2033.36786336 1.0003969201
2033.38829514 0.998638561079
2033.55174871 0.999841264978
2033.5721803 1.00209087639
2033.59261208 1.0006593064
2033.61304366 1.00152576337
2033.63347535 1.00111001181
2033.65390713 1.00113591688
2033.67433872 1.00013764598
2033.6947704 0.999839015125
2033.71520219 0.998535184922
2033.73563377 1.00045761064
2033.75606546 1.00074279814
2033.77649724 1.00115923345
2033.79692883 1.00113354567
2033.81736061 0.999443879413
2033.8377923 1.00116294556
2033.85822389 1.00065659829
2033.87865567 0.999916954299
2033.89908736 1.00244674938
2033.91951904 0.999976666825
2033.93995073 0.998301171659
2033.96038242 1.00202236508
2033.9808142 0.999682801117
2034.00124579 0.997579783576
2034.02167748 0.999351033646
2034.04210926 0.999389784731
2034.06254095 1.00234069309
2034.08297254 0.998428721451
2034.10340432 0.999387579173
2034.12383601 1.00080044794
2034.26685783 0.998898137953
2034.28728951 1.00006029016
2034.3077212 1.00062174654
2034.32815289 1.00020934452
2034.34858458 1.00044174584
2034.36901637 0.999538055634
2034.38944796 1.00008514113
2034.40987965 1.00092107315
2034.43031143 0.999995930505
2034.45074302 0.997847474729
2034.47117471 1.0010134301
2034.4916065 0.997833254424
2034.51203809 0.99912600856
2034.53246978 1.00153631012
2034.55290157 1.00006870685
2034.57333316 0.998621603676
2034.59376495 0.998857570557
2034.79808186 0.999579424682
2034.81851365 0.999201631631
2034.83894534 1.00023710252
2034.85937693 1.00061494729
2034.87980872 1.00088899604
2034.90024042 1.00027746711
2034.92067201 1.00242509464
2034.9411038 0.996989160112
2034.96153549 0.999654119062
2034.98196718 1.00028799786
2035.00239888 1.00032362424
2035.02283047 0.997309568339
2035.04326226 1.00070158736
2035.06369396 0.999822494906
2035.08412555 0.999800395136
2035.10455734 1.00008838193
2035.12498903 1.0037096587
2035.14542083 1.00064113496
2035.20671591 0.999722855589
2035.2271475 1.00003368561
2035.2475792 1.00161935294
2035.26801099 1.00046981973
2035.28844268 0.999115952112
2035.30887438 0.999670167084
2035.32930607 1.00277928778
2035.34973777 0.998680611679
2035.37016946 0.999029615779
2035.39060116 0.999902234446
2035.41103285 0.999636155807
2035.45189624 1.00044623387
2035.47232794 0.999764015333
2035.51319133 1.00199692048
2035.53362313 1.00252402088
2035.55405482 1.00027935618
2035.57448642 0.999968976552
2035.61534991 0.998384884481
2035.63578151 1.00023849795
2035.6562133 0.999552300426
2035.6766449 0.997326574699
2035.6970767 1.00049407365
2035.71750839 0.998832896843
2035.75837179 0.99984099725
2035.77880349 0.999709168296
2035.79923518 0.999201891876
2035.81966688 1.00066226684
2035.84009858 1.00147729068
2035.86053038 1.00025666481
2035.88096198 0.999904555447
2035.90139367 0.998638773087
2035.94225717 0.998874427631
2035.98312057 0.998986632647
2036.00355227 0.999943903472
2036.02398387 0.999517348146
2036.04441567 1.00098453199
2036.06484736 0.999730874907
2036.08527916 1.00055838998
2036.10571076 0.999836292137
2036.12614246 1.00071623444
2036.14657426 1.00123499395
2036.16700586 0.998082928237
2036.18743756 1.00067554999
2036.20786936 1.00115808975
2036.22830096 0.99962006446
2036.24873276 0.999346477822
2036.26916437 1.00069620136
2036.28959607 1.00193849615
2036.31002787 1.00106499856
2036.33045957 0.999640105197
2036.47348148 0.999964822539
2036.49391318 1.0003043097
2036.51434488 1.00060007697
2036.53477659 1.00014844217
2036.55520829 1.00088433297
2036.57563999 1.00216340335
2036.5960718 0.998501693147
2036.6165034 0.998871496412
2036.67779851 0.999863561956
2036.69823031 0.998809346753
2036.71866202 1.0001153455
2036.73909362 1.00013527373
2036.75952542 0.999504391294
2036.77995713 0.999850288044
2036.80038893 1.00048812006
2036.82082054 1.00080462732
2036.84125224 0.999762294418
2036.94341077 1.00014537457
2036.96384247 0.999788290182
2036.98427428 0.998223207351
2037.00470588 1.00001926614
2037.02513769 0.999011419118
2037.0455693 1.00109513006
2037.066001 1.00082209652
2037.20902305 0.998821467246
2037.22945476 0.997547120144
2037.24988647 0.997098454667
2037.27031817 0.999815955832
2037.29074988 0.998613874763
2037.31118169 1.00021516716
2037.3316133 0.999550980353
2037.35204511 1.00134220366
2037.41334023 0.998661915792
2037.43377194 1.00054945842
2037.45420355 1.00026670116
2037.47463536 1.00043504947
2037.49506707 1.00156884287
2037.51549868 1.00003571212
2037.53593049 1.00133339397
2037.5563622 1.00103714778
2037.57679401 1.00036760618
2037.59722562 0.999852476874
2037.65852075 0.999248493367
2037.67895246 0.9989083542
2037.69938417 1.00138940857
2037.71981588 0.998861247164
2037.74024769 1.00159766569
2037.7606793 0.999945811616
2037.78111101 0.999734367879
2037.80154283 1.00002790263
2037.82197454 1.0012719291
2037.84240615 1.00113563417
2037.86283796 1.00187651356
2037.88326967 0.996973582401
2037.90370139 1.0000191391
2037.9241331 0.999620195816
2037.94456481 0.999281546005
2037.96499663 1.00120245669
2037.98542824 1.00102001763
2038.00585995 1.00000826397
2038.02629176 1.00220173763
2038.04672338 1.00187820954
2038.18974548 1.00090228902
2038.21017719 1.00124499273
2038.23060881 1.00031139295
2038.25104062 1.00034204291
2038.27147234 0.99977703706
2038.29190405 1.00164067462
2038.31233577 0.999727354199
2038.33276748 0.999899127046
2038.3531992 0.999996283778
2038.37363092 0.999414471785
2038.39406263 0.998418936802
2038.41449435 1.00067115641
2038.43492607 0.999078576112
2038.45535788 0.999303880742
2038.4757896 0.99786674033
2038.49622122 0.998259247341
2038.51665303 0.997609939609
2038.53708475 1.00150454916
2038.68010688 0.999473700818
2038.70053849 0.999313072113
2038.72097021 0.999223961336
2038.74140203 1.00020065515
2038.76183365 0.999931951292
2038.78226537 0.999522527915
2038.86399235 0.997621554993
2038.88442397 0.999033174021
2038.90485579 1.00095900052
2038.92528751 1.00006251101
2038.96615095 0.997133888181
2038.98658267 0.998686013846
2039.00701439 0.998748878316
2039.02744612 1.00015618746
2039.04787784 0.999337955137
2039.06830956 0.995789549714
2039.08874128 0.99978464021
2039.109173 0.996003140659
2039.12960482 0.999375559711
2039.15003645 1.00077735162
2039.17046817 0.999982182561
2039.19089999 0.999319568207
2039.21133161 0.998226907463
2039.23176344 0.999202138161
2039.25219516 1.00119735139
2039.27262678 0.997662580816
2039.43608068 0.999216210457
2039.4565125 1.00020034599
2039.47694413 1.00113380647
2039.49737585 1.00006511704
2039.51780768 0.99948949062
2039.5382393 1.00006353337
2039.55867103 1.00066029986
2039.57910285 1.0011603779
2039.59953458 1.00034646254
2039.6199663 1.0007707634
2039.64039803 0.998855431063
2039.66082966 1.0017781544
2039.68126148 0.998641248532
2039.70169321 1.0003296522
2039.72212484 0.998817487568
2039.74255667 0.997586892251
2039.76298839 0.999528943294
2039.78342022 0.999477007593
2039.88557876 1.00125370807
2039.90601059 1.00103286147
2039.92644222 1.00205713278
2039.94687395 1.00046819845
2039.96730578 1.00054643727
2039.98773741 1.00013089937
2040.00816923 1.00058843761
2040.02860096 1.00068110601
2040.04903259 0.998031199646
2040.06946442 1.00059744231
2040.08989615 0.999356131643
2040.11032778 1.00093827015
2040.13075961 1.00111503056
2040.15119135 0.999978708957
2040.17162318 1.00090449141
2040.19205481 1.00048016417
2040.21248654 0.99889930586
2040.23291837 0.999664231574
2040.2533501 1.00033567603
2040.27378173 0.998088733335
2040.29421357 0.999757687358
2040.3146453 1.00197785243
2040.33507703 0.997958532233
2040.35550876 0.999902272717
2040.37594049 1.00148379405
2040.39637223 0.999733129448
2040.41680396 0.999998065746
2040.43723559 1.00118519986
2040.45766743 1.00007260663
2040.47809916 0.999988517678
2040.49853079 0.999752420311
2040.51896263 1.00007802169
2040.53939436 0.998083750066
2040.5598262 0.996503485932
2040.58025783 0.998972958981
2040.60068957 1.00169707554
2040.6211214 0.999770322513
2040.64155304 0.999789914287
2040.66198477 0.99893732059
2040.68241661 0.999922365393
2040.70284824 1.00111925337
2040.72328008 0.998261693266
2040.74371181 1.00025730893
2040.76414355 0.999419790794
2040.78457529 0.998220890977
2040.82543876 1.0003611848
2040.8458705 1.00046033466
2040.86630223 1.00027811908
2040.88673407 0.999664506949
2040.90716571 1.00169277574
2040.92759744 1.00077004035
2040.94802928 0.999839090756
2040.96846102 0.999651069846
2040.98889266 0.999558389725
2041.0093245 1.00015386844
2041.02975614 0.998756701312
2041.05018787 1.00056751385
2041.07061971 1.00270338594
2041.09105135 1.00027799353
2041.11148319 0.999840513388
2041.13191493 0.999385826987
2041.15234657 0.99957834691
2041.17277841 0.999658064155
2041.19321015 1.00053228746
2041.21364179 1.00021911183
2041.23407363 0.999862335049
2041.39752766 0.9991047693
2041.4179593 0.998688445396
2041.45882289 1.00031794941
2041.47925463 0.998930607284
2041.49968637 1.00114418374
2041.52011812 0.999798928836
2041.5609816 1.00256391136
2041.58141335 0.999245428103
2041.60184509 0.998935819282
2041.62227693 1.00049503848
2041.64270858 1.0021845782
2041.66314042 0.999973630024
2041.68357207 0.999346044393
2041.70400381 1.00072528954
2041.7448673 0.999909958063
2041.76529905 0.99828819851
2041.78573089 0.999719148416
2041.80616254 0.997135418629
2041.82659438 1.00095641655
2041.84702613 0.999111789714
2041.86745778 0.999324883696
2041.88788962 0.999935689429
2041.90832137 1.00001816051
2041.92875302 1.00014391398
2041.94918486 1.00339452417
2041.96961661 0.998679818832
2041.99004836 0.999694587813
2042.01048011 1.00001733074
2042.07177535 0.999656479491
2042.0922071 0.999417128766
2042.11263895 1.00057240307
2042.1330707 1.00109805093
2042.15350234 1.00092696968
2042.17393419 0.999564531306
2042.19436594 0.999140462917
2042.21479769 1.0015281129
2042.23522944 1.00007064507
2042.25566119 1.00061252632
2042.31695644 0.999642980355
2042.33738819 0.998819736825
2042.35781994 0.99751334495
2042.3782518 0.999397980784
2042.39868345 0.999796871252
2042.4191152 0.99984109948
2042.43954705 0.998522961259
2042.4599787 0.998685729792
2042.48041045 1.00193209841
2042.54170571 0.999915741066
2042.56213757 1.0007883604
2042.58256922 0.998582085787
2042.60300107 0.99927160931
2042.62343283 1.00024743744
2042.64386458 1.00070332204
2042.66429633 1.00138211757
2042.68472809 0.997500611511
2042.70515984 1.00149337487
2042.7255916 1.00211963138
2042.74602335 1.00044692321
2042.76645521 0.997947561759
2042.78688696 0.994809608065
2042.80731862 1.00035262189
2042.82775047 1.00007645106
2042.84818223 1.00064520725
2042.86861388 0.998096727214
2042.88904574 1.00021411936
2042.9094775 1.00325535245
2042.92990925 1.00082430937
2042.95034101 0.999365823416
2043.11379507 0.999725416643
2043.13422683 0.999802924339
2043.15465869 0.998270462933
2043.17509035 0.998722509815
2043.19552211 0.999651135638
2043.21595397 1.00035678188
2043.23638563 1.00037822073
2043.25681739 0.999971028897
2043.29768091 0.999458263666
2043.31811277 1.00062057595
2043.33854453 0.999581902915
2043.35897629 0.999566134178
2043.37940805 1.00025081973
2043.39983981 0.999586322805
2043.42027157 0.999768446718
2043.44070344 1.00016220951
2043.4611351 0.999310495249
2043.48156696 1.00117968032
2043.50199872 1.00020000237
2043.52243039 0.999707252119
2043.54286225 1.00013033241
2043.56329401 1.0009182889
2043.58372567 0.99959139136
2043.60415754 1.00280282667
2043.6245893 1.00054670598
2043.64502117 0.999125677429
2043.66545283 1.00175660371
2043.74717979 1.00090120687
2043.76761165 0.99794435018
2043.78804342 0.999887013334
2043.80847508 0.99991154739
2043.82890695 0.999939850311
2043.84933872 1.00248990576
2043.86977058 0.999809084711
2043.89020225 0.999596763295
2043.91063402 0.998276898798
2043.93106588 1.00193034744
2043.95149755 0.9989337586
2043.97192932 1.00083216277
2043.99236118 0.999745235418
2044.01279295 0.999642171712
2044.03322472 0.999912669907
2044.07408826 1.00102185146
2044.09452002 1.00228919421
2044.11495179 1.00208428772
2044.15581543 0.99993148989
2044.1762471 1.00191747865
2044.31926959 1.00108556323
2044.33970136 0.998207701593
2044.36013304 1.00000782186
2044.38056491 0.999575085558
2044.42142845 0.999274215111
2044.44186022 1.00023789956
2044.4622919 0.999900100409
2044.52358732 0.998848249139
2044.54401909 0.997685784808
2044.58488274 0.998326218378
2044.60531441 0.998778362934
2044.62574618 1.00177616584
2044.64617806 0.999983554593
2044.66660983 0.999981190256
2044.68704151 1.00008853774
2044.70747338 1.00019916093
2044.74833693 1.0011409473
2044.76876871 0.999222566603
2044.78920049 0.999407379228
2044.80963236 1.00149621555
2044.83006404 1.00141102779
2044.85049582 1.0001532159
2044.87092769 1.00167205138
2044.89135937 1.00392723796
2044.91179115 1.00067472404
2044.93222302 1.00186304063
2044.9526547 1.00184644942
2044.99351836 0.998297559998
2045.01395004 1.00017058295
2045.03438192 1.00014949748
2045.05481369 0.999398423141
2045.07524537 0.999959671579
2045.09567725 1.00086966308
2045.11610893 1.00074594719
2045.13654081 0.998276825408
2045.15697259 0.99821772002
2045.17740427 0.9983194979
2045.19783615 0.996254468634
2045.21826793 0.99807426928
2045.2591315 0.999810954958
2045.27956328 0.998517039695
2045.29999516 1.00002316306
2045.32042694 1.0005914204
2045.34085862 1.00059023938
2045.36129051 1.00098160117
2045.38172229 1.00249197397
2045.40215397 0.999939133633
2045.42258585 1.00006332861
2045.44301764 0.999260462916
2045.46344932 0.999595220865
2045.4838812 0.9913942343
2045.50431299 0.999658683125
2045.52474487 0.999862943622
2045.54517656 0.999059345843
2045.56560834 0.999888244882
2045.58604023 1.00010043188
2045.60647191 1.00007004263
2045.6269037 1.00015057442
2045.72906263 0.998074408304
2045.74949451 1.00033282037
2045.7699262 1.00043594479
2045.79035799 0.999769828064
2045.81078987 0.99979933497
2045.85165345 0.998375250259
2045.87208524 1.00038658025
2045.89251703 0.998838922396
2045.91294881 1.00083159771
2045.9333806 1.00007824586
2045.95381239 0.997791395133
2045.97424418 0.997754358712
2045.99467597 0.999947008613
2046.01510786 0.999213768431
2046.05597134 0.999442720862
2046.09683502 1.00052001057
2046.11726671 1.00056431381
2046.1376986 0.998988356992
2046.1581304 0.999572147621
2046.17856209 1.00082377606
2046.19899398 0.998566363495
2046.21942577 0.999740051111
2046.23985766 0.999911107174
2046.26028936 0.999796337069
2046.28072115 1.00037519712
2046.30115304 0.999544137001
2046.32158473 0.999341911929
2046.34201653 1.00068090086
2046.36244832 0.999300090074
2046.38288012 1.00049888894
2046.40331201 0.999589356856
2046.4237437 1.00017409906
2046.4441755 0.998495989654
2046.46460739 0.999182978327
2046.48503909 1.00013578419
2046.50547088 1.00093400611
2046.52590278 0.999906722905
2046.54633458 1.0005675044
2046.56676637 1.00093835776
2046.58719817 0.999802846288
2046.60762996 1.00011710458
2046.62806176 0.999892230563
2046.64849356 1.00009561837
2046.66892536 0.999219827729
2046.68935725 0.999046568695
2046.70978895 1.00008911925
2046.73022075 0.99921374009
2046.75065265 0.999767352527
2046.77108435 1.00008201772
2046.79151624 1.00050018424
2046.81194804 0.999490376544
2046.83237974 1.00016180349
2046.85281164 0.999724395548
2046.87324344 0.999549976847
2046.89367514 0.99981726037
2046.91410704 0.999255012918
2046.93453884 0.999851308194
2046.95497074 0.997790816763
2046.97540244 1.00105832383
2046.99583425 0.999391348342
2047.01626605 1.00209935681
2047.03669785 1.0027361762
2047.05712965 1.00051294914
2047.07756145 0.999334499067
2047.09799325 1.00093191408
2047.11842516 0.998710308884
2047.13885686 1.00092022398
2047.15928866 0.99997428673
2047.17972057 0.999341983871
2047.22058407 1.00063736181
2047.24101598 1.00101010991
2047.26144778 1.0021492888
2047.28187949 1.00104464699
2047.30231139 0.998783194829
2047.3227432 1.00063228139
2047.3431751 0.999321537804
2047.36360681 1.00119775159
2047.38403861 0.999240610373
2047.40447052 0.999871587231
2047.42490223 0.999969983057
2047.44533403 0.999072682828
2047.46576594 0.99970706951
2047.48619765 0.999877242165
2047.50662955 1.00009820118
2047.52706136 1.0005907655
2047.54749307 0.999484505538
2047.56792498 0.999420385222
2047.60878849 0.999110514167
2047.6292204 1.0006936463
2047.69051583 0.999316057115
2047.71094764 0.997184944201
2047.73137955 0.998308049338
2047.75181126 1.00053837122
2047.77224307 1.00009656612
2047.79267488 0.999713384123
2047.81310669 1.00011647301
2047.8335385 0.998595785197
2047.85397042 0.999764412261
2047.87440213 1.00154392769
2047.89483404 0.99925930656
2047.95612948 0.999785315114
2047.97656129 0.998720770001
2047.996993 0.999802495633
2048.01742492 1.00014878293
2048.03785673 1.00093192064
2048.05828865 1.00157221842
2048.07872036 1.00087914297
2048.09915217 1.00088471335
2048.11958409 0.998622545745
2048.1400158 1.00083920528
2048.18087953 0.999947304069
2048.20131125 0.998946408901
2048.22174317 1.00209435173
2048.24217498 1.0002812539
2048.28303862 1.00016402742
2048.30347043 0.999541313353
2048.32390225 0.999797430122
2048.34433407 1.00123525299
2048.36476589 0.99806094685
2048.3851976 0.999246910073
2048.44649316 0.999387987941
2048.46692498 0.998737589387
2048.4873568 1.00058885116
2048.50778872 1.00018696855
2048.52822044 0.999895029599
2048.54865226 1.00066004464
2048.56908418 1.00055510515
2048.5895159 0.999559043334
2048.60994782 0.998996022185
2048.63037964 0.999556027053
2048.65081136 1.00052744248
2048.67124329 0.997519001582
2048.69167511 1.00092456561
2048.71210683 0.999422844219
2048.73253875 1.00110678924
2048.75297058 1.00418352886
2048.7734025 0.999573919774
2048.79383422 0.999694156647
2048.81426605 1.00118428451
2048.83469797 1.00001547106
2048.85512969 0.99877394667
2048.87556152 1.0018100459
2048.91642517 0.999992547055
2048.93685699 1.00012028365
2048.95728892 1.00202009545
2048.97772074 1.00101226953
2048.99815257 0.999503128094
2049.0185844 0.999775037178
2049.03901622 0.999961934346
2049.05944805 1.00024191824
2049.07987988 0.999810538641
2049.2433345 0.999124695694
2049.26376633 0.999642943413
2049.28419826 1.00067836738
2049.32506182 1.00271954805
2049.34549375 1.00204917688
2049.36592548 0.998920893212
2049.38635741 1.00129185568
2049.40678924 1.0000643146
2049.42722097 0.999347740108
2049.44765291 0.998736171183
2049.46808474 0.999565827431
2049.48851657 0.999888109326
2049.5089484 0.999145696209
2049.52938024 1.00096183977
2049.54981217 1.00071409976
2049.5702439 0.99977518184
2049.59067574 1.00131449785
2049.61110767 0.999470789412
2049.6315394 1.00178021213
2049.65197124 0.999823232379
2049.67240317 0.99914764621
2049.69283501 0.998944883225
2049.71326684 1.00006825214
2049.73369868 1.00061144054
2049.75413041 0.999498055012
2049.77456235 1.00079309278
2049.79499419 0.99962518524
2049.81542592 1.00063186487
2049.83585786 0.999624170846
2049.8562897 1.00029174482
2049.87672143 1.00193790309
2049.89715337 0.998670928228
2049.91758521 1.00111110184
2049.93801715 1.00060179397
2049.95844889 0.999237517861
2049.97888073 1.00117247114
2049.99931266 1.0003410973
2050.0197444 1.0003561236
2050.04017624 1.00099503405
2050.06060818 0.999850921679
2050.08103992 1.00039185202
2050.10147186 0.999726750541
2050.1219037 0.999994220214
2050.14233545 0.999673471571
2050.16276739 0.999786079782
2050.18319923 0.999707589775
2050.20363107 1.00046820537
2050.22406291 1.00037106042
2050.2649267 1.00069234813
2050.28535844 1.00072277635
2050.30579028 1.0010930779
2050.32622223 1.00000522503
2050.34665407 1.0002416303
2050.36708581 1.00008211272
2050.38751776 0.999755935364
2050.4079495 0.999664724901
2050.42838135 0.999971416177
2050.44881329 1.00254260616
2050.46924504 1.00001422803
2050.48967698 1.0017595196
2050.51010883 1.00058958362
2050.53054057 0.999556602005
2050.55097252 1.00110100709
2050.57140437 0.997968594702
2050.59183611 1.00001045766
2050.61226806 1.00041208026
2050.63269991 0.999088386333
2050.65313186 1.00120605156
2050.67356361 1.00128066418
2050.69399545 1.00019839606
2050.7144274 1.00148126023
2050.73485915 1.00184429598
2050.77572295 0.998321345358
2050.7961547 1.00216923923
2050.81658665 1.00283356661
2050.8370185 0.999213503792
2050.85745035 1.00111183872
2050.8778822 0.995637578182
2050.89831405 0.999829575824
2050.9187459 0.997787496083
2050.93917776 1.00068876927
2050.98004146 1.00020085642
2051.00047341 1.00006733847
2051.02090517 1.00159202859
2051.04133712 0.999392496837
2051.06176887 1.00178629237
2051.08220073 1.00171494526
2051.14349629 0.999933350279
2051.16392824 0.999303051618
2051.18436 1.0011931968
2051.20479195 0.999215845621
2051.22522381 0.999547321044
2051.24565557 1.00022017047
2051.28651938 0.998686404858
2051.30695113 0.999717079592
2051.36824691 1.00001219868
2051.38867866 1.00049639459
2051.40911052 1.00146658133
2051.42954248 0.998660098393
2051.44997424 0.999329029941
2051.4704061 0.999271489013
2051.49083806 1.00071654486
2051.51126992 0.998934012413
2051.53170168 0.998961983187
2051.55213364 0.996421957524
2051.5725655 1.00000784908
2051.59299736 0.999167378591
2051.61342922 0.999543021794
2051.63386108 1.00030768294
2051.65429294 1.00078067016
2051.67472481 1.00025477215
2051.69515667 0.999565898971
2051.71558853 0.999484873849
2051.73602039 0.998862854234
2051.75645236 1.00123648877
2051.77688412 1.00083520687
2051.79731598 0.998689936693
2051.81774795 1.00017256783
2051.83817971 0.999672921101
2051.85861158 0.998930685946
2051.87904354 1.00125695039
2051.89947531 1.00063975183
2051.91990727 1.00073813739
2051.94033914 1.0002588949
2051.9607709 0.999317180993
2051.98120287 1.00068056546
2052.00163474 0.999990580679
2052.0220665 1.00020277186
2052.04249847 0.99903381419
2052.06293034 0.999353189682
2052.0833623 0.999375602656
2052.10379407 0.999361297943
2052.12422594 1.00014680773
2052.14465791 1.00113269966
2052.16508978 0.999725117984
2052.18552155 1.00029917578
2052.20595352 1.0008886883
2052.22638539 1.00201244521
2052.24681716 0.999308662689
2052.26724913 0.999185570561
2052.287681 0.999288002703
2052.30811297 0.996776015991
2052.32854474 0.998333599391
2052.34897661 0.997431905899
2052.36940858 1.0000420365
2052.38984036 1.00032817524
2052.41027223 1.00166447892
2052.4307041 0.999438245771
2052.45113597 0.999693949782
2052.47156795 0.999888398252
2052.49199972 1.00044485996
2052.51243159 0.999602758221
2052.53286357 0.999049971877
2052.55329534 0.999778814518
2052.57372722 0.997894051959
2052.59415919 0.997752235838
2052.61459097 1.00022165248
2052.63502294 0.999382422106
2052.65545482 1.0008002489
2052.6758866 1.0022815164
2052.69631857 0.998866288902
2052.71675045 1.00017553031
2052.73718233 1.00006356104
2052.7576142 1.00073847675
2052.77804608 1.00000477567
2052.79847796 0.999141668634
2052.81890984 1.00193352854
2052.83934172 0.999017361832
2052.85977369 1.00214648473
2052.88020557 1.00065074985
2052.90063735 1.00115733046
2052.92106933 1.00067769307
2052.94150121 0.99983412573
2052.98236497 0.999667691951
2053.00279686 0.999066514291
2053.02322884 0.999933673694
2053.04366062 0.99862471192
2053.0640925 0.997944726295
2053.10495626 0.967037857174
2053.12538805 1.00133755472
2053.14582003 1.00035249837
2053.16625191 1.00015425632
2053.1866839 0.998050072332
2053.20711568 0.999821688871
2053.22754757 1.00086156159
2053.24797955 0.998728943132
2053.26841134 1.0002136922
2053.28884322 0.998794558086
2053.30927521 0.999425260059
2053.32970699 0.997298247516
2053.35013898 1.00001632744
2053.37057086 1.00181675553
2053.39100275 1.00005752695
2053.41143464 1.00141790128
2053.43186653 1.00063315544
2053.45229841 1.00203261385
2053.4727303 1.0004233342
2053.49316219 0.999922096459
2053.51359408 1.00062739576
2053.53402607 1.00010806642
2053.55445786 0.999381812325
2053.57488985 0.998761351996
2053.59532174 0.999612492502
2053.61575353 0.999323950472
2053.63618552 1.0013664562
2053.6770492 1.00060540575
2053.69748119 0.999863592489
2053.71791308 0.998896518508
2053.73834497 0.998516895824
2053.75877686 0.997865509741
2053.77920876 1.00007727065
2053.79964065 0.998879662592
2053.82007254 1.00005898127
2053.84050434 0.999668341846
2053.86093633 0.999967801634
2053.88136822 0.999367651679
2053.90180022 0.99866253593
2053.92223201 1.00004405526
2053.94266391 0.999694889965
2053.9630959 1.00240910435
2053.9835277 1.000413981
2054.00395959 1.00099533978
2054.02439159 1.00029243473
2054.04482349 0.999381421565
2054.06525538 0.999319498918
2054.08568728 0.999876105765
2054.10611918 1.00155389634
2054.12655108 1.00108752609
2054.14698297 1.00191628874
2054.16741487 1.00070962866
2054.18784687 0.999253728325
2054.20827867 1.00081431115
2054.22871057 1.00063811157
2054.24914257 0.998517568047
2054.26957437 0.999477385546
2054.29000637 1.00040768001
2054.31043827 0.999958209341
2054.33087007 0.998954799008
2054.35130207 1.0003625016
2054.37173397 0.999261655458
2054.39216578 0.999563617324
2054.41259778 1.00032597063
2054.43302968 0.99997843613
2054.45346158 0.999599112973
2054.47389349 0.999710991256
2054.49432529 1.00215053893
2054.51475729 1.00133174232
2054.5351892 1.00189712928
2054.5556211 0.998397328324
2054.57605301 1.00081476446
2054.59648491 0.999496232953
2054.61691692 0.99978043536
2054.63734872 1.00013739318
2054.65778063 0.998350739821
2054.67821263 1.0017138975
2054.69864444 1.00076240463
2054.71907635 0.999297131039
2054.73950835 1.00233117398
2054.75994026 1.00070634469
2054.78037217 0.999733613766
2054.80080408 0.998574039723
2054.82123599 1.00074171733
2054.84166789 0.999777445457
2054.8620998 0.999453784748
2054.88253171 1.00193904351
2054.90296372 0.99897926378
2054.92339553 0.999317174615
2054.94382744 0.999372574248
2054.96425945 0.999369413856
2054.98469126 0.999239150106
2055.00512328 0.999368147473
2055.02555519 0.997741268626
2055.06641901 1.00234274855
2055.08685082 1.00040200945
2055.10728274 1.00224420959
2055.12771475 0.999788846362
2055.14814656 0.99984648064
2055.16857858 0.999775005144
2055.18901049 0.999346138785
2055.22987432 1.00056325768
2055.29117007 1.00010064244
2055.31160198 1.00153547627
2055.332034 1.00136081126
2055.35246582 1.0026742265
2055.37289773 1.00018937955
2055.39332975 1.00120241944
2055.41376167 0.999180755098
2055.43419349 0.999661538501
2055.4546255 0.999236551078
2055.47505742 1.0013110937
2055.49548934 1.0007659297
2055.51592126 1.0007483173
2055.53635318 0.999572944484
2055.5567852 1.00117943273
2055.57721702 0.999517303125
2055.59764894 1.00154790645
2055.61808096 1.00006303863
2055.6589447 0.998968297951
2055.67937673 1.0019485172
2055.69980855 1.00193256815
2055.72024057 1.00152446483
2055.74067239 1.00056446658
2055.76110432 1.00107979995
2055.78153634 0.999354301492
2055.80196816 1.00037381941
2055.82240009 1.00048032942
2055.84283211 1.00246168467
2055.86326394 1.00014971342
2055.88369596 1.00141575241
2055.90412789 1.00224863743
2055.92455981 1.00276130168
2055.94499174 1.00123701297
2055.96542367 1.00117580862
2056.08801523 0.997075034271
2056.10844726 0.999617742279
2056.12887919 0.999559505032
2056.14931102 1.00030059184
2056.16974305 0.998123692064
2056.19017498 1.00026718532
2056.21060701 0.998725045668
2056.23103884 1.0008822193
2056.25147077 0.999804606861
2056.2719028 1.00009567677
2056.29233463 0.999737703267
2056.31276657 0.998546552427
2056.3331986 0.997708670767
2056.35363043 0.999972928625
2056.37406236 0.998615639584
2056.3944943 0.999846744055
2056.41492623 1.00002633686
2056.43535826 0.998855005929
2056.4557902 0.999797069387
2056.47622203 0.998162888945
2056.49665407 0.999879199574
2056.5170859 0.999399422007
2056.53751784 0.999116970534
2056.55794987 0.999650147716
2056.57838181 0.999569109868
2056.59881375 0.997597632026
2056.61924568 0.999432909588
2056.63967762 1.00105335949
2056.66010956 1.00060529335
2056.6805415 0.99972140841
2056.70097344 0.999194876983
2056.72140537 0.997755933635
2056.74183731 0.998885689026
2056.76226935 0.999003941006
2056.78270129 1.00010277109
2056.80313313 1.00001443475
2056.82356517 0.99907011501
2056.84399711 1.0001829761
2056.86442895 1.00079021476
2056.88486099 1.00061727749
2056.90529294 0.997261297188
2056.92572498 1.0001953058
2056.94615682 1.00032420922
2056.96658876 0.999412900195
2056.98702081 0.9998315564
2057.00745265 0.998377157359
2057.02788459 0.999307005227
2057.04831664 1.00252228551
2057.06874848 0.999879756901
2057.08918043 0.999575192466
2057.10961237 1.00064293123
2057.13004432 1.00084295651
2057.15047636 1.00201576965
2057.17090821 1.00057073906
2057.19134015 1.0025074347
2057.2117722 0.999339437947
2057.23220415 1.00321695136
2057.252636 0.998536747398
2057.27306804 0.999244595522
2057.29349999 1.00113716419
2057.31393194 1.0016503793
2057.33436389 1.00047434773
