# #0 time, 1 flux
1977.28292382 0.865726125867
1977.303356 0.865061750243
1977.32378838 0.924331137531
1977.34422066 0.97381405486
1977.36465294 0.975489536664
1977.38508522 0.989215223064
1977.4055175 0.984337127719
1977.42594978 1.00935352702
1977.44638216 0.993192396327
1977.46681433 0.960332964565
1977.48724671 1.00450304438
1977.50767899 1.00353825333
1977.52811116 1.03613298929
1977.54854354 0.982369602717
1977.56897581 0.99435925349
1977.58940799 0.955228316873
1977.60984036 1.03675682338
1977.63027263 0.97423724345
1977.65070481 1.00850275334
1977.67113718 0.97873526614
1977.69156945 1.0121427431
1977.71200162 1.0062696683
1977.73243399 0.964035881901
1977.75286626 1.01242549845
1977.77329843 1.01335248166
1977.7937308 1.02422497246
1977.81416307 1.00051464638
1977.83459534 0.964560139968
1977.85502761 1.01024265138
1977.87545988 1.04699563643
1977.89589214 1.02927658115
1977.91632441 0.994001868807
1977.93675668 0.973781269359
1977.95718904 0.999738020744
1977.97762121 0.980786067906
1977.99805347 1.03877258538
1978.01848584 1.01495064252
1978.038918 0.994219803817
1978.05935026 0.965699106221
1978.07978263 1.0185035502
1978.10021479 1.00240225097
1978.12064705 0.994007920944
1978.14107941 0.994639969031
1978.16151157 1.02543058809
1978.18194384 1.01057874211
1978.2023762 0.99053354319
1978.22280835 1.00909219997
1978.24324071 0.979718015492
1978.26367297 1.01532973436
1978.28410523 0.981866019217
1978.30453749 0.980426188704
1978.32496975 0.986259083554
1978.345402 0.98201290352
1978.36583426 0.999725178517
1978.38626652 0.99227003698
1978.40669877 0.992868086352
1978.42713103 0.956813340718
1978.44756328 1.01826276287
1978.46799553 0.926904556003
1978.48842779 1.01846654654
1978.50886004 0.968957036632
1978.54972455 1.00636375635
1978.5701568 1.01623240975
1978.59058895 1.01009738811
1978.6110213 1.01934378152
1978.63145355 1.00179172642
1978.6518859 0.973946082952
1978.67231805 0.994625141856
1978.6927503 0.97678759488
1978.71318265 0.981594235194
1978.73361479 1.04071633293
1978.75404704 1.02296352364
1978.77447939 0.991211967446
1978.79491163 0.998812425438
1978.81534378 1.02445584114
1978.83577613 1.00424123968
1978.85620837 0.987436758311
1978.87664052 1.04397000391
1978.9175051 0.999822761441
1978.93793725 0.985237268018
1978.95836959 0.999314232245
1978.97880183 0.988463950426
1978.99923397 1.02500674634
1979.01966632 1.02597074326
1979.0605307 1.00187471717
1979.08096304 1.0307615278
1979.10139528 0.964214019423
1979.12182762 1.01295257821
1979.14225975 0.988198578776
1979.16269199 0.985858662414
1979.18312423 0.968681832749
1979.20355647 0.987423207764
1979.2239887 0.976176631922
1979.24442094 0.967066364308
1979.26485318 1.01331633389
1979.28528541 1.02744799165
1979.30571765 1.06493518403
1979.32614988 0.974988170014
1979.34658212 1.00163897139
1979.36701445 1.04771047444
1979.40787881 1.00691005366
1979.42831115 1.02620798193
1979.44874328 1.00915114577
1979.46917551 1.00665436189
1979.48960784 0.967855709512
1979.51003997 0.99172869079
1979.5304722 1.02121688258
1979.55090453 0.978851132937
1979.57133666 1.02324103592
1979.59176899 1.01673596225
1979.61220122 0.99678049594
1979.63263344 1.00246409951
1979.65306567 0.97213437931
1979.6734979 0.993871491947
1979.69393012 1.0007282699
1979.71436235 1.02205534246
1979.73479457 0.988771006417
1979.7552268 0.994481893937
1979.77565902 0.999530950549
1979.79609125 0.957457403542
1979.81652347 1.0012067396
1979.83695579 1.01832799843
1979.85738792 0.961516601951
1979.87782014 1.01259308778
1979.89825236 0.979547593221
1979.91868458 0.978741760896
1979.9391168 1.00792947459
1979.95954902 1.01074537342
1979.97998124 0.975514805172
1980.00041346 1.03414178639
1980.02084568 0.992682533985
1980.0412779 0.99909811194
1980.06171022 0.999392627873
1980.08214233 1.00685243398
1980.1638712 1.00890903365
1980.18430351 1.00652187231
1980.20473573 0.973995739253
1980.22516784 0.950261295502
1980.24560016 1.00853057294
1980.26603237 0.990627375287
1980.28646448 0.999658049072
1980.3068968 1.00969423658
1980.36819343 1.0040709986
1980.38862564 0.977223651804
1980.40905775 0.994855785667
1980.42949006 1.00487463699
1980.44992227 0.9952914227
1980.47035448 0.972756686903
1980.49078669 0.995158947719
1980.5112189 0.998053033186
1980.5316512 1.03259428253
1980.55208331 0.978285797487
1980.57251552 1.00949623598
1980.59294782 0.986713177568
1980.61337993 0.999494262744
1980.63381213 0.994957005853
1980.65424444 1.04962716852
1980.67467654 1.02064188385
1980.69510875 0.975347928063
1980.71554105 0.985820149326
1980.73597315 1.00125057089
1980.75640536 1.01112425572
1980.77683766 1.03163365984
1980.79726976 1.02613815436
1980.81770196 0.997251279387
1980.83813426 1.01355986668
1980.85856636 0.992637951511
1980.87899856 0.979425779278
1980.89943086 0.989046425619
1980.91986296 0.993581195739
1980.94029516 0.946772977242
1980.96072746 1.01348120866
1980.98115955 1.01769013943
1981.02202405 1.01820348123
1981.04245624 0.993787425569
1981.06288844 0.999466511688
1981.08332063 1.01727810969
1981.10375283 0.973629182042
1981.12418502 1.01608255035
1981.14461722 1.00753997359
1981.16504941 1.0266540706
1981.1854817 0.963892824312
1981.2059138 0.992054051915
1981.22634599 1.01387819546
1981.24677828 0.954968860607
1981.26721037 1.03180192773
1981.28764256 0.987930880662
1981.30807485 0.976571291836
1981.32850694 0.994801026096
1981.34893913 0.999534859246
1981.36937142 0.966665520829
1981.38980351 0.998841506165
1981.4102357 0.988281314997
1981.43066789 0.99661988495
1981.45110007 0.969135899345
1981.47153236 0.97380548249
1981.49196445 0.989368258273
1981.51239663 0.982300027012
1981.65542202 1.01215300292
1981.67585421 0.980422954013
1981.69628629 1.02721453924
1981.71671857 1.00672374479
1981.73715075 1.02701856816
1981.75758283 1.05521113758
1981.77801511 1.00297573171
1981.79844729 1.03058407524
1981.81887937 0.979321055008
1981.83931165 1.0405353939
1981.85974383 1.03646643752
1981.880176 1.01549673889
1981.90060818 1.01350855876
1981.92104036 1.01866778493
1981.94147264 1.00752687772
1981.96190471 0.976036078004
1981.98233689 0.994290150372
1982.00276916 1.02113752534
1982.02320134 1.01217783184
1982.04363341 1.01434739257
1982.06406569 1.02982212299
1982.08449786 1.01936744066
1982.10492993 1.01746195063
1982.12536221 0.997926734001
1982.14579428 1.00209179545
1982.16622645 0.999247272701
1982.18665872 0.989181031108
1982.20709079 1.04189820905
1982.22752296 1.0148789849
1982.24795523 0.992283259448
1982.2683873 0.981101208496
1982.28881947 0.97417559103
1982.30925174 0.998498158434
1982.32968381 1.00228126302
1982.35011598 1.01282261955
1982.37054824 1.01145044382
1982.39098041 1.0192206014
1982.41141258 1.04361645108
1982.43184474 0.990834310025
1982.45227691 1.03241966806
1982.47270907 0.987583709143
1982.49314124 0.973131455819
1982.5135734 0.986719529953
1982.53400567 1.01334844906
1982.55443773 0.977171859354
1982.57486989 0.980500195251
1982.59530216 0.996191905728
1982.63616638 0.944565402595
1982.65659864 0.99022770418
1982.71789512 0.942305571172
1982.73832718 0.966239987583
1982.75875934 1.02720304272
1982.7791916 1.02808610708
1982.79962366 1.0253323137
1982.82005582 0.949569515295
1982.84048808 0.999287050099
1982.86092023 0.984970395848
1982.88135239 0.992673424536
1982.90178455 1.00874506
1982.94264886 1.01953003574
1982.98351307 1.02599057243
1983.00394532 1.06694349994
1983.02437747 0.96619076614
1983.04480953 1.00036618165
1983.06524178 0.985984448195
1983.08567393 1.00502047508
1983.10610598 0.972177375001
1983.12653823 0.987515783286
1983.14697038 0.990504651296
1983.16740244 1.01599591426
1983.18783469 0.992612228033
1983.20826684 1.01620732539
1983.22869898 0.954945836377
1983.24913113 0.969771274087
1983.26956328 0.961867930058
1983.28999543 0.994028403103
1983.31042758 0.987421627736
1983.33085972 0.999517345078
1983.35129197 0.975203493859
1983.37172412 0.993335411435
1983.39215616 0.956853098163
1983.41258841 1.00354209923
1983.43302055 0.961327363187
1983.4534526 0.984252430005
1983.47388484 1.0264518472
1983.49431699 0.988664189431
1983.51474903 0.995816653693
1983.53518127 1.05063746256
1983.55561341 1.01177719445
1983.5964777 1.0345486473
1983.61690984 1.00156888125
1983.63734188 1.0395682917
1983.65777412 1.01543510707
1983.67820616 0.989932073134
1983.6986384 1.03237504968
1983.71907054 1.01097642113
1983.73950258 1.0247586168
1983.75993471 1.02086714705
1983.78036695 1.03197707669
1983.80079909 1.03200893594
1983.82123123 1.00888706399
1983.84166336 0.992441378653
1983.8620955 0.954504589786
1983.88252773 1.02445102224
1983.90295977 1.03867649988
1983.9233919 1.01943177525
1983.94382414 1.01772102055
1983.96425617 0.9889881433
1983.9846883 1.00070820097
1984.00512054 0.977577404338
1984.02555257 0.995634754236
1984.0459847 1.01322811647
1984.1072811 1.00465847327
1984.12771333 1.02563547679
1984.14814536 1.00354280392
1984.16857749 0.995772748569
1984.18900972 0.967801740916
1984.20944184 1.00233708758
1984.22987387 1.00398582806
1984.2503061 0.974517536785
1984.27073823 1.01823156024
1984.29117036 1.0038165284
1984.31160248 0.956350062092
1984.33203461 0.959935758023
1984.35246683 0.996674533188
1984.41376311 0.992936154697
1984.43419523 1.03323400706
1984.45462726 1.06139320471
1984.47505948 1.0080174533
1984.51592363 1.03761792413
1984.53635585 1.02092025011
1984.55678797 1.0239473586
1984.57721999 0.996823353323
1984.59765221 1.0508049198
1984.61808433 1.02502755841
1984.63851645 0.981007383763
1984.65894857 1.00727928158
1984.67938069 1.01830883506
1984.69981281 1.02352736342
1984.72024503 1.00592819027
1984.74067704 0.973535591225
1984.76110926 0.991876487105
1984.78154138 1.00114260572
1984.8019734 0.992190731869
1984.82240561 0.95720835623
1984.84283773 0.984931052913
1984.86326974 0.980529893191
1984.88370196 0.949588769338
1984.90413407 0.924950036469
1984.9449983 0.999199898493
1984.96543041 1.02979983435
1984.98586243 1.05307431543
1985.00629464 1.06247230414
1985.02672675 1.02252846013
1985.04715886 0.997507423546
1985.06759097 1.00719993459
1985.12888731 1.02024951956
1985.14931941 0.997429907451
1985.16975142 0.993874394153
1985.19018363 1.00368127985
1985.21061574 1.0153607942
1985.23104795 0.969048881351
1985.25147996 1.00226634061
1985.27191206 1.0350842368
1985.29234427 1.00874806655
1985.31277628 0.976210920327
1985.33320838 0.984704781303
1985.35364059 0.998710407187
1985.43536891 1.03125462566
1985.45580101 0.985326303063
1985.47623321 1.03049727569
1985.49666521 1.04198911011
1985.51709732 1.00056552726
1985.53752952 1.02044359396
1985.55796162 0.973849103323
1985.57839362 0.991684939519
1985.59882582 1.01795735015
1985.61925792 0.992476367066
1985.63968992 1.02621860602
1985.66012212 1.00427846189
1985.68055422 0.9720967784
1985.70098642 0.990174040753
1985.72141842 1.01504683504
1985.74185051 1.01355693089
1985.76228271 0.944252364541
1985.78271471 1.02410891083
1985.8031468 1.06250859037
1985.823579 0.987315100045
1985.84401099 0.990611708432
1985.86444309 1.0024544283
1985.88487518 0.975727451145
1985.90530728 1.01166778254
1985.92573937 1.01638874459
1985.94617147 1.01939959636
1985.96660356 1.03684175796
1985.98703565 1.00590997052
1986.00746774 1.06035910133
1986.02789984 1.0542150312
1986.04833193 1.02882182199
1986.06876412 1.00326971102
1986.08919611 0.979572200521
1986.1096282 1.0484544211
1986.13006039 1.03303415529
1986.21178865 1.01421483422
1986.23222083 1.01111359516
1986.25265292 0.985343316067
1986.27308491 1.00771740589
1986.29351709 1.01003947801
1986.31394918 0.989542736702
1986.33438117 0.969834231646
1986.39567752 0.933202984196
1986.41610961 0.990203824175
1986.43654169 0.990329636738
1986.45697377 0.959844097536
1986.47740586 0.921571981821
1986.49783794 0.96506836913
1986.51827002 0.959694012004
1986.57956626 0.885381851523
1986.59999835 0.916453493157
1986.66129458 1.00387484676
1986.68172666 1.01845154483
1986.70215884 0.981780325241
1986.72259082 1.00629976026
1986.7430229 0.977630328922
1986.76345508 1.00756623491
1986.78388705 1.00545866644
1986.80431913 0.950442561685
1986.82475131 0.992909418992
1986.84518328 1.00442313108
1986.86561536 0.966777393725
1986.90647961 1.0025115042
1986.92691158 0.989064938391
1986.94734375 1.01281398516
1986.96777583 0.988577500148
1986.9882078 1.00958704469
1987.00863997 0.971794236475
1987.02907205 0.957349515825
1987.04950402 0.995484508452
1987.06993619 0.974883120365
1987.09036826 0.979309872908
1987.11080043 0.950725227945
1987.1312324 1.01673752481
1987.15166447 1.0474890501
1987.17209664 1.00779308728
1987.19252861 1.01079468237
1987.21296068 1.04497394636
1987.23339285 1.05155640366
1987.25382481 1.03805842533
1987.27425688 1.0029680754
1987.29468905 0.972327206778
1987.31512102 1.00208404618
1987.33555308 0.982584500844
1987.35598525 1.00097040351
1987.37641721 0.985482394437
1987.39684928 0.982601297738
1987.41728134 1.04159317633
1987.43771341 0.980448650337
1987.45814547 0.954211306832
1987.47857763 0.960896033498
1987.4990096 0.974760923668
1987.51944176 0.962896938063
1987.53987382 0.977153658279
1987.56030578 0.984654991671
1987.58073795 0.970589013975
1987.64203413 1.03885723927
1987.66246619 1.04420693434
1987.68289815 1.00462169986
1987.70333031 1.0075887939
1987.72376237 1.01453627547
1987.74419442 1.02897919146
1987.76462648 1.01426569543
1987.78505854 1.04032402734
1987.8054906 0.946073626324
1987.82592265 1.00460558651
1987.84635471 1.00437561576
1987.86678677 1.00435953508
1987.88721882 1.00558128158
1987.90765088 0.992239853769
1987.92808293 1.01008343258
1987.94851509 1.02845059255
1987.96894704 1.00553091957
1987.98937919 1.02581038984
1988.00981125 1.0448916792
1988.0302432 1.00908263596
1988.05067535 1.05262881208
1988.07110741 1.01983794356
1988.09153936 1.01372033768
1988.11197151 0.947975759982
1988.13240346 1.00897454551
1988.15283551 0.997539721691
1988.21413166 1.00618157814
1988.23456381 0.97194378293
1988.25499576 0.963430306723
1988.27542781 0.954331342525
1988.29585995 0.951425881951
1988.316292 0.91984746409
1988.33672395 0.904439124771
1988.35715609 1.01842560586
1988.37758814 0.984713073846
1988.39802009 0.993286217877
1988.41845223 1.02944374695
1988.43888428 0.97523257125
1988.45931642 1.02102595112
1988.47974837 1.01064886043
1988.50018041 0.97038817727
1988.52061255 0.994675018305
1988.5410445 0.96598424404
1988.60234062 0.975219054836
1988.62277267 0.981865921006
1988.64320481 1.01373031572
1988.66363675 1.00775924473
1988.68406879 0.981623903009
1988.70450093 1.00814841002
1988.72493287 1.02427420652
1988.74536491 1.02321142394
1988.76579705 0.996541626525
1988.78622909 1.0033851302
1988.80666102 0.978276083124
1988.82709316 1.00484021259
1988.86795714 0.931640962737
1988.88838927 1.00440019021
1988.90882121 0.983912975448
1988.92925335 1.00514192651
1988.94968538 1.00900515172
1988.97011732 1.02332437857
1988.99054945 0.959537067312
1989.01098149 0.972886378889
1989.03141342 1.00287958483
1989.05184555 1.00359718764
1989.07227759 0.991525859273
1989.09270952 0.969180540562
1989.11314165 1.02502660548
1989.13357369 1.0326216733
1989.15400572 1.01700104029
1989.17443775 1.00303279251
1989.19486978 0.982909975318
1989.21530181 0.980503137162
1989.23573384 0.983109230144
1989.25616587 0.977305817465
1989.2765979 0.993319701066
1989.35832611 0.996704540053
1989.37875804 0.989076896733
1989.39919017 1.01478676692
1989.4196222 1.02472810178
1989.44005412 0.994285905689
1989.46048625 1.02496202079
1989.48091827 1.00628785616
1989.5013502 0.964754153826
1989.52178233 1.01876378413
1989.54221435 1.01338999108
1989.56264627 1.03471108276
1989.5830784 1.03511226389
1989.60351042 1.02619735122
1989.62394234 0.968017938633
1989.64437447 0.999789018682
1989.66480649 1.00416231143
1989.68523841 1.00460415119
1989.70567053 1.03529583189
1989.72610255 0.977324969768
1989.74653448 0.971907015712
1989.7669666 0.953291310263
1989.84869467 1.00734017875
1989.86912679 0.991986915442
1989.88955871 1.02958211732
1989.90999073 1.01352877195
1989.93042285 1.03838116427
1989.95085476 1.03169196697
1989.97128678 1.01546259819
1990.05301494 0.970539397902
1990.07344686 1.00017979648
1990.09387887 0.986672799052
1990.11431099 1.00064154704
1990.134743 0.941721998171
1990.15517491 0.950413961247
1990.17560703 0.963186845673
1990.19603904 0.954401174553
1990.21647095 0.913831778366
1990.23690306 0.920359447412
1990.25733508 0.915655138752
1990.27776709 0.892847000142
1990.2981991 0.895430341699
1990.31863111 1.00724010154
1990.33906312 0.997244396088
1990.35949513 1.03048436208
1990.37992704 1.01549144589
1990.40035915 0.970639957819
1990.42079116 0.973336265952
1990.44122306 0.988622976292
1990.46165517 0.965597202851
1990.48208718 0.925232265659
1990.50251919 0.912728750428
1990.62511122 1.03231680272
1990.64554333 1.00343957181
1990.66597523 0.958951176853
1990.68640724 1.00700789819
1990.70683934 0.998865418886
1990.72727124 1.00347766397
1990.74770334 0.945675807283
1990.82943135 1.05044756577
1990.84986325 1.03374193703
1990.93159135 1.03011865593
1990.95202335 1.05220758789
1990.99288735 1.03184815012
1991.03375135 1.01812212647
1991.05418334 1.06539246154
1991.07461534 1.04346341182
1991.11547933 1.04473368059
1991.13591133 1.01399080911
1991.15634342 1.01172479115
1991.17677532 1.0290937542
1991.19720731 0.94691962732
1991.21763941 1.01199076082
1991.2380713 1.01100546225
1991.2585033 1.02587619209
1991.27893539 0.964558485775
1991.29936728 0.966197005125
1991.31979927 0.989688268554
1991.34023137 1.01297421089
1991.36066326 1.03801905202
1991.38109525 1.00535332938
1991.40152734 0.999155541793
1991.42195923 1.05821251012
1991.44239122 1.02948849587
1991.50368719 0.9985838
1991.52411928 1.02680443039
1991.54455127 1.0285674214
1991.56498316 1.02669450781
1991.58541525 0.997150801592
1991.60584723 1.01042217206
1991.62627932 1.00139835125
1991.64671121 1.00267712515
1991.66714319 1.05231491903
1991.68757528 0.985934784843
1991.70800717 1.01126506478
1991.72843915 0.996605478153
1991.74887114 1.00910952771
1991.76930312 0.993035304242
1991.78973511 0.984503177761
1991.81016709 0.984681594839
1991.87146304 0.972772900379
1991.89189502 0.953027281641
1991.91232701 0.943680417736
1991.93275899 0.966741775528
1991.95319097 0.966940712369
1991.97362295 0.911002549446
1991.99405503 0.937922510821
1992.01448691 0.943535201841
1992.03491899 0.985395576153
1992.05535097 1.06420370477
1992.07578285 1.03214354439
1992.09621493 1.04349314288
1992.11664691 0.970433116966
1992.13707879 0.999811356885
1992.15751087 1.01369144753
1992.17794284 0.989378891571
1992.19837472 0.992539941643
1992.2188068 0.968422542761
1992.23923877 0.974874621276
1992.25967065 1.01231537425
1992.28010273 0.98711286671
1992.3005347 1.03043908331
1992.3822626 0.989977998642
1992.40269457 1.03728538991
1992.42312655 1.03517569702
1992.44355862 1.04007514882
1992.46399059 1.01149168879
1992.52528641 1.02293848977
1992.54571838 0.986040948589
1992.56615045 1.01829743613
1992.58658232 1.02437945256
1992.60701429 0.995975049251
1992.64787823 0.938955139032
1992.6683102 0.954207712837
1992.68874227 0.969184863276
1992.70917414 0.922432861328
1992.72960611 0.934616128961
1992.75003818 0.887246308351
1992.79090201 1.01198767467
1992.81133408 1.02559980965
1992.83176604 1.02026543176
1992.85219801 1.00593351542
1992.87262998 0.978705360624
1992.89306194 0.992697788853
1992.91349391 1.00367213393
1992.93392587 1.02593507309
1992.95435784 1.03551906393
1992.9747899 0.970963868856
1992.99522176 0.986519206706
1993.01565373 1.00084628787
1993.03608579 0.959126122231
1993.05651765 1.02461915974
1993.07694961 0.995825963637
1993.09738168 1.00228403956
1993.11781354 0.984323449137
1993.34256519 1.03305174736
1993.38342911 1.00449768203
1993.40386107 1.0066383642
1993.42429292 0.962856885266
1993.44472498 0.992988009695
1993.46515693 0.993754000452
1993.48558879 0.948459022453
1993.50602085 1.05792687573
1993.5264528 1.00976375811
1993.54688465 0.999476314498
1993.56731671 1.02357322157
1993.58774866 1.02332341372
1993.60818052 1.04453658677
1993.71034038 1.00562422741
1993.73077243 0.986921810052
1993.75120428 0.967554838354
1993.77163623 0.948413894682
1993.79206828 0.974292879427
1993.81250023 1.0114415966
1993.83293208 0.965481640037
1993.85336413 0.991304317066
1993.87379608 0.961237983707
1993.89422793 0.943777240796
1993.91465998 0.938999372455
1993.93509193 0.955393135039
1994.01681961 0.97464162123
1994.03725166 1.00193997506
1994.05768351 1.03446474532
1994.07811555 1.05226059425
1994.0985475 1.00651193225
1994.11897934 1.02184617083
1994.13941139 0.990765755934
1994.20070722 0.989694819465
1994.22113916 0.985261563483
1994.24157111 0.973219489192
1994.26200305 1.0182561954
1994.28243499 1.02353970997
1994.30286693 1.01686695433
1994.34373082 1.04996965839
1994.36416276 1.00115877973
1994.44589062 0.992873834267
1994.46632246 1.02918811474
1994.4867545 0.977299124377
1994.50718644 1.00269845319
1994.52761827 1.00077643236
1994.54805031 0.983734514459
1994.56848225 0.960309863065
1994.58891409 0.962312848704
1994.60934613 0.987536256725
1994.62977806 0.91313644487
1994.65021 0.917580386331
1994.67064193 0.91514719203
1994.69107387 0.94517775223
1994.71150571 0.987188825596
1994.75236968 1.04778323758
1994.77280151 1.03800000168
1994.79323354 1.00104588813
1994.81366548 0.968554714895
1994.83409731 0.987623260265
1994.85452934 0.984809771035
1994.87496128 0.991662883989
1994.89539331 0.9920495507
1994.91582514 0.940763087309
1994.93625707 0.920663075914
1995.09971252 1.00055369288
1995.12014445 1.03103222471
1995.14057647 1.00437714333
1995.1610083 1.00407165899
1995.18144023 0.998349483032
1995.20187226 1.02891206975
1995.22230419 1.03237802911
1995.26316804 1.02316988794
1995.38575959 1.03572377724
1995.40619152 1.00225617893
1995.42662344 1.04848471235
1995.44705536 1.03455490203
1995.46748729 1.04057351663
1995.48791921 1.03802587057
1995.50835113 1.01200657139
1995.52878296 1.00003221716
1995.54921498 0.986522054566
1995.5696469 0.967188158687
1995.59007882 0.996037277753
1995.61051074 0.937922388889
1995.63094266 0.964481319733
1995.65137458 0.960115207904
1995.6718065 0.904757770288
1995.69223842 0.951448916467
1995.71267044 0.981297082231
1995.75353418 1.02280295631
1995.7739662 1.02879978845
1995.79439812 1.0534520079
1995.81482994 1.00456820946
1995.83526195 0.99622589963
1995.85569387 1.02137669006
1995.87612569 0.952198703067
1995.8965577 1.00700267355
1995.91698962 1.00682302436
1995.93742144 1.01692798429
1995.97828537 1.04752475477
1995.99871718 1.05593935664
1996.0191492 1.06600445154
1996.03958111 1.01220708709
1996.06001303 1.05144256491
1996.08044494 1.00313781142
1996.10087685 1.02265679343
1996.12130877 1.00506014587
1996.16217259 0.989710060019
1996.1826045 1.06673934203
1996.20303642 0.995520444232
1996.22346833 1.00070517342
1996.24390034 0.996471246116
1996.26433215 0.98926713684
1996.28476406 0.975661666463
1996.30519607 0.999065940953
1996.32562788 0.916735498605
1996.34605979 0.933541013046
1996.3664918 0.985078843259
1996.38692361 0.898519726765
1996.48908325 0.977689425709
1996.50951506 0.973313927164
1996.52994706 0.958876114464
1996.55037897 0.97170835056
1996.57081088 0.958189755372
1996.59124278 0.988189445635
1996.61167469 0.939922098341
1996.63210659 0.916971787041
1996.6525385 0.887734592584
1996.6729704 0.88582937886
1996.71383431 1.00545462255
1996.73426612 1.02384699302
1996.75469802 0.953655410548
1996.77513002 1.05431950072
1996.79556183 0.963551450095
1996.81599373 0.992407287324
1996.83642573 1.04509219848
1996.85685753 0.981008358341
1996.87728943 1.02572768338
1996.89772134 0.988960095033
1996.95901704 1.0190041317
1996.97944894 1.02819418787
1996.99988094 1.04912141101
1997.02031274 1.03754766682
1997.04074464 1.00972044663
1997.06117664 1.01589134933
1997.10204033 1.00103591119
1997.12247233 0.975095433286
1997.18376802 0.956805018555
1997.20419992 1.01834327179
1997.22463172 1.03255972952
1997.24506371 1.03113339696
1997.26549561 1.00486841147
1997.2859274 1.02300130071
1997.3063594 1.01477541916
1997.32679129 1.00501737547
1997.34722329 0.990049552013
1997.36765508 1.05696260191
1997.38808698 0.986966265233
1997.40851897 1.02031459127
1997.42895076 0.982750766238
1997.44938266 1.00832068646
1997.46981465 0.97921985195
1997.49024644 0.937565384613
1997.51067833 0.984175520432
1997.53111032 0.956299109102
1997.55154222 0.960338610007
1997.57197401 0.996128676917
1997.592406 0.912741415825
1997.61283779 0.921705860179
1997.63326968 0.929832586745
1997.65370167 0.90453850908
1997.67413346 0.993797028312
1997.69456545 1.02150658186
1997.71499734 0.993296668718
1997.73542913 0.996745691395
1997.75586111 0.991536819778
1997.776293 1.00090146181
1997.81715678 0.990125843161
1997.83758867 0.979175326146
1997.85802045 1.00469706285
1997.87845244 1.01549287666
1997.9397481 1.05079772799
1997.96017998 0.991277442022
1997.98061187 1.02696643481
1998.00104375 1.01638708402
1998.02147564 1.04724540895
1998.04190752 1.00191555992
1998.06233951 1.02033745747
1998.08277129 1.01048677628
1998.10320327 1.04895146808
1998.16449892 0.991850667242
1998.1849308 1.03338190155
1998.20536259 1.00968888334
1998.22579457 1.00169107801
1998.24622645 1.02361810325
1998.26665823 0.957780982732
1998.36881763 0.953731375123
1998.38924961 0.95572434132
1998.40968149 1.01490669096
1998.43011337 0.996633838999
1998.45054515 1.028408857
1998.47097712 1.03646343739
1998.491409 1.00102901493
1998.51184088 1.05353685342
1998.53227276 1.03544931496
1998.55270463 1.00029222733
1998.57313661 1.0200502076
1998.59356839 0.995264423125
1998.61400026 1.01269895686
1998.63443224 1.03455464118
1998.67529589 1.00665604305
1998.69572786 1.00309838053
1998.71615964 1.02444302719
1998.79788713 0.968397468289
1998.81831911 1.02685684936
1998.83875088 1.01779574282
1998.85918275 1.01391049525
1998.87961473 1.00081309488
1998.9000466 0.985299436155
1998.92047847 1.04737720483
1998.98177408 1.01387124847
1999.00220595 1.00936342449
1999.02263782 0.986076029244
1999.04306979 0.95394340472
1999.06350156 1.02697059206
1999.08393343 0.984616983845
1999.1043653 1.01590584683
1999.12479717 0.971769707932
1999.14522894 0.995810543514
1999.16566091 1.0114587861
1999.18609277 1.0256815994
1999.20652454 1.05000028554
1999.22695651 0.994163341508
1999.24738838 1.02264609162
1999.26782034 1.03486851674
1999.28825211 0.960201491813
1999.30868398 1.03587817144
1999.32911594 0.988803238167
1999.34954771 0.980927648835
1999.36997957 0.943192927747
1999.39041154 0.988146166247
1999.4108434 1.02416778679
1999.43127517 0.950176842687
1999.45170713 0.972230776711
1999.472139 0.95521666203
1999.49257076 0.926778189193
1999.51300272 0.94811349942
1999.53343459 0.920972576331
1999.55386635 0.931172174825
1999.57429831 0.899977589848
1999.69688948 0.995834434548
1999.77861692 1.00731628801
1999.79904888 0.951058908427
1999.81948064 0.93078900829
1999.8399125 0.948766592573
1999.86034436 0.978528922418
1999.88077621 0.988260404129
1999.90120807 1.0317053563
1999.92163993 1.01557737227
1999.94207179 1.02230133316
1999.96250365 1.00587761802
1999.9829356 0.992733262144
2000.00336736 1.00309718961
2000.02379931 0.99208389875
2000.04423117 0.996657896598
2000.06466293 1.02759659529
2000.08509488 1.03827450896
2000.10552674 1.05468709044
2000.12595849 1.00336708207
2000.14639045 1.00051757906
2000.1668223 0.987778282072
2000.18725406 1.03204604881
2000.20768601 0.992823881291
2000.22811786 1.02404112228
2000.24854972 0.972821582208
2000.26898157 0.995119797047
2000.35070898 1.00391671815
2000.37114083 1.00281587356
2000.39157278 0.967014326512
2000.41200453 0.98754034344
2000.43243648 1.04254984218
2000.45286833 1.01699622203
2000.47330008 0.987510248572
2000.51416388 1.06347108335
2000.53459563 1.02024210859
2000.55502758 0.991048673108
2000.57545943 1.02051159045
2000.59589118 1.01538015121
2000.63675488 1.00130763194
2000.67761867 1.00199489289
2000.69805042 1.00147228025
2000.71848226 1.04013342238
2000.73891421 1.00886773894
2000.75934596 0.984497448367
2000.7797779 1.00065730358
2000.80020975 1.03040101684
2000.8206416 1.0498604101
2000.84107344 1.009180713
2000.86150529 1.01848213042
2000.88193713 1.03470022549
2000.90236897 1.01686050389
2000.92280082 1.01381712689
2000.98409635 0.969855998677
2001.00452819 0.97102452517
2001.02496014 0.936203917169
2001.04539188 0.968402912422
2001.06582372 0.981924213065
2001.08625566 0.941509423867
2001.1066874 1.00170096628
2001.12711925 1.01223777889
2001.14755119 1.03203511535
2001.16798293 1.0010420716
2001.18841487 0.995607088571
2001.20884671 1.05226058845
2001.22927855 1.00883815967
2001.24971039 0.949389748525
2001.27014213 1.02141246744
2001.33143775 1.0008049476
2001.35186949 0.973327729466
2001.37230142 1.02174054277
2001.39273326 0.970036218663
2001.413165 1.00171772001
2001.43359694 1.02413044851
2001.45402877 0.91854935993
2001.47446051 0.986813944202
2001.49489245 0.953313764209
2001.51532428 0.928763626514
2001.53575622 0.963312694873
2001.55618796 0.928052206788
2001.57661979 0.935822297623
2001.59705173 0.98190636904
2001.61748346 1.02340146036
2001.6379153 1.03853455911
2001.65834723 1.00728630563
2001.67877897 1.03018563412
2001.6992108 0.99769102145
2001.71964273 0.999967836719
2001.7605063 1.04538377011
2001.78093823 1.00966990373
2001.80137007 1.00171908642
2001.8218018 0.955606774859
2001.84223373 0.996195758142
2001.86266556 0.992588667534
2001.88309749 1.03390359346
2001.90352923 1.00388121592
2001.92396106 0.96865771624
2001.94439299 1.05542395662
2001.96482472 0.960995338351
2002.04655204 1.02421633803
2002.06698387 0.975958436657
2002.0874157 0.961938299685
2002.10784743 1.02785547076
2002.12827935 0.988034673911
2002.14871118 1.01812518309
2002.16914301 1.0323235797
2002.21000667 0.993719131331
2002.23043859 1.03164513729
2002.25087032 0.997683221895
2002.27130215 0.963843007852
2002.29173407 1.05273463911
2002.3121659 1.02738015571
2002.33259763 0.98580437111
2002.35302955 0.981860633998
2002.37346138 0.9993352949
2002.3938931 1.03629174643
2002.41432503 1.01717788213
2002.43475685 1.02902855916
2002.45518858 0.994967738436
2002.4756205 0.975251791194
2002.49605232 0.986943197605
2002.51648405 0.985226795657
2002.53691597 1.01032453331
2002.5573478 0.96496390424
2002.59821144 1.02352093818
2002.65950691 1.01804195522
2002.67993873 1.03261631967
2002.70037065 0.993188045367
2002.72080237 1.00545823767
2002.74123419 1.00090502082
2002.76166601 1.03089130228
2002.78209783 1.00606483499
2002.80252965 0.996096287175
2002.82296157 1.04616925537
2002.84339329 1.00008627434
2002.86382511 1.00484686714
2002.88425703 0.99916803792
2002.90468875 0.991933661969
2002.92512057 0.961967239087
2002.94555249 0.995853474094
2002.96598421 0.987708010658
2002.98641612 0.9611532298
2003.00684794 0.930957876402
2003.08857511 1.02147370552
2003.10900703 1.02154774677
2003.12943884 0.981240821641
2003.17030247 1.05678879564
2003.19073429 1.02522525264
2003.2111661 1.0069736659
2003.23159792 0.984161408114
2003.25202973 1.05880460273
2003.27246155 1.04840422541
2003.29289346 0.970571430166
2003.31332517 0.999705806214
2003.33375709 1.03717483892
2003.3541889 0.961066730007
2003.37462061 0.963089547566
2003.39505253 1.00419330834
2003.45634796 1.01720365423
2003.47677968 0.989052120489
2003.49721149 0.96346356231
2003.5176434 0.946589007904
2003.53807511 0.954452537701
2003.55850692 0.975294290168
2003.57893883 1.00670291637
2003.59937054 1.0535167802
2003.61980235 1.02924495604
2003.64023426 1.00584665283
2003.66066607 1.00525988663
2003.68109788 1.02491210507
2003.70152969 1.04905736022
2003.7219615 1.01989123473
2003.74239331 0.979974708378
2003.76282512 1.01809812251
2003.80368883 0.999138699246
2003.82412054 1.0046488628
2003.84455235 1.01663191921
2003.86498426 0.976458536939
2003.88541596 0.979111621443
2003.90584777 0.967138202776
2003.92627968 0.997027663361
2003.94671138 0.992444707473
2003.96714319 0.951980434674
2003.98757509 0.94143124272
2004.0080068 0.905870091094
2004.02843871 0.892118295253
2004.04887051 1.00722395426
2004.06930222 1.01091865642
2004.08973412 0.983435363069
2004.11016592 1.03668663437
2004.13059773 1.02309267543
2004.15102953 1.00253344346
2004.17146134 1.04761859774
2004.19189314 1.02227466007
2004.23275675 1.00859584948
2004.25318845 0.986175680873
2004.27362035 1.01291049809
2004.29405215 0.97641581091
2004.33491576 0.993631405144
2004.41664296 0.957383768869
2004.43707486 0.94105207547
2004.45750656 0.942595961797
2004.47793836 0.872338495015
2004.49837026 0.896895650478
2004.51880196 0.874396396445
2004.55966566 1.04798258871
2004.58009736 0.980278387519
2004.60052916 0.992262195885
2004.62096106 0.979730624851
2004.64139285 0.966174832081
2004.66182455 1.00473105195
2004.68225645 1.00225098286
2004.76398364 1.00359489987
2004.78441553 0.956886301082
2004.84571082 1.02694182722
2004.86614262 1.04039327927
2004.88657441 1.01677176786
2004.90700621 1.01081108023
2004.927438 0.993166919297
2004.9478698 1.05889843003
2004.96830159 1.03776990743
2004.98873339 0.984409705371
2005.00916518 1.01011090692
2005.02959697 0.974380805494
2005.05002877 1.00981483164
2005.07046066 1.01191172113
2005.09089235 0.955996090216
2005.11132415 0.99260595886
2005.13175604 0.997841645725
2005.15218783 1.0012553963
2005.21348321 0.97233963829
2005.29521027 1.01148583381
2005.31564216 1.01877589266
2005.33607395 1.03492443224
2005.35650564 1.0165465592
2005.37693753 1.00523606391
2005.39736932 0.995370536091
2005.41780121 1.00637493876
2005.4382329 1.01053426758
2005.45866469 0.992768210927
2005.47909658 0.996326172607
2005.49952827 0.983921493491
2005.51996005 1.04947374366
2005.54039194 0.959050085871
2005.56082363 0.999970403492
2005.58125542 1.03409843284
2005.60168731 0.984555675405
2005.62211899 0.928634996037
2005.68341435 0.920942822059
2005.70384614 0.917053708415
2005.72427802 0.94578278544
2005.74470971 0.921115418586
2005.7651416 0.965012919785
2005.78557338 1.05180404096
2005.80600507 0.964015958969
2005.82643695 1.03145248233
2005.84686874 1.03979294792
2005.86730042 1.05714387533
2005.8877323 1.00293015007
2005.90816409 1.05024782059
2005.92859577 1.03983667024
2005.94902766 0.964952400132
2005.96945944 1.01157384063
2005.98989122 0.986547726276
2006.05118657 1.02866205174
2006.07161835 0.999450525064
2006.09205013 1.00875253661
2006.11248202 1.00667896862
2006.1329137 1.00493572458
2006.15334548 0.992922870099
2006.17377736 1.03135656273
2006.19420914 0.990879420749
2006.21464082 0.970305033106
2006.2350727 0.989641383714
2006.25550448 0.995069555992
2006.27593616 1.01418264857
2006.29636804 1.01236423833
2006.31679982 0.959967122875
2006.3372315 0.944275007407
2006.60284471 0.97121500225
2006.62327649 1.01517224182
2006.64370836 1.01134986674
2006.66414004 1.02913139768
2006.68457182 1.00066895526
2006.70500369 1.00028675135
2006.72543537 1.01823044347
2006.76629902 1.00969395134
2006.78673069 1.04712826531
2006.80716257 0.971679948377
2006.82759434 0.957246379273
2006.84802601 0.991706341051
2006.86845789 0.973027836826
2006.88888966 0.979843613073
2006.90932133 0.967648678102
2006.92975321 0.971608492793
2006.95018498 0.926385509484
2006.97061665 0.89588454612
2006.99104853 1.02261224683
2007.0114803 1.01981450913
2007.03191207 1.03345095743
2007.05234384 1.00529518071
2007.07277561 1.06851739707
2007.09320738 1.00328072263
2007.11363916 0.998710665229
2007.13407093 1.02108913859
2007.1545027 0.991455693464
2007.23622978 1.04515494441
2007.25666155 0.968093811762
2007.27709342 0.983263771346
2007.29752509 0.998363277898
2007.31795686 0.936579875981
2007.33838872 0.936856052153
2007.35882039 0.902497613157
2007.37925216 0.98496125633
2007.39968403 0.992455086273
2007.4201157 0.969371547243
2007.44054757 0.986170811347
2007.46097933 0.962904646848
2007.4814111 1.01430407643
2007.50184287 0.988475873116
2007.52227464 1.00359794178
2007.5427064 1.01464317648
2007.56313817 1.02299698414
2007.58356993 1.00298833065
2007.6040017 1.01482610922
2007.62443357 1.02000202204
2007.64486523 1.02353684819
2007.665297 1.01168788045
2007.68572886 1.02988067384
2007.70616053 1.01333450242
2007.72659229 1.0082364419
2007.74702406 1.01924406966
2007.76745582 1.02052777494
2007.78788769 1.01554753328
2007.80831945 0.973147591138
2007.89004641 0.965879835537
2007.91047827 0.949899920998
2007.93090993 0.958185403708
2007.95134169 0.994258774957
2007.97177356 0.986003459033
2007.99220522 0.97770148687
2008.01263698 0.92592665966
2008.03306884 0.949285580527
2008.05350061 0.950610886653
2008.07393227 0.968000663857
2008.09436413 0.939419723661
2008.11479589 0.931085630928
2008.13522765 0.933821414483
2008.15565941 0.979733990206
2008.17609117 0.923869359616
2008.19652303 0.895689568006
2008.27824997 1.01535365928
2008.29868173 1.02017008755
2008.31911359 1.02229391322
2008.33954525 1.04309111644
2008.35997701 1.0002860811
2008.38040886 1.0591695733
2008.40084052 0.989468697872
2008.42127228 0.999934277495
2008.44170414 1.00739096926
2008.50299931 1.05207191154
2008.52343117 1.03061276088
2008.54386293 0.996460995046
2008.56429468 1.01624505271
2008.58472634 1.04595916526
2008.60515819 1.0553261975
2008.62558995 1.00501167821
2008.64602161 1.03134022325
2008.66645346 1.00126452091
2008.68688522 1.02847898683
2008.70731687 1.02641380748
2008.72774873 1.00400014248
2008.74818048 1.03341822563
2008.76861234 0.975351673833
2008.78904399 1.05894906298
2008.80947575 1.03987692712
2008.8299076 1.03961868159
2008.85033926 1.02091938816
2008.87077101 1.01514638397
2008.89120286 1.00409911675
2008.91163452 0.970171281705
2008.93206627 1.01022605218
2008.95249812 1.02248262667
2008.97292978 0.967248441099
2008.99336153 1.00233334642
2009.01379338 0.985658100802
2009.03422513 0.998255072466
2009.05465678 0.968973650533
2009.07508864 0.997836218636
2009.09552039 0.963815323078
2009.11595214 0.96865038423
2009.13638389 0.946105485365
2009.29983789 1.01681275356
2009.32026964 1.04220146471
2009.34070129 1.02189992133
2009.36113314 1.06728912491
2009.38156489 1.06830568599
2009.40199674 1.04497879319
2009.42242839 1.01014452172
2009.44286014 1.0028079559
2009.46329199 1.06001478926
2009.48372363 1.02007293747
2009.50415538 1.01714578512
2009.52458723 1.01363285113
2009.54501898 1.01456867223
2009.56545062 0.995590523528
2009.58588247 1.04156733236
2009.60631422 1.04026112712
2009.62674586 1.05587367786
2009.64717771 0.986080665513
2009.66760946 0.996849232689
2009.6880411 1.03026566738
2009.70847295 0.933302847516
2009.76976819 0.986005323557
2009.79019993 0.989298617939
2009.81063178 0.996312259895
2009.83106342 0.954740889117
2009.85149517 1.02353593171
2009.87192691 0.988766782254
2009.89235866 0.949739187462
2009.9127904 0.948707251265
2009.93322224 1.01169930736
2009.97408563 1.00512504965
2009.99451737 1.03766509258
2010.01494912 1.03205658567
2010.03538086 1.03632589394
2010.11710793 1.00670379058
2010.1988348 1.0324365758
2010.21926664 0.987742576548
2010.23969838 1.01698101006
2010.26013002 1.02060512288
2010.28056186 1.0582503123
2010.3009936 1.03061239868
2010.38272066 1.01907116549
2010.4031523 0.996244230234
2010.44401588 1.00032455517
2010.46444752 1.0214761008
2010.48487926 1.04971352392
2010.52574284 1.02000283925
2010.54617448 1.01250632576
2010.56660632 0.96419751103
2010.58703805 1.02352188278
2010.60746969 0.997829078156
2010.62790153 1.0334345232
2010.64833327 0.980120780744
2010.70962838 0.991138530488
2010.73006022 1.03152923539
2010.75049195 1.00229235541
2010.77092359 0.970577388268
2010.79135543 1.01216934694
2010.81178716 0.956978556919
2010.8322188 0.978700049434
2010.85265064 1.01666423091
2010.87308237 0.947051717997
2010.89351401 0.94447565796
2010.91394584 1.00316755538
2010.93437758 0.9926869669
2010.95480931 0.992723493924
2010.97524105 0.953729289809
2010.99567278 1.00155917799
2011.01610462 0.956588410272
2011.03653635 0.940966402009
2011.05696799 0.957711734975
2011.11826319 0.961279093883
2011.15912675 0.945064272834
2011.17955839 0.995229381039
2011.19999022 1.00791161807
2011.22042195 1.02194954117
2011.24085359 0.976729115137
2011.26128542 0.98641229276
2011.32258061 0.998997856184
2011.34301235 0.947695421421
2011.36344408 0.985389192224
2011.38387581 0.948358263245
2011.40430754 0.978629108745
2011.42473927 0.99163097754
2011.445171 1.00176841329
2011.46560273 1.03109647182
2011.48603446 1.04166620141
2011.50646619 0.986184944092
2011.52689792 1.01385223591
2011.58819311 1.01217570135
2011.60862494 1.02430850867
2011.62905657 0.998905103624
2011.6494884 0.98396064237
2011.66992013 1.01721451119
2011.69035176 1.03437137168
2011.71078359 1.01615364124
2011.73121532 1.00859975259
2011.75164695 1.02883591379
2011.77207878 0.986823314755
2011.7925105 0.999679829823
2011.85380569 1.00538114162
2011.87423741 1.04904856732
2011.89466914 1.01126410202
2011.91510087 1.01455957385
2011.9355327 1.01298380041
2011.95596432 1.01540642569
2011.97639605 1.02087513876
2011.99682788 0.992643436895
2012.0172596 0.989864440835
2012.03769123 0.984403915766
2012.05812305 1.02980473714
2012.09898641 0.990455754916
2012.11941823 0.958127700792
2012.13984986 0.995513214118
2012.16028158 1.00728858004
2012.18071341 0.949607756687
2012.20114503 0.946051395875
2012.22157676 0.973637914335
2012.24200858 0.967358837947
2012.26244021 0.966782421249
2012.28287203 0.961203935126
2012.30330375 0.952023914418
2012.32373538 0.990666994833
2012.3441672 0.937033299414
2012.36459892 0.946089819966
2012.42589409 1.02618511262
2012.44632582 1.01267752322
2012.48718926 1.03483044291
2012.52805271 1.03649839043
2012.54848443 1.03710233247
2012.56891625 1.03296776184
2012.58934797 1.06667314225
2012.6097796 1.05176275016
2012.63021142 1.04820796552
2012.65064314 1.01379969743
2012.67107476 1.01182156299
2012.69150658 0.984164978555
2012.7119383 0.979399400713
2012.73236992 1.04253815353
2012.75280174 0.981972745987
2012.77323346 0.950167519956
2012.79366508 1.00084272809
2012.8140969 0.958298351674
2012.83452862 0.919872775611
2012.85496034 0.972281510693
2012.87539206 0.996244140617
2012.89582368 1.02996578749
2012.9162555 1.00763875459
2012.95711894 1.02335598627
2012.97755066 1.03697495514
2012.99798238 1.03166623837
2013.03884582 1.03031081465
2013.10014107 1.0366039577
2013.12057269 1.03952860281
2013.14100451 0.987214129854
2013.16143622 1.00515425025
2013.18186784 1.01363955684
2013.20229966 1.02725376178
2013.22273137 1.03598938805
2013.24316299 1.0021766225
2013.26359481 1.01699020057
2013.28402653 1.03774479331
2013.30445814 1.02536404823
2013.32488996 1.03493052129
2013.34532167 1.00160244632
2013.36575329 1.0191140175
2013.38618511 0.982242895868
2013.40661682 1.02406622612
2013.42704854 1.01380563624
2013.44748025 1.01494536616
2013.46791197 1.00348973715
2013.48834368 1.06238177224
2013.5087754 0.985181494981
2013.52920711 1.00335127281
2013.54963883 0.95704133373
2013.57007054 0.970551232682
2013.59050226 0.943017894523
2013.61093407 0.981559685458
2013.63136569 0.975949196158
2013.6517974 0.975756762823
2013.67222921 0.957485639396
2013.73352435 0.954730706845
2013.79481949 0.889911959916
2013.81525111 0.954289772965
2013.83568292 0.940106406556
2013.85611463 0.989357556577
2013.87654624 1.0097537733
2013.89697806 0.98634396134
2013.91740977 0.95652995874
2013.93784148 1.01811413756
2013.95827319 1.0349864445
2013.9787049 0.972217740388
2013.99913661 1.02934746953
2014.01956833 0.987966165791
2014.12172698 1.04184960917
2014.14215869 0.983174520962
2014.1625903 1.01094575495
2014.18302211 1.00385102349
2014.20345382 1.0407637141
2014.22388543 1.00587149314
2014.24431724 1.00283844677
2014.26474885 0.998979815128
2014.28518056 0.985285913195
2014.30561237 0.984066793273
2014.32604398 1.01787446077
2014.34647579 1.00171851526
2014.3669075 0.99881928039
2014.38733911 1.01724617356
2014.40777092 0.986963300828
2014.42820262 1.00758500007
2014.44863433 1.00811786684
2014.48949775 1.00676252072
2014.50992946 1.01761307602
2014.53036116 1.01250442821
2014.55079287 0.995349457519
2014.57122458 0.959792622374
2014.59165639 1.00862095642
2014.61208799 0.990328258045
2014.6325198 0.990513673273
2014.65295151 0.998547804131
2014.67338312 0.947002188707
2014.69381492 0.990980421542
2014.71424663 0.976962891513
2014.73467824 0.976784963719
2014.75511004 0.957062865886
2014.77554175 0.992604435203
2014.83683687 0.980418010348
2014.85726847 1.00180369888
2014.93899539 0.995057224264
2014.9594271 1.05010161497
2014.9798588 1.00735632507
2017.86072856 0.98814865235
2017.88116035 1.06285258203
2017.90159194 1.01431192705
2017.92202362 0.997535301193
2017.94245541 1.0200091114
2018.02418206 0.96677071473
2018.04461375 1.02971012572
2018.06504554 0.99534174928
2018.08547712 1.00199247605
2018.10590891 1.00030095763
2018.1263406 1.01550822333
2018.14677228 0.989177589742
2018.16720397 0.991846415052
2018.18763566 1.01287274202
2018.20806734 1.00949554954
2018.22849903 0.980178760623
2018.24893071 1.01193310123
2018.2693624 0.991039799318
2018.28979419 1.00477488415
2018.31022577 1.01317627462
2018.33065746 1.00724118304
2018.35108924 0.992254015924
2018.37152083 1.00019048284
2018.39195262 0.977758741661
2018.4123843 0.991438540463
2018.43281589 0.979968619098
2018.45324767 0.995145117284
2018.47367936 1.0009507965
2018.49411094 1.00431117005
2018.51454273 1.00856562536
2018.53497431 0.994210131271
2018.555406 1.0150342227
2018.57583778 1.03544852514
2018.59626937 0.974884738916
2018.61670115 0.977290508648
2018.63713283 1.04370296703
2018.65756452 0.962887554312
2018.6779962 0.969704832483
2018.69842789 0.976723169883
2018.71885957 0.985578583846
2018.73929125 0.996010714985
2018.75972294 0.954216137963
2018.78015462 1.01704518293
2018.80058641 1.00695777641
2018.82101799 1.0168913641
2018.84144977 1.03048059274
2018.86188146 1.0100229107
2018.88231304 1.03809841318
2018.90274482 1.00227086697
2018.92317651 0.999454589068
2018.94360809 1.0096229982
2018.96403987 0.975807587848
2018.98447155 1.01152021473
2019.00490314 0.994040617216
2019.02533492 0.974946353351
2019.0457666 0.968441033005
2019.06619818 1.01784879812
2019.08662997 1.007107877
2019.10706165 0.965216906388
2019.12749333 0.982816948699
2019.14792501 1.00282261914
2019.16835669 0.985116554552
2019.18878838 1.02062781129
2019.20922006 0.991849680831
2019.22965174 0.995305884648
2019.25008342 1.01156765258
2019.2705151 0.957036445687
2019.29094678 1.0001554394
2019.31137847 0.964346165365
2019.33181015 1.03857768175
2019.35224193 1.03994159156
2019.37267361 0.992288027731
2019.39310519 1.00063001882
2019.41353697 0.981852435918
2019.43396865 1.0001525263
2019.45440023 1.0598660159
2019.47483201 1.01936015657
2019.49526369 1.00892111197
2019.51569527 0.966942351872
2019.53612705 0.98816548424
2019.55655873 1.03093759862
2019.57699031 1.00907522877
2019.59742209 0.941816537317
2019.61785377 0.961953625913
2019.63828555 1.00971928072
2019.65871713 1.01647585933
2019.67914881 0.989955913054
2019.69958059 1.00352388783
2019.72001217 1.02239135417
2019.76087563 1.020140619
2019.78130731 1.02055762308
2019.80173889 1.04353158971
2019.82217067 0.996826891647
2019.84260235 0.999333528021
2019.86303403 0.964493535444
2019.88346571 1.01820888147
2019.90389729 0.969070214865
2019.92432906 0.953020359476
2019.94476074 1.03108747543
2019.96519232 1.02987348573
2019.9856241 0.987487232845
2020.00605578 0.997803479801
2020.02648736 1.00829388376
2020.04691913 1.01487797272
2020.06735081 1.00231334399
2020.08778239 0.981711257551
2020.10821417 1.01657138478
2020.12864585 0.99956917882
2020.14907762 0.981436365101
2020.1695092 0.981955069544
2020.18994088 1.02807887585
2020.21037266 0.983967569558
2020.23080424 0.991424712869
2020.25123591 1.02165224468
2020.27166769 1.02576058631
2020.29209937 0.984047878169
2020.31253094 0.965511751109
2020.33296272 0.990168824156
2020.3533944 1.01593549746
2020.37382608 1.04871724103
2020.39425775 1.01709438825
2020.41468943 0.999994020367
2020.43512121 0.994946075352
2020.45555278 0.974308650414
2020.47598446 1.00225261121
2020.49641614 1.00040645691
2020.51684781 1.01323289766
2020.53727949 0.964476062736
2020.55771116 1.00290185014
2020.57814284 1.00597583843
2020.59857452 1.02764580506
2020.61900619 0.996280537384
2020.63943787 0.995035152532
2020.65986964 0.973620473293
2020.68030122 1.01791994799
2020.7007329 1.01798928044
2020.72116467 1.0061677731
2020.74159625 1.01167857353
2020.76202792 1.03894746239
2020.7824597 0.977264057531
2020.80289137 0.989357996114
2020.82332295 0.972199604263
2020.84375472 0.98881148064
2020.8641864 0.996048423771
2020.88461807 1.01515259959
2020.90504975 1.00673326071
2020.92548142 1.02156215613
2020.9459131 0.975308402203
2020.96634477 0.971229065599
2020.98677645 1.00837505653
2021.00720822 0.970820333512
2021.0276398 1.01002824284
2021.04807147 0.993130313288
2021.06850325 1.00663374799
2021.08893482 0.994288772932
2021.10936649 0.984361388667
2021.12979827 1.00788872457
2021.15022984 1.02224686165
2021.17066162 1.01967124271
2021.19109329 1.02737796596
2021.21152486 0.992512536758
2021.23195664 1.01518304525
2021.25238831 0.98208425788
2021.27281989 1.0033521023
2021.29325166 1.01126119708
2021.31368323 1.02828864736
2021.33411491 0.988384425217
2021.35454668 0.968602117714
2021.4158417 1.02264404559
2021.43627337 0.994478330373
2021.47713672 0.969324066776
2021.49756839 0.994877518897
2021.51800016 0.976315577034
2021.53843174 0.956475867438
2021.55886341 0.976837535159
2021.57929518 0.998323827266
2021.59972675 1.01493639651
2021.62015853 1.00640364434
2021.6405902 1.03755995159
2021.66102177 0.990105019095
2021.68145354 0.992915657592
2021.72231679 0.978891795144
2021.74274856 0.999640450514
2021.76318023 0.978938845505
2021.7836118 1.03763393437
2021.80404358 1.05039786059
2021.82447525 1.03164055168
2021.84490692 1.01496699452
2021.86533859 1.0237295993
2021.88577026 0.987122266531
2021.90620194 1.04227463686
2021.98792862 1.022590098
2022.00836029 1.04092223121
2022.02879206 0.973531518593
2022.04922363 1.00027623649
2022.06965531 1.00622748593
2022.09008708 0.996475470416
2022.11051865 1.03772032877
2022.13095042 1.01232515691
2022.15138209 1.01533303027
2022.17181366 1.01157349405
2022.19224543 0.983840503276
2022.2126771 0.99783413814
2022.23310867 0.993234408893
2022.25354044 1.00047245091
2022.27397211 0.99964491138
2022.29440368 0.997316789976
2022.31483545 0.989689338233
2022.33526712 1.00338924012
2022.35569889 0.985143495808
2022.37613046 0.990640110479
2022.39656214 0.99969609754
2022.41699391 1.01307067415
2022.43742548 0.951849418043
2022.45785715 0.991356361267
2022.47828892 0.988451057175
2022.49872058 0.937527723312
2022.51915215 1.01305202577
2022.53958392 1.00732349733
2022.56001559 1.00326752727
2022.58044716 0.997595047243
2022.60087893 0.998821956242
2022.6213106 1.05535448526
2022.64174227 1.02014795096
2022.66217394 1.01890298827
2022.68260551 1.04704980237
2022.70303728 1.00504637376
2022.72346895 1.01278207396
2022.74390052 1.03846654322
2022.76433229 1.03038597702
2022.78476396 0.997231239665
2022.80519553 0.998042685573
2022.82562729 0.979326160563
2022.84605896 0.969572077978
2022.86649073 0.981360418403
2022.8869223 1.012890095
2022.90735397 0.997872465365
2022.92778574 1.00794364568
2022.94821731 1.00567488247
2022.96864898 0.941920406039
2022.98908074 1.0151537115
2023.00951241 0.981447650537
2023.02994398 1.00375995594
2023.05037575 1.03043922963
2023.07080742 0.982759450983
2023.09123909 0.976957141412
2023.11167075 0.988582740126
2023.13210242 0.961914382978
2023.15253419 0.926980921362
2023.17296576 0.984053972737
2023.19339743 0.993163504166
2023.2138292 1.00383315169
2023.23426076 1.02385420644
2023.25469243 1.01632283619
2023.3364192 0.983397451921
2023.35685077 1.01701333621
2023.37728254 0.985364319665
2023.3977141 0.969820813626
2023.41814577 1.00477946682
2023.43857754 0.98389445932
2023.47944077 0.994600654794
2023.49987254 0.967569740373
2023.52030421 1.00652484327
2023.54073578 0.950497694667
2023.56116754 1.02467884076
2023.58159921 0.997782075485
2023.60203088 0.974566085002
2023.62246254 0.990054787328
2023.64289421 0.974676020314
2023.68375755 0.960718080073
2023.70418921 0.991715322408
2023.72462098 0.963119255959
2023.74505255 1.03021639843
2023.76548421 1.03673308696
2023.78591598 1.02627346752
2023.80634755 1.00118946504
2023.82677931 1.00991548833
2023.84721098 1.02125610863
2023.86764255 0.986663045097
2023.88807431 1.00847024935
2023.90850598 0.997261044859
2023.92893754 0.985534206923
2023.94936931 1.01663862289
2023.96980098 1.00690822097
2023.99023264 1.0087237991
2024.01066431 1.05384683159
2024.03109598 0.989419291964
2024.05152764 1.02817652852
2024.07195931 0.975756100645
2024.09239097 0.988135844969
2024.11282264 0.983094850365
2024.13325431 0.995454268888
2024.17411764 1.06077790236
2024.1945493 1.00240896378
2024.21498097 0.98820215914
2024.23541273 1.01871286951
2024.2558443 1.00012927049
2024.27627607 0.996361004943
2024.29670773 0.968594018779
2024.3171393 0.989926371017
2024.33757106 1.01341396704
2024.35800273 0.938084614593
2024.37843429 1.00461019508
2024.39886606 0.99700308252
2024.41929772 0.991676374141
2024.43972929 0.990294350681
2024.46016106 1.00830040084
2024.48059272 0.980883164734
2024.50102449 0.941020475149
2024.52145605 0.997637303579
2024.54188772 1.02653558244
2024.56231948 1.01126310087
2024.58275105 0.967921326895
2024.62361448 0.933502129606
2024.64404604 0.997220923047
2024.66447771 1.01456915182
2024.68490947 0.973170489917
2024.70534114 1.03610464705
2024.7257728 0.966892606558
2024.74620447 1.03627903058
2024.76663603 0.98394665639
2024.7870678 1.01717423174
2024.80749946 1.01636364635
2024.82793102 1.03018870196
2024.84836279 1.00759047345
2024.86879445 0.936013720604
2024.88922602 1.00933410979
2024.90965778 1.01004778825
2024.93008945 0.967207833083
2024.95052121 0.997991854436
2024.97095278 1.01795827417
2024.99138444 1.00144377601
2025.01181621 1.00445619877
2025.03224777 1.01222347117
2025.05267943 0.975674502804
2025.0731112 0.955130282652
2025.09354276 0.998086712447
2025.11397443 0.946847370357
2025.13440619 1.01892279876
2025.15483785 0.977033534974
2025.17526952 1.01589553213
2025.19570118 1.02272646289
2025.21613285 0.945162819605
2025.23656451 1.01321314604
2025.25699618 0.981432541606
2025.27742784 0.981471074981
2025.2978596 0.973952722582
2025.40001792 0.961076895802
2025.42044949 0.981640955559
2025.44088115 0.93280770206
2025.46131291 0.985264868061
2025.48174448 0.983817711593
2025.50217614 0.991094350211
2025.5226079 0.998216704755
2025.54303947 0.976097513636
2025.56347113 0.98238357363
2025.5839029 1.01867637746
2025.60433446 0.960270678361
2025.64519789 1.01683160833
2025.66562945 0.996927230286
2025.68606121 1.04247185068
2025.70649288 0.987102039789
2025.72692454 1.03091784249
2025.7473562 0.980211953583
2025.76778787 0.996372348585
2025.78821953 1.04588785951
2025.80865119 1.00527187883
2025.82908286 0.99614615337
2025.84951462 1.01824105669
2025.86994628 1.02354138097
2025.89037785 1.01886021442
2025.91080961 1.01534769389
2025.93124127 1.0628688756
2025.95167284 0.992571983972
2025.9721046 1.01961249258
2025.99253626 0.976244870543
2026.01296782 1.04839386413
2026.03339959 1.01278754763
2026.05383125 1.014851395
2026.07426291 0.998209671906
2026.09469458 1.03606565515
2026.11512624 1.00681534869
2026.15598957 1.00089590202
2026.17642113 1.02501809326
2026.19685289 0.99720867847
2026.21728455 1.02166743835
2026.23771622 1.02163027186
2026.25814788 0.993678183334
2026.27857954 1.01227778183
2026.31944287 1.01052934125
2026.33987453 0.96410092354
2026.36030629 0.962449468471
2026.38073796 1.01469921167
2026.40116952 1.02086250062
2026.42160128 0.992066984215
2026.44203294 0.998966438991
2026.46246451 1.00254529166
2026.48289627 0.979636006389
2026.50332793 1.02771875728
2026.52375969 1.02554299124
2026.54419126 0.985563306547
2026.56462292 1.01839397937
2026.58505468 1.01051031976
2026.60548624 1.02509533473
2026.62591791 0.965678484527
2026.64634967 0.971998460511
2026.66678123 1.05036028702
2026.68721289 1.01135785767
2026.70764466 0.994298651825
2026.72807622 0.992769369081
2026.74850798 0.993516066104
2026.76893964 0.992878481389
2026.78937121 0.935094112746
2026.80980297 0.992347304807
2026.83023453 0.930014958198
2026.85066629 0.977193604292
2026.87109796 0.994791046398
2026.89152952 0.99683566417
2026.91196118 0.995231163723
2026.99368793 0.976112157576
2027.01411959 0.99463291759
2027.09584634 0.955492840482
2027.1162779 0.981057733388
2027.13670957 1.03216127068
2027.15714133 1.03851312836
2027.17757289 0.984597295009
2027.19800465 1.01636049665
2027.21843631 1.01952365297
2027.23886788 0.989223659384
2027.25929964 0.969346596718
2027.2797313 0.943005034233
2027.30016286 0.97931916877
2027.32059462 0.981227343601
2027.34102629 0.996432007688
2027.36145805 1.01770493145
2027.38188961 1.04391384082
2027.40232127 0.992104703536
2027.42275303 1.03165720833
2027.4431846 1.0240689049
2027.46361626 1.04553715958
2027.48404792 0.974180626526
2027.50447968 1.0045353458
2027.52491124 1.01829162192
2027.56577457 1.01239776665
2027.60663799 0.998836954268
2027.62706955 0.995544656851
2027.64750132 1.00645255974
2027.68836454 0.989317014241
2027.7087963 0.97810328156
2027.72922796 1.01626166146
2027.74965953 0.994850780808
2027.77009129 0.985091618837
2027.79052295 1.03423796065
2027.81095471 0.976169000224
2027.83138627 0.95795528958
2027.85181794 0.99024939493
2027.8722497 0.980803324745
2027.89268126 1.01266877938
2027.91311292 1.04573119352
2027.93354468 0.999408244587
2027.95397625 0.985730097357
2027.97440791 1.02518171746
2027.99483967 0.979624485978
2028.01527133 0.999234089672
2028.03570299 1.03063240228
2028.17872463 0.966684552415
2028.19915629 1.02748276268
2028.21958795 1.03929252589
2028.24001961 0.976794173964
2028.26045137 1.02221677945
2028.28088294 0.991692410436
2028.3013146 0.961854992634
2028.32174636 0.992268648711
2028.34217792 1.02055412304
2028.36260958 0.970247507871
2028.38304135 1.0112047121
2028.40347291 1.02859818286
2028.42390467 1.02807016034
2028.44433633 0.990041921665
2028.46476789 0.970505932287
2028.48519966 0.970472608565
2028.50563132 1.01067687566
2028.52606288 1.02860901895
2028.54649464 0.941154958945
2028.5669263 0.968848728803
2028.58735797 1.02595536439
2028.60778963 1.00358197289
2028.62822129 1.00093813737
2028.64865305 0.971843837885
2028.66908461 1.05140081204
2028.68951628 0.993285482109
2028.70994804 0.98561191389
2028.75081126 1.03359625062
2028.77124302 0.995732569589
2028.79167469 0.969059502819
2028.81210625 0.957205003488
2028.83253801 0.952861526683
2028.85296967 1.00466886152
2028.87340133 1.02583620488
2028.893833 1.01036800617
2028.91426456 1.02865168384
2028.93469632 0.987563263097
2028.95512798 0.989318192348
2028.97555954 1.00127002521
2028.99599131 0.984958628155
2029.01642297 0.971185144425
2029.03685453 1.0206690311
2029.05728629 1.00454138248
2029.07771796 0.997494674051
2029.11858128 0.972942431287
2029.13901294 0.982610852733
2029.1594447 0.965596507771
2029.17987627 1.01480775802
2029.20030793 1.01356535681
2029.22073969 0.945012748138
2029.24117135 0.981169915561
2029.26160301 1.04327820068
2029.28203468 0.967681659536
2029.30246634 0.986907035018
2029.322898 1.01676175022
2029.34332966 0.988145564266
2029.36376133 1.05005756996
2029.38419309 1.01731976938
2029.40462465 0.999509227628
2029.42505631 1.00473755416
2029.44548808 0.984462121303
2029.46591964 0.964515312564
2029.4863514 0.992688686779
2029.50678306 0.997216340186
2029.52721462 0.934490782819
2029.56807795 0.978394899852
2029.58850961 1.03460793899
2029.60894137 1.0395590411
2029.62937294 0.990858400271
2029.6498046 1.02290365536
2029.67023636 1.00852058524
2029.69066792 1.03986129689
2029.71109969 0.977115965825
2029.73153135 0.997051497282
2029.75196301 1.00038956295
2029.79282634 0.991745567629
2029.813258 0.998140269277
2029.83368966 1.00676690975
2029.85412133 1.00243017695
2029.89498475 0.9940709776
2029.91541631 0.994185564352
2029.93584808 1.00089339086
2029.95627974 0.982404452397
2029.9767113 1.01511572665
2029.99714306 0.991248320981
2030.01757473 0.960056165616
2030.03800629 0.992962361822
2030.05843805 1.00791416442
2030.07886972 0.977651623075
2030.09930148 0.998921282368
2030.11973304 1.01094329521
2030.1401647 1.02145027923
2030.16059647 0.997236794764
2030.18102803 1.01598261537
2030.20145969 1.0045419818
2030.22189136 1.00185448299
2030.24232302 1.00177800868
2030.26275468 1.01403500652
2030.28318634 1.03778421502
2030.30361801 1.00319676873
2030.32404977 0.984011852775
2030.34448133 1.01754876178
2030.364913 1.03745351843
2030.38534476 0.983892373583
2030.40577642 1.04195314853
2030.42620799 0.980515815497
2030.44663975 0.986916265305
2030.46707141 0.971474472404
2030.48750308 1.00264888984
2030.50793474 0.975568763187
2030.5283664 0.997599160427
2030.54879807 1.01068443365
2030.58966139 1.00696147301
2030.61009316 0.999734927634
2030.63052472 0.989872800565
2030.65095638 0.97662793398
2030.67138815 0.982105500912
2030.69181971 1.00895130958
2030.71225147 0.95789167728
2030.73268314 1.02313577892
2030.7531147 0.939474366733
2030.77354646 0.975887001091
2030.79397813 1.0458962904
2030.81440969 0.976995158464
2030.83484146 1.01538270636
2030.85527312 1.00633393909
2030.87570478 1.05379023396
2030.89613645 1.00418888783
2030.91656811 0.959324986721
2030.93699977 1.05284902253
2030.95743144 0.971709099309
2030.9778631 1.01982329003
2030.99829477 0.966892471007
2031.01872643 0.997701715299
2031.03915809 1.00456149765
2031.05958986 0.963769491898
2031.08002142 0.998739356927
2031.10045319 1.02834655054
2031.12088485 1.01281434336
2031.14131641 1.02262477874
2031.16174818 0.958408516775
2031.18217984 0.995328676915
2031.20261141 1.01789598957
2031.22304317 0.980428386973
2031.24347484 1.02779042815
2031.32520159 1.01972227597
2031.38649659 1.01989503156
2031.40692815 1.00276685339
2031.42735982 0.981160360618
2031.44779158 1.0063210598
2031.46822315 0.972273909443
2031.48865491 0.977226097218
2031.52951824 1.03420906847
2031.5499499 0.997685722648
2031.57038157 1.06120433862
2031.59081313 0.972889946461
2031.6112449 0.983797379119
2031.63167656 1.02416503124
2031.65210813 0.969385294981
2031.67253989 0.965690562886
2031.69297156 1.0293185676
2031.71340322 0.967870836407
2031.73383489 0.972257453113
2031.75426655 0.962252247623
2031.77469832 1.02619909015
2031.79512988 0.994487988898
2031.81556155 1.00330164431
2031.83599331 1.00872960494
2031.85642488 0.985076316475
2031.87685665 1.01585281363
2031.89728831 0.990411921026
2031.91771988 1.00330581752
2031.93815164 1.00975059736
2031.95858331 0.964985123059
2031.97901487 0.989451259983
2031.99944664 0.925193849184
2032.0198783 1.00366915336
2032.04030997 1.00139126847
2032.06074164 1.01998569588
2032.0811733 1.00754902932
2032.10160507 0.957805236437
2032.12203663 1.03331407012
2032.1424683 0.984611638579
2032.16290006 0.974138913984
2032.18333163 0.982200007878
2032.2037633 0.960516971113
2032.22419506 0.977542358354
2032.24462673 0.946339773892
2032.26505839 0.989512041448
2032.28549006 0.979818432138
2032.30592163 0.981614472287
2032.32635339 0.961138858705
2032.34678506 1.01706107999
2032.36721663 1.02952098665
2032.42851162 0.957405830953
2032.44894339 1.02112492714
2032.46937506 0.998412740495
2032.48980682 1.02872901857
2032.51023839 1.02081416266
2032.53067006 1.01355272478
2032.55110182 1.01117006591
2032.57153339 1.00456140958
2032.59196506 1.02244113242
2032.61239682 1.01324102403
2032.63282839 0.996592949277
2032.65326016 0.998879358159
2032.67369183 1.01406713618
2032.69412339 0.950997539561
2032.71455516 0.959084088143
2032.73498683 1.00198456138
2032.75541849 1.00935748978
2032.77585016 1.02368539278
2032.79628183 1.04924129644
2032.8167135 1.05518314235
2032.83714516 1.02160105851
2032.85757683 1.03782501478
2032.8780085 0.999377740641
2032.89844027 1.06870723985
2032.91887183 1.00843948779
2032.9393036 1.03417763405
2032.95973517 1.02470250815
2032.98016684 1.03961999346
2033.0005986 1.05764172266
2033.02103017 1.04168276538
2033.04146194 1.06896301295
2033.06189361 0.971132664628
2033.08232518 1.04441498258
2033.10275694 0.969611370633
2033.12318861 0.963071720244
2033.14362018 0.974442927382
2033.16405195 0.957509141758
2033.18448362 0.96379483356
2033.20491518 0.953085826684
2033.22534695 0.99821661757
2033.24577862 0.995538706393
2033.26621039 0.998233769763
2033.28664196 1.0526643809
2033.30707363 0.985926821159
2033.32750539 1.00605969589
2033.34793696 0.997654109612
2033.36836863 0.99548952855
2033.3888004 0.980949636515
2033.40923207 0.948925761805
2033.42966374 0.984882938475
2033.45009541 1.00390346122
2033.49095874 1.0146281647
2033.51139041 1.0406775225
2033.53182208 1.01635707944
2033.55225385 1.04614220567
2033.57268542 1.03272226101
2033.59311719 1.02553929656
2033.61354876 1.00440274971
2033.63398043 0.982607077461
2033.6544122 1.03700009969
2033.67484377 0.993909498201
2033.69527544 0.983374424878
2033.71570721 1.03662010037
2033.73613878 0.994491080132
2033.75657045 1.01042786731
2033.77700222 1.01825820327
2033.79743379 1.02680643616
2033.81786556 1.0272961906
2033.83829723 1.04020733102
2033.8587288 1.01613634773
2033.87916057 0.961571959275
2033.89959224 0.99164053168
2033.92002391 0.944236309225
2033.94045558 0.950535518648
2033.96088725 0.955323635953
2033.98131902 0.97271384336
2034.00175059 1.04022566808
2034.04261403 0.976061201977
2034.0630457 0.972612190906
2034.08347727 1.00172873756
2034.10390904 0.982994740066
2034.12434071 0.929545433109
2034.14477228 0.96192889059
2034.16520405 0.948719579339
2034.18563572 0.926073565449
2034.20606739 0.985500462971
2034.22649907 1.00976211092
2034.24693074 1.00163433669
2034.26736241 1.00556206261
2034.28779408 1.00627904155
2034.30822575 1.00921403153
2034.32865742 0.968834274248
2034.34908909 0.939592422964
2034.36952086 1.03098895452
2034.38995244 1.05221278221
2034.41038411 0.987251348851
2034.43081588 0.981808809787
2034.45124745 0.983304638178
2034.47167912 0.985616947181
2034.4921109 1.05576987078
2034.51254247 1.0028588683
2034.53297414 0.987273545544
2034.55340591 0.98539580602
2034.57383748 1.03908579218
2034.59426926 0.990936980306
2034.61470093 0.921717498747
2034.6351326 1.01666582753
2034.65556427 1.00969353939
2034.73729096 0.989306914808
2034.75772274 1.01341314522
2034.77815441 1.01426311744
2034.79858598 1.04686666497
2034.81901775 1.01752729964
2034.83944943 1.02828384669
2034.859881 1.06620922525
2034.88031277 1.01847692873
2034.90074445 1.00619390299
2034.92117602 1.02091603565
2034.94160779 0.99372053817
2034.96203947 0.994282509658
2034.98247114 1.00405210199
2035.00290281 1.02108614028
2035.02333439 1.01448662039
2035.04376616 0.987749896909
2035.06419783 0.996668610253
2035.08462941 0.975436737682
2035.10506118 1.04550258332
2035.12549286 0.985370901181
2035.14592463 0.99847847133
2035.1663562 0.978725823416
2035.18678788 0.947938487632
2035.20721965 0.974600898505
2035.22765123 0.997130185466
2035.2480829 1.04915911402
2035.26851468 0.998825252418
2035.28894635 1.01808597164
2035.30937802 0.966934783977
2035.3298097 1.02471399905
2035.35024137 1.02782282655
2035.37067305 1.01016970718
2035.39110472 1.02643260136
2035.4115364 0.977775440544
2035.45239975 1.03655565255
2035.47283142 1.00502365802
2035.4932632 1.02232957093
2035.51369477 0.991191707759
2035.53412655 1.05019419254
2035.55455823 0.995820205506
2035.5749898 0.970254935106
2035.59542158 1.01721791135
2035.61585325 0.946945992573
2035.63628483 0.959173938634
2035.6567166 0.993696751622
2035.67714818 0.980354694625
2035.69757996 1.0002719952
2035.71801163 1.01230921653
2035.73844321 0.94939939204
2035.75887498 1.03369717167
2035.77930666 0.976807029427
2035.79973834 0.951919329282
2035.82017001 0.983002882239
2035.84060169 1.03067094098
2035.9223285 0.993165715485
2035.94276017 1.00336553905
2035.96319175 0.99521794822
2035.98362353 1.00496447379
2036.00405521 1.04751048678
2036.02448678 0.987157836263
2036.04491856 0.970510067353
2036.06535024 1.00487722693
2036.08578202 0.95905021002
2036.10621359 0.991758869703
2036.12664527 0.977768349839
2036.14707705 1.00910387284
2036.16750863 1.02365045115
2036.1879403 1.04032565217
2036.20837208 1.02432626633
2036.22880366 1.02367421269
2036.24923544 0.994430317911
2036.26966702 0.999481740872
2036.29009869 0.955362342615
2036.31053047 1.01800721763
2036.33096215 0.953193251017
2036.35139373 1.01161404301
2036.37182551 0.987191593183
2036.39225709 0.995477915146
2036.41268877 1.04317580599
2036.43312054 1.04613208232
2036.4739839 1.02061146805
2036.49441558 0.981125992996
2036.51484726 1.01189484413
2036.53527894 1.0347122585
2036.55571062 1.04469636319
2036.5761423 0.97336960939
2036.59657408 0.977799481434
2036.61700566 1.00140080627
2036.63743744 0.962674667335
2036.65786912 1.0171426086
2036.6783007 1.02816007441
2036.69873248 1.02324645695
2036.71916416 1.02091588569
2036.73959574 1.02251911253
2036.76002752 1.00168456333
2036.7804592 0.985567833313
2036.80089098 0.997320232963
2036.82132256 1.00460646381
2036.84175424 0.989797451134
2036.86218602 1.02935778749
2036.8826176 0.965494366331
2036.90304928 0.970777150962
2036.92348106 1.03180006697
2036.94391264 0.999687300923
2036.96434433 0.979512628869
2036.98477611 1.00496613072
2037.00520769 0.992159203256
2037.02563947 1.0351541634
2037.04607105 0.969412007016
2037.06650273 1.02496605074
2037.08693451 0.978773764614
2037.1073662 0.987091308757
2037.12779778 1.01048202017
2037.14822956 0.993157440609
2037.16866124 0.983697142189
2037.18909292 1.0609183885
2037.20952461 1.00497093954
2037.22995629 0.991834203502
2037.25038797 0.977679992117
2037.27081965 1.01966583678
2037.29125134 1.01565146684
2037.31168312 1.05145622295
2037.3321147 0.98008886707
2037.41384153 1.01439630223
2037.43427322 1.01776780552
2037.4547048 0.999860820578
2037.47513658 0.965452689971
2037.49556827 0.928547834936
2037.51599985 0.943338786846
2037.53643163 1.03140513363
2037.55686332 1.026340115
2037.5772951 0.987931812519
2037.59772669 1.02549214151
2037.65902174 1.04182986515
2037.67945342 0.997148337515
2037.69988511 1.00878778529
2037.72031679 1.03940498475
2037.74074858 1.01320066157
2037.76118016 0.976532330824
2037.78161185 0.954739003656
2037.80204363 0.984301976266
2037.82247532 1.01360191165
2037.8429069 0.94592384636
2037.86333869 0.958774612869
2037.88377037 0.933162930327
2037.90420206 0.990687027669
2037.92463374 1.00552300572
2037.94506543 0.985020223453
2037.96549721 1.00104906173
2037.9859288 1.00214783084
2038.00636049 1.01562407742
2038.02679227 1.03429706326
2038.04722386 0.994363308014
2038.06765554 0.961013645333
2038.08808733 0.964304962362
2038.10851892 0.973542324354
2038.1289507 0.993477935705
2038.14938239 0.958911981048
2038.16981398 0.999451547662
2038.19024576 1.0327853815
2038.21067745 1.03667386498
2038.23110904 1.03126030686
2038.25154083 0.993147100089
2038.27197251 1.0265728609
2038.2924042 1.02856818042
2038.31283589 1.01226485709
2038.33326758 1.01062032043
2038.35369926 0.965944205984
2038.37413095 1.04616152142
2038.39456264 1.00814257065
2038.41499433 1.00040864319
2038.43542601 1.00837871951
2038.4558578 0.984256100776
2038.47628949 0.955210933436
2038.49672108 0.970551212574
2038.51715287 1.01548769471
2038.53758456 0.974147213655
2038.55801614 0.940708179399
2038.57844793 0.95503179485
2038.66017469 0.992173467007
2038.68060648 1.05588635566
2038.70103807 0.999922699594
2038.72146976 1.02947784002
2038.74190155 0.996639451606
2038.76233314 1.05735273061
2038.78276483 1.02640631595
2038.80319662 0.9881301094
2038.82362821 1.03030286172
2038.84406 0.971187992504
2038.86449169 0.97019032694
2038.88492328 0.995204657759
2038.90535507 1.02409955658
2038.92578676 1.03535936742
2038.94621845 1.03476292167
2038.96665014 1.01259039294
2038.98708183 0.945789737563
2039.00751352 0.987906899
2039.02794521 0.969649001726
2039.04837691 0.980392472778
2039.0688086 0.975072902855
2039.08924029 0.974683981507
2039.10967198 0.996096276772
2039.13010377 1.05237116167
2039.15053536 0.999455875161
2039.17096706 1.02610355817
2039.19139885 0.957989691809
2039.21183044 1.00213019107
2039.23226223 0.983768980781
2039.25269392 0.978746080567
2039.27312552 0.964056560845
2039.29355731 1.00178359075
2039.313989 0.92850356397
2039.3344206 0.950068062344
2039.37528408 1.03470708119
2039.41614747 1.06400258244
2039.43657916 1.06102205467
2039.45701095 1.03871201669
2039.47744255 1.03213507915
2039.49787424 1.00604559211
2039.51830604 1.03722766237
2039.57960112 1.0178989238
2039.60003281 0.99067927492
2039.62046451 1.04152661028
2039.6408962 1.03561371114
2039.6613278 0.993595415956
2039.68175959 0.999352019784
2039.70219129 1.02767196601
2039.72262288 0.9767069523
2039.76348637 0.973549483561
2039.78391817 0.971594060056
2039.80434976 0.963705939738
2039.82478146 0.98181505591
2039.84521325 1.00213282578
2039.86564485 1.03566815759
2039.88607654 1.02078239481
2039.90650834 1.02104655377
2039.92693994 1.02523931863
2039.94737163 1.03546736197
2039.96780343 1.06048826693
2039.98823503 1.0013920451
2040.00866682 1.00375401935
2040.02909852 1.0162107486
2040.11082521 1.02058067893
2040.13125701 1.0368538329
2040.1516887 0.995088238327
2040.1721205 1.01529661393
2040.1925521 0.952683130808
2040.2129838 1.00964607714
2040.23341559 0.987019428121
2040.25384729 1.03470495566
2040.27427889 0.969747098937
2040.29471069 0.927045075461
2040.31514239 0.963839113886
2040.33557409 0.972399598272
2040.41730088 1.02191381764
2040.43773248 1.00373720961
2040.45816428 0.987267217549
2040.47859598 0.980896506911
2040.49902758 0.977399946865
2040.51945938 0.953876520433
2040.53989108 0.936573748832
2040.56032288 0.978533930914
2040.58075448 0.977422187233
2040.60118618 1.028795583
2040.62161798 0.9848206561
2040.64204958 0.975692774934
2040.66248128 1.00195670389
2040.68291308 1.02276844046
2040.70334468 1.01327588039
2040.72377648 1.00265119178
2040.74420818 1.011628431
2040.76463989 0.969287295897
2040.78507159 0.957389634362
2040.82593499 0.951155418353
2040.84636669 1.0076760111
2040.86679839 1.02497650898
2040.8872302 1.00570071413
2040.9076618 1.01135436357
2040.9280935 1.02916843233
2040.9485253 1.04357477993
2040.968957 0.988238626355
2040.98938861 0.956487019119
2041.00982041 0.964606144716
2041.03025201 0.972646139999
2041.05068372 0.949665851357
2041.07111552 0.996280092011
2041.09154712 1.0353119694
2041.11197893 1.01569319148
2041.13241063 1.0027584924
2041.15284223 0.969037738058
2041.17327404 0.955310929911
2041.19370574 0.969738813415
2041.21413734 1.0151594883
2041.23456915 0.987611774858
2041.25500085 0.928752577806
2041.27543266 0.98608511725
2041.29586426 0.921859440056
2041.33672777 0.984922387313
2041.35715938 1.0537751143
2041.37759108 1.04307056161
2041.39802289 0.963675625611
2041.41845449 1.04012594307
2041.4388862 1.06039875958
2041.459318 1.0266870205
2041.47974971 1.03508995315
2041.50018142 1.01770713603
2041.52061312 1.0094792445
2041.54104483 0.978651173647
2041.56147653 0.983335358112
2041.58190824 0.984411862942
2041.60233995 0.991491972783
2041.62277175 1.00814749417
2041.64320336 1.00891455637
2041.66363517 1.02595368181
2041.68406677 0.966739123226
2041.70449848 0.996883078697
2041.7453619 0.973103416738
2041.7657936 0.961012019177
2041.78622541 0.97875299697
2041.80665702 1.00443899972
2041.82708883 0.996294787386
2041.84752054 1.0362930277
2041.86795215 0.98698026881
2041.88838395 0.980845468806
2041.90881566 1.02154698152
2041.92924727 0.969326467635
2041.94967908 0.944011034686
2041.97011079 1.02050570246
2041.9905425 0.954934668092
2042.01097421 0.963501318788
2042.03140592 0.947866787499
2042.05183773 0.971022728281
2042.07226934 0.986628216095
2042.09270105 1.03195419784
2042.11313286 1.01902259093
2042.13356457 1.0370392357
2042.15399618 1.00144502448
2042.17442799 1.01853009044
2042.1948597 1.00599400145
2042.21529141 1.01870055585
2042.23572312 1.01086486156
2042.25615483 1.00038225547
2042.27658664 1.00026385386
2042.29701825 0.985207585649
2042.31744996 0.972932929229
2042.33788168 1.03373281307
2042.35831339 0.945960203204
2042.3787452 1.01430145976
2042.39917681 1.0017667482
2042.41960852 1.0414016147
2042.44004034 1.02363642768
2042.46047195 0.980506619014
2042.48090366 1.0183453214
2042.50133547 0.941312817711
2042.52176709 1.00355528404
2042.5421988 1.02756617887
2042.56263061 0.982082774973
2042.58306223 0.982890716148
2042.60349404 0.966559711
2042.62392575 0.976610365129
2042.64435747 1.00416273275
2042.66478918 0.992333687112
2042.6852209 1.0013933445
2042.70565261 0.93812832277
2042.72608432 0.968310591415
2042.74651604 0.919638180076
2042.76694785 0.975171365381
2042.78737957 0.959392400769
2042.80781118 0.991076794985
2042.828243 1.0388479192
2042.84867471 1.02419927205
2042.86910633 0.982750166384
2042.88953814 0.974676358816
2042.90996986 0.984219685682
2042.93040158 0.999934385354
2042.95083329 0.950450765656
2042.99169672 0.962695696624
2043.01212844 1.0100584767
2043.03256016 0.97619866751
2043.05299187 1.05252363876
2043.07342359 1.03334169482
2043.09385521 1.05864862507
2043.11428702 1.03140401868
2043.13471874 1.02852947779
2043.15515056 1.0293437525
2043.17558218 1.04427732987
2043.1960139 1.03622377565
2043.21644571 0.995968949544
2043.23687733 1.01976922266
2043.25730905 0.972733296318
2043.29817249 1.00361870309
2043.3186043 1.02048648626
2043.33903602 1.02872864677
2043.35946774 0.990852483406
2043.37989946 1.02956754728
2043.40033118 1.05437841718
2043.4207629 0.999526070859
2043.44119472 1.02141149418
2043.46162634 0.974208932654
2043.48205816 1.00496958233
2043.50248988 1.00909377003
2043.5229215 0.982576247663
2043.54335332 1.04530677129
2043.56378504 1.02769297266
2043.58421666 1.00004260152
2043.60464848 1.067587887
2043.6250802 1.02988420203
2043.64551202 0.987729890312
2043.66594365 0.972271842889
2043.68637537 0.943796287523
2043.70680709 1.00139633513
2043.72723881 0.960217317472
2043.74767043 0.975538591826
2043.76810225 1.00038886134
2043.78853398 1.02439214915
2043.8089656 1.01758318895
2043.89069259 0.970854501954
2043.91112431 1.02098220524
2043.93155614 1.03007868752
2043.95198776 0.940274967221
2043.97241948 1.00490798023
2043.99285131 1.00264654248
2044.01328303 0.986968211804
2044.03371476 1.03126162595
2044.05414648 1.02160372613
2044.0745782 1.01433461304
2044.09500993 0.961195857355
2044.11544165 1.00006497035
2044.13587338 0.954569282981
2044.1563052 0.933858852719
2044.17673683 0.954341724624
2044.19716866 0.985711555593
2044.21760038 0.958325388253
2044.23803201 0.883862803494
2044.25846383 0.978613711984
2044.27889556 1.03724769361
2044.29932718 1.02228062211
2044.31975901 1.03502048086
2044.34019074 0.998242452784
2044.36062236 1.00277409178
2044.38105419 1.04584839783
2044.42191765 0.977114878313
2044.44234937 0.98592630864
2044.462781 0.995176091662
2044.48321283 0.966812136389
2044.50364456 1.00303463186
2044.52407628 1.00484686169
2044.54450801 0.981959147464
2044.58537157 1.02826990099
2044.6058032 1.0497313078
2044.62623493 1.0247506624
2044.64666676 1.01550105815
2044.70796194 1.01556018896
2044.72839367 1.01166698301
2044.7488254 1.00821804447
2044.76925713 1.03041919441
2044.78968886 0.923145360012
2044.81012069 0.988011524955
2044.83055232 1.00364945952
2044.85098405 1.01407837297
2044.87141589 0.967514670179
2044.91227925 0.994104952178
2044.93271108 0.991516160133
2044.95314271 0.998666673512
2044.97357454 0.965845515972
2044.99400627 0.971050298652
2045.01443791 1.02903217602
2045.03486974 1.00923230199
2045.05530147 1.00483524544
2045.0757331 0.998982573846
2045.09616494 0.990664526751
2045.11659657 0.987121286801
2045.1370284 0.995276857179
2045.15746014 1.01117934713
2045.17789177 0.975919600833
2045.1983236 0.982552643649
2045.21875534 0.941362246463
2045.2596188 0.99273869655
2045.28005054 0.988543790131
2045.30048237 1.01435749905
2045.32091411 1.00645456029
2045.38220931 1.01899339223
2045.44350452 0.994215336043
2045.46393615 1.01274398038
2045.48436799 0.983766912782
2045.50479973 1.06884831545
2045.52523156 1.02260617096
2045.5456632 0.995267876511
2045.56609494 1.06905111032
2045.58652677 1.05597611654
2045.60695841 0.997369721113
2045.62739015 1.00023459281
2045.64782198 1.03139017298
2045.66825362 1.01147445978
2045.68868546 0.960460457418
2045.7091172 1.01291558298
2045.72954883 0.991536357501
2045.74998067 0.989910713176
2045.77041231 0.987887328426
2045.79084405 1.02130227834
2045.81127589 1.00848632379
2045.83170763 0.99346192202
2045.85213937 1.03604621446
2045.87257111 1.00644857276
2045.89300285 0.972573996003
2045.91343459 0.961409681881
2045.93386633 0.989070587959
2045.95429807 0.959962279245
2045.97472981 0.963474694034
2045.99516155 0.987706667423
2046.01559339 1.00733886239
2046.03602513 0.98276242212
2046.05645677 1.00211849923
2046.07688861 0.987515479382
2046.09732035 1.01901232969
2046.11775199 1.01631720992
2046.13818383 1.03890100775
2046.15861558 0.996216973017
2046.17904722 1.00354009427
2046.19947906 1.04640985254
2046.2199108 0.995514810356
2046.24034264 1.01412062655
2046.26077429 0.983540271701
2046.28120603 0.980957448082
2046.30163787 1.02598946705
2046.32206952 1.00260419102
2046.34250126 0.98088532255
2046.362933 1.03069354596
2046.38336475 0.98477094238
2046.40379659 0.961730226862
2046.42422824 0.988646003828
2046.44465998 0.948603078455
2046.46509182 1.01262913715
2046.48552347 0.994508179305
2046.50595521 1.00166856077
2046.52638706 1.03803924844
2046.5468188 1.03097507336
2046.56725055 1.03545293617
2046.5876823 0.97684404397
2046.60811404 1.01131827909
2046.62854579 0.983988931956
2046.64897753 1.01580958348
2046.66940928 1.02079522891
2046.68984113 1.00717803654
2046.71027277 0.971190506609
2046.73070452 1.01449675336
2046.75113637 0.982263186253
2046.77156801 0.998268934494
2046.79199986 1.03087847095
2046.81243161 0.99393838836
2046.83286326 0.978117250147
2046.85329511 0.992483814674
2046.87372685 1.04352654798
2046.8941585 1.00046744877
2046.91459035 0.989320905006
2046.9350221 1.02335191405
2046.95545395 0.962921789146
2046.9758856 1.00198183635
2046.99631735 0.943628532826
2047.0167491 0.981589287222
2047.03718085 0.985439895833
2047.0576126 0.992329117268
2047.07804435 1.00520657331
2047.0984761 1.00586047855
2047.11890795 1.025973964
2047.1393396 1.00698106363
2047.15977135 0.97877515425
2047.1802032 1.03869654896
2047.2210666 1.01031586418
2047.24149845 1.0100735901
2047.26193021 1.01179778153
2047.28236186 0.993223606056
2047.30279371 1.03246812112
2047.32322546 1.03562966497
2047.34365732 0.98580854942
2047.36408897 1.03951051245
2047.38452072 1.0019783107
2047.40495257 0.974091995754
2047.42538423 1.00236023391
2047.44581598 1.00173400976
2047.46624783 0.969305037257
2047.48667949 0.97486800778
2047.50711134 0.965715940235
2047.5275431 0.957390250664
2047.54797475 0.974221472141
2047.56840661 0.997886159709
2047.58883836 1.02016556273
2047.60927002 1.01663377357
2047.62970187 0.98842179319
2047.65013363 1.02496988793
2047.67056538 1.00859191365
2047.69099714 1.02013968276
2047.71142889 1.00203928718
2047.73186075 0.972066745736
2047.75229241 0.98554245175
2047.77272416 0.988679334863
2047.79315592 1.00465563663
2047.81358768 0.977730471706
2047.83401944 0.942857303547
2047.85445129 0.999555944581
2047.87488295 1.00024638844
2047.89531481 0.994098529422
2047.91574657 0.964028180136
2047.93617822 1.01078765914
2047.95661008 0.965582585994
2047.97704184 1.00903230007
2047.9974735 0.966932698347
2048.01790536 0.983134400938
2048.03833712 1.01368030831
2048.05876898 0.983778054009
2048.07920064 1.00414194919
2048.0996324 0.992604700166
2048.12006426 1.00087566853
2048.14049592 0.996944464172
2048.18135954 1.01134268992
2048.2017912 1.02912560223
2048.22222306 1.01134708602
2048.24265482 1.00616938879
2048.26308648 0.977448950414
2048.28351835 0.973432855171
2048.30395011 0.9805983859
2048.32438187 0.968420564355
2048.34481363 0.991132834574
2048.36524539 0.961415835212
2048.38567706 0.942773498342
2048.40610892 0.951361071405
2048.42654068 0.97132602833
2048.44697245 1.01661411305
2048.46740421 0.991818309409
2048.48783597 0.999180846737
2048.50826784 0.986533646853
2048.5286995 0.989954103687
2048.54913127 1.01935253362
2048.56956313 0.996176059586
2048.58999479 1.00550554025
2048.61042666 0.976159997907
2048.63085842 1.01621042795
2048.65129009 1.02554735991
2048.67172196 1.02174340017
2048.69215372 1.01080604677
2048.71258539 0.993518190105
2048.73301725 1.04377763196
2048.75344902 0.996334746676
2048.77388089 0.981619045148
2048.79431255 1.00975318355
2048.81474432 1.00575986587
2048.83517619 1.02034265558
2048.85560785 1.00267827193
2048.87603962 1.05176874252
2048.89647149 1.00355595277
2048.91690316 0.990729336231
2048.93733493 0.989797607589
2048.95776679 0.995706486375
2048.97819856 0.977821834589
2048.99863033 0.97579464308
2049.0190621 1.04384720656
2049.03949387 0.964630729313
2049.05992564 0.943058759617
2049.08035741 0.982446167717
2049.10078918 0.924023441814
2049.12122095 0.971572913516
2049.14165272 0.922916890387
2049.18251626 1.03448245403
2049.20294803 0.93991977048
2049.2233799 0.948398939845
2049.24381157 1.01470459475
2049.26424334 1.05174918273
2049.28467522 1.04485055521
2049.30510689 0.950908740259
2049.32553866 0.974359509733
2049.34597053 1.00771600641
2049.3664022 1.00461922854
2049.38683408 1.02883695098
2049.40726585 1.0043401109
2049.42769752 1.026697839
2049.4481294 1.03215393602
2049.46856117 1.03267493951
2049.48899294 1.00670726507
2049.50942472 0.999232782845
2049.52985649 1.03197051831
2049.55028837 0.990552400328
2049.57072004 0.998641880559
2049.59115182 1.00207704199
2049.61158369 1.01268962887
2049.63201537 0.995194042922
2049.65244714 0.971199841263
2049.67287902 1.0122059192
2049.6933108 0.976982943306
2049.71374257 1.02960339017
2049.73417435 1.05830739609
2049.75460602 1.01603807156
2049.7750379 0.980986558855
2049.79546968 0.993517404934
2049.81590136 0.993699298627
2049.83633323 0.996580340269
2049.85676501 0.991509113109
2049.87719669 1.02128315024
2049.89762857 1.0254551774
2049.91806035 1.00146919404
2049.93849222 1.02000325746
2049.9589239 1.01550031569
2049.97935568 1.02132572999
2049.99978756 0.98431279867
2050.02021924 0.987142144109
2050.04065102 0.976360828092
2050.0610829 0.968721334402
2050.08151458 0.977079712407
2050.10194646 0.94554040824
2050.12237824 1.02990907481
2050.14280992 1.04105436875
2050.1632418 1.0185195272
2050.18367358 1.03792600847
2050.20410537 1.05089551704
2050.22453715 0.996314771801
2050.24496893 0.997295500562
2050.26540081 1.01036033792
2050.28583249 1.02410651644
2050.30626428 1.01481380241
2050.32669616 0.955047610061
2050.34712794 1.05895222148
2050.36755962 0.953929433018
2050.38799151 1.01118148674
2050.40842319 0.98567214288
2050.42885498 1.00629738861
2050.44928686 0.986038196007
2050.46971854 1.00421697446
2050.49015043 1.00260362643
2050.51058221 0.953733407969
2050.5310139 0.925150500295
2050.55144578 0.959003077953
2050.57187757 1.00251218508
2050.59230925 0.964695387828
2050.61274114 0.968795194887
2050.63317293 1.00154183077
2050.65360481 0.994672495125
2050.6740365 0.99585144359
2050.69446829 0.983669961812
2050.71490017 1.02431197251
2050.73533186 0.959378158257
2050.75576365 0.962168791339
2050.77619553 1.01040830428
2050.79662722 0.91443673336
2050.81705911 0.93313592435
2050.8374909 1.03606146863
2050.85792269 0.982533935092
2050.87835448 0.953299481201
2050.89878627 1.03525870906
2050.91921805 1.02384213641
2050.93964984 1.01057672491
2050.96008163 0.967512558133
2050.98051342 1.04505618922
2051.00094531 1.03857006764
2051.021377 1.03520177713
2051.04180889 1.00666451627
2051.06224059 0.977302299828
2051.08267238 1.00111198051
2051.10310427 1.00424078798
2051.14396775 1.0605753196
2051.16439964 1.00191008864
2051.18483133 1.00603657219
2051.20526323 1.00665098367
2051.22569502 1.02626676815
2051.24612671 0.988958855669
2051.26655861 1.03592886498
2051.2869904 0.981117188112
2051.30742209 1.01272212589
2051.32785399 0.983211178854
2051.34828578 0.994375556978
2051.36871767 0.997081663749
2051.38914937 0.980156512328
2051.40958116 1.02595057394
2051.43001306 0.995008307377
2051.45044475 1.04582908274
2051.47087655 0.963428224825
2051.49130845 0.964465490855
2051.51174024 0.974515725294
2051.53217194 0.99432675396
2051.55260383 1.00068511263
2051.57303563 0.972664138153
2051.59346743 1.00986831891
2051.61389922 0.993212265736
2051.63433102 1.01389422602
2051.65476282 1.0545595717
2051.67519462 1.03647905948
2051.69562641 1.03071347901
2051.71605821 1.0101698051
2051.75692191 1.00560898402
2051.77735361 1.01413550633
2051.79778541 1.01941193876
2051.81821731 1.0272160933
2051.83864901 0.988449682953
2051.85908081 0.961623195382
2051.94080811 0.980343099189
2051.96123981 0.988212689025
2051.98167171 1.01085893847
2052.00210351 1.00473395033
2052.02253521 0.9779034585
2052.04296712 0.967344434578
2052.06339892 0.95444833739
2052.08383082 0.992881382276
2052.10426252 0.972420053471
2052.12469433 1.0190528988
2052.14512623 1.06358648433
2052.16555803 1.03160831939
2052.22685344 0.989968360565
2052.24728515 1.02222217394
2052.26771705 0.996177619948
2052.28814886 0.954017813518
2052.30858076 0.98739016767
2052.45160331 1.06610102334
2052.47203521 0.968906006585
2052.49246692 1.00930149925
2052.51289873 0.987706391184
2052.55376234 1.02823770324
2052.57419415 1.0041716475
2052.59462606 0.971038382502
2052.61505777 0.959000515884
2052.63548968 0.983045772138
2052.65592149 0.992169811027
2052.6763532 1.00124064886
2052.69678511 1.01461401504
2052.71721692 0.993220769307
2052.73764873 1.03458970649
2052.75808054 0.970431839439
2052.77851235 1.00009282624
2052.79894416 0.976064775543
2052.81937597 0.998317579608
2052.83980778 1.01404097312
2052.86023969 1.05507309841
2052.8806715 1.0212469296
2052.90110322 1.02105231364
2052.92153513 1.02605372794
2052.94196694 1.00937189969
2052.96239865 1.0188170306
2052.98283057 1.03339482183
2053.00326238 0.946819859067
2053.02369429 0.978033246217
2053.04412601 0.978593844272
2053.06455782 0.959562291091
2053.10542145 0.859197955254
2053.12585317 0.990741321227
2053.14628508 1.04816090716
2053.1667169 1.04277734858
2053.18714881 0.999983884098
2053.20758053 0.977773119566
2053.22801234 1.03477212812
2053.24844426 1.01033417922
2053.26887598 0.977520301409
2053.28930779 0.978223969127
2053.30973971 0.968265734903
2053.33017143 1.0214106697
2053.35060335 1.00974544912
2053.37103516 0.965928268144
2053.45276244 0.980492502945
2053.47319426 0.978269427805
2053.49362608 0.982855598126
2053.51405789 0.977550043508
2053.53448981 1.00068333735
2053.55492153 0.982305768367
2053.57535345 1.00583563158
2053.59578528 0.997862302375
2053.616217 1.0615541455
2053.63664892 0.979649868872
2053.65708074 1.02131999988
2053.67751246 1.00547161367
2053.69794438 1.01902286711
2053.7183762 1.01272725654
2053.73880803 0.986257470872
2053.75923985 0.951945504213
2053.77967167 0.997614935659
2053.8001035 0.969414149368
2053.82053532 1.01191933796
2053.84096704 0.98340574557
2053.86139897 1.02397601908
2053.88183079 1.01435024214
2053.92269444 0.962970007324
2053.94312626 1.01409678345
2053.96355819 0.990423317664
2053.98398991 0.969070823958
2054.00442174 0.993214804313
2054.02485367 0.951871876226
2054.04528549 0.953429972445
2054.06571732 0.989870341936
2054.08614915 1.01119590205
2054.10658097 1.0373092105
2054.1270128 0.961280153579
2054.14744463 1.03086722483
2054.16787645 1.01273570101
2054.18830838 1.01174606642
2054.22917194 1.04768014658
2054.24960387 0.986595641239
2054.2700356 1.01570598094
2054.29046753 0.987852784678
2054.31089936 0.982345564229
2054.33133109 0.998601461635
2054.35176302 0.999855690954
2054.37219485 0.997718878621
2054.39262658 1.00417530141
2054.41305851 0.979854094657
2054.43349034 0.990560451285
2054.45392217 1.02090002958
2054.474354 1.0160233425
2054.49478573 0.980181591884
2054.51521767 0.992675678852
2054.5356495 0.98178886697
2054.55608133 0.993750065192
2054.57651316 0.990521357587
2054.596945 0.982052487935
2054.61737693 0.988568817136
2054.63780866 1.01940568396
2054.6582405 1.01557140704
2054.67867243 1.03650572795
2054.69910417 1.05072105856
2054.719536 0.985993186943
2054.73996794 1.01024495561
2054.76039977 0.989590077585
2054.78083161 0.985873912169
2054.80126344 1.00992110361
2054.82169528 0.982766729214
2054.84212712 0.983294462719
2054.86255895 0.991019209454
2054.88299079 0.999799511625
2054.90342273 0.971878750706
2054.92385446 1.06836742761
2054.9442863 1.02906568925
2054.96471824 0.997527944809
2054.98514998 1.00617981059
2055.00558192 1.02651748565
2055.02601375 0.964367927365
2055.06687743 1.02691454075
2055.10774101 0.989201989692
2055.12817295 0.987404328443
2055.14860469 1.03835120075
2055.16903663 1.02967305472
2055.18946847 1.00492982326
2055.20990021 1.00282483414
2055.23033216 0.986092772097
2055.250764 1.00886108768
2055.27119584 1.0080152788
2055.29162768 1.0474000084
2055.31205952 0.986992411488
2055.33249147 0.971790449245
2055.35292321 0.981006945573
2055.393787 0.992295948662
2055.41421884 1.04789911879
2055.43465058 1.00425144691
2055.45508253 0.997668049031
2055.47551437 1.04013139946
2055.49594622 0.954946936956
2055.51637806 0.961560522971
2055.53680991 1.0357254451
2055.55724185 1.04448675721
2055.5776736 1.04062433808
2055.59810545 1.0261304978
2055.61853739 1.02736456009
2055.63896914 0.985935548358
2055.65940099 1.01578791113
2055.67983293 0.976589382083
2055.70026468 0.928155723502
2055.72069663 0.993698980475
2055.74112838 1.0236554302
2055.76156023 0.997363329948
2055.78199217 0.967714501609
2055.80242392 1.02735040602
2055.82285577 1.01205461034
2055.84328772 0.961657556564
2055.86371947 1.00053683108
2055.88415142 1.02263501531
2055.92501512 0.985393001844
2055.94544697 0.979359163496
2055.96587882 0.981176616182
2055.98631068 0.953013593916
2056.00674253 0.999208878428
2056.02717438 0.98805693084
2056.04760633 0.999967048033
2056.06803818 1.01073515992
2056.08846994 1.01650980757
2056.10890189 0.986657297356
2056.12933374 0.975662971353
2056.1497655 0.993468024008
2056.17019745 0.995923741315
2056.19062931 1.00207862743
2056.21106126 0.985871923596
2056.23149301 1.02314304843
2056.25192487 1.00367794719
2056.27235682 1.06102601568
2056.29278858 1.01272761384
2056.31322044 1.00542644139
2056.33365239 0.997680267713
2056.35408415 0.986229110188
2056.37451601 0.959809604309
2056.39494786 1.01339898683
2056.47667529 0.986556398382
2056.49710725 0.991624876161
2056.51753901 0.98494387127
2056.53797087 0.98810108556
2056.57883469 0.965482039049
2056.59926655 1.03552073634
2056.61969841 0.98674239438
2056.64013027 0.977332980499
2056.66056213 0.994936965808
2056.68099399 0.963812715781
2056.70142585 1.03022795673
2056.72185771 0.962584838436
2056.74228957 0.990568610174
2056.76272153 1.00405980502
2056.7831534 0.975738852867
2056.80358516 0.986736212201
2056.82401712 0.991758893679
2056.84444899 0.992632129415
2056.86488075 1.01256803802
2056.88531271 0.973990407089
2056.94660831 0.996031563859
2056.96704017 0.97416363834
2056.98747214 1.00843964018
2057.0079039 0.997545381119
2057.02833577 1.03016526297
2057.04876773 1.04588217659
2057.1304951 1.01654649143
2057.15092707 1.03271116705
2057.17135883 1.01467699798
2057.23265454 1.03000425163
2057.25308631 1.03814091594
2057.29395015 1.06614044893
2057.31438202 1.02311624426
