# #0 time, 1 flux
2228.84110061 0.996048853044
2228.86153294 0.99631987688
2228.88196526 0.995254914935
2228.90239759 0.995844966184
2228.92282991 0.997851199151
2228.94326223 1.00314127353
2228.96369445 0.997594641161
2228.98412688 0.997620613965
2229.0045592 0.997776806422
2229.02499142 0.995064698422
2229.04542384 0.998313815155
2229.06585616 1.00033282915
2229.08628838 0.998798872397
2229.10672079 1.00172368993
2229.12715311 1.00177266717
2229.14758553 1.00013967113
2229.16801774 1.00759599839
2229.18845006 1.00132282343
2229.20888247 1.00289777416
2229.249747 1.00289297613
2229.27017942 0.996750910687
2229.29061163 0.990698031241
2229.31104394 0.998791717966
2229.33147635 1.00156728032
2229.35190866 1.0025880614
2229.37234097 0.992750679952
2229.55623184 1.0039266292
2229.57666405 1.00080025495
2229.59709635 1.00374659008
2229.61752866 1.00860208941
2229.63796096 1.0025100245
2229.65839316 1.00508478906
2229.78098716 1.00206794331
2229.80141936 1.00400073952
2229.82185166 1.00112273864
2229.84228406 0.99924959736
2229.86271635 0.997712824618
2229.88314855 0.99688921418
2229.90358094 1.00168504631
2229.92401324 0.998178748706
2229.94444543 0.99715851868
2229.96487783 0.997082692937
2229.98531012 1.0014571682
2230.00574231 1.00448595061
2230.02617471 1.00437007779
2230.046607 1.00014499569
2230.06703939 1.00081716064
2230.10790387 1.00021161738
2230.12833626 0.990272863237
2230.31222683 1.00030785181
2230.33265902 0.99944781536
2230.3530913 0.997671812504
2230.37352368 0.999682969362
2230.39395586 1.00006520051
2230.41438815 1.00260794897
2230.43482053 1.00323587533
2230.45525271 0.997262662398
2230.47568509 0.999973008756
2230.49611736 0.999841734855
2230.57784637 0.995881118539
2230.59827875 0.997358164892
2230.61871103 1.00211688787
2230.78216921 1.00435874225
2230.82303375 1.00646672186
2230.84346612 0.999391199888
2230.86389829 0.996842798074
2230.88433055 1.00121582861
2230.90476292 1.00453062433
2230.92519509 0.996238495416
2230.94562746 0.99865973792
2230.96605972 1.00075187904
2230.98649189 0.994948054034
2231.00692425 0.99692015174
2231.02735652 0.99575405967
2231.04778868 1.00778581358
2231.0886533 1.00034324071
2231.10908547 0.995775407752
2231.12951783 1.00166161108
2231.14994999 1.00147837233
2231.17038225 1.00072472848
2231.19081461 0.999870949711
2231.21124687 0.990798817322
2231.23167903 0.99716130935
2231.25211138 0.998069304565
2231.27254364 0.989090014989
2231.33384041 0.997316970812
2231.35427257 1.00593554646
2231.37470492 1.00150587718
2231.49729844 0.999887580225
2231.51773069 1.00035953908
2231.53816304 0.995885980386
2231.55859519 0.9976544018
2231.57902743 0.990330634998
2231.61989193 0.995202217173
2231.74248551 0.995598746389
2231.76291765 1.00601356852
2231.78334999 1.00259224526
2231.80378224 1.00680524536
2231.82421438 1.00034086082
2231.84464672 1.00368769939
2231.86507886 0.999734029948
2231.8855111 0.999248828708
2231.90594344 1.0035036494
2231.92637558 1.00260734246
2231.94680782 1.00004252642
2231.96724016 0.997809007319
2231.9876723 0.992662213702
2232.00810453 1.0044169357
2232.04896911 1.00160920956
2232.06940134 1.00743072026
2232.08983358 0.999636549711
2232.11026581 0.998085045008
2232.13069805 0.990102164516
2232.2941559 0.999369821288
2232.31458823 0.995601934859
2232.33502035 0.994583560144
2232.35545258 0.9974590339
2232.37588491 1.00028430015
2232.39631704 0.994557714139
2232.41674926 0.995869774544
2232.43718159 0.988718214485
2232.45761371 0.988467049723
2232.47804594 0.984915289544
2232.49847826 0.997791278727
2232.55977483 0.992654335352
2232.58020705 0.975724001064
2232.74366491 1.0005771823
2232.76409702 0.997898542647
2232.78452924 1.00085813111
2232.80496156 1.00439544542
2232.82539367 0.998664912181
2232.84582598 0.99585800751
2232.8662582 0.998821882444
2232.88669041 1.00069503751
2232.92755484 1.00341499823
2232.94798705 1.00027731106
2232.96841926 1.00337176717
2232.98885147 1.00692205107
2233.02971589 1.00433326983
2233.07058031 1.00385966033
2233.09101262 0.992644062428
2233.21360585 1.00289499936
2233.23403796 1.00497109231
2233.25447016 1.00035082325
2233.27490237 1.00339337217
2233.29533457 1.00542294285
2233.31576677 1.00236666998
2233.33619897 1.0042549034
2233.35663117 1.00090937382
2233.37706337 1.00043205955
2233.39749557 1.0000385355
2233.41792777 0.996140634594
2233.43835997 0.998850043804
2233.45879227 1.0019176979
2233.47922437 0.998181635586
2233.49965656 1.002178679
2233.52008886 0.99908793159
2233.54052096 0.986274985521
2233.56095315 0.997750551595
2233.58138545 0.99144409519
2233.70397861 1.00125115993
2233.7244108 0.996914201171
2233.74484299 1.0017416086
2233.76527518 1.0042190035
2233.78570737 0.994269303847
2233.80613956 1.00103941774
2233.82657175 0.992929878622
2233.84700393 0.994160736773
2233.86743612 0.994894826807
2233.88786831 1.00285148846
2233.90830049 0.996357935014
2233.92873278 0.995245506016
2233.96959705 0.993706179052
2233.99002923 1.00106966472
2234.01046142 0.989313855818
2234.0308936 1.00216750901
2234.05132578 0.990357431405
2234.07175797 0.991743560227
2234.19435105 1.00772345332
2234.21478322 0.998438113971
2234.2352154 1.00347261678
2234.25564758 1.00322192496
2234.27607976 1.00341344162
2234.31694411 1.00229543516
2234.43953715 1.0073431241
2234.45996942 1.00393238663
2234.48040159 0.999079409169
2234.50083366 0.998912709499
2234.52126593 0.998784977416
2234.5416981 0.996185095529
2234.56213027 1.00134868904
2234.58256244 1.00412482124
2234.60299461 0.995494010682
2234.64385895 0.998944589203
2234.66429111 0.998406728378
2234.68472328 1.00355295569
2234.70515544 1.00089674233
2234.72558761 0.998575886809
2234.74601977 0.998425148946
2234.76645194 0.994549651127
2234.80731626 1.00440155309
2234.82774843 1.00006020988
2234.84818059 1.0002828312
2234.86861265 0.997348205442
2234.88904491 1.00227424115
2234.90947707 1.00288290473
2234.92990913 0.997748381426
2234.95034139 0.996685012579
2234.99120571 0.996019884964
2235.01163786 1.00104823389
2235.03207002 1.0003465936
2235.05250218 1.00029346771
2235.1750951 0.995725507668
2235.19552736 0.999305919339
2235.21595941 1.00748966571
2235.23639156 1.00035914271
2235.25682381 0.998110229813
2235.27725586 1.00166832023
2235.31812026 0.998463646235
2235.33855231 0.998221950416
2235.35898456 1.00223171616
2235.37941671 0.998794490274
2235.39984886 0.998277617716
2235.420281 0.995367460086
2235.44071315 1.00055055717
2235.4611453 0.999608686443
2235.48157744 0.998588756486
2235.50200959 0.996894418183
2235.52244173 0.992798881718
2235.54287387 0.99583202907
2235.56330602 1.00343322479
2235.58373816 1.00261664161
2235.6041703 1.00745910477
2235.62460245 1.0031777889
2235.64503449 0.994471306389
2235.66546673 1.0046477817
2235.68589887 0.994592813772
2235.70633091 1.00291193106
2235.74719529 0.999231694075
2235.93108451 1.00224066171
2235.95151664 0.999527554876
2235.97194888 0.995347138345
2235.99238091 0.999866418438
2236.03324527 0.999706013804
2236.0536773 0.994765551132
2236.07410953 1.00180020759
2236.09454166 1.00049635762
2236.11497369 0.996161218494
2236.13540592 0.999542391936
2236.15583805 0.995457208313
2236.17627008 1.00491394568
2236.1967023 0.99566269338
2236.21713443 0.99731775212
2236.23756656 0.993392324441
2236.25799868 1.00072946716
2236.27843071 0.998707894414
2236.29886293 1.00005695004
2236.31929506 0.997605281307
2236.33972718 0.995812306585
2236.36015921 1.00148249199
2236.38059143 1.00048728524
2236.40102355 0.998278862204
2236.44188779 1.00530911228
2236.46231991 1.00085046409
2236.48275193 1.00145153214
2236.50318415 1.00140460211
2236.52361627 0.999095134478
2236.54404829 0.999313725268
2236.56448051 0.999572465959
2236.60534464 0.983431064831
2236.62577686 0.997437275931
2236.64620898 0.997519471382
2236.66664109 0.994522848941
2236.68707321 0.994128280848
2236.70750532 0.99601437264
2236.72793743 0.98681292094
2236.74836955 0.990910964925
2236.76880166 1.00095518324
2236.89139433 1.00069134658
2236.91182654 0.999701075959
2236.93225865 0.996770605997
2236.95269065 1.00526027161
2236.97312286 1.00244125536
2236.99355487 1.00014660912
2237.01398698 0.998052825598
2237.03441918 1.00080671878
2237.05485119 0.997366870856
2237.07528329 0.999787789678
2237.0957155 0.996957645749
2237.13657961 0.995542518688
2237.15701181 0.993094912535
2237.17744391 1.0006780735
2237.19787591 0.994858598732
2237.21830812 0.999803081835
2237.23874022 0.998547176054
2237.25917222 0.99644575172
2237.27960442 1.00081154065
2237.30003652 1.0005853615
2237.32046852 0.998643789738
2237.34090072 0.998976407959
2237.36133281 0.997281607544
2237.38176481 0.995309408625
2237.40219701 0.997218048446
2237.42262911 1.00318882933
2237.4430611 0.999619715022
2237.4634933 1.00145533063
2237.48392539 1.00371500012
2237.60651795 0.998609344376
2237.62695004 1.00033827835
2237.64738224 0.999530517219
2237.66781423 1.0039898943
2237.68824632 0.995519573234
2237.70867851 1.00187501666
2237.72911049 1.00265343327
2237.74954268 1.00103822371
2237.76997467 1.00336044434
2237.79040676 0.997733787792
2237.81083895 0.997770389073
2237.83127093 1.00154546118
2237.85170302 1.00360146457
2237.8721352 1.00803639996
2237.89256719 0.99836008625
2237.91299927 0.999444170922
2237.93343146 1.0014275351
2237.95386344 0.997622725574
2237.97429553 0.997178893813
2238.01515979 0.998190855307
2238.03559177 0.999419053814
2238.05602395 1.00098985545
2238.07645603 1.00345013991
2238.09688801 0.997751504789
2238.11732019 0.994752055674
2238.13775227 1.00795307487
2238.15818425 1.00030328534
2238.17861643 0.992256072323
2238.19904851 1.00707135364
2238.21948048 0.999045442047
2238.23991266 0.99580077096
2238.60768996 0.998983855384
2238.62812202 1.00226380817
2238.64855419 0.997772334266
2238.66898616 0.999363364331
2238.68941822 0.991532088586
2238.70985039 0.993016235954
2238.73028235 0.999862441918
2238.75071442 0.997780540711
2238.77114658 0.997181031824
2238.79157854 1.0009932062
2238.81201061 0.996060627989
2238.83244277 1.00377878409
2238.85287483 0.999133925034
2238.87330679 0.999196474292
2238.89373895 0.999729986646
2238.91417101 1.00215829507
2238.93460297 1.0048762649
2238.95503513 1.00393038345
2238.97546719 0.997161642428
2238.99589915 0.999462165429
2239.01633131 1.00059066003
2239.03676337 1.00154660477
2239.05719532 1.00150623358
2239.07762748 0.999147074539
2239.09805954 1.00042330708
2239.11849149 0.998240631816
2239.1593557 0.995972935459
2239.17978775 1.0039206346
2239.20021981 1.00039586802
2239.22065186 0.998340145051
2239.24108391 1.00423560178
2239.26151597 1.00050253073
2239.28194802 1.00244863396
2239.30238007 0.995306603794
2239.32281212 0.998263027783
2239.34324417 1.00148864876
2239.36367632 0.99897058069
2239.38410827 0.998063309754
2239.40454032 0.998737251122
2239.44540441 1.00055359907
2239.46583646 1.00200928024
2239.48626861 0.999793042313
2239.50670055 1.00034472653
2239.5271326 1.00514097052
2239.54756474 0.99955162903
2239.56799669 1.00000274829
2239.58842873 0.992693089779
2239.60886088 0.995129739081
2239.62929282 0.999016414997
2239.64972486 0.998935540293
2239.67015701 1.0036317372
2239.69058905 0.99993765518
2239.71102099 1.00604389886
2239.73145313 1.00454859179
2239.75188517 0.998283941603
2239.77231711 1.00279804125
2239.79274925 1.00523146011
2239.81318129 1.00018116621
2239.83361323 1.00030708241
2239.85404537 0.997523088259
2239.87447741 1.00080245424
2239.89490934 0.998578062263
2239.91534148 1.0010978033
2239.93577352 1.00143264595
2239.95620545 0.998428763076
2239.97663759 1.00018304586
2239.99706962 0.995850577966
2240.01750166 1.00157103682
2240.03793369 0.997953407949
2240.05836572 0.995207841694
2240.07879776 0.999724813441
2240.09922979 0.995109589861
2240.11966182 0.999224638973
2240.16052588 1.00335192885
2240.18095791 1.00065450406
2240.20139004 1.00567648092
2240.22182197 0.999537414082
2240.242254 1.003401052
2240.26268613 1.0010985802
2240.28311806 1.00456998801
2240.30355009 0.998353041443
2240.32398221 1.00153716488
2240.34441414 0.995250827149
2240.38527829 0.998469464119
2240.40571022 1.00009339548
2240.42614224 0.997573702428
2240.44657437 1.00254810195
2240.46700629 1.00238871055
2240.48743831 1.00237272289
2240.54873438 0.999185019238
2240.5691665 0.998648965217
2240.61003044 0.994416060353
2240.63046256 0.997672523461
2240.65089458 0.996356389445
2240.6713265 0.994896424567
2240.69175862 0.99776793179
2240.71219064 1.00283909405
2240.73262266 0.999758289907
2240.75305467 1.0035020506
2240.77348669 1.00485736469
2240.79391871 1.0030300535
2240.81435072 1.00068010496
2240.83478274 0.999132907741
2240.85521475 1.00688249461
2240.87564677 1.00194346745
2240.89607878 0.995181965967
2240.9165108 1.0010031486
2240.93694281 0.999592848614
2240.95737482 1.00088141402
2240.97780683 0.998089724511
2240.99823885 1.00176284695
2241.01867086 1.00319547265
2241.100399 0.996944623825
2241.12083091 1.00175685072
2241.14126291 1.00004304453
2241.16169502 1.00070911514
2241.18212693 0.9965426378
2241.20255894 0.995907351721
2241.22299104 0.999291595164
2241.24342295 0.98972676752
2241.26385495 0.997758929799
2241.28428706 0.998654702986
2241.30471896 0.998244848684
2241.32515097 0.998660745653
2241.34558307 1.00057777441
2241.36601507 1.0012661213
2241.38644698 0.994450227043
2241.40687908 0.997300766528
2241.42731108 0.991893166319
2241.44774308 0.997984173935
2241.46817508 1.00231433507
2241.48860698 1.00041371092
2241.50903908 1.00656698106
2241.52947108 1.00095184086
2241.61119898 0.997672148309
2241.65206307 0.998173745851
2241.67249497 0.998976429499
2241.69292706 1.00099489578
2241.71335906 0.999433623526
2241.73379105 0.995587238636
2241.75422305 0.997943418676
2241.77465504 1.00004335281
2241.79508704 0.997303761674
2241.81551903 0.999605330812
2241.83595102 0.999464471417
2241.85638301 1.00745698822
2241.87681511 0.998285306888
2241.897247 0.999891556954
2241.91767899 0.997497376299
2241.93811108 1.00128929867
2241.95854297 1.0011526632
2241.97897496 1.00471168149
2241.99940705 1.00521472326
2242.01983894 0.997795903968
2242.04027092 1.00575217913
2242.06070301 0.999347390627
2242.0811349 1.00030232764
2242.10156688 0.994816737288
2242.12199897 0.996406887034
2242.14243086 1.00057106456
2242.16286294 0.99952751445
2242.18329493 1.0050772254
2242.20372691 0.997536680272
2242.2241589 0.998961075227
2242.24459088 1.00547824208
2242.26502286 0.998923048895
2242.28545485 0.99660922821
2242.30588683 1.00168521827
2242.32631871 0.99982176736
2242.34675079 1.00116993215
2242.38761465 0.99293317641
2242.40804673 0.997324449149
2242.42847871 0.992632405359
2242.44891059 0.995806805708
2242.48977465 1.00088362023
2242.51020652 1.00374184585
2242.5306386 1.00077140966
2242.55107058 0.999472149275
2242.57150255 0.995723454744
2242.59193453 1.00225930855
2242.61236651 0.998511421017
2242.63279848 0.997665985604
2242.65323045 0.997525748113
2242.67366243 0.999933512074
2242.6940944 1.00071695837
2242.71452648 1.00219776955
2242.73495835 0.999122412422
2242.75539032 1.00351806027
2242.77582239 0.999390142112
2242.79625426 0.996277591194
2242.81668623 0.997869565397
2242.8371183 0.998384468003
2242.85755018 0.999991825253
2242.87798224 1.00071505853
2242.89841421 0.998800271065
2242.91884608 1.00174996729
2242.93927815 0.999225300745
2242.95971012 1.00048351173
2242.98014199 0.99397530397
2243.00057405 0.999796047363
2243.02100592 0.997078093922
2243.04143798 1.00210157005
2243.06186995 0.995841074127
2243.08230182 1.00474987603
2243.10273378 0.999002731137
2243.12316584 0.998850965744
2243.14359781 0.997872707962
2243.16402967 0.995537152005
2243.18446173 1.00546591731
2243.2048937 1.00373368456
2243.22532556 0.995186788846
2243.24575762 0.999893289888
2243.26618958 0.992954999579
2243.28662144 0.997192064308
2243.3070535 1.00413251985
2243.32748546 1.00060261234
2243.34791732 0.997070584932
2243.36834938 0.997640135098
2243.38878134 0.997713786414
2243.4092133 0.99510156146
2243.42964525 0.993657666577
2243.47050917 0.996506375865
2243.49094112 1.00302087863
2243.51137308 0.994187667045
2243.53180504 0.996637540099
2243.55223709 0.999796435145
2243.57266895 0.995502754304
2243.593101 1.00048811257
2243.61353295 1.00157357261
2243.63396481 1.00267798252
2243.65439686 0.999848432086
2243.73612457 1.00292835188
2243.75655652 1.00134538128
2243.77698857 1.00720469381
2243.79742042 1.00449937071
2243.81785236 1.0059703014
2243.83828441 1.0047919554
2243.85871626 1.00403741192
2243.87914821 1.0083876865
2243.89958026 1.0018257657
2243.9200121 1.00365888527
2243.94044405 1.00551967106
2243.9608761 1.0013124175
2243.98130804 1.00187045732
2244.00173989 0.999540341178
2244.02217193 1.00237656948
2244.04260388 1.0025061924
2244.06303572 1.00615870471
2244.08346776 1.00361117836
2244.10389971 1.00045117177
2244.12433155 1.00318433666
2244.14476359 1.00104619649
2244.16519553 1.00407030162
2244.20605942 1.00578949087
2244.22649136 1.00010015055
2244.2469234 1.00312318549
2244.26735524 0.999036828268
2244.28778718 1.00288826391
2244.30821922 1.00195011526
2244.32865105 0.999556500844
2244.34908299 0.996977012645
2244.36951503 0.999573205011
2244.38994697 1.00004213744
2244.47167461 0.99925134901
2244.49210664 0.997139400489
2244.51253848 1.00515855546
2244.53297041 1.00618429909
2244.55340245 1.00070497231
2244.57383428 1.00050506914
2244.59426621 0.998661807244
2244.61469825 0.997643968006
2244.63513008 0.998134734581
2244.65556201 1.00016375942
2244.69642587 1.00030938221
2244.7168578 0.999808806634
2244.73728983 0.998882514503
2244.75772166 0.999509304963
2244.77815359 0.997538735193
2244.79858562 0.995981967201
2244.81901755 0.993479550658
2244.83944937 0.994170140275
2244.8598814 1.0002860465
2244.88031333 1.00063056846
2244.90074515 1.00042664903
2244.94160911 1.00184193029
2244.96204113 0.998065521617
2244.98247296 0.998698547552
2245.00290488 0.993207830859
2245.0233369 0.997592343356
2245.04376873 0.997610075305
2245.06420065 1.00305886032
2245.08463267 0.996892681654
2245.10506449 0.99916285325
2245.12549642 0.993305450967
2245.14592844 0.995806029223
2245.18679218 1.00024024188
2245.2072242 1.00545702279
2245.22765602 0.997692759582
2245.24808794 1.00015298103
2245.26851996 0.997307745045
2245.35024753 1.00005887355
2245.37067944 0.993761142404
2245.39111146 1.00245990421
2245.43197519 1.00339792004
2245.45240721 1.00256816572
2245.47283902 1.00276451405
2245.49327093 1.00197587032
2245.51370295 0.997013737352
2245.53413476 0.999319376104
2245.55456668 1.00150350924
2245.57499869 1.00201901052
2245.5954305 0.997019779327
2245.61586241 0.997941479461
2245.63629442 1.00257501367
2245.65672633 0.99831531038
2245.67715824 0.998550763411
2245.69759015 1.00204422005
2245.71802206 0.995621930222
2245.73845407 1.00762930562
2245.75888588 1.004708374
2245.77931779 1.00498840263
2245.7997498 0.99453723797
2245.8201816 0.989408110995
2245.84061351 1.0000420299
2245.86104552 0.99851343505
2245.88147732 0.998692454094
2245.90190923 1.00328167626
2245.92234124 1.00120634068
2245.94277304 0.997689828921
2245.96320495 1.00161136637
2245.98363685 1.00506558052
2246.00406875 0.998673806381
2246.02450066 0.999306086346
2246.04493256 1.00140356312
2246.06536446 1.00292259527
2246.08579636 0.996723328562
2246.10622837 0.998281842859
2246.12666017 0.997096919181
2246.16752407 0.995941893158
2246.18795587 0.997799850017
2246.20838777 1.00746852871
2246.22881977 0.997134102781
2246.24925157 0.996715283444
2246.26968346 1.00586829203
2246.29011546 1.00400391529
2246.31054726 1.00174827733
2246.33097926 1.00353936872
2246.35141115 0.996797498441
2246.37184295 1.00500441579
2246.41270684 1.00026246564
2246.43313864 1.00475607696
2246.45357063 1.00103594613
2246.47400253 1.0007136497
2246.49443442 1.0019074192
2246.51486631 1.00114740134
2246.53529821 1.00085492359
2246.5557301 0.999217459999
2246.57616209 1.00196456812
2246.59659388 1.00559987965
2246.61702578 1.00507049563
2246.63745777 1.00105070138
2246.65788956 1.00231716674
2246.67832145 1.0020637563
2246.71918523 1.00674667481
2246.73961712 1.000560645
2246.80091268 1.00664658102
2246.82134467 0.996425008986
2246.84177655 0.989561534791
2246.86220844 1.00203967326
2246.90307221 1.00411484808
2246.9235041 0.999744444878
2246.94393608 1.00009084405
2246.96436787 0.999229584002
2246.98479985 1.00027175065
2247.00523174 0.996577842813
2247.02566352 1.00230415898
2247.0460955 0.999561216517
2247.06652739 0.99766680546
2247.08695917 0.99672785705
2247.10739115 1.00355431097
2247.12782303 0.999199342667
2247.14825481 0.998936662358
2247.16868679 0.991224161011
2247.18911867 1.00041136183
2247.20955045 0.997589391939
2247.22998243 1.00401060221
2247.25041431 0.995974643624
2247.27084609 0.996020219876
2247.29127807 0.994725611637
2247.31170995 0.995706438657
2247.33214182 0.990031937702
2247.3525737 0.988996043918
2247.39343745 0.994873165736
2247.41386943 0.996982679548
2247.4343012 0.992152960745
2247.45473308 0.998209329317
2247.47516495 0.996036056396
2247.49559683 0.999765773735
2247.5160286 0.993450969875
2247.53646058 0.999095084013
2247.55689245 0.996233879767
2247.69991565 0.99809423559
2247.72034742 1.0008963833
2247.74077929 1.00111517928
2247.76121126 1.00382372521
2247.78164313 1.0033994463
2247.80207489 1.00616431076
2247.82250686 1.00365760525
2247.84293873 1.00228846849
2247.8633705 1.00167693197
2247.88380246 0.998877288747
2247.90423433 0.997896211815
2247.9246661 0.999874905467
2247.96552993 1.00805465106
2247.98596169 0.99978812643
2248.00639366 0.998963864112
2248.02682552 1.00148715929
2248.04725728 0.999574249886
2248.06768925 1.00439578864
2248.08812111 0.997375368477
2248.10855287 1.00387028749
2248.12898484 1.00452852798
2248.1494167 0.998503821771
2248.16984856 1.00283150758
2248.19028042 0.996718406601
2248.21071228 0.997042255643
2248.23114414 0.99798449017
2248.251576 1.00168208476
2248.27200786 1.00595323871
2248.29243972 1.00672116565
2248.31287158 0.998852413872
2248.33330343 0.9949411861
2248.37416715 0.999807164201
2248.39459901 1.00403665787
2248.41503096 1.00620646457
2248.43546272 0.99972965711
2248.45589458 0.999805394888
2248.47632653 0.999121782574
2248.51719014 0.996679805876
2248.5376221 0.996572810703
2248.55805385 0.998423714752
2248.5784857 1.00456669429
2248.59891766 1.00135503639
2248.61934951 1.00285004022
2248.63978126 0.997601884228
2248.66021321 1.0042417567
2248.70107682 0.995672088046
2248.72150877 0.998937191769
2248.74194062 0.999632341199
2248.76237237 0.997038925058
2248.78280432 0.987625937892
2248.90539541 1.00157890953
2248.92582726 0.999497017257
2248.9462591 0.999969892718
2248.96669095 1.0072174461
2248.9871228 1.00523630155
2249.00755464 0.998054180881
2249.02798649 0.996394157243
2249.04841833 0.999089931645
2249.06885018 1.00294323581
2249.08928202 0.996967162213
2249.10971386 1.00121626116
2249.13014571 1.00036601598
2249.15057755 0.994204533833
2249.17100939 0.99980517265
2249.19144133 1.00212755214
2249.21187308 1.0005920262
2249.23230492 0.999617294496
2249.25273686 1.00066767102
2249.2731686 0.998264313246
2249.29360044 0.995837507771
2249.31403238 0.994798437414
2249.33446412 0.998161750145
2249.3753279 1.003282106
2249.39575964 1.00431239561
2249.41619157 1.00237901102
2249.43662341 0.998471945079
2249.45705525 0.999457870096
2249.47748709 0.997532569435
2249.49791892 1.00326046712
2249.51835076 0.999678768542
2249.53878259 0.997369090677
2249.55921443 0.994159715274
2249.6000781 1.00088962011
2249.62050993 1.00089361572
2249.64094177 1.00281093861
2249.6613736 0.999052047485
2249.68180544 1.00408937521
2249.70223727 1.00202393818
2249.7226691 1.00078328935
2249.74310093 1.00669539654
2249.90655558 1.00407643388
2249.92698741 1.00202360782
2249.94741923 0.996347128707
2249.96785106 1.00107622604
2249.98828289 0.992527262649
2250.00871472 1.00500314602
2250.02914664 0.99878184258
2250.04957837 0.99619242142
2250.0700103 1.00086873972
2250.09044212 0.99651140081
2250.11087385 0.994796706978
2250.13130577 0.998678643201
2250.1517376 0.994407577087
2250.17216932 1.00127251904
2250.19260125 0.995084558371
2250.21303307 0.998392467471
2250.23346479 0.999032661392
2250.25389672 0.99739474986
2250.27432854 0.996806581126
2250.29476036 1.00381614064
2250.335624 0.998599994288
2250.35605583 0.999217386751
2250.37648765 1.00519209842
2250.39691947 1.00066982717
2250.41735129 0.998886093737
2250.43778311 0.999352152229
2250.45821493 1.00145385659
2250.47864665 1.00085692646
2250.49907856 1.00530475443
2250.51951038 0.994996315897
2250.5399421 1.0038824734
2250.56037402 0.997449256566
2250.58080584 0.995206150491
2250.60123755 0.999075519757
2250.62166947 0.996984984124
2250.64210128 1.00106724872
2250.6625332 0.999374284397
2250.68296492 1.00216971201
2250.70339673 1.00034608704
2250.72382865 0.99551402696
2250.74426036 1.00038310915
2250.76469217 1.00002498057
2250.78512409 0.997666080153
2250.8055558 1.00638973965
2250.82598761 1.00277287379
2250.84641953 0.996467513051
2250.88728305 1.00026566638
2250.90771496 1.00040624821
2250.94857848 0.994087596063
2250.96901039 0.999854856497
2250.9894422 1.00101648178
2251.00987391 0.999898904726
2251.03030582 0.994614823829
2251.07116934 1.00187126182
2251.09160125 0.995871315789
2251.11203306 1.00044989893
2251.13246486 1.00438915165
2251.15289667 0.999188144166
2251.17332848 1.00524133626
2251.19376028 1.00387150648
2251.21419209 0.992847432933
2251.2346239 1.00002566078
2251.2550557 0.997534136845
2251.27548751 1.00628835824
2251.31635112 1.00111753787
2251.33678292 1.00109319595
2251.35721472 0.999641975573
2251.37764663 1.0008556847
2251.39807833 0.99727658832
2251.41851013 1.00478035976
2251.43894203 1.00175170829
2251.45937374 0.996920797794
2251.47980554 1.00456005081
2251.50023744 0.996132606854
2251.52066914 0.994952607003
2251.74541903 0.99057726797
2251.78628262 0.998390468768
2251.80671442 0.994418148655
2251.82714621 1.00309570143
2251.84757801 1.00593228557
2251.8680098 0.997269289404
2251.8884416 1.0000296005
2251.90887339 0.997347950004
2251.92930518 1.0008414711
2251.94973698 1.00028363214
2251.97016877 1.00270279679
2251.99060056 0.999102669866
2252.01103226 1.00423316899
2252.03146415 1.00233766015
2252.05189594 1.00599321521
2252.07232773 1.00054078944
2252.09275952 0.997730919458
2252.11319131 0.995840230155
2252.13362311 1.00297545849
2252.1540549 0.999435605787
2252.17448669 1.00059618057
2252.19491847 0.996244540889
2252.21535036 0.994356103727
2252.23578205 0.988629084656
2252.25621384 0.993214581794
2252.29707742 1.00006189869
2252.3175093 1.00036533073
2252.33794109 1.00227803631
2252.35837278 0.997313294766
2252.37880466 0.995336472681
2252.39923645 1.00015735824
2252.41966814 0.998262612612
2252.44010002 0.994687941293
2252.46053181 1.00036412184
2252.58312251 1.00639207621
2252.60355429 1.00278205233
2252.62398608 1.00268871219
2252.64441786 0.998095004737
2252.66484964 0.996733299533
2252.68528142 1.00292446665
2252.7057132 1.00114068088
2252.82830388 0.995266674093
2252.84873576 1.00520132084
2252.86916744 1.00023911238
2252.88959922 1.00123136319
2252.91003109 0.999479008852
2252.93046277 0.998790478932
2252.95089455 0.999090791318
2252.9917581 0.999634555265
2253.01218988 0.997659425555
2253.03262175 1.00279093777
2253.05305353 0.999522157292
2253.0734852 1.00208609018
2253.09391708 0.997500363311
2253.11434885 1.00061147167
2253.13478053 0.999690327433
2253.1552124 0.999532225281
2253.17564417 0.998324138316
2253.19607585 0.994335242238
2253.21650772 0.991840549467
2253.31866648 1.00272624245
2253.33909835 0.997679112371
2253.37996189 0.997720122985
2253.42082543 1.00212000135
2253.4412572 1.00571957111
2253.46168897 1.0034340875
2253.48212074 0.998077339522
2253.5025525 0.997414592405
2253.52298427 1.00162123066
2253.54341604 0.997182467714
2253.56384791 1.00077822755
2253.58427957 1.00218446667
2253.60471134 0.999603800641
2253.62514321 0.995370185765
2253.64557487 0.998405508974
2253.66600664 0.999512967768
2253.82946075 1.00379701954
2253.84989251 1.00076428084
2253.87032438 1.00130278155
2253.89075614 0.997540413334
2253.9111879 0.999180359921
2253.93161966 0.997063120952
2253.95205142 0.998984496735
2253.97248318 1.00144417232
2253.99291494 0.995441239701
2254.0133467 1.00377422965
2254.03377856 0.99606720327
2254.05421022 1.00030084204
2254.07464198 1.00207506995
2254.09507374 0.99842109858
2254.1155055 0.995929980212
2254.13593716 0.997333086925
2254.15636902 0.996576223017
2254.17680077 0.999032647086
2254.19723243 1.00255686418
2254.21766429 0.997238801306
2254.2585278 1.00156059231
2254.27895956 0.99965618878
2254.29939131 1.00205599979
2254.31982307 1.00028966814
2254.34025482 0.998678699104
2254.36068658 0.99652369152
2254.38111833 1.00362070576
2254.40155019 1.00514118227
2254.42198184 1.00411298313
2254.44241369 0.997957984823
2254.46284545 1.00135468248
2254.4832771 0.997267535768
2254.50370895 1.00007888937
2254.5241407 1.00395174525
2254.54457236 0.993325702256
2254.56500421 1.0038497339
2254.58543596 0.993946119931
2254.60586761 0.996481130512
2254.62629946 0.99811670198
2254.64673121 1.00214180759
2254.66716286 1.00307275832
2254.68759471 0.998116125671
2254.70802646 1.00054323776
2254.74888996 1.00207063028
2254.76932171 0.999371292331
2254.78975345 1.00242308637
2254.8101852 1.00151267314
2254.83061695 1.00287809803
2254.8510487 0.998403122454
2254.87148044 0.998091362642
2254.89191219 1.00434400633
2254.91234394 1.00581831957
2254.93277568 0.997509308313
2255.01450266 1.00284552267
2255.03493451 1.00448429969
2255.05536615 0.999608939324
2255.0757979 0.996776891422
2255.09622974 1.00478470509
2255.11666138 1.00055971621
2255.13709313 1.00214923212
2255.17795661 0.999564630786
2255.19838835 0.999828237497
2255.21882019 1.00013365205
2255.23925194 0.998864705488
2255.25968358 0.999245088748
2255.28011542 1.00103312398
2255.30054716 0.997055203863
2255.3209788 1.00029610905
2255.34141064 0.994737389496
2255.36184238 1.00148504729
2255.38227402 1.00026252518
2255.40270586 1.00133713242
2255.42313759 0.996495952241
2255.50486455 1.00295996659
2255.52529628 0.999215393354
2255.54572802 0.999777188021
2255.56615976 0.998318883918
2255.58659149 0.996303447059
2255.60702323 0.998702117044
2255.62745496 1.0023525058
2255.6478867 1.00734638785
2255.66831844 0.998409398558
2255.68875017 1.00710966819
2255.7091819 1.00404891275
2255.72961364 1.00019572682
2255.75004537 1.0017922145
2255.77047711 0.999671088798
2255.79090884 0.999592036498
2255.81134067 1.00066714667
2255.83177231 0.998122272693
2255.85220404 1.00700200509
2255.87263587 1.00370541045
2256.03608972 0.9997622896
2256.05652145 1.00265099592
2256.07695317 1.00288771893
2256.0973849 1.00410897238
2256.11781663 1.00387746042
2256.13824836 1.00045464889
2256.15868009 1.00028131693
2256.17911182 1.0013648095
2256.240407 1.00424683125
2256.26083872 0.998427221559
2256.28127045 0.993538932476
2256.30170218 0.997865330853
2256.3221339 0.996310112003
2256.34256563 0.998176944663
2256.36299735 0.998138008068
2256.38342918 0.995326428908
2256.4038608 0.997954072599
2256.42429253 0.994944972979
2256.44472435 1.0041987897
2256.46515597 0.992967575994
2256.4855877 1.00032504351
2256.50601952 0.998353381616
2256.52645114 1.00381503191
2256.54688286 0.996998467343
2256.56731469 0.998832745779
2256.58774631 0.997812596906
2256.60817803 1.00178032992
2256.62860985 0.998188244087
2256.64904157 0.995293721165
2256.66947319 1.00300177038
2256.68990501 1.00121640768
2256.73076835 0.997620692381
2256.75120017 1.00512029258
2256.77163189 1.00221118005
2256.79206351 0.999130818003
2257.0168125 1.00086705475
2257.03724422 0.999220375096
2257.05767593 0.994719972023
2257.07810765 1.00231589209
2257.09853936 0.99756737867
2257.13940279 1.00387676418
2257.15983461 1.00079193903
2257.18026622 1.00274452797
2257.20069793 1.00490383748
2257.22112975 1.00107479599
2257.24156136 0.996398418484
2257.26199307 1.00049268817
2257.28242488 0.995101790938
2257.30285649 0.998868108616
2257.32328831 0.996365327316
2257.34372002 0.992700112622
2257.36415163 0.999274416993
2257.38458344 0.997851890958
2257.40501515 1.00004009232
2257.42544676 1.00501292285
2257.44587857 0.998593247983
2257.46631028 1.00064284811
2257.48674199 0.996089925189
2257.5071737 1.00257023504
2257.52760541 0.99989361081
2257.54803712 0.995185700627
2257.56846892 1.00017842974
2257.58890053 0.99600208475
2257.77278589 0.999197811287
2257.8136493 0.998362754704
2257.83408101 1.00439049199
2257.85451281 0.99878277797
2257.87494442 0.997400656994
2257.89537612 0.996075563429
2257.91580792 0.998612382771
2257.93623953 0.997399213594
2257.95667123 0.999141077407
2257.97710303 0.99869353158
2257.99753474 1.00012696578
2258.01796634 1.00044525702
2258.03839814 1.00398970098
2258.05882984 1.00017039324
2258.07926144 1.00370937112
2258.09969325 0.998921328493
2258.20185165 0.99684331221
2258.24271515 1.0021713507
2258.26314695 1.0041836334
2258.28357855 0.998919525612
2258.30401024 1.00047905608
2258.34487364 0.997455485666
2258.36530534 1.00652649962
2258.44703223 1.00370814944
2258.46746392 0.99706241036
2258.48789552 0.999779179771
2258.50832732 1.0033427564
2258.52875891 0.995928938611
2258.54919061 0.997556691162
2258.5696224 0.999496902443
2258.590054 1.00311767677
2258.61048569 1.00184319546
2258.63091749 1.00212628674
2258.71264416 1.00765414526
2258.73307595 0.996733794547
2258.75350765 1.00341121557
2258.77393924 0.999955114868
2258.79437103 1.00052428241
2258.81480272 1.00113261616
2258.97825635 1.00741023601
2258.99868794 1.00553651614
2259.03955142 1.00786465544
2259.05998301 1.0040975978
2259.0804147 1.00823024477
2259.10084648 1.00546866662
2259.12127807 1.0000097747
2259.14170976 1.00715604607
2259.16214155 1.0080308873
2259.18257313 1.00415003864
2259.20300492 1.00176833871
2259.22343661 1.00712807511
2259.2438682 1.00007126182
2259.28473157 1.00484931486
2259.30516325 1.00459436253
2259.32559504 1.00094604276
2259.34602672 0.998429979846
2259.36645831 1.00454409251
2259.38689009 0.99976571453
2259.40732178 0.999172997051
2259.42775336 0.993100082255
2259.44818515 0.997868389465
2259.46861683 0.993875650346
2259.48904841 0.997256081828
2259.5094802 0.99842527522
2259.52991188 0.998107545206
2259.55034346 0.999303150197
2259.71379702 1.00012084859
2259.7342288 1.00527029936
2259.75466038 0.999820365368
2259.77509206 0.998780823749
2259.79552384 0.998372199847
2259.81595552 0.999504979057
2259.8363871 1.00136016272
2259.85681888 0.996294618338
2259.87725055 1.00143007292
2259.89768213 0.995870373167
2259.91811391 0.998975978433
2259.93854559 0.998340029551
2259.95897717 0.998531170616
2259.97940894 1.00350729975
2259.99984052 0.998598634868
2260.0202722 0.999585489501
2260.04070398 1.00451452149
2260.06113555 1.00109322468
2260.08156733 1.00380462329
2260.101999 1.00332405544
2260.14286236 0.99968074954
2260.16329403 1.00297590273
2260.20415738 1.00533271235
2260.22458906 0.998176862733
2260.24502073 1.00324869316
2260.2654524 1.00526944628
2260.28588408 1.00313231959
2260.30631575 1.00025624215
2260.32674753 0.997557586324
2260.3471791 0.997449176128
2260.36761077 0.99920463608
2260.38804254 1.00177572691
2260.40847412 0.992735387526
2260.42890579 0.999402494134
2260.44933756 0.998167676993
2260.46976913 0.998422940229
2260.4902008 0.99882655959
2260.51063258 1.0028519516
2260.53106415 0.998211244566
2260.55149592 1.00002982917
2260.57192759 0.996592461881
2260.59235916 1.0060726205
2260.61279093 1.00278582309
2260.6332226 1.0075666076
2260.65365427 1.00307053945
2260.67408594 0.998842381908
2260.69451761 1.00483334257
2260.71494928 0.999262994716
2260.73538094 0.996106895959
2260.75581261 1.0009770697
2260.77624418 0.993185254313
2260.93969762 1.00379674151
2260.96012918 1.00284668404
2260.98056095 1.0028925009
2261.00099262 1.00389723557
2261.02142438 1.0033661321
2261.04185595 1.00445389255
2261.1235826 1.00514807278
2261.14401437 1.00203672854
2261.16444603 1.00452645788
2261.18487759 1.00348578778
2261.20530936 1.00376602253
2261.22574102 1.00098714695
2261.24617258 0.99991191566
2261.26660435 0.997206672149
2261.28703601 1.00295885572
2261.30746757 0.997730617076
2261.32789933 1.00104196727
2261.34833099 0.99355890534
2261.36876256 0.993997163247
2261.38919432 0.996871375804
2261.40962588 1.00044278717
2261.43005764 0.995574206982
2261.4504893 1.00025907309
2261.47092086 0.998712549797
2261.49135262 0.999554389936
2261.51178428 0.992441100786
2261.53221594 1.00227023155
2261.5526476 0.998637564554
2261.57307926 0.998749959986
2261.59351092 1.00166989899
2261.61394258 0.997024232782
2261.63437423 0.999103519814
2261.65480589 1.00390857542
2261.67523765 1.00058259394
2261.69566921 0.98705926938
2261.71610087 0.995253527539
2261.73653262 1.00105611249
2261.75696418 0.996951152996
2261.92041753 1.0050251558
2261.94084908 1.00165189638
2261.96128084 1.0034670257
2261.98171249 0.999994702263
2262.00214415 0.996745549286
2262.0225758 1.00011298319
2262.04300746 0.994083385878
2262.06343911 0.992986615009
2262.10430242 1.00209845012
2262.12473407 0.995676147388
2262.14516572 0.999165734551
2262.16559738 0.997565513192
2262.18602893 0.995567461598
2262.20646068 0.998665936718
2262.22689233 0.997765080302
2262.24732409 0.997217921067
2262.26775564 1.00314213751
2262.28818729 0.997546171312
2262.30861904 1.00402596723
2262.32905059 0.99498187285
2262.34948224 1.00249062794
2262.36991399 0.998163561421
2262.39034554 0.996733499114
2262.41077719 0.997096158346
2262.43120894 1.00187426459
2262.45164049 1.00323561358
2262.47207214 1.00209400144
2262.49250389 0.995795818891
2262.51293554 1.00099854005
2262.53336709 0.995997710624
2262.55379884 0.998517873439
2262.57423049 1.00040463068
2262.59466203 0.999873928751
2262.61509378 0.999903342882
2262.63552543 0.998136584232
2262.65595708 0.995746372833
2262.67638872 0.995903380258
2262.69682037 0.998256909304
2262.71725212 0.998477730517
2262.73768367 1.0002158571
2262.75811531 1.00054308459
2262.77854696 1.00003892412
2262.7989786 1.00427255524
2262.81941025 0.994156788483
2262.8398419 0.998799508389
2262.86027354 1.00048247958
2262.88070519 0.99971878635
2262.90113683 0.999306843598
2262.92156848 1.00058470364
2262.94200012 0.997903450128
2262.96243177 0.997114185462
2262.98286341 1.00017579888
2263.00329505 1.00124737251
2263.0237267 0.993298611734
2263.04415834 0.998019056665
2263.06459008 0.994491140306
2263.08502173 0.998922672026
2263.10545327 1.00411320044
2263.12588501 1.00272609444
2263.14631666 0.998346006702
2263.1667482 0.99962523742
2263.18717994 1.00041194102
2263.20761158 1.00263841704
2263.22804312 0.999995137277
2263.24847487 0.995218152274
2263.26890651 1.00135477974
2263.28933805 1.00247415802
2263.30976979 1.00277479918
2263.33020143 0.996777421981
2263.35063307 1.00320752534
2263.37106471 1.00339788557
2263.39149635 1.00176301911
2263.41192799 1.00438939078
2263.43235963 1.00266676983
2263.45279127 1.00120908891
2263.63667602 1.00099303433
2263.65710775 1.00243183187
2263.67753929 1.00174002377
2263.69797093 0.999791900713
2263.71840266 1.00226150486
2263.7388342 1.0027535515
2263.75926584 1.00544557413
2263.77969757 0.99991571253
2263.80012911 0.99815710698
2263.82056085 0.998606382577
2263.84099248 1.00684679431
2263.86142402 1.0038544527
2263.88185575 0.996398853184
2263.90228739 0.993358653362
2263.92271902 0.994053823778
2263.94315066 0.995682141524
2263.96358229 0.997148679898
2263.98401392 0.997651600155
2264.00444566 0.994274584952
2264.02487719 0.992853533076
2264.06574056 0.999079088462
2264.08617209 1.00327397439
2264.10660373 0.999858229721
2264.12703546 0.996127983367
2264.14746699 0.998467056449
2264.16789862 1.00047276899
2264.18833036 0.996606987168
2264.20876189 1.0015821297
2264.22919362 1.00021671951
2264.24962525 0.997507556825
2264.27005678 0.995020476375
2264.29048852 0.998256982458
2264.31092005 0.996521828026
2264.33135168 1.00128263435
2264.35178341 0.995211805928
2264.37221494 1.00543537681
2264.39264657 0.995891275383
2264.4130783 1.00534001591
2264.45394146 0.998821966879
2264.47437319 0.99814083872
2264.49480482 1.00189570251
2264.51523635 0.996953745738
2264.53566808 1.0000876342
2264.55609971 1.00201543511
2264.57653124 0.999158119869
2264.59696296 0.99862674863
2264.61739459 0.996770036367
2264.63782632 0.997615661147
2264.65825785 0.99735544492
2264.67868948 0.996691468434
2264.6991212 0.9977141314
2264.71955273 0.994342371416
2264.73998436 0.99585541341
2264.76041609 0.995850275901
2264.78084761 0.99920462308
2264.80127924 0.997129218999
2264.82171097 0.999217205438
2264.84214259 0.994606964811
2264.86257412 0.996565194381
2264.88300584 1.00018440699
2264.90343747 1.00291686374
2264.923869 0.998618058281
2264.94430072 0.995950180072
2264.96473235 0.998890924038
2264.98516397 0.999764840205
2265.0055956 0.999614554207
2265.02602712 1.00114500857
2265.04645884 1.00536404702
2265.06689047 0.999979155837
2265.08732199 0.999833046715
2265.10775372 0.999539416253
2265.12818534 0.998409947943
2265.14861686 1.00009763041
2265.16904859 0.999473840583
2265.18948021 0.99780533555
2265.20991173 1.00107986315
2265.23034346 0.997365699133
2265.2712067 1.00147493974
2265.29163832 0.998053384686
2265.33250157 1.00341062878
2265.35293319 1.00397538557
2265.37336481 1.00356231051
2265.39379653 1.0007243195
2265.41422815 0.997369279773
2265.43465968 1.00206170955
2265.4550914 0.999304356138
2265.47552302 1.00373378149
2265.49595454 1.00453929443
2265.51638626 0.999114017747
2265.53681788 1.00436575917
2265.5572494 0.999421549493
2265.57768112 0.997467090412
2265.59811274 1.00252664023
2265.61854426 0.990268657172
2265.63897598 1.00033254466
2265.6594076 1.00014223569
2265.67983921 1.00446524913
2265.70027083 0.997119972232
2265.72070245 0.999820457806
2265.74113407 0.995922890296
2265.76156569 0.997499819032
2265.78199731 0.992949101852
2265.80242892 0.997554629974
2265.82286054 1.00533936164
2265.84329216 1.00446843635
2265.86372378 0.999070695033
2265.88415539 1.00635075024
2265.90458701 0.999404919498
2265.92501873 1.00310036745
2265.94545024 0.996639883887
2265.96588186 1.00609070308
2265.98631358 0.996371488902
2266.04760843 0.993409643895
2266.06803994 0.995419286373
2266.10890327 1.00773308739
2266.12933479 1.001261497
2266.1497665 1.00466591781
2266.17019812 1.0011591492
2266.19062963 1.00126186799
2266.21106135 0.99546667171
2266.23149296 0.997544044485
2266.25192457 1.0055968003
2266.31321942 0.996585516156
2266.33365103 0.997672473262
2266.35408264 0.99508517915
2266.37451426 1.00101708712
2266.39494587 0.997892907603
2266.41537748 1.00150612781
2266.4358091 0.993712867859
2266.45624071 0.995815511788
2266.47667232 0.993874878759
2266.49710393 0.999257156135
2266.51753554 0.996660238813
2266.53796716 0.995424832507
2266.55839887 0.997323454378
2266.57883038 0.994542486112
2266.59926199 0.996816450803
2266.6196937 0.999228027745
2266.64012521 0.996934582425
2266.8240098 1.00507199485
2266.84444131 1.0034246445
2266.86487302 1.00172908983
2266.88530463 1.00769790515
2266.90573634 1.00766082915
2266.92616785 1.0041175344
2266.94659946 1.00484936202
2266.96703117 1.00218660207
2266.98746268 0.99945769537
2267.00789428 1.00281964503
2267.02832599 1.00188799881
2267.0487575 1.00200906823
2267.06918911 1.00581328322
2267.08962082 0.997349124772
2267.11005232 0.99861956331
2267.13048393 1.00461700077
2267.15091564 1.00321434027
2267.17134714 1.00074055014
2267.19177875 1.00391084153
2267.21221036 1.00327680548
2267.23264196 0.99824621873
2267.25307367 1.00336881713
2267.27350528 0.998538312622
2267.29393678 1.00240739358
2267.31436849 0.997041234399
2267.33480009 1.00235851207
2267.3552316 0.996547849252
2267.3756633 0.997681093513
2267.39609491 0.99625213875
2267.41652641 0.998444400133
2267.43695812 1.00372977695
2267.45738972 0.995056221884
2267.47782123 0.997346060901
2267.49825293 1.00132861233
2267.51868454 0.998271602574
2267.53911604 0.998559000796
2267.55954775 1.00008205214
2267.57997935 1.00503002333
2267.60041105 1.00399284139
2267.62084256 1.00299358144
2267.64127416 0.996933003643
2267.66170586 1.00043967264
2267.68213737 0.999869840622
2267.70256897 0.998078416344
2267.74343228 0.997960125829
2267.76386378 0.998488736771
2267.78429548 1.00365812179
2267.80472708 1.00205541991
2267.82515858 1.00029448739
2267.84559029 0.99760590589
2267.86602189 1.00096911835
2267.88645339 0.997151268068
2267.90688509 0.995001870767
2268.0294747 1.00034560444
2268.0499062 0.996993378528
2268.0703379 1.00214534161
2268.0907695 1.00037461045
2268.1112011 1.0056211914
2268.1316327 0.994379402005
2268.1520643 1.00433185882
2268.1724959 0.997336479823
2268.1929275 1.00258866782
2268.2133591 0.997870083835
2268.2337907 0.997494964742
2268.25422229 1.0033744457
2268.27465389 0.998011630788
2268.29508549 0.991436125963
2268.31551719 1.00216923409
2268.33594869 0.996364195858
2268.35638039 1.00403699664
2268.37681199 1.00344724038
2268.39724348 1.00178708425
2268.41767518 1.00406612766
2268.43810678 1.00009334916
2268.45853828 1.00379788003
2268.47896998 1.00207733882
2268.49940157 1.00032350163
2268.51983307 1.00121578008
2268.54026477 0.99889565527
2268.56069636 1.00070688332
2268.58112796 0.998920409158
2268.60155956 0.997638894767
2268.62199115 0.999565566988
2268.64242265 0.994061315374
2268.66285435 1.00333511394
2268.74458073 1.00309375157
2268.76501243 1.0029633827
2268.78544392 1.00419193352
2268.80587552 0.99965800331
2268.82630721 1.00197256474
2268.84673871 0.999312757232
2268.8671703 1.00150201926
2268.887602 0.999950616312
2268.90803349 0.996346259402
2268.94889678 0.998343341689
2268.96932827 0.998432539531
2268.98975987 1.00154519484
2269.01019156 0.999159483299
2269.03062306 1.0017400621
2269.05105475 0.998661672049
2269.07148634 0.997178825296
2269.09191784 1.00221772974
2269.11234953 1.00310797461
2269.13278112 0.999977963481
2269.15321272 1.00139136586
2269.17364431 1.00654408245
2269.1940759 1.00254588307
2269.2145075 1.00212256754
2269.23493919 1.00536737819
2269.25537068 1.00049744502
2269.27580227 0.996914474329
2269.31666546 1.00187507929
2269.33709715 1.00467511788
2269.35752864 0.999882976723
2269.37796023 0.998690097742
2269.39839192 0.999974166601
2269.41882342 1.00087216151
2269.43925501 0.999329203811
2269.4596867 0.999546758133
2269.48011819 0.998908147325
2269.50054978 0.998353417108
2269.52098147 0.996282716467
2269.54141296 0.999868847541
2269.56184455 1.00567048339
2269.58227624 0.999409062368
2269.60270783 1.00114981269
2269.62313932 0.998734207598
2269.64357101 0.998949561469
2269.6640026 0.997453771428
2269.68443419 1.00118893397
2269.70486578 1.0003149204
2269.72529737 0.996570682076
2269.74572906 0.997288862959
2269.76616055 0.996807401603
2269.78659214 0.997935707373
2269.80702383 0.998748509343
2269.84788691 1.00011141526
2269.86831859 1.00195114856
2269.99090812 1.00141784018
2270.01133961 1.00059252221
2270.0317713 1.00301413253
2270.07263437 1.00453839571
2270.09306606 1.00082830532
2270.11349755 1.0030768986
2270.13392914 1.00538194949
2270.15436082 1.00031501019
2270.17479241 1.00444164327
2270.1952239 1.00296965973
2270.21565558 1.00353056631
2270.23608717 1.00401454088
2270.25651866 0.994192929221
2270.27695034 0.999097447913
2270.29738193 1.00000222002
2270.31781362 1.00141317034
2270.3382451 0.997154168425
2270.35867669 0.999894126871
2270.37910837 0.999339163536
2270.39953986 0.997427802491
2270.41997144 0.998241532914
2270.44040313 0.997733355556
2270.46083461 1.00160404494
2270.4812662 1.00032726348
2270.50169788 0.996158157117
2270.52212937 1.00354708601
2270.54256095 1.00031752216
2270.56299264 0.999642954062
2270.58342422 0.999676137708
2270.60385571 0.997939747093
2270.62428739 0.997484936541
2270.64471898 0.997187148686
2270.66515056 0.998526647942
2270.68558215 1.00112959629
2270.70601373 1.00130930417
2270.72644531 0.997478102966
2270.7468769 0.998262416347
2270.76730848 1.00748264544
2270.78774006 1.0005633962
2270.80817165 0.997280146901
2270.82860313 1.00005433353
2270.84903481 0.997024435048
2270.8694664 0.999317373538
2270.88989788 1.00196969779
2270.91032956 0.996037916207
2270.93076115 0.995851919561
2270.95119263 1.00140693304
2270.97162431 1.00020373301
2270.99205589 0.996878075389
2271.01248758 1.00304533089
2271.03291906 0.9992484766
2271.05335064 1.00018476608
2271.07378232 0.997926923597
2271.0942138 1.00002185818
2271.11464538 1.00502231062
2271.13507707 0.997585436534
2271.15550865 0.999612432301
2271.17594013 1.00098591701
2271.19637181 1.00214782919
2271.21680339 1.00006152021
2271.23723487 1.00351509458
2271.25766655 0.999916331622
2271.27809814 0.997168785295
2271.29852982 0.999020687865
2271.3189613 0.998199548155
2271.33939288 0.999093323934
2271.38025604 0.997281070588
2271.40068762 1.00302267354
2271.4211192 0.999751116848
2271.44155078 1.00240032845
2271.46198226 0.997085237591
2271.48241394 1.00106688913
2271.50284552 1.00434136596
2271.5232771 1.00324642716
2271.54370868 1.00048003478
2271.56414026 1.000114116
2271.58457184 1.00269139198
2271.60500342 0.997145978001
2271.625435 1.00354384155
2271.64586668 1.00156472166
2271.66629825 0.999362443788
2271.72759299 1.00260464665
2271.74802447 1.00163844561
2271.76845615 0.998143280404
2271.8093192 0.997758908033
2271.97277193 1.00147065354
2271.99320361 1.00313203674
2272.01363508 1.00265320027
2272.03406666 1.00530353186
2272.05449834 0.999042794177
2272.07492981 0.998922349852
2272.09536139 0.997686905036
2272.11579297 1.00026986526
2272.13622465 0.996614182588
2272.15665612 1.00076434887
2272.1770878 1.00209349473
2272.19751928 1.0040408686
2272.21795085 1.00146326294
2272.23838253 1.00827562586
2272.258814 1.00088500137
2272.27924568 1.00107063647
2272.29967726 0.999154068565
2272.32010873 1.00371536582
2272.34054041 0.999148514701
2272.38140346 0.999368153248
2272.40183514 1.002818424
2272.42226671 1.00065936781
2272.44269819 0.998540725017
2272.46312986 0.996879463812
2272.48356144 1.00760786918
2272.50399301 0.998635736044
2272.52442459 1.00066552509
2272.54485616 0.997621569749
2272.56528784 1.00057481542
2272.58571931 0.999471382419
2272.60615089 0.999189486695
2272.62658256 1.00021328986
2272.64701414 1.00013981446
2272.66744561 0.997161379
2272.68787729 1.00359321431
2272.70830886 1.00674340747
2272.72874033 0.992830663646
2272.74917201 0.998908931323
2272.76960358 1.00261593122
2272.79003506 0.992521755979
2272.81046673 0.999060371682
2272.83089821 0.999620078964
2272.85132988 0.99800970372
2272.87176145 1.00136523012
2272.89219303 1.00128835752
2272.9126246 1.0010653648
2272.93305617 1.00014880662
2272.95348765 1.00038244977
2272.97391932 0.997666807343
2272.99435089 0.9973921523
2273.01478237 0.999090319262
2273.03521404 0.99623211614
2273.07607719 1.00569080139
2273.09650876 0.998344095816
2273.11694033 0.996951008638
2273.1373719 1.00275704822
2273.15780358 0.995770063427
2273.17823505 1.00224171445
2273.19866672 0.997691837284
2273.21909829 0.997222574209
2273.23952977 1.00063371607
2273.25996144 0.998131540837
2273.28039301 1.00022813211
2273.30082448 1.00128062608
2273.32125615 1.00328250633
2273.34168773 0.995072588402
2273.3621192 1.00018857171
2273.38255087 1.00113119374
2273.40298244 0.992469283784
2273.42341391 1.00337343752
2273.44384558 0.998630788706
2273.46427715 1.00145539295
2273.48470883 0.996780318084
2273.5051403 1.00174859404
2273.52557187 0.996941628244
2273.54600354 0.994571090739
2273.56643501 1.00263882205
2273.58686658 0.997798904582
2273.60729815 0.998784714139
2273.62772972 1.00076968355
2273.64816129 1.00111509867
2273.66859296 1.00123586668
2273.68902444 0.999810806428
2273.70945601 1.00068633066
2273.72988768 1.00018682771
2273.75031915 1.00358452726
2273.77075082 0.997878852889
2273.79118239 1.00145341683
2273.81161386 0.995388902977
2273.83204553 1.00129544678
2273.87290857 1.00201643628
2273.89334024 0.999604162492
2273.91377181 1.00493146894
2273.93420328 0.999633941207
2273.97506652 1.00351747655
2273.99549809 1.00179526195
2274.01592965 1.0030714273
2274.03636122 1.00102882201
2274.05679289 0.998779230803
2274.07722436 1.00014370957
2274.09765593 0.998220845658
2274.1180876 1.00007429168
2274.13851917 1.00760919964
2274.15895064 1.00010390914
2274.17938231 0.997742600358
2274.19981388 0.99820860623
2274.22024535 0.998342107636
2274.24067701 0.998815942556
2274.26110858 0.999487609002
2274.28154005 0.999488438065
2274.30197172 0.998286309832
2274.32240319 1.00098115869
2274.36326643 0.997449744516
2274.38369789 0.999055116135
2274.40412956 0.995609305758
2274.42456113 0.99646179727
2274.4449926 0.998304538858
2274.46542427 0.997328925936
2274.48585583 1.00103192959
2274.5062874 0.998979604916
2274.52671897 0.999837534211
2274.54715054 0.993794951124
2274.56758211 1.00011822735
2274.58801367 1.00325474911
2274.60844524 0.999994501273
2274.62887691 0.999875392819
2274.64930838 0.994593212695
2274.66973994 0.997737545493
2274.69017161 0.998571411893
2274.73103465 1.00678033965
2274.75146631 1.0014921141
2274.77189788 0.997693383567
2274.79232935 1.00496716572
2274.81276101 1.00096132517
2274.83319258 0.998980356632
2274.85362405 1.00101665107
2274.87405571 1.00367579733
2274.89448728 0.993853765298
2274.91491895 1.00010364729
2274.93535041 1.00046068736
2274.95578198 1.00199676887
2275.16009764 0.99793928265
2275.18052921 1.00582336937
2275.20096088 1.00336715875
2275.22139244 1.00199477219
2275.24182391 1.00040098451
2275.26225557 0.995357513547
2275.28268714 0.998877757326
2275.32355027 1.00147365591
2275.34398184 0.999762609112
2275.3644133 0.995824648195
2275.38484497 0.99663248544
2275.40527653 1.00042009541
2275.4257082 0.983603620662
2275.46657123 0.98802905087
2275.65045531 0.994828211304
2275.67088688 1.00247952069
2275.69131844 0.998013203679
2275.71175011 0.998537563178
2275.73218167 1.00070946412
2275.75261314 0.999679091773
2275.7730448 0.999858101644
2275.79347637 1.0030861992
2275.83433949 0.999931403216
2275.85477106 1.00385358588
2275.87520252 0.997736622752
2275.89563419 0.999917268763
2275.91606575 1.00039694592
2275.93649722 0.998909689914
2275.95692888 0.999119753134
2275.97736044 1.00762166469
2275.99779211 0.999416457467
2276.12038149 0.998170223369
2276.14081295 1.0018091874
2276.16124452 1.00354567452
2276.18167618 0.996728559894
2276.20210775 1.00123325203
2276.22253931 1.00760355293
2276.24297087 1.00432018078
2276.36556025 0.999075334733
2276.38599172 0.999884011399
2276.42685494 1.0013930751
2276.44728641 1.00186199452
2276.46771807 1.00477512438
2276.48814963 1.00273372801
2276.5085813 1.00206352095
2276.52901276 1.00436021723
2276.54944432 0.997280770739
2276.56987598 1.00185518276
2276.59030745 1.00289840284
2276.61073901 1.00592156368
2276.63117067 1.00070331964
2276.65160214 0.992362653246
2276.6720337 0.99547061058
2276.69246536 0.996657433461
2276.71289692 0.994776892027
2276.73332839 0.99460934764
2276.85591796 0.991562562843
2276.89678099 1.00320975475
2276.91721265 0.99981363918
2276.93764411 0.98231401225
2276.95807567 1.00749749204
2277.10109661 1.00560240544
2277.12152817 0.996570589207
2277.14195983 1.00142055707
2277.1623913 0.993444907707
2277.18282286 1.00023442068
2277.20325452 0.995308085291
2277.22368608 0.993893150815
2277.24411754 0.974509655727
2277.32584389 1.0012378166
2277.34627545 1.0052147722
2277.36670711 0.999573110242
2277.38713858 0.99518051344
2277.40757014 0.981966553809
2277.4280018 0.992688668875
2277.61188585 0.996521437781
2277.63231731 0.998260198012
2277.65274898 1.0044798887
2277.67318054 1.00385516526
2277.6936121 0.999347435655
2277.71404366 1.00183223
2277.73447522 1.00200271971
2277.81620147 1.00107097636
2277.83663303 1.00070406239
2277.85706459 1.00126666961
2277.87749615 1.00208309983
2277.89792771 1.00055626278
2277.91835927 1.00037566644
2277.93879093 0.994080877321
2278.10224342 1.00068792587
2278.12267498 0.995797667887
2278.14310644 1.00452496564
2278.1635381 0.999275701843
2278.18396966 1.00621787062
2278.20440123 1.00050171615
2278.22483279 0.997126100497
2278.24526435 0.999011536867
2278.26569601 1.00170564968
2278.28612747 0.999157111144
2278.30655903 1.00117376358
2278.32699069 0.999912786994
2278.36785371 0.997738180071
2278.38828537 1.00339531615
2278.40871693 0.990608612136
2278.42914839 0.968607878659
2278.44958005 0.980997794654
2278.59260088 1.00197519353
2278.61303254 0.998072432944
2278.6334641 1.0044866561
2278.65389556 0.99661198133
2278.67432722 0.991061292465
2278.79691659 0.997512182487
2278.81734815 1.00042797805
2278.83777981 0.998593366191
2278.85821137 1.001170732
2278.87864283 1.00243842255
2278.89907449 0.998372533291
2278.91950605 1.00401657994
2279.08295853 1.00527873128
2279.10339009 0.999779468113
2279.12382165 0.998634558898
2279.14425321 1.00345820071
2279.16468467 1.00222072959
2279.32813726 1.00085138815
2279.34856892 1.00009867679
2279.36900038 1.00173275988
2279.38943194 0.998958333289
2279.4098636 0.997248707077
2279.43029516 1.00730069413
2279.45072672 1.00630618496
2279.5120214 1.00015748486
2279.53245296 0.998496619911
2279.55288452 1.00294961749
2279.57331618 0.997112117535
2279.59374764 1.00060122854
2279.6141792 1.00205577838
2279.63461086 0.99799843306
2279.65504232 0.996023656657
2279.79806335 1.001279238
2279.81849481 0.994961722837
2279.83892637 0.997527812915
2279.85935803 1.0029064972
2279.87978949 0.999033268526
2279.90022105 1.00589930936
2280.06367363 1.00076412287
2280.08410529 1.00138429958
2280.10453675 0.995191182984
2280.12496832 0.994606544145
2280.14539998 0.999282936542
2280.16583144 0.997627637069
2280.1862631 0.998603424447
2280.20669466 0.999327396875
2280.24755778 0.99296106319
2280.26798934 1.00105821357
2280.2884208 0.994061036027
2280.30885246 1.00327640246
2280.32928402 0.991962565317
2280.34971548 0.989775853215
2280.37014714 1.0068183486
2280.3905787 1.00507303426
2280.55403119 1.00003966203
2280.57446275 1.00090002883
2280.59489431 1.00281551153
2280.61532587 0.991541733507
2280.65618909 1.00424923927
2280.67662055 1.00778129302
2280.7583469 0.998770190157
2280.77877846 1.00178953465
2280.79920992 1.00015836932
2280.81964158 1.00519941541
2280.84007314 1.00139145043
2280.8605046 0.99891688821
2280.90136783 1.00553192344
2281.02395719 1.00268516532
2281.04438885 0.998571616681
2281.06482041 1.00185913744
2281.10568354 0.990728138167
2281.1261151 0.989666583563
2281.26913603 1.00153866333
2281.28956759 0.996053196987
2281.30999905 1.00149137843
2281.33043071 1.00273980095
2281.35086227 0.990472166632
2281.37129394 1.00622980933
2281.3917254 0.993197197168
2281.41215696 0.996467641924
2281.51431477 1.00306990972
2281.53474633 1.0012621463
2281.55517799 0.992952928349
2281.59604111 0.998576011961
2281.77992527 0.995828165933
2281.80035673 0.998598935005
2281.8207884 1.00145887183
2281.84121996 0.994921430556
2281.86165142 1.00282591971
2281.88208308 0.99647199036
2281.90251455 0.996636545109
2281.92294611 1.00143698414
2281.96380923 1.0032811678
2281.9842408 0.997634506703
2282.00467246 1.00500223493
2282.02510392 1.00117596994
2282.04553558 1.00180065528
2282.08639871 1.00673157377
2282.10683027 1.00114031631
2282.35200912 1.00222576702
2282.37244059 0.997471112778
2282.39287225 1.0014905796
2282.41330381 0.996036541956
2282.43373528 0.999753231387
2282.45416694 0.998362807853
2282.4745985 1.0003122366
2282.49503017 1.00056725089
2282.51546163 0.99950494036
2282.53589319 0.997899073542
2282.55632476 0.991497693448
2282.57675632 0.997774005241
2282.76064039 0.995541002654
2282.78107206 0.996792859204
2282.80150362 0.997022287069
2282.82193508 0.995290762886
2282.84236675 0.99853340847
2283.00581936 1.00152873496
2283.02625083 1.00301733953
2283.04668239 0.992076594874
2283.06711405 0.993167477599
2283.08754552 0.998712778308
2283.10797718 1.00138612139
2283.12840875 0.99892417333
2283.21013491 1.00144744972
2283.23056657 0.999998803157
2291.54622228 0.994979976715
2291.56665388 1.00247234483
2291.58708539 1.00294661108
2291.66881191 0.9992387996
2291.83226486 0.994433592671
2291.85269637 1.00074877689
2291.87312807 1.00139146763
2291.89355968 1.00277411675
2291.91399119 0.997897028558
2291.9344229 0.998176148097
2291.9548545 1.00248600668
2292.03658093 0.999152448541
2292.05701254 0.997238594978
2292.07744415 1.00018295242
2292.09787576 0.999626400246
2292.11830737 1.00786196767
2292.13873898 0.997394754919
2292.15917059 1.00312859629
2292.1796022 1.00421058093
2292.20003391 0.998973686076
2292.22046552 1.00049183378
2292.30219186 1.00134816392
2292.32262357 1.00254806202
2292.34305518 0.997934927109
2292.36348669 1.00230944376
2292.3839184 1.00273735855
2292.40435001 0.993608094902
2292.42478172 0.995449325512
2292.54737139 1.00200523743
2292.5678029 0.997415322171
2292.58823451 0.998042738593
2292.60866623 1.00190190501
2292.62909774 0.995116137534
2292.64952945 0.998609387925
2292.81298236 0.996335177331
2292.83341398 0.9983791284
2292.85384559 0.999499425186
2292.87427731 1.00372504917
2292.89470882 0.999543696156
2292.91514044 1.00155799681
2293.03773023 1.00141307012
2293.05816184 1.002044297
2293.07859336 0.998280829127
2293.09902508 1.00003429277
2293.11945669 1.0000488908
2293.13988821 1.00195681156
2293.16031993 1.00143577384
2293.18075155 0.997025231227
2293.26247812 0.998751220782
2293.28290963 0.998237356639
2293.30334125 0.998248263572
2293.32377287 1.00330438688
2293.34420459 0.998370557144
2293.36463621 1.00075304746
2293.38506783 0.999862414271
2293.40549934 1.00449186431
2293.42593106 1.00171625238
2293.44636268 1.00514366697
2293.48722592 1.00267151653
2293.50765754 1.0058374712
2293.52808906 0.998822172415
2293.58938412 1.00558153489
2293.60981564 0.997759981992
2293.63024726 1.00695510992
2293.79370024 0.997706588322
2293.81413196 0.99981481273
2293.83456358 1.00148309248
2293.85499521 1.00158452734
2293.87542683 0.998811770127
2293.89585845 1.00612554999
2293.91629018 1.00045737346
2293.9367217 0.998192245099
2293.95715332 1.00345535232
2293.97758495 0.999869682457
2293.99801667 0.997648499621
2294.01844819 0.998790348601
2294.03887982 0.998195618888
2294.05931144 1.00678599807
2294.07974307 0.998835124354
2294.10017479 1.00215258996
2294.12060632 0.99830313829
2294.14103804 0.999581711165
2294.2636278 0.997969980315
2294.28405942 0.999967135947
2294.30449115 0.996855501913
2294.34535431 1.003577094
2294.52923906 1.00402907438
2294.54967069 1.00310726258
2294.57010231 0.997502751166
2294.59053394 1.00170378115
2294.61096557 1.00380151404
2294.6313972 1.00407553932
2294.75398708 0.995811742565
2294.79485025 1.0034918573
2294.81528198 1.00052309764
2294.83571351 0.999343904609
2294.85614524 1.00048436458
2294.87657687 0.997065643935
2294.8970084 0.994308707267
2294.97873503 1.00246971446
2294.99916667 0.992841549385
2295.0195982 1.00275976366
2295.04002993 0.999227654296
2295.06046157 1.00138585267
2295.0808933 0.992515490478
2295.26477801 1.00205100331
2295.28520965 1.00332449456
2295.30564128 0.9949916799
2295.32607292 1.00197215322
2295.34650445 0.994895526871
2295.36693619 0.995802873563
2295.38736783 0.995323137249
2295.46909448 0.997313979684
2295.48952601 1.00176709244
2295.50995765 1.00212502773
2295.53038939 1.00261830879
2295.55082093 0.998836251951
2295.57125256 0.999984640612
2295.5916843 0.999003270838
2295.61211584 1.00200850829
2295.63254758 0.999059395164
2295.65297922 0.998429926144
2295.6938425 1.00061658137
2295.71427414 1.00055559437
2295.73470578 0.999769263257
2295.75513742 1.00021865543
2295.77556906 0.993635827778
2295.7960008 1.00040825562
2295.81643234 1.00306481808
2295.83686398 0.996380976735
2295.85729572 1.00016616296
2295.87772736 0.993971652555
2295.95945383 1.00026278696
2295.97988557 0.997111980121
2296.00031721 0.998016972511
2296.02074886 1.00202983264
2296.0411805 1.00133883869
2296.06161214 1.00334468159
2296.08204378 1.00190291348
2296.10247543 0.998737342155
2296.20463365 1.00224489359
2296.22506529 0.999945621252
2296.24549704 1.0005810204
2296.26592858 1.00354050342
2296.28636023 0.996813230708
2296.30679197 0.997259532564
2296.32722352 0.997253451665
2296.49067679 0.998944214568
2296.51110844 1.0009321371
2296.53154018 0.999484045775
2296.55197173 1.00255093576
2296.57240348 0.996128951314
2296.59283513 0.995796422785
2296.61326668 1.00093906443
2296.63369843 0.999060528046
2296.65413007 1.00019125728
2296.67456162 1.00440220647
2296.69499337 0.996040874125
2296.71542492 0.993628583945
2296.73585667 0.983240741069
2296.75628832 0.985754536739
2296.77671987 0.990123191814
2296.98103648 0.999379826862
2297.00146814 1.00349172395
2297.02189989 0.991674593775
2297.04233154 1.00519929834
2297.06276309 1.00391593955
2297.08319485 1.00086381446
2297.1036265 1.00483117021
2297.18535322 0.997642623577
2297.20578477 1.0066505807
2297.22621643 1.00329266623
2297.24664818 1.00255922084
2297.26707974 1.00002911831
2297.28751149 0.982077397729
2297.30794315 0.995358284683
2297.4713964 0.99658065435
2297.49182796 1.00040229107
2297.51225971 1.00018514681
2297.53269137 1.00348047349
2297.55312303 1.00296464901
2297.57355469 1.00544413051
2297.59398635 1.00029431598
2297.61441801 0.999822151408
2297.63484967 0.999558952113
2297.65528133 1.00347347956
2297.67571308 1.00289115257
2297.69614464 1.0025337705
2297.7165763 0.999448523719
2297.73700806 0.998134786812
2297.75743972 1.00402178978
2297.77787128 0.998911515433
2297.79830305 0.999020571039
2297.81873471 1.00119002907
2297.83916627 1.00306805466
2297.85959803 0.996424050106
2297.90046145 1.0052824888
2297.92089301 1.00000678712
2297.94132468 1.00121535758
2297.96175644 1.0023207043
2297.982188 0.999370486164
2298.00261967 0.996099188385
2298.02305133 0.996831214208
2298.20693631 0.995885166809
2298.22736807 1.00049328175
2298.24779974 0.999617132669
2298.2682314 0.996001496699
2298.28866307 0.999086849831
2298.30909474 1.00031856104
2298.3295264 0.992683867646
2298.34995807 0.995200237187
2298.37038974 0.996740472128
2298.3908214 0.997433876046
2298.41125317 1.00538566411
2298.49297974 0.994007729007
2298.51341151 0.992742627498
2298.53384318 0.991912493101
2298.55427475 1.00677492838
2298.67686487 1.00262565214
2298.69729654 0.994141885893
2298.71772821 0.998571085792
2298.73815988 0.9941200394
2298.75859155 1.00736924418
2298.77902332 1.00059922349
2298.7994549 0.988559048354
2298.92204503 1.00403378255
2298.9424766 0.99704842939
2298.96290838 0.995254730374
2298.98334005 0.991638409365
2299.00377173 0.988965301872
2299.0242034 0.991282020465
2299.04463507 0.998398756085
2299.16722523 1.00140218935
2299.1876569 1.00292493362
2299.20808848 1.00325896791
2299.22852026 0.997253706614
2299.24895193 0.994888959746
2299.26938351 1.00363508813
2299.43283703 1.00097741652
2299.45326871 1.0015276616
2299.47370039 1.00070250082
2299.49413207 1.00431985554
2299.51456375 1.0029187905
2299.53499543 1.00640677047
2299.55542721 0.996824621251
2299.57585889 0.998103271795
2299.59629048 1.00253652317
2299.61672226 1.00562274663
