# #0 time, 1 flux
2306.65196519 1.01963696731
2306.67239744 1.04488024858
2306.6928298 1.04891211004
2306.71326195 1.01699570919
2306.73369431 1.01201545139
2306.75412646 1.02071651632
2306.77455871 0.995730531713
2306.79499106 1.01343526231
2306.81542322 1.04870313545
2306.83585547 1.05210290069
2306.85628782 1.01413472296
2306.87671997 1.04845249912
2306.89715222 0.983608123495
2306.91758457 0.997840104137
2306.93801682 0.997618578452
2306.95844907 0.986255390964
2306.97888131 0.977529637878
2306.99931356 0.99897665462
2307.01974581 0.968168648519
2307.04017806 0.978465543476
2307.0606103 1.01392365226
2307.08104265 1.02964759569
2307.10147479 0.993488197379
2307.12190704 0.970501651569
2307.14233938 1.00378499344
2307.16277152 1.01096664571
2307.18320387 0.981026404956
2307.20363611 0.975861457599
2307.22406825 0.953741805428
2307.24450059 0.968244463228
2307.28536497 0.969088951761
2307.30579732 1.00168791775
2307.32622955 1.00096859867
2307.34666169 1.01287490798
2307.36709403 0.978049177158
2307.38752627 1.01446741539
2307.40795851 1.00296208181
2307.42839075 0.962982486782
2307.44882298 0.975391280392
2307.46925522 0.992515743481
2307.59184872 0.988594518537
2307.61228086 0.968619843228
2307.63271309 1.01899982371
2307.65314542 0.970609757136
2307.67357755 1.01336389275
2307.69400978 0.962737151212
2307.71444211 0.98494572427
2307.73487424 1.03307955336
2307.75530657 0.984518846789
2307.7757388 1.01582282185
2307.79617093 0.998620591301
2307.81660326 0.997656119678
2307.83703549 1.0017763195
2307.87789994 0.996735260569
2307.89833216 1.03345528789
2307.91876439 1.01233033505
2307.93919661 0.999060215162
2307.95962884 0.998690509442
2307.98006106 0.994595722563
2308.00049329 1.00851431239
2308.02092551 1.00597041773
2308.04135773 0.991154254306
2308.06179005 1.01246283165
2308.08222218 1.02278038517
2308.1026545 1.00083650845
2308.12308662 1.00395025442
2308.14351884 1.00751423636
2308.16395116 1.01551964184
2308.18438328 0.983038618498
2308.20481549 0.993485635744
2308.22524781 0.957672203037
2308.24567993 0.991861108734
2308.26611215 0.975154383611
2308.28654446 0.968856815848
2308.30697658 0.984504062595
2308.3274088 1.00728008943
2308.34784111 1.00093725118
2308.36827323 1.03250694289
2308.38870544 1.00249189062
2308.40913775 0.98790918602
2308.42956997 0.985256221609
2308.45000208 0.994642883229
2308.47043439 0.994164116552
2308.4908666 1.01573309117
2308.53173103 1.01054411544
2308.55216324 1.00246550591
2308.57259545 1.04787531929
2308.59302766 1.03296338861
2308.61345987 1.02530571895
2308.63389217 0.986975154661
2308.65432428 1.03111019582
2308.67475649 1.02876163344
2308.6951888 0.999364897728
2308.7156209 0.985140156306
2308.73605311 1.02213432005
2308.75648541 0.976872579158
2308.77691752 0.999575567393
2308.79734972 1.00990738384
2308.81778203 1.01824322343
2308.83821413 0.986509490592
2308.85864634 0.957576866068
2308.87907864 0.987575822339
2308.89951074 1.00181212991
2308.91994304 0.965142191928
2308.94037514 0.983794601047
2308.96080734 1.03736044514
2308.98123965 0.971621668095
2309.00167185 0.996464147143
2309.02210394 1.02901293977
2309.04253624 0.997208133003
2309.06296844 1.01104965682
2309.08340054 0.98891794546
2309.10383284 1.01694839399
2309.12426503 0.972049535451
2309.14469713 0.971904668956
2309.16512943 1.02209152639
2309.22642601 0.971246293907
2309.24685821 1.00681572775
2309.2672904 0.95499832339
2309.28772259 1.00589060478
2309.30815479 0.95362133877
2309.32858698 1.00656706091
2309.34901917 1.02123117906
2309.36945136 0.977370068209
2309.38988365 0.996624851446
2309.41031574 0.999662086667
2309.43074793 1.01388724683
2309.45118022 0.993994527397
2309.47161241 0.940116780652
2309.51247679 1.02027713163
2309.53290898 1.01262023708
2309.55334106 1.02327433233
2309.57377335 1.00621255865
2309.59420554 0.999723544425
2309.61463762 0.965727083033
2309.63506991 0.968851014669
2309.65550199 1.0343230456
2309.71679854 1.01940109539
2309.73723073 1.01497204131
2309.75766301 0.981122916457
2309.77809509 1.00798475662
2309.79852727 1.00287962222
2309.81895955 0.976719946809
2309.83939173 0.986274876148
2309.85982391 0.969574167628
2309.88025609 0.986768257576
2309.90068827 0.99317689978
2309.92112055 0.972623748707
2309.94155263 1.0248143294
2309.96198481 1.02535493701
2309.98241708 1.02566368261
2310.00284916 1.02434536697
2310.02328134 1.03209033734
2310.04371361 1.0243747415
2310.06414569 0.970422186234
2310.08457786 0.980979313763
2310.10501014 0.996875679722
2310.12544221 1.00032701001
2310.14587438 1.00161750801
2310.16630666 0.987970610819
2310.18673873 1.03502344898
2310.2071709 1.01382770859
2310.24803525 0.992777206175
2310.26846742 0.965328730469
2310.28889969 0.992493084
2310.30933186 1.03665972719
2310.32976402 0.947084680657
2310.35019619 1.01315124486
2310.37062826 0.941912323014
2310.39106053 0.950725981264
2310.4114927 0.968885755223
2310.43192476 1.00112077037
2310.45235703 0.939708752182
2310.49322126 1.02394111862
2310.51365353 1.0304313612
2310.53408569 1.02631952696
2310.55451776 0.992261091822
2310.57495002 0.990420010575
2310.59538218 0.978171676031
2310.61581425 1.00122675216
2310.63624651 1.02737882785
2310.65667867 0.986923526166
2310.67711083 1.0159783679
2310.69754299 0.990566020936
2310.73840731 1.05360532445
2310.77927163 1.0149713015
2310.79970379 0.99050756175
2310.82013605 1.02559722058
2310.84056811 1.00512491837
2310.86100036 0.978258246192
2310.88143252 0.970510690396
2310.90186458 0.98359649893
2310.92229683 0.993077891168
2310.94272899 1.00478790584
2310.96316104 0.995167833113
2310.9835933 1.00090797613
2311.00402545 1.02387992802
2311.02445751 1.00213530055
2311.04488976 1.01008852565
2311.06532191 1.01318289671
2311.08575396 0.998941048234
2311.12661837 1.01647962799
2311.16748267 0.993531826597
2311.18791482 0.960313430329
2311.22877912 1.03355697438
2311.24921127 1.02424719586
2311.26964331 0.999724731564
2311.29007556 1.04219531492
2311.31050771 1.02251082611
2311.33093976 1.0377451595
2311.351372 0.957478202194
2311.37180415 1.00471374096
2311.39223639 0.98237514994
2311.41266844 1.03813676743
2311.43310058 1.02753185538
2311.45353283 1.01388595141
2311.47396487 1.00299821887
2311.49439701 1.00087758085
2311.51482926 0.979396949705
2311.5352613 1.00851676265
2311.55569344 1.04425305253
2311.57612568 1.02168765945
2311.59655782 1.00199734055
2311.61698986 0.936653055487
2311.6374221 0.993778737091
2311.76001493 1.00902696351
2311.78044707 0.953598308924
2311.82131134 1.00570188533
2311.84174348 0.97890966579
2311.86217561 0.994955954956
2311.88260775 0.993507459682
2311.90303978 0.993955347318
2311.92347202 1.0003395748
2311.94390415 1.02619888156
2311.96433618 0.955932909518
2311.98476841 0.979106958964
2312.00520055 0.951835783414
2312.04606481 0.999696041757
2312.06649694 0.973037696261
2312.08692907 1.03966604884
2312.1073612 0.980698933709
2312.27081822 0.952492907988
2312.29125045 0.988073495371
2312.31168247 0.978162275899
2312.33211459 0.997560458877
2312.35254682 1.01364629674
2312.37297884 1.01660864265
2312.39341107 0.994668824715
2312.41384319 1.0313177327
2312.45470743 1.01895228448
2312.47513956 0.977526518949
2312.49557168 1.01348617404
2312.5160038 1.01689104181
2312.53643592 0.998535867084
2312.55686804 1.00488754772
2312.57730016 0.995374433314
2312.59773228 0.989815018195
2312.61816429 1.02312115952
2312.63859651 0.993666874221
2312.65902863 0.974818719962
2312.67946065 1.00204738359
2312.69989286 1.01409642286
2312.72032498 0.967418795816
2312.740757 1.00430669753
2312.76118921 1.00260409721
2312.78162133 1.01131253423
2312.80205334 0.97471238362
2312.82248555 0.977666497423
2312.84291767 0.98457757338
2312.86334978 1.00655711151
2312.88378189 0.980944441807
2312.90421401 1.01249277015
2312.92464622 0.981515525808
2312.94507823 1.02109954965
2313.00637466 1.02231641834
2313.02680667 1.05663614109
2313.04723888 0.979488918346
2313.06767099 1.00537712855
2313.088103 0.965075925938
2313.10853521 1.02508794217
2313.12896731 0.970539031158
2313.21069564 0.997750031955
2313.23112784 1.02827275226
2313.25155995 0.959026860985
2313.33328836 0.958453435742
2313.35372047 1.02789698118
2313.37415257 0.99440591695
2313.45588097 1.02653629285
2313.47631307 0.984766672166
2313.49674517 1.03358277983
2313.51717737 1.00855192664
2313.53760937 1.04337376145
2313.55804147 1.04656372827
2313.57847367 1.01830000462
2313.59890566 1.04838115746
2313.61933776 0.989236424895
2313.63976996 1.00113444144
2313.66020195 1.00556048871
2313.68063405 1.01800822361
2313.70106624 1.05355425595
2313.72149824 0.957134072153
2313.74193033 1.00095304365
2313.76236253 1.03306101814
2313.78279452 1.01878181711
2313.80322661 1.01711917587
2313.82365881 1.03097546025
2313.8440909 1.00389082992
2313.86452289 1.02257135985
2313.88495508 0.974425822352
2313.92581926 0.956082203195
2313.94625135 0.983978540102
2313.96668344 0.960062289968
2313.98711553 0.974621383148
2314.00754762 0.996623696228
2314.02797971 0.988560877571
2314.0484118 0.973512168362
2314.06884389 0.939434554216
2314.08927597 1.02197877511
2314.21186849 0.998934875231
2314.23230057 0.997551978007
2314.25273265 0.992836564179
2314.29359682 1.00199875596
2314.3140289 0.984934103815
2314.33446098 1.03759391636
2314.35489317 1.0328487615
2314.37532515 1.04354728411
2314.41618941 1.05303378861
2314.43662139 1.00450880794
2314.45705357 1.01109976766
2314.47748565 1.00771620358
2314.49791762 1.00247879632
2314.5183498 0.984171860286
2314.53878188 0.978994395199
2314.57964603 0.993939838945
2314.60007811 0.990829916299
2314.62051009 0.972322507318
2314.64094226 1.05521400057
2314.66137434 1.01394736437
2314.68180641 1.01269847871
2314.70223849 0.984654222116
2314.72267056 0.975308220358
2314.74310263 0.961092662656
2314.76353471 0.993656211669
2314.78396678 1.01527771516
2314.80439885 0.965432161808
2314.82483092 1.02253912149
2314.84526299 1.01141800257
2314.86569497 1.02726473915
2314.90655921 1.02374360738
2314.92699138 0.998021558022
2314.94742334 0.99528807597
2314.96785541 0.998125067332
2314.98828758 1.01080620494
2315.00871955 1.02261847033
2315.02915162 0.967847959102
2315.04958378 0.999987922481
2315.07001575 1.0093236719
2315.09044782 0.97252859661
2315.11087998 0.99172544597
2315.13131195 0.983346451686
2315.15174401 0.964202900516
2315.17217618 0.952651404877
2315.19260824 1.01424890563
2315.21304021 0.982714559294
2315.23347237 1.04464146093
2315.25390443 1.02407464941
2315.27433639 0.999630786412
2315.29476856 0.972480788297
2315.31520062 0.988589609637
2315.33563258 0.991111797271
2315.41736092 1.02036857454
2315.43779298 1.00089988358
2315.45822514 0.995226560239
2315.4786571 1.00432277997
2315.49908915 1.01703952412
2315.51952121 1.01829668181
2315.53995327 1.00163739908
2315.56038533 0.944449190787
2315.58081738 1.01377691418
2315.60124944 1.01940985378
2315.62168149 0.975811998845
2315.64211355 1.01938938557
2315.6625456 1.00684063778
2315.68297766 1.00673991674
2315.70340981 0.983003768118
2315.72384176 0.9682888477
2315.74427382 0.952033699764
2315.76470597 1.0187368734
2315.78513792 0.976052893501
2315.80556997 0.938536955783
2315.82600213 0.9663541159
2315.90773023 1.00499368335
2315.92816238 1.01259556754
2315.94859442 1.03250191168
2315.96902637 1.00847578953
2315.98945852 0.963818089916
2316.00989057 0.974718794281
2316.03032262 0.997274633493
2316.05075466 0.977059833159
2316.07118671 1.01747600684
2316.09161875 0.963026311366
2316.1120508 0.99452579254
2316.13248284 1.0181721559
2316.15291489 0.996326524691
2316.17334703 0.986493739553
2316.19377898 0.985493618011
2316.21421102 1.0235081002
2316.23464306 1.02638928391
2316.25507511 1.00584502791
2316.27550705 0.97511634129
2316.29593919 1.00749729344
2316.31637123 0.992597649852
2316.33680337 0.97118805955
2316.37766735 0.979216147307
2316.39809949 1.02054361634
2316.41853143 1.05613655835
2316.43896347 0.998634920419
2316.45939561 1.03379993213
2316.47982755 1.02624162104
2316.50025959 0.964992061909
2316.52069172 1.02708120572
2316.54112376 1.00716495673
2316.5615557 1.00301669109
2316.58198783 1.01408875351
2316.60241987 0.996225779351
2316.62285181 1.01682283854
2316.64328394 0.967390770742
2316.66371597 0.999083960219
2316.68414791 1.01586593945
2316.70458004 0.991544053551
2316.72501208 0.963291137973
2316.74544401 1.02085871213
2316.76587614 0.999689332143
2316.78630817 0.995977478701
2316.80674031 1.01435996402
2316.82717224 0.9720291159
2316.8680364 0.961228154557
2316.94976442 0.989607319769
2316.97019644 1.01232065933
2316.99062857 1.01052447703
2317.0110605 0.996343305806
2317.03149253 1.0214076279
2317.05192455 1.01033786408
2317.15408468 1.00057555421
2317.17451681 1.05179937352
2317.19494873 0.991425816934
2317.21538085 1.02022139599
2317.23581288 1.04069381882
2317.2562448 1.03675127384
2317.27667692 1.05427181433
2317.29710895 0.969926933527
2317.31754087 0.963373830486
2317.35840501 1.02167245708
2317.37883703 1.02357294539
2317.39926905 1.03719608035
2317.41970107 1.00261282746
2317.44013309 0.976329056978
2317.46056511 0.983646628327
2317.48099713 0.972045143098
2317.50142914 0.997478949689
2317.52186116 0.976222309109
2317.54229318 1.01444742989
2317.5627252 1.00308726147
2317.58315731 0.978110212697
2317.60358923 0.99345154483
2317.62402125 0.976583984588
2317.64445336 1.03216170439
2317.66488528 0.998898662059
2317.68531739 1.0489695981
2317.7057494 0.997148705068
2317.72618132 1.00258401796
2317.74661343 1.01811604629
2317.76704534 0.950760150799
2317.78747736 0.988858548699
2317.80790947 0.963924631577
2317.84877339 0.988425891039
2317.8692055 1.01103003104
2317.88963741 1.00733032507
2317.91006942 1.0247342706
2317.93050153 1.0026211244
2317.95093354 1.01411433578
2317.97136545 1.00162203869
2317.99179756 1.00864744157
2318.03266148 1.00182023525
2318.1143896 1.02012603614
2318.13482161 1.03833470066
2318.15525372 1.01592672172
2318.17568562 0.974330809836
2318.19611763 0.989333458705
2318.21654973 1.01717608825
2318.23698163 1.02148141392
2318.25741364 0.996379832297
2318.27784574 0.995179962374
2318.29827764 0.976833566052
2318.35957365 1.00634710809
2318.38000565 1.04485848997
2318.40043775 0.938848517902
2318.42086975 1.0228538831
2318.44130165 0.945590437623
2318.46173375 1.01277618643
2318.48216565 0.948987312158
2318.50259765 0.995607599634
2318.52302975 0.968820561024
2318.54346165 0.929096427526
2318.58432574 0.997128435245
2318.60475764 0.980714483727
2318.62518974 1.01027689905
2318.64562173 0.994031528617
2318.66605363 1.00853862819
2318.68648572 0.989344795942
2318.70691772 0.993761278753
2318.72734961 1.00396777114
2318.74778171 1.02024965348
2318.7682137 1.01030988105
2318.7886457 1.02273652298
2318.82950968 1.02134854216
2318.84994167 0.969054264074
2318.87037377 1.00242485904
2318.89080566 1.00892616648
2318.91123765 0.984489035646
2318.93166974 1.03297638067
2318.95210163 0.972986621088
2318.97253362 1.01343702508
2318.99296571 1.01959349368
2319.0133976 0.969246372425
2319.03382969 0.996027234546
2319.07469356 1.01905815106
2319.09512565 0.998613669722
2319.11555764 0.991610644325
2319.13598953 1.00760757068
2319.15642161 0.982045132486
2319.1768535 0.983177082497
2319.21771757 0.994719018381
2319.23814946 1.01703193073
2319.25858144 0.973194923092
2319.27901353 1.02138098907
2319.29944551 0.985772618345
2319.31987739 0.993919802143
2319.34030948 1.00404686207
2319.36074146 1.00056497606
2319.38117334 1.0257852487
2319.40160542 1.01477231584
2319.42203741 0.983297338095
2319.44246949 0.991840283249
2319.46290137 0.997745798383
2319.48333335 0.920318505795
2319.60592522 1.01163369862
2319.6263573 1.03710609963
2319.64678918 1.01615126513
2319.66722116 1.00638252579
2319.68765323 1.00384668766
2319.70808521 1.02205383484
2319.72851709 0.984948541517
2319.74894916 0.938562308508
2319.89197288 0.986584818769
2319.91240495 0.965007604531
2319.93283693 1.03573463608
2319.9532689 1.01444133208
2319.99413284 1.00840797084
2320.01456471 1.03174255989
2320.03499678 1.00269400434
2320.05542875 1.00956889427
2320.07586062 1.00505437047
2320.09629269 1.03276020718
2320.11672466 0.949693324675
2320.13715663 1.00343188885
2320.1575886 0.955245473832
2320.17802057 0.939498956019
2320.19845253 0.918047315546
2320.36190826 1.0173054502
2320.38234033 1.01446855267
2320.40277229 1.00214348833
2320.42320415 0.968234234272
2320.44363622 1.00164133258
2320.46406818 1.02949592888
2320.48450004 1.01332489833
2320.5049321 1.0081745761
2320.52536406 0.993546913482
2320.54579603 0.977203308016
2320.56622799 1.01733952921
2320.58665995 1.0116185124
2320.64795583 1.01043605731
2320.66838779 0.997836486315
2320.68881974 0.996260614742
2320.7092517 0.968123495499
2320.72968366 0.989467520059
2320.75011562 0.974627334206
2320.79097963 0.997789549585
2320.81141149 0.989666802999
2320.83184345 1.04138762163
2320.8522755 0.975760331086
2320.87270736 1.00691794031
2320.89313931 1.00413228629
2320.91357137 0.973898749008
2320.93400322 0.978904459349
2320.95443517 1.01311631118
2320.97486723 0.978190603608
2320.99529908 1.01193468665
2321.01573103 1.00491147408
2321.03616309 0.96563550036
2321.05659494 1.0442164203
2321.07702699 1.01652478681
2321.09745894 1.04312349258
2321.11789089 1.0388241636
2321.13832284 0.983914825711
2321.15875479 1.01476554146
2321.17918674 0.972449472316
2321.19961869 1.037449824
2321.32221048 1.00268399434
2321.34264233 1.01726994172
2321.38350623 1.02051792635
2321.40393817 0.979093602699
2321.42437002 1.00553936917
2321.46523401 1.01376099678
2321.48566605 1.04661547406
2321.5060979 0.989333969987
2321.52652984 0.980539521858
2321.54696188 0.994223285315
2321.56739373 0.971035518877
2321.58782567 1.02974043639
2321.60825771 0.999674523682
2321.62868966 1.02776110901
2321.6491215 1.00764464342
2321.66955354 0.991572697536
2321.68998548 0.955135334245
2321.81257712 1.03251428939
2321.83300896 1.00469216384
2321.87387293 0.981604017987
2321.89430497 0.979191617438
2321.91473681 0.980138841456
2321.93516874 1.05652608242
2321.95560078 0.970109325796
2321.97603262 1.01697819885
2321.99646455 0.989181263563
2322.01689659 1.00541793881
2322.05776036 1.00463866821
2322.07819229 0.943650643802
2322.09862423 0.970072217108
2322.11905616 0.982631843596
2322.13948819 0.986661314301
2322.15992003 0.975538602283
2322.18035196 1.01418829789
2322.22121582 0.962398969946
2322.26207979 0.988544638594
2322.28251162 1.02741364316
2322.30294365 0.9990271716
2322.32337558 1.02423447422
2322.34380741 0.976180112959
2322.36423944 1.00368445622
2322.38467137 1.02053088247
2322.4051032 1.00494553501
2322.42553522 0.985032930362
2322.44596715 0.960411142311
2322.46639908 0.998935855422
2322.48683101 1.02315351323
2322.50726293 1.03769920588
2322.52769486 1.00004856464
2322.54812679 0.983735176597
2322.56855871 1.01137281014
2322.58899064 0.97604842317
2322.60942266 1.00777873744
2322.62985449 0.911126258971
2322.65028651 0.954562868444
2322.8137418 0.986594020455
2322.83417382 1.04685068968
2322.85460564 0.998516504372
2322.87503756 0.984334471636
2322.89546958 1.00474250323
2322.9159014 0.97024987501
2322.93633332 1.01337019889
2322.95676534 0.970914430548
2322.97719726 0.988559445274
2322.99762908 1.03094617932
2323.0180611 1.03989301207
2323.03849302 0.978108861205
2323.05892493 1.00136612044
2323.07935685 1.0065731187
2323.09978877 0.99184693846
2323.12022069 1.01508597553
2323.1406526 1.00960862148
2323.16108452 0.958240662724
2323.28367601 1.04839956548
2323.30410802 1.00328683614
2323.32453984 1.00521035581
2323.34497175 0.973524704417
2323.36540376 0.990001572457
2323.38583557 1.0190609131
2323.40626749 1.01529186841
2323.4266995 0.974068892983
2323.44713141 1.012237931
2323.46756332 0.997879932957
2323.48799523 1.0051696555
2323.50842704 1.0047135183
2323.52885905 0.994302699738
2323.54929096 0.959545337816
2323.56972277 1.02406322493
2323.59015478 0.985461705593
2323.61058669 0.971791190291
2323.6310185 1.03289052975
2323.79447385 0.998705148162
2323.81490586 1.01968941667
2323.83533766 1.02280089332
2323.85576956 1.02286603677
2323.87620157 1.01765054331
2323.89663337 1.00109254629
2323.91706528 1.00211991236
2323.93749728 1.02408646979
2323.95792908 0.988974338875
2323.97836099 1.00221787444
2323.99879299 0.999377123635
2324.01922489 1.01105404495
2324.03965669 1.01109971761
2324.06008869 1.00296304939
2324.08052059 1.03069043683
2324.10095239 1.00050544629
2324.12138439 0.996624803866
2324.14181629 0.963135277503
2324.28483959 0.987721950601
2324.30527148 0.999898971654
2324.32570328 1.00369751484
2324.34613528 0.990030047863
2324.36656717 0.987084776202
2324.38699907 0.997513557781
2324.40743097 0.987984783703
2324.42786286 0.964709360259
2324.44829476 0.964156941798
2324.46872675 0.993863412268
2324.48915854 1.03164903163
2324.50959044 0.999320916281
2324.53002243 1.04076589024
2324.55045423 1.00667531089
2324.57088622 1.01703499147
2324.59131811 0.981021491929
2324.6117499 0.99698133157
2324.6321819 0.983424562607
2324.65261379 0.995676535963
2324.73434125 1.02497348013
2324.75477324 0.969401433363
2324.77520513 1.01351838231
2324.79563692 1.01696440222
2324.81606891 1.00398097067
2324.8365008 1.00144429028
2324.85693269 1.03099906144
2324.87736458 0.994950711839
2324.89779646 0.970398295173
2324.91822835 0.959436462187
2324.93866034 1.00312922124
2324.95909213 0.994752629063
2324.97952401 0.99701292958
2324.9999559 1.01286548972
2325.02038779 0.975768798814
2325.10211543 1.01182216751
2325.12254721 0.99905826958
2325.1429791 1.01327775152
2325.16341108 1.00775736494
2325.22470673 1.01630638133
2325.24513851 1.00516068002
2325.26557039 1.01910008776
2325.28600237 0.985346351758
2325.30643426 1.01444353049
2325.32686614 0.988546552941
2325.34729832 1.0143271988
2325.3677302 1.00873131439
2325.38816208 1.00464749586
2325.40859396 0.948323815231
2325.42902574 0.955905211423
2325.44945772 1.05325085445
2325.49032138 1.00776148662
2325.51075335 0.984153934876
2325.53118523 0.99966132484
2325.55161701 0.974794681577
2325.57204899 0.986762026805
2325.59248086 1.00482909051
2325.61291264 0.983196693064
2325.7355041 1.04944174758
2325.75593587 0.999532736614
2325.77636774 0.997932694912
2325.79679972 1.00558617336
2325.81723149 1.05541125862
2325.83766337 0.998647969928
2325.85809534 0.996121651259
2325.87852721 0.962580446387
2325.89895898 1.01639741082
2325.91939096 0.975329022231
2325.93982283 1.00705969769
2325.9602546 0.993536102886
2325.98068657 1.00674367044
2326.00111844 0.990054388393
2326.02155021 0.987385346538
2326.04198218 1.02005760967
2326.06241405 0.992754055076
2326.08284602 1.0509626816
2326.10327779 1.00894291141
2326.12370966 1.03975968479
2326.14414153 0.962945436149
2326.20543713 1.01878752531
2326.225869 1.0015883934
2326.24630087 0.964238764142
2326.26673273 0.978538772539
2326.2871646 0.99852752797
2326.30759647 1.00056719586
2326.32802833 1.0090681803
2326.3484602 1.01163386463
2326.36889206 1.01102112787
2326.38932403 1.00798645772
2326.43018776 0.991441196637
2326.45061962 0.992385372812
2326.47105139 0.981977051217
2326.49148335 1.00013038973
2326.51191521 0.974569646131
2326.5732108 1.01035805121
2326.59364256 1.05539674657
2326.61407452 0.949603851171
2326.63450638 1.02013338023
2326.65493815 0.964208872999
2326.67537011 1.02596348078
2326.69580197 0.989847490121
2326.71623383 0.989855954342
2326.73666569 1.00461587803
2326.75709755 1.00041335633
2326.7775294 0.989070598468
2326.79796126 0.957771106275
2326.81839312 0.946983152084
2326.83882508 0.932376949344
2326.96141622 0.979112651458
2326.98184798 0.986672037402
2327.00227984 1.03569407705
2327.02271179 0.973763090801
2327.04314355 1.03956370818
2327.0635754 1.00534194391
2327.08400736 0.989862304204
2327.10443911 1.00906766597
2327.12487096 0.951180858951
2327.14530292 0.980482339697
2327.16573467 1.00566327932
2327.18616663 0.988385783588
2327.20659848 1.0064917456
2327.22703033 1.02257038887
2327.24746218 1.00737468007
2327.26789403 1.03711091007
2327.28832589 1.00900579778
2327.30875774 1.00194332858
2327.47221254 1.00086970814
2327.49264449 1.02813796829
2327.51307624 0.98559342564
2327.53350818 0.990514828419
2327.55394003 1.0189510666
2327.57437178 0.952863817923
2327.59480373 0.977504639834
2327.61523557 1.03249613612
2327.63566732 1.00929434707
2327.65609927 1.0380516604
2327.67653101 0.99742719597
2327.69696286 0.983626550125
2327.7173948 0.99072487956
2327.73782665 0.995611833114
2327.75825839 0.990561889037
2327.77869034 1.02247500594
2327.79912218 1.03888397761
2327.81955393 1.00343594141
2327.96257693 1.03776719817
2327.98300877 0.995883614638
2328.00344071 1.03436811027
2328.02387245 0.98339940044
2328.04430429 1.0271709349
2328.06473623 1.0498647352
2328.08516797 1.02642596035
2328.10559981 0.995234286106
2328.14646349 0.980734233327
2328.16689533 0.983653075414
2328.18732727 1.000754776
2328.20775911 0.988513474014
2328.22819085 1.02245243687
2328.24862278 0.987629654657
2328.26905462 1.02358212535
2328.28948646 1.00267089535
2328.39164554 0.984220975592
2328.41207748 1.01620945351
2328.43250931 0.989834299498
2328.45294105 0.974961648959
2328.47337298 0.987797769334
2328.49380482 0.984046735423
2328.51423655 0.972732260626
2328.53466848 1.00235841977
2328.55510032 1.00335667268
2328.57553215 1.00205062217
2328.61639582 0.96354823254
2328.63682775 1.02730789482
2328.65725948 0.974825282025
2328.67769131 1.00916827277
2328.69812325 1.0098542714
2328.71855498 1.01533947154
2328.73898681 1.03089684609
2328.75941874 1.01111248992
2328.77985057 0.971307655341
2328.8002823 1.00942667332
2328.82071423 0.974316612963
2328.84114606 0.987960612112
2328.88200972 1.00517030162
2328.90244155 0.977786000816
2328.92287328 0.995422469933
2328.9433052 0.972467299912
2328.96373703 1.00006353991
2328.98416896 1.03524180892
2329.00460069 0.99794900654
2329.02503251 0.98589703176
2329.04546434 0.968354800565
2329.08632799 0.961227439063
2329.10675982 0.963370285985
2329.12719165 0.987539104481
2329.14762347 0.988765306057
2329.1680553 1.03649767165
2329.18848712 1.0255892539
2329.20891895 1.00496271783
2329.22935087 1.0243865369
2329.24978259 0.987488576634
2329.27021442 1.00150807654
2329.29064634 1.03522553837
2329.31107807 0.993024071043
2329.33150999 0.9315528649
2329.37237353 1.0319344446
2329.39280546 0.991488635705
2329.41323728 0.991264373849
2329.433669 0.984195917285
2329.45410092 0.977164976629
2329.47453274 0.995325630058
2329.49496446 1.0108186156
2329.51539638 1.01426446184
2329.5358282 0.980969902602
2329.55625992 0.992237776222
2329.57669184 1.01475849989
2329.59712366 0.999280268318
2329.61755548 1.02175954329
2329.6379873 0.989097521644
2329.65841912 1.02908721204
2329.67885104 0.995635442115
2329.69928285 1.03219107707
2329.71971457 1.02952925847
2329.74014649 0.963738499229
2329.76057831 1.02254312972
2329.78101002 0.999465564609
2329.80144194 0.964318204218
2329.82187376 0.964115853133
2329.86273739 0.947404373759
2329.88316911 1.02350683868
2329.90360092 0.979957973609
2329.92403284 1.00596054452
2329.94446455 1.02428104138
2329.96489636 0.982103215777
2329.98532828 1.03388672941
2330.00575999 0.965693888509
2330.1692146 1.03333258064
2330.18964641 0.994481095994
2330.21007832 1.00883928502
2330.23051003 0.98597102667
2330.25094184 1.00433263409
2330.27137375 1.00670199672
2330.29180546 1.00672668898
2330.31223727 1.00573131909
2330.33266918 0.985136325767
2330.35310089 1.00232330851
2330.3735328 1.0223963585
2330.39396461 0.994168984064
2330.41439632 0.982087530667
2330.43482822 0.985727754603
2330.45526003 1.01183879332
2330.47569174 1.04006286287
2330.49612365 1.00629439837
2330.51655546 0.980847584025
2330.53698726 0.999174697346
2330.55741907 0.985921919831
2330.57785088 0.993973076037
2330.659578 0.977479457679
2330.6800099 1.00498650169
2330.70044171 1.0062171382
2330.72087351 1.02316624329
2330.74130532 0.962000516573
2330.76173712 1.00209778039
2330.78216903 0.982348612287
2330.86389614 1.0235197102
2330.88432794 0.997672289427
2330.90475984 1.0182570283
2330.92519155 1.02827315711
2330.94562335 0.978267409166
2330.96605525 1.01282811121
2330.98648695 1.01817749293
2331.00691875 1.00586097622
2331.02735065 0.977845979998
2331.04778245 0.993391204513
2331.06821425 0.978122711968
2331.10907785 0.998543530771
2331.12950965 1.02434676499
2331.14994145 0.980853306776
2331.17037325 1.00491286638
2331.19080505 0.999489342468
2331.21123685 1.0088337358
2331.23166865 1.00908048251
2331.25210045 0.978805278324
2331.27253224 0.976224339187
2331.29296404 0.995769751323
2331.31339584 1.02521893896
2331.33382763 0.98957983637
2331.35425933 0.997052041905
2331.37469123 0.993510404513
2331.39512302 1.02113967179
2331.47685031 1.00933654612
2331.497282 1.02575026201
2331.5177138 1.00170991343
2331.53814569 0.991645964885
2331.57900918 1.01332516333
2331.59944107 0.964008103112
2331.61987286 1.01837898173
2331.64030456 0.988628077013
2331.66073645 1.01063755133
2331.68116824 1.01600239657
2331.70160004 1.01287789868
2331.72203183 0.962448411433
2331.74246362 0.963142186583
2331.76289551 0.93150357468
2331.84462258 0.990844712392
2331.86505437 1.00759964934
2331.88548626 0.974587989991
2331.90591795 0.996059320437
2331.92634974 1.02546851371
2331.94678162 0.998956773496
2331.96721331 0.986474272449
2331.9876451 1.00075362561
2332.00807689 0.997767082116
2332.02850868 0.97188991222
2332.06937226 1.00309172237
2332.08980404 0.985334921812
2332.11023593 1.03422077093
2332.13066772 0.988787547872
2332.15109941 0.9851462177
2332.17153129 0.978081145933
2332.19196308 1.02261147071
2332.21239476 1.0210303939
2332.23282665 0.999983995003
2332.25325844 1.00566638043
2332.27369012 1.0187930641
2332.29412201 0.996606013099
2332.31455379 0.996901115225
2332.33498548 1.00033313959
2332.35541736 0.984196278705
2332.37584914 1.00985358354
2332.39628103 0.978076625225
2332.41671271 1.0122860999
2332.4371445 0.979007743824
2332.45757638 0.998132868639
2332.47800806 0.9874674961
2332.49843984 0.99036820218
2332.51887173 1.00640852203
2332.53930341 1.01354338946
2332.55973519 1.0112698714
2332.58016707 1.04425938914
2332.60059885 0.990597590819
2332.62103054 0.993105132201
2332.64146242 0.99419361803
2332.6618942 0.992511894469
2332.68232588 0.991586896587
2332.70275776 1.00285433366
2332.72318954 1.01217717501
2332.74362132 0.978912165559
2332.7640531 1.04164895899
2332.78448488 0.993412734098
2332.80491666 0.982475235891
2332.82534844 1.01753849383
2332.84578011 0.987110313756
2332.86621199 1.00891972913
2332.88664377 1.02395289415
2332.90707545 1.01836430528
2332.92750733 0.995766095323
2332.9479391 1.02066040048
2332.96837088 1.00634399449
2333.00923443 0.969387649359
2333.05009799 1.03391765139
2333.07052976 1.03539665938
2333.09096164 0.990907190603
2333.11139341 1.00423633508
2333.13182509 1.01737608134
2333.17268874 1.00622698466
2333.19312041 1.00413186692
2333.21355229 1.02694006427
2333.23398406 0.966887708855
2333.25441574 0.99160544254
2333.27484761 1.02241082202
2333.29527938 1.02772433615
2333.31571106 1.00122498209
2333.33614293 0.953851972814
2333.3565747 0.98292744201
2333.37700658 1.00171173928
2333.39743825 0.979334387596
2333.41787002 1.0054633553
2333.43830189 0.992570306522
2333.45873356 0.993284783426
2333.47916533 0.997632042403
2333.49959711 0.984687901821
2333.52002888 0.960326584687
2333.54046065 1.00847604358
2333.56089242 0.98217970806
2333.58132419 0.964745797575
2333.60175596 0.993516639769
2333.62218783 1.04604407766
2333.6426195 1.0125001168
2333.66305137 1.01499794452
2333.68348313 1.01482107115
2333.7039148 0.952305742259
2333.72434667 1.03722099348
2333.74477844 1.02986049021
2333.76521011 1.0024260388
2333.78564198 0.982428581741
2333.80607374 0.960299062577
2333.82650541 1.0054524098
2333.84693728 0.992473745402
2333.86736905 0.977660343841
2333.88780071 1.02982966987
2333.90823258 1.01121064329
2333.92866434 1.00386287393
2333.96952788 0.970320497008
2334.05125494 1.05480352015
2334.0716868 0.999345017848
2334.09211857 1.01680244877
2334.11255023 1.00269723328
2334.13298209 0.953908148644
2334.15341386 1.00010063848
2334.17384552 1.02978111056
2334.19427739 1.00793113272
2334.21470905 1.01555860766
2334.23514081 1.05483185082
2334.25557267 1.0256378961
2334.27600434 0.994048765029
2334.2964362 0.978730133714
2334.31686796 0.990205188976
2334.33729962 0.972340118805
2334.35773148 0.983915385794
2334.39859491 0.996185349589
2334.41902677 1.0036706698
2334.43945853 0.990014272132
2334.45989029 1.00151451026
2334.48032205 0.98245395816
2334.50075381 1.0039083296
2334.52118557 0.958398488593
2334.54161733 1.00152735105
2334.56204909 1.01271489338
2334.58248095 1.00023130297
2334.6029127 0.955694762402
2334.62334436 1.01865307019
2334.64377622 1.02934027213
2334.66420798 1.00141613468
2334.68463964 1.01955547251
2334.7050715 1.00672381191
2334.72550325 1.00394479375
2334.74593491 1.00640959919
2334.76636677 0.972055267788
2334.78679852 0.967798518982
2334.80723018 0.971142307172
2334.82766204 0.959476663566
2334.84809379 0.980999751645
2334.86852545 0.978100629206
2334.88895731 1.00725883536
2334.90938906 0.957161684389
2335.0728431 0.989873830915
2335.09327485 1.00476163293
2335.1137066 1.04093432574
2335.13413836 1.00050346555
2335.15457011 0.942999472593
2335.17500196 1.02626848106
2335.19543362 1.01561188404
2335.21586547 0.973111488348
2335.23629722 1.01614656231
2335.25672887 1.0549693536
2335.27716072 0.972361723485
2335.29759248 0.976015149455
2335.31802413 0.95551750389
2335.33845598 1.00683464117
2335.35888773 0.994911683023
2335.37931938 0.988443669924
2335.39975123 0.998535797375
2335.44061473 1.0295906673
2335.46104648 0.965512885735
2335.48147823 0.987445776029
2335.50191008 0.944758458295
2335.52234173 0.993511185929
2335.54277348 1.0055108349
2335.56320533 0.982913382195
2335.58363707 1.00553950895
2335.60406872 1.02010140577
2335.62450057 0.969582081907
2335.64493232 0.993719076298
2335.66536397 0.991532156486
2335.68579581 1.02253492197
2335.70622746 1.00906979133
2335.72665921 1.0031010177
2335.74709105 0.99995497401
2335.7675227 1.01770160218
2335.78795445 1.01089421222
2335.80838629 1.00614098152
2335.82881794 0.997732168458
2335.84924979 0.996491977146
2335.86968153 0.988333406168
2335.89011318 0.996059031449
2336.05356723 1.01225078391
2336.07399898 0.99640932554
2336.09443072 1.0282791021
2336.11486246 0.98694663548
2336.1352943 1.01875591824
2336.15572605 0.98781793651
2336.17615769 1.00539900119
2336.19658953 1.00384201419
2336.21702127 1.00521139988
2336.23745292 0.993034982184
2336.25788476 0.998716254494
2336.2783165 0.970298753918
2336.29874814 0.995550705282
2336.31917998 0.984136756328
2336.33961172 0.976448768026
2336.36004336 0.973584805731
2336.3804752 1.02882090062
2336.40090694 1.00643301837
2336.42133868 1.01982703387
2336.44177042 0.971092279287
2336.46220206 1.03451444685
2336.4826339 1.01543212268
2336.50306564 0.993997837
2336.52349738 1.00676165737
2336.54392912 0.986058174555
2336.56436086 1.02322444187
2336.5847926 1.01452327823
2336.60522434 1.03513386249
2336.62565607 1.00015729397
2336.64608781 0.998476667191
2336.66651965 1.00515062021
2336.68695129 1.00013977236
2336.70738312 0.992647183041
2336.72781486 1.00659645808
2336.7482465 1.02865920239
2336.76867833 1.00280910653
2336.78911007 1.03664330597
2336.80954171 0.981921374264
2336.82997354 1.00411258063
2336.85040528 1.02414692842
2336.87083691 0.986981806441
2336.89126875 0.983193085462
2336.91170049 0.977350863345
2336.93213212 0.978911750267
2336.97299569 0.99255808729
2336.99342752 1.02954997846
2337.01385916 0.999777379991
2337.03429089 1.04961269437
2337.05472273 0.995668151549
2337.07515446 0.997636575022
2337.09558609 0.993892198628
2337.11601783 1.00307630366
2337.13644966 1.01437302267
2337.15688129 0.993997183775
2337.17731313 0.994084292061
2337.19774476 1.00975527185
2337.21817649 1.01939157336
2337.23860832 1.03432396945
2337.25903996 1.04278296886
2337.27947179 1.03464565411
2337.29990352 1.01780740812
2337.32033515 1.01301252599
2337.34076698 1.0054886882
2337.36119871 0.975371397051
2337.38163034 1.04362756556
2337.40206217 0.988533104553
2337.4224939 0.98039767709
2337.44292553 0.980506930625
2337.46335736 1.00677400361
2337.48378909 1.00054383694
2337.50422082 0.988410534748
2337.52465255 1.0120571316
2337.54508428 0.994654090651
2337.56551601 1.01544504598
2337.58594774 0.987549137878
2337.60637947 0.97429564891
2337.76983339 1.00971516215
2337.79026502 1.0003017559
2337.81069685 1.01071903771
2337.83112847 1.01131822592
2337.8515602 0.963818093702
2337.87199203 1.02018620965
2337.89242375 1.01621263955
2337.91285548 0.978491022247
2337.97415066 1.00828866459
2337.99458238 1.00439520122
2338.01501411 1.00286791964
2338.03544583 0.994871117362
2338.05587755 1.00670958984
2338.07630928 1.00994518488
2338.096741 0.980513769935
2338.11717273 1.01153748972
2338.13760445 0.976181532329
2338.15803628 1.02320327133
2338.1784679 1.00598719581
2338.19889972 0.990503824853
2338.21933145 1.01410577128
2338.26019489 0.95801953603
2338.28062661 1.0049657037
2338.30105824 0.962997009066
2338.32149006 1.01808516787
2338.34192178 0.993107871599
2338.3623534 1.0057295967
2338.38278522 0.982014712337
2338.40321695 0.921129780287
2338.44408039 0.987985141109
2338.46451211 1.00723747592
2338.48494393 0.987427347173
2338.50537555 0.970983933131
2338.52580727 1.01013764561
2338.54623909 0.952048822807
2338.56667071 1.0125468942
2338.58710243 1.00017390287
2338.62796587 1.00021243556
2338.64839759 0.972442114509
2338.66882941 0.993069581832
2338.68926103 1.00533240785
2338.70969275 0.995323934308
2338.73012457 1.02035865323
2338.75055618 0.959865545729
2338.770988 1.03244053654
2338.79141972 1.02669716963
2338.81185134 1.01074635305
2338.83228316 1.00024785336
2338.85271487 0.993515840273
2338.87314649 0.989586425396
2338.89357831 0.982804287276
2338.91401003 1.00870846692
2338.93444164 0.972572182539
2338.95487346 0.99893942162
2338.97530518 0.997029752947
2338.99573699 0.984465195319
2339.01616861 1.00831713396
2339.03660033 0.960058890444
2339.05703214 0.986943129236
2339.07746376 0.976571606425
2339.09789547 0.940274873305
2339.11832729 0.966723302842
2339.20005415 1.03444700284
2339.22048576 1.05543230743
2339.24091758 1.03152837744
2339.26134929 1.01595584353
2339.281781 0.972962091213
2339.30221272 1.00947336074
2339.32264433 1.01226228957
2339.34307615 0.985935761849
2339.36350786 0.998377969974
2339.38393947 1.02724404318
2339.40437128 0.989473134453
2339.424803 1.05607878864
2339.44523461 0.991425608324
2339.46566642 1.00593037072
2339.48609814 1.01997059964
2339.50652985 1.01947664771
2339.52696156 0.994118729815
2339.54739327 1.00116244477
2339.56782508 1.03148385103
2339.62912022 0.996138736337
2339.64955183 0.996090069566
2339.66998354 1.00530234711
2339.69041535 1.02842772203
2339.71084706 1.00139161045
2339.73127867 1.00033628559
2339.75171048 1.0213451604
2339.77214219 1.0288559076
2339.7925738 0.977961504536
2339.81300561 1.00630243638
2339.83343732 1.00983508057
2339.85386913 1.02187373377
2339.87430074 0.967364908982
2339.91516425 0.964001985537
2339.93559586 1.01541475672
2339.95602757 0.976373647313
2339.97645938 0.993442025814
2339.99689099 1.00688495082
2340.0173227 0.996077541472
2340.0377544 1.01008632238
2340.05818611 0.999784294012
2340.07861782 0.987989835161
2340.09904953 1.00032469875
2340.11948123 1.0202704259
2340.16034475 1.00600786191
2340.18077635 0.974485876546
2340.20120816 1.00475227617
2340.22163987 0.999662465315
2340.24207147 1.02707314851
2340.26250328 0.989142476184
2340.28293499 1.00830196659
2340.30336659 0.996119105448
2340.3237984 0.999568087949
2340.3442301 0.965630481902
2340.36466191 0.993376540609
2340.38509351 0.993073846095
2340.40552522 1.04330969067
2340.42595702 0.992832092646
2340.44638863 0.985481932272
2340.46682033 1.01531446198
2340.48725214 0.980143747322
2340.50768374 0.984975407982
2340.52811544 1.00306272999
2340.54854725 1.03992737451
2340.56897885 1.00948171541
2340.58941055 1.00325991893
2340.60984236 0.999087477386
2340.63027406 1.00299757929
2340.65070576 0.989622157908
2340.67113747 1.01902588973
2340.69156917 1.02716945129
2340.73243257 1.033640196
2340.75286428 0.971417697729
2340.77329598 0.96974329257
2340.79372768 0.987796563746
2340.81415928 1.00184164751
2340.83459108 0.997487319191
2340.85502279 1.00799849521
2340.87545439 1.00022694058
2340.89588619 0.976859047745
2340.91631789 0.981503851142
2340.93674969 0.988095161761
2340.95718129 0.962749056426
2340.97761299 0.95521293335
2340.99804479 1.00669812902
2341.01847639 1.00662602663
2341.03890809 0.992369607188
2341.05933989 0.970032659063
2341.07977149 1.00580224639
2341.12063499 0.97711180495
2341.14106669 1.02273670663
2341.16149839 1.01675051569
2341.18193009 1.02992733709
2341.20236179 1.01212429403
2341.22279349 0.982396019076
2341.24322518 1.02761621295
2341.26365688 0.984469182167
2341.28408858 0.981719946332
2341.30452028 1.01017556089
2341.32495198 1.00438229225
2341.34538378 0.992626784953
2341.36581537 0.99555893204
2341.38624707 0.986346560364
2341.40667877 1.00441190227
2341.42711047 1.03073919055
2341.44754226 1.00631434126
2341.46797386 1.00289506262
2341.48840556 1.0228319916
2341.50883735 1.00129238185
2341.52926895 0.990589359908
2341.54970065 1.00430185662
2341.57013244 1.02488254548
2341.59056404 1.01608893589
2341.61099573 0.96154557214
2341.63142753 0.991386099806
2341.65185913 0.962205152463
2341.67229092 1.00616102485
2341.69272262 1.02608452166
2341.71315431 0.993618663803
2341.73358601 1.01673952842
2341.7540177 1.00450530554
2341.7744494 0.99405745762
2341.79488109 0.996366812727
2341.81531279 0.997044186339
2341.83574448 1.039213722
2341.89703956 0.989131189262
2341.91747136 0.991333313215
2341.93790295 1.0005159708
2341.95833474 0.981922065852
2341.97876644 1.00736411224
2341.99919803 0.972846271304
2342.01962982 0.990343852479
2342.04006152 0.999954695584
2342.06049311 1.00044936608
2342.10135659 1.03459505663
2342.12178819 0.949059227456
2342.14221998 1.01692087579
2342.16265167 0.997897049203
2342.18308336 0.988746321602
2342.20351505 1.01584946744
2342.22394675 1.0193052836
2342.24437844 0.960163420054
2342.26481013 0.996010530368
2342.28524182 1.01430785171
2342.30567351 1.0051789416
2342.3261052 0.983203988806
2342.34653689 0.987321339527
2342.36696868 1.00632869228
2342.38740027 1.0069132022
2342.40783196 0.960455166406
2342.42826375 1.01982765049
2342.44869534 1.0268889057
2342.46912713 0.990382943342
2342.48955882 1.01056515589
2342.50999041 1.0026082385
2342.5304222 1.0007099726
2342.55085389 0.997730840329
2342.57128548 1.01390278956
2342.59171727 0.983379341165
2342.61214896 0.982269318957
2342.63258055 0.988842133412
2342.65301234 0.971851610793
2342.67344403 1.00909926379
2342.69387582 0.971743711262
2342.7143074 1.00117585671
2342.73473909 0.997931449667
2342.75517088 1.00800584543
2342.77560247 1.04067562445
2342.79603416 1.01729634329
2342.81646584 1.01457668072
2342.83689763 1.0156172781
2342.85732922 0.999781243267
2342.89819259 1.04713763348
2342.91862438 0.963102100942
2342.93905607 0.986020796858
2342.95948765 0.988670211586
2342.97991944 0.998386860198
2343.00035113 1.01615207273
2343.02078271 1.0198182896
2343.0412145 1.02999064105
2343.06164619 0.968747928208
2343.08207777 1.01455932882
2343.10250956 0.975234894263
2343.12294124 1.00001461189
2343.14337283 1.02309428758
2343.16380461 1.02858442086
2343.1842363 0.988196359467
2343.20466808 1.01463704673
2343.22509967 1.01053456809
2343.24553135 1.00143519522
2343.30682641 1.03751505878
2343.32725819 0.984938996411
2343.34768988 0.964538323112
2343.36812146 1.00073887599
2343.38855325 1.00602467976
2343.40898493 1.01890465757
2343.42941661 1.03390999407
2343.4498483 0.972932380865
2343.47027998 1.00118107997
2343.49071176 1.01321483784
2343.51114335 0.991785874967
2343.53157503 1.00457427937
2343.55200671 0.993728886956
2343.5724384 0.993302310818
2343.59287008 0.975411939513
2343.61330176 0.982928724851
2343.63373344 1.00116037046
2343.65416523 1.00686106412
2343.67459681 0.985578242037
2343.69502849 0.989283208807
2343.71546027 0.992590667489
2343.73589186 1.0177925491
2343.75632354 1.00661143249
2343.77675532 1.02457375682
2343.7971869 0.989418916527
2343.83805036 0.988300476355
2343.85848204 0.974890663772
2343.87891363 0.992578207154
2343.89934541 1.02113183773
2343.91977709 0.989762562448
2343.94020877 1.01861197938
2343.96064045 1.01206226342
2343.98107213 0.967210854537
2344.00150391 1.02502253345
2344.02193549 0.979176370183
2344.04236717 0.974539574062
2344.06279895 0.983108398416
2344.08323053 1.03408234645
2344.10366221 1.00640557448
2344.12409399 0.982656118232
2344.14452557 1.00613394012
2344.16495735 0.997532423922
2344.18538903 1.03872224281
2344.20582061 0.999889018536
2344.22625239 0.997986918648
2344.24668406 0.989230359774
2344.26711564 1.02954588813
2344.28754742 1.0368740634
2344.307979 0.990514347474
2344.32841078 1.00470538144
2344.34884246 1.00114880992
2344.36927404 0.9796849363
2344.38970581 1.0299833368
2344.41013749 1.0055693929
2344.43056917 1.00662450888
2344.45100085 0.972128278652
2344.47143252 1.04269355458
2344.4918642 1.00821217963
2344.51229588 1.01579330903
2344.53272756 1.01160430389
2344.55315923 1.00401012727
2344.57359101 0.956150178756
2344.59402259 0.966307316708
2344.61445427 0.981805492857
2344.63488604 0.999902766442
2344.65531762 0.971213403451
2344.67574939 1.00363549397
2344.69618107 1.01323081902
2344.71661265 0.969580044349
2344.73704442 0.974305835638
2344.81877113 0.997328111251
2344.8392028 1.01998646798
2344.85963448 0.995586934078
2344.88006615 1.00714643669
2344.90049793 1.0278138216
2344.9209295 0.981434515129
2344.94136118 0.978912432288
2344.96179285 0.993263921295
2344.98222453 0.987119095614
2345.0026562 0.986946121329
2345.02308798 0.950001947617
2345.06395123 1.01587598794
2345.084383 0.977725805929
2345.10481458 0.998924200363
2345.12524635 0.985933496565
2345.14567802 0.993478963736
2345.1661096 1.01406288503
2345.18654137 1.0283487282
2345.20697304 1.00249642887
2345.24783639 0.994080421793
2345.26826806 0.991859933363
2345.28869964 0.984531707534
2345.32956308 1.02392433856
2345.34999486 1.02952106069
2345.37042643 1.00539169956
2345.3908581 1.01701116319
2345.41128987 1.02457869567
2345.43172145 1.0141450212
2345.45215312 1.01552084709
2345.47258489 1.02180802058
2345.49301656 1.00421833166
2345.51344814 1.04599917883
2345.53387991 1.01879754361
2345.55431158 0.971593716618
2345.61560659 0.977520093347
2345.63603827 0.994622138978
2345.65646994 0.994088121418
2345.67690161 0.967251274334
2345.69733328 0.986322292531
2345.71776495 0.990309401759
2345.84035497 1.03264837672
2345.86078675 1.00929632428
2345.88121832 1.0363254112
2345.90164999 1.00677453343
2345.92208176 0.9889933309
2345.94251333 0.990208429397
2345.962945 0.974447229551
2345.98337676 0.990517204636
2346.00380833 1.04411517341
2346.04467177 1.00095124215
2346.06510344 1.00602557894
2346.08553511 1.04206190778
2346.10596678 1.00450302042
2346.12639845 1.00011441417
2346.14683012 1.0195282803
2346.16726179 1.0482098861
2346.18769346 1.01836837592
2346.20812523 0.994304941613
2346.22855679 0.997980983614
2346.24898846 1.02447587211
2346.2898518 0.938006841866
2346.31028357 0.990723063918
2346.33071523 1.0025041631
2346.3511468 0.945997910967
2346.37157857 0.981676355786
2346.39201024 0.959096671983
2346.41244181 0.988465429179
2346.43287357 0.942192646457
2346.45330514 1.00507692736
2346.47373681 1.00628305044
2346.49416858 0.981645978374
2346.53503191 1.00592321543
2346.55546358 1.02814272511
2346.57589524 0.982007811344
2346.59632691 1.02371655813
2346.61675858 0.9958280984
2346.63719024 1.03947824072
2346.65762191 0.984504294049
2346.67805358 1.05407092811
2346.69848524 1.01042101399
2346.71891701 0.943792466786
2346.80064357 0.995885913835
2346.82107534 1.01101296305
2346.84150701 1.01506578762
2346.86193857 1.03379003308
2346.88237034 1.0043116231
2346.902802 0.976901376641
2346.92323357 1.00411384585
2346.94366533 0.999737411208
2346.964097 1.00124099142
2346.98452876 0.999201374138
2347.00496033 0.988561185433
2347.02539199 1.00003666088
2347.04582366 0.972333686054
2347.06625532 0.964125092369
2347.08668699 0.960931730835
2347.10711875 1.01208078842
2347.12755032 0.96822273313
2347.14798198 0.988290640452
2347.16841364 0.985634258244
2347.18884531 0.997894008804
2347.20927707 0.965571162423
2347.22970864 0.974113845661
2347.27057207 1.02968627087
2347.29100373 1.01800425138
2347.31143529 1.05157190388
2347.33186706 1.04717644717
2347.35229872 0.993692578164
2347.37273028 1.00180268438
2347.39316205 0.969523719979
2347.41359371 1.00270487607
2347.43402547 1.0231795899
2347.55661545 0.993065485866
2347.57704701 1.0286433459
2347.59747868 1.03806196763
2347.61791044 0.992121283492
2347.65877376 0.969306742573
2347.67920543 0.975435551633
2347.69963709 1.03050611551
2347.72006875 1.01562452225
2347.76093207 0.978466705728
2347.78136374 0.968849385892
2347.8017954 1.03084005612
2347.82222706 0.975533634565
2347.84265872 0.993161032503
2347.86309038 0.998740581985
2347.88352214 0.98004672396
2347.9039537 0.976180833605
2347.92438537 1.02540726056
2347.94481713 0.987831201332
2347.96524869 1.00537417585
2348.04697533 1.03433144125
2348.06740709 1.0194527703
2348.08783865 0.986923070754
2348.10827041 0.976870196202
2348.12870207 0.995457467706
2348.14913363 1.00271458813
2348.16956539 0.956041509899
2348.18999706 0.979992489993
2348.21042872 0.994917735711
2348.25129204 1.01324184829
2348.2717237 1.02601802659
2348.29215536 1.02208650839
2348.31258702 1.00057528115
2348.33301877 0.994336461138
2348.35345043 1.02268232173
2348.37388199 1.01777067244
2348.39431375 0.995675630667
2348.41474541 0.982124745607
2348.43517697 0.999951024982
2348.45560873 0.998949338601
2348.49647195 1.00910393039
2348.51690371 1.01785817417
2348.53733527 1.0162784784
2348.55776703 1.0275075852
2348.57819869 1.00726354725
2348.59863024 0.97419712298
2348.619062 0.980187347531
2348.63949366 0.999985572718
2348.65992522 1.04102458914
2348.68035698 0.96970189231
2348.70078864 0.994687532299
2348.74165195 1.00803883392
2348.76208361 1.03862543169
2348.78251537 1.03419706601
2348.80294693 1.00592940871
2348.84381035 0.979170542945
2348.8642419 1.00565381315
2348.90510532 1.03644340135
2348.92553698 1.04245506658
2348.94596863 0.961912203832
2348.98683195 0.987821737704
2349.02769526 0.997005036339
2349.06855868 1.01070025189
2349.08899024 1.01117653493
2349.10942189 0.972982500078
2349.12985365 0.971138827783
2349.15028521 1.01590585457
2349.17071696 0.989755003956
2349.19114852 0.990719034907
2349.23201193 1.01657928635
2349.25244349 1.01769675914
2349.27287515 0.992920916312
2349.2933069 0.970265238129
2349.31373846 0.987041187797
2349.33417012 0.99504143978
2349.35460187 1.0050058079
2349.37503343 1.01185293841
2349.39546518 0.999949642516
2349.41589684 0.974887964254
2349.49762346 1.00782481943
2349.51805512 1.04324873282
2349.53848678 0.97603311231
2349.55891843 1.00621259157
2349.59978174 1.01510244512
2349.6202135 0.994587369313
2349.64064515 1.0348067995
2349.66107671 0.987463933098
2349.68150846 1.010800212
2349.74280343 1.00259546097
2349.76323509 1.01287711474
2349.78366684 0.99349061059
2349.8040984 0.998736636269
2349.82453005 1.00515307584
2349.84496181 0.990094172511
2349.86539336 1.02149047986
2349.88582502 0.983322279363
2349.90625667 1.01021931485
2349.92668832 0.98655152993
2349.94711998 0.985609626718
2349.96755163 0.96109261514
2349.98798329 0.982763830235
2350.00841504 0.976213701004
2350.0288466 1.01048854842
2350.04927825 0.954112462317
2350.06971001 1.02238194172
2350.09014166 0.992609280224
2350.11057321 1.05549112609
2350.13100497 1.01377081711
2350.15143662 0.979148135543
2350.17186818 0.975761930823
2350.21273158 0.988888168439
2350.23316334 0.967438315214
2350.25359489 1.01322699091
2350.2944583 1.02736751141
2350.31488985 1.00548380811
2350.33532151 1.01632801853
2350.35575326 0.962962469448
2350.37618481 1.00599567147
2350.39661657 1.01379828518
2350.45791153 0.988836552065
2350.47834318 0.995851020995
2350.49877473 1.00409302962
2350.51920648 0.982476715043
2350.53963814 0.980838683356
2350.56006979 0.979767910046
2350.58050144 1.01170770376
2350.6009331 0.988888544184
2350.62136475 0.990618890536
2350.6417964 1.01814267857
2350.66222805 1.001145073
2350.68265971 0.959766770389
2350.70309136 0.978795670327
2350.72352301 0.97639558508
2350.74395477 1.01459221886
2350.76438632 1.02431339507
2350.78481807 1.00712872431
2350.80524972 1.01174177029
2350.82568127 1.0159726449
2350.84611303 0.975498019613
2350.86654468 0.997614027259
2350.88697623 0.91485298035
2350.96870294 0.967317113941
2350.98913459 1.0039575026
2351.00956634 1.03532099389
2351.0299979 0.990943155672
2351.05042955 0.966519054122
2351.0708613 1.0086229352
2351.09129285 1.01294748866
2351.1117245 1.00484604558
2351.23431451 1.00606879297
2351.25474616 1.0138408388
2351.27517771 1.00481266409
2351.29560947 0.996781630906
2351.31604112 0.952790021745
2351.33647277 1.02222254647
2351.35690442 0.99777427474
2351.37733607 1.03614347534
2351.45906277 1.0146560884
2351.47949433 0.980541264703
2351.49992598 0.99015244216
2351.52035773 0.973182016434
2351.54078928 0.978230851759
2351.56122093 1.0167500705
2351.58165268 1.00104154438
2351.60208423 0.992772157087
2351.74510588 0.996142586848
2351.76553753 0.995650797504
2351.78596928 0.995417912143
2351.80640084 1.00883315528
2351.82683249 0.994789315171
2351.84726424 0.997014371293
2351.86769589 0.999430065667
2351.88812744 1.03469964526
2351.90855919 0.979670408114
2351.92899084 1.00510515085
2351.94942239 0.979313116791
2351.96985414 1.02846592681
2351.99028579 0.983298283028
2352.01071744 0.974640431433
2352.03114909 0.969815277836
2352.05158064 1.01034060693
2352.07201239 1.00908059416
2352.09244404 1.00458003023
2352.19460228 1.00731090037
2352.21503393 0.983438440126
2352.23546568 0.989659637147
2352.25589723 0.992776486809
2352.27632888 0.985844497437
2352.29676063 1.00496554627
2352.31719218 1.00531288177
2352.33762383 0.978770298965
2352.35805558 0.968478082839
2352.37848723 1.030457972
2352.41935053 1.0100632521
2352.43978218 1.00451717403
2352.46021383 0.992153160744
2352.48064548 1.00486235907
2352.50107712 0.997559765403
2352.52150877 1.01111312264
2352.54194042 1.0096030593
2352.56237217 1.01646986298
2352.58280382 0.961386263677
2352.60323537 1.02793583365
2352.62366712 0.958348557842
2352.66453032 0.973610820585
2352.68496207 1.00346616876
2352.70539362 0.98744870269
2352.72582536 0.973026391538
2352.74625701 0.999105919539
2352.76668856 0.976091339209
2352.78712031 0.991072379393
2352.80755196 0.998695106747
2352.97100515 0.94966545277
2352.9914368 0.999000918022
2353.01186855 0.960320556694
2353.03230009 1.02218353982
2353.05273174 0.997494038494
2353.07316349 0.998722850159
2353.09359514 1.0136641892
2353.11402679 0.985113224517
2353.13445844 0.986516692945
2353.15489008 1.0130077385
2353.17532173 0.998214959168
2353.19575338 1.0070673777
2353.23661678 1.04310481089
2353.25704833 1.03875020858
2353.27747997 0.983068292263
2353.29791172 1.01033377887
2353.31834327 0.957358581433
2353.33877502 0.981957770425
2353.35920667 1.01818415765
2353.40006996 0.986634380097
2353.42050151 1.0085386316
2353.44093316 1.00089347314
2353.46136491 1.0026970671
2353.48179645 0.99155070193
2353.5022282 0.987065904454
2353.52265985 1.0004060991
2353.5430914 0.995909064816
2353.72697643 1.04321369496
2353.74740808 1.00634803203
2353.76783962 1.02013061989
2353.78827137 1.0216706198
2353.80870302 1.00729040227
2353.82913457 1.01163262534
2353.84956632 1.02789183105
2353.86999796 0.999425985868
2353.89042971 0.985103300669
2353.91086126 1.01957028138
2353.93129291 0.972504010884
2353.99258785 0.98146082584
2354.0130196 1.00286780455
2354.03345114 0.973820795697
2354.05388289 0.977817454492
2354.07431444 0.99173513864
2354.09474609 0.995629909259
2354.13560938 0.990895684626
2354.15604103 1.04345952362
2354.17647278 0.997780647545
2354.19690432 0.996817314964
2354.21733597 0.98874591903
2354.23776772 1.02514474566
2354.25819937 0.999183276357
2354.27863101 1.03159773802
2354.29906266 1.01221016183
2354.31949431 1.01056013435
2354.401221 0.9869761881
2354.42165255 1.00842285068
2354.44208429 0.993842244199
2354.46251594 0.997042230706
2354.48294749 1.00356840642
2354.50337923 1.04812743565
2354.52381088 1.0092218146
2354.54424243 1.0147407504
2354.56467418 0.999201955914
2354.58510582 1.01468899106
2354.60553757 0.98594056073
2354.62596912 0.993568646646
2354.64640077 1.02234502318
2354.66683241 0.997178659654
2354.68726406 0.990989827786
2354.72812735 0.977710345684
2354.748559 1.01558172015
2354.76899065 1.01472311591
2354.7894223 1.00410917177
2354.80985394 1.02866157631
2354.83028569 0.984446327011
2354.87114888 1.03466962909
2354.89158063 1.0009592898
2354.91201218 1.01265847637
2354.93244383 1.0188611879
2354.95287557 1.01377848095
2354.97330722 0.966209422311
2354.99373887 0.984195582529
2355.01417052 0.973850816309
2355.03460216 0.968310128092
2355.15719215 1.02083624687
2355.17762379 1.0134776453
2355.19805534 1.01753201459
2355.21848709 1.02199220978
2355.23891873 1.03131152342
2355.25935028 1.00631706107
2355.27978203 1.00456218172
2355.30021368 1.03770943441
2355.32064522 0.984184325185
2355.36150862 0.990166524981
2355.38194036 1.02054173041
2355.40237191 0.965101635251
2355.42280356 0.958764061199
2355.44323521 0.954777327668
2355.46366685 1.01564620873
2355.4840985 0.989353997605
2355.50453015 0.972340238982
2355.66798342 0.986354255464
2355.68841507 1.03670511016
2355.70884672 0.982620379347
2355.72927837 0.989296768645
2355.74971001 0.998543464632
2355.77014176 0.99206193188
2355.89273164 0.979019689982
2355.91316319 0.986840918208
2355.93359494 0.998574650399
2355.95402659 1.01154106922
2355.97445813 0.99576067642
2355.99488988 0.999727479458
2356.01532153 1.015769759
2356.03575317 0.981855390931
2356.05618482 1.00292929478
2356.07661647 0.996492083625
2356.09704812 1.03878612806
2356.11747976 0.991351871416
2356.13791141 0.983432601023
2356.15834306 1.00531670179
2356.17877471 0.982768372802
2356.19920635 1.00661080754
2356.219638 0.980315801418
2356.24006965 0.992253750679
2356.26050139 0.974937549202
2356.28093304 1.02309995836
2356.36265953 1.00468117757
2356.38309128 0.997841912714
2356.40352293 0.974737143291
2356.42395447 0.983649473521
2356.44438622 0.984033956039
2356.46481787 0.975022015942
2356.48524962 1.0144670933
2356.50568116 0.93730208594
2356.62827105 0.988712157266
2356.6487028 0.988756690295
2356.66913444 0.968637114363
2356.68956599 1.00946133767
2356.70999774 1.01510077731
2356.73042939 1.01083813284
2356.75086104 1.00413635743
2356.77129268 1.00063799825
2356.79172433 1.02581006215
2356.83258763 0.986634892206
2356.85301927 1.01438631912
2356.87345092 1.00224359183
2356.89388257 1.00843327872
2356.91431422 1.01082763855
2356.93474597 0.986730790708
2356.95517751 0.958427259427
2356.97560916 1.03112205384
2357.13906234 0.990044286012
2357.15949409 0.984691456406
2357.17992574 1.0123337141
2357.20035749 1.02612134359
2357.22078904 1.01700187971
2357.24122069 1.03567761534
2357.26165243 0.997335400419
2357.28208398 0.986708444642
2357.32294738 0.972867663918
2357.34337893 0.982748496772
2357.36381067 1.01281127864
2357.38424232 0.984383663295
2357.40467397 1.01354735323
2357.44553727 1.00323982135
2357.46596892 1.03421290389
2357.48640056 1.0229807393
2357.50683221 0.994149949426
2357.52726376 0.991181296034
2357.58855881 0.977683560429
2357.60899045 1.00960821886
2357.6294221 1.03831167728
2357.64985385 1.00134513921
2357.6702854 0.971365373431
2357.69071705 1.00213109062
2357.7111488 1.00906285357
2357.73158035 0.999448639008
2357.7520121 0.993305055569
2357.83373869 1.02351917794
2357.85417024 0.992895257169
2357.87460199 0.998930694217
2357.89503364 0.995736195629
2357.91546539 1.01601202124
2357.93589693 0.998983193458
2357.95632858 0.972834712664
2357.97676033 0.976102393581
2357.99719188 0.97334848066
2358.07891858 1.00527667036
2358.11978188 0.999126352148
2358.14021353 1.04076483847
2358.16064517 1.03908592267
2358.18107672 0.996258893766
2358.20150847 1.03148207872
2358.22194012 1.0167265514
2358.24237167 0.992010548066
2358.26280342 0.985539727756
2358.30366682 0.974325872931
2358.32409837 1.02110804743
2358.34453002 1.01279957593
2358.36496177 1.00443301835
2358.38539332 1.01705392458
2358.40582497 0.998403781572
2358.42625672 1.00531700614
2358.44668827 1.00777578275
2358.46712002 0.976846501324
2358.48755167 0.976229810916
2358.50798322 0.949187980105
2358.54884662 0.978386426385
2358.56927817 1.01829990783
2358.58970992 0.998043665637
2358.61014157 0.983438275082
2358.63057332 1.0127222299
2358.65100487 1.01688704671
2358.67143652 1.00955109429
2358.69186827 0.972391404495
2358.73273147 0.991736785995
2358.75316322 1.02898973566
2358.79402642 0.948881547545
2358.81445817 1.00799670904
2358.83488972 0.979018909203
2358.85532147 0.986488891256
2358.87575312 1.00028373013
2358.89618467 0.982859571675
2358.91661642 1.00665840023
2358.93704807 0.954629196178
2358.97791137 0.961437824472
2358.99834302 1.00456524148
2359.03920632 0.989911146544
2359.05963797 1.01337873303
2359.08006973 1.00302667272
2359.10050128 1.03033980585
2359.12093293 1.00667319467
2359.14136468 0.989460469253
2359.16179623 0.989132285994
2359.18222798 1.0330075258
2359.20265963 1.00492176894
2359.22309118 1.00174776147
2359.24352293 0.988030432619
2359.28438624 1.0168366298
2359.30481789 1.00618598924
2359.32524954 0.979164603984
2359.34568119 0.962884201379
2359.36611284 0.986816506096
2359.38654449 0.968557502733
2359.40697624 0.93300074391
2359.4274079 0.968097838101
2359.59086111 0.986572493501
2359.61129266 1.01221592804
2359.63172441 0.976827836974
2359.67258762 0.99197713649
2359.69301937 0.997650609769
2359.71345102 1.04306799793
2359.75431433 0.988385953885
2359.77474598 1.01526864465
2359.79517773 1.03057722842
2359.81560928 1.01773449329
2359.83604094 1.00686279164
2359.85647269 1.04079027649
2359.87690424 1.02086656522
2359.89733599 0.964531754898
2359.91776765 0.957728486158
2359.9381993 0.953878285257
2359.95863095 0.935464804246
2359.9790626 0.96939278812
2360.01992591 1.03502077115
2360.10165252 1.02406559994
2360.12208427 1.03476681507
2360.14251593 1.02242461595
2360.16294748 1.00976740737
2360.18337923 0.984331717905
2360.20381079 0.971313283388
2360.22424244 0.987812303338
2360.26510575 1.02828759794
2360.2855375 1.01161555006
2360.30596916 0.996978771099
2360.32640071 0.981984074904
2360.34683246 1.00336403391
2360.36726412 1.03885688646
2360.38769567 0.970572494894
2360.40812742 1.02023750561
2360.42855908 1.05533983583
2360.44899083 0.964656509382
2360.53071735 0.978159099708
2360.551149 0.96304907486
2360.57158076 1.02857149481
2360.59201241 1.0190346732
2360.61244407 1.01400271824
2360.63287572 1.02859236029
2360.65330737 0.989806903443
2360.67373903 0.986392908514
2360.69417068 1.00523265417
2360.71460234 1.01646798282
2360.73503409 1.00429370373
2360.75546565 0.961969296324
2360.7758973 0.971147549855
2360.79632896 0.9784553331
2360.81676061 0.999072434311
2360.83719237 0.970520976985
2360.85762402 1.00526221757
2360.87805558 0.967155806681
2360.89848733 1.01839452166
2361.10280389 1.00170024322
2361.12323554 1.00060402359
2361.1436672 0.978518345087
2361.16409896 0.945781316984
2361.18453051 1.00362220987
2361.26625714 0.987978272638
2361.28668889 1.00391252002
2361.30712055 0.981970352817
2361.36841552 1.00297462778
2361.38884718 1.01024083309
2361.57273209 1.00432891646
2361.6135955 1.02311145935
2361.63402706 0.990895507488
2361.65445872 1.00466988741
2361.69532203 1.01979073444
2361.73618545 0.990471755559
2361.75661701 1.04439640135
2361.77704876 1.03456392926
2361.79748042 1.0185843819
2361.83834374 0.977241379825
2361.89963871 1.01600399458
2362.02222876 0.993243785096
2362.04266042 0.966086418241
2362.06309208 1.00951164513
2362.08352374 0.993256527224
2362.1039555 0.973397618514
2362.14481872 0.988069223474
2362.16525048 0.967803649728
2362.24697702 0.983078750675
2362.26740878 1.0012250487
2362.28784033 0.968505850694
2362.30827199 1.02400853126
2362.32870375 0.986982947137
2362.34913531 1.02082914454
2362.36956707 0.985584297048
2362.43086205 0.994425296613
2362.47172538 1.03686832564
2362.5125887 0.972460606432
2362.53302036 1.03212907799
2362.55345202 1.00166380778
2362.57388368 1.00255906096
2362.59431544 0.98317820744
2362.6147471 1.00555334663
2362.63517866 1.03329626073
2362.65561042 1.00329726846
2362.71690541 1.01104317846
2362.73733707 1.01781316514
2362.75776883 0.989327887283
2362.77820039 1.01757040493
2362.79863205 1.00018463648
2362.81906381 1.00499630025
2362.83949537 0.971322540575
2362.85992704 1.01781618272
2362.8803588 1.02192250794
2362.90079036 0.994022596799
2362.92122212 1.01563565057
2362.94165368 1.00450453442
2362.96208535 0.977643185562
2362.98251711 0.979107845576
2363.00294867 1.00474048318
2363.02338033 0.989942779538
2363.0438121 0.977832472525
2363.06424366 1.00286013252
2363.08467542 0.997322891103
2363.10510708 0.984201808195
2363.26856039 1.01731807866
2363.28899205 1.02965671653
2363.30942382 0.981960279349
2363.32985548 0.991368836498
2363.35028704 0.970005240367
2363.53417222 1.03582362775
2363.55460379 1.00234367246
2363.57503545 0.998349947435
2363.59546711 1.0348143719
2363.61589878 0.976181666579
2363.63633054 0.974262988081
2363.65676211 1.00214232021
2363.67719377 1.01576782745
2363.69762554 0.971760274211
2363.71805711 0.994180645712
2363.73848877 1.01628182206
2363.75892054 1.01011401807
2363.7793522 0.999186780159
2363.79978387 0.986876885102
2363.82021553 0.975410319585
2363.8406472 0.999474077467
2363.86107886 1.04467962162
2363.88151053 1.00079602869
2363.9632373 1.01643433386
2363.98366896 1.02325117352
2364.00410053 1.01642463171
2364.0245323 1.00047959526
2364.04496396 1.00225289314
2364.06539553 0.968312174853
2364.0858273 0.985504827285
2364.10625896 0.992669221226
2364.12669073 1.03098045418
2364.1471223 0.970692117065
2364.16755396 0.965802900314
2364.18798563 0.985861984083
2364.2084173 1.00660888527
2364.22884897 1.00552516968
2364.24928063 1.01704156051
2364.2697123 0.966794206727
2364.29014407 0.97603211242
2364.31057564 1.02276075298
2364.33100731 0.971705298229
2364.35143907 0.999177245086
2364.37187064 1.02718520036
2364.45359732 0.980341137087
2364.47402908 1.00793159541
2364.49446075 1.00109029987
2364.51489242 0.97839637277
2364.53532409 1.00473960477
2364.55575576 1.04371680085
2364.5966191 0.942401110339
2364.61705077 0.990877486946
2364.63748254 1.04335871732
2364.67834588 0.97924001704
2364.71920912 0.992446115973
2364.73964089 1.04389059533
2364.76007256 0.987034738212
2364.78050413 1.03983819776
2364.8009359 1.02979806086
2364.98482093 0.984173256147
2365.0052527 1.02991990546
2365.02568428 0.991034754757
2365.04611595 0.967138434206
2365.06654772 0.992381340132
2365.08697929 1.01113234285
2365.20956942 0.992226222922
2365.23000109 1.00544667778
2365.25043277 0.97982308923
2365.27086444 1.01132985433
2365.29129621 1.01590743022
2365.31172778 0.984419985481
2365.33215956 1.00370716085
2365.35259123 1.00771615766
2365.3730228 0.994240761341
2365.41388625 0.982409235082
2365.43431782 0.955335981749
2365.4547496 1.04176558271
2365.47518127 0.984054726224
2365.49561284 1.03567465099
2365.51604462 1.02081456987
2365.53647629 0.998971029564
2365.55690807 1.0061410473
2365.72036146 1.01466262584
2365.74079304 0.984911457371
2365.76122471 1.02425530077
2365.78165649 1.00030773134
2365.80208816 1.01648291872
2365.82251974 0.979973013864
2365.84295151 1.00052301021
2365.86338319 0.990878295728
2365.88381486 0.983062314552
2365.90424654 0.992681989001
2365.92467822 0.990921448778
2365.94510999 1.00008050284
2365.96554157 1.01912367915
2365.98597325 1.00612958792
2366.00640502 1.03348011316
2366.0268366 1.0165316591
2366.04726838 1.0031239301
2366.06770005 1.04618396634
2366.19029011 1.00125268977
2366.21072179 0.979927287272
2366.23115347 1.01270656951
2366.25158515 0.982778629883
2366.27201683 1.03005149779
2366.2924485 0.988856602593
2366.31288018 0.994030288598
2366.33331186 0.997226675693
2366.35374354 1.01099426758
2366.3946069 1.01809910891
2366.41503857 1.0008262964
2366.43547035 1.04262593385
2366.45590193 0.947196867357
2366.47633361 1.00511832765
2366.49676539 0.99747691551
2366.51719707 1.01252166433
2366.53762875 0.968203249457
2366.55806043 1.05468095814
2366.57849211 0.978134106764
2366.59892389 1.04812656485
2366.61935547 0.975328714837
2366.63978715 0.998741162422
2366.66021893 0.98017741222
2366.68065051 1.02452821965
2366.70108229 1.00004910144
2366.72151397 1.03114324614
2366.74194555 1.00575333835
2366.76237733 1.00103962854
2366.78280901 1.04706225546
2366.80324059 1.003300774
2366.92583088 0.979848202188
2366.94626246 1.02057613237
2366.96669414 0.986695646277
2366.98712582 0.976027163712
2367.00755751 0.988259648468
2367.02798919 0.966908750644
2367.19144265 1.02962665411
2367.21187443 1.00546267338
2367.23230612 1.00493028899
2367.2527378 0.969433610149
2367.27316948 1.02219364004
2367.29360117 1.0012981836
2367.31403295 0.991503358174
2367.33446454 0.976142531102
2367.39575959 1.01103024109
2367.41619137 0.968463314141
2367.43662306 1.0059566139
2367.45705464 0.97871542133
2367.47748643 0.976173903358
2367.49791811 0.966547579219
2367.5183497 1.00481533762
2367.53878148 0.9850509068
2367.55921317 1.02670449067
2367.57964486 0.97130398207
2367.60007654 0.984388955468
2367.62050823 1.00393658364
2367.64093991 0.952517507045
2367.6613716 0.99116731582
2367.68180329 1.00570044609
2367.70223497 1.00499426367
2367.72266666 0.99624111491
2367.74309844 0.984357468253
2367.76353003 0.982917228605
2367.92698363 0.999059364394
2367.94741532 1.00270519555
2367.96784711 1.02059704875
2367.98827869 1.01138179447
2368.00871038 0.9964641535
2368.02914217 1.00958315884
2368.04957376 1.00838275937
2368.07000555 0.973061940379
2368.11086883 1.0220730031
2368.13130061 1.00592055897
2368.1517323 0.987453152867
2368.17216389 1.00237118155
2368.19259568 1.01715828972
2368.21302737 1.03388624911
2368.23345906 1.01184354672
2368.25389075 1.04675511801
2368.27432244 1.00840251197
2368.29475413 0.974329139686
2368.37648089 0.963584932626
2368.39691268 1.01719078693
2368.41734428 0.931166234133
2368.43777597 0.97730598679
2368.45820776 1.0068272752
2368.47863945 1.02703000844
2368.49907104 1.00203578658
2368.51950283 1.00665787315
2368.53993452 1.05595815964
2368.62166139 1.02423468489
2368.64209299 1.00380827179
2368.66252468 1.05431268385
2368.68295647 1.05492729469
2368.70338806 0.992865937558
2368.72381976 1.02142774409
2368.74425155 1.00988355276
2368.9077051 0.988420938398
2368.92813679 0.980493719372
2368.94856859 0.991072945714
2368.96900018 1.00015964743
2368.98943188 0.995824912432
2369.00986357 0.993964394929
2369.03029527 0.963121055527
2369.05072696 0.966431151451
2369.07115866 0.964758018711
2369.09159035 1.00183200737
2369.11202215 0.940127178904
2369.13245375 0.965063726492
2369.19374893 1.00150960397
2369.21418053 1.0169668964
2369.23461233 1.0320047785
2369.4184976 0.990083144921
2369.4389294 0.981539259903
2369.4593611 1.00294220342
2369.4797927 1.03906140518
2369.50022449 1.01924106101
2369.52065619 1.01507702451
2369.62281469 0.978832282583
2369.64324639 1.01163304212
2369.66367809 0.974818286409
2369.68410979 0.994400102263
2369.70454149 0.998842220431
2369.72497319 1.00849476354
2369.74540489 0.986364178212
2369.76583669 1.01202055483
2369.78626829 0.974678866853
2369.82713179 0.998267376937
2369.84756349 1.02295658155
2369.86799509 1.02352624315
2369.88842689 1.01640734286
2369.90885859 0.944783353552
2369.9292903 1.00239886417
2369.949722 0.972738328219
2369.9701537 1.04094973844
2370.13360732 1.0010338598
2370.15403912 0.971022176356
2370.17447083 0.993346322074
2370.19490243 1.00205798496
2370.21533423 0.977859760867
2370.25619764 0.98874002464
2370.27662934 0.97417716683
2370.29706105 0.967404429521
2370.31749285 1.05505924536
2370.33792446 1.00386625112
2370.35835616 1.04870221481
2370.37878787 0.998756012482
2370.39921957 1.0171025473
2370.41965128 1.00328703488
2370.44008298 1.00080472585
2370.46051469 1.01339273474
2370.48094649 0.974513010029
2370.5013782 0.966219917042
2370.58310493 0.996470596338
2370.60353673 1.00333356144
2370.62396844 1.00488625973
2370.64440025 1.04758617648
2370.66483185 0.993819526983
2370.68526356 1.02134138475
2370.70569537 0.999953522531
2370.72612697 1.01294625191
2370.84871722 0.994134689673
2370.86914903 0.985296647156
2370.88958074 1.02113490363
2370.91001235 0.980032489853
2370.93044416 1.01684628653
2370.95087587 1.00434409939
2370.97130758 1.00334103577
2370.99173929 1.0024100118
2371.012171 0.980290421662
2371.05303442 1.01376833346
2371.07346613 0.979255819681
2371.09389784 1.01780234495
2371.11432955 0.996771226986
2371.13476136 1.01425388301
2371.15519297 0.981091361671
2371.17562468 1.00285053471
2371.19605649 0.989204882172
2371.2164882 0.968589314118
2371.23691982 0.976894007116
2371.25735163 0.991455836507
2371.29821515 1.00304450665
2371.31864676 1.0159100892
2371.33907848 1.00334372636
2371.35951029 1.00974569286
2371.3799419 0.950973755358
2371.40037361 1.01363168862
2371.42080543 0.978255904036
2371.44123704 0.997562123067
2371.48210057 0.987148805986
2371.50253794 1.00276814815
2371.52296397 1.00133880044
2371.54339568 0.977002375382
2371.5638273 1.01253347732
2371.58425911 1.00976950985
2371.60469083 1.0062061388
2371.62512264 0.973645087503
2371.66598597 0.969414196243
2371.68641779 0.974630097327
2371.7068494 0.994531380497
2371.72728112 0.973128806063
2371.80900808 1.01195600817
2371.8294398 1.00235229219
2371.84987151 0.994409358204
2371.89073495 1.02014162792
2371.91116676 1.00245116209
2371.93159838 1.01724843089
2371.9520301 0.990388014707
2371.97246192 1.02153677926
2371.99289353 1.02148073709
2372.03375707 1.00591878353
2372.05418869 1.00706083514
2372.07462051 0.998467304303
2372.09505213 0.977633815659
2372.11548384 1.01362484919
2372.13591566 1.00380089598
2372.15634728 1.03066637199
2372.1767791 0.985984136072
2372.34023296 0.990897448904
2372.36066458 1.02057795827
2372.3810963 1.03740358988
2372.40152813 0.976642124598
2372.42195985 1.00163576457
2372.44239147 1.00156941432
2372.46282329 1.00455806988
2372.48325501 1.02219800849
2372.50368673 1.01233813733
2372.52411846 0.985050669395
2372.54455018 1.01748427036
2372.5649819 1.02788827949
2372.58541362 0.997881398352
2372.60584535 0.993980794197
2372.62627717 0.996368095976
2372.64670879 0.974117293533
2372.66714062 0.950309767532
2372.83059441 0.982961724802
2372.85102614 0.980029578057
2372.87145776 0.97701011305
2372.89188959 0.996760035861
2372.91232131 1.04066826311
2372.93275294 0.999958749683
2372.95318477 0.992173685755
2372.97361649 0.978329611925
2372.99404832 1.01603882893
2373.01447994 1.00799324129
2373.0553435 0.98280034459
2373.07577523 0.978663334181
2373.09620685 0.968522141325
2373.11663868 0.967132865345
2373.13707041 1.01339695314
2373.15750214 0.969839430504
2373.34138769 1.01576274264
2373.36181942 1.01730263459
2373.38225125 1.0374519884
2373.40268288 1.02672682538
2373.42311461 1.01130028906
2373.44354644 1.02941005599
2373.46397807 0.986138759743
2373.48440991 1.0198484986
2373.50484164 1.03283706144
2373.52527327 1.03129566776
2373.5457051 0.988907825362
2373.58656846 1.00965781245
2373.60700029 1.0035135811
2373.62743203 1.01371554596
2373.64786386 0.953425572859
2373.66829549 0.983444620699
2373.68872722 1.03189726254
2373.70915906 1.00104100531
2373.72959069 1.0138669226
2373.75002242 1.03094231335
2373.77045426 1.00774103703
2373.79088599 0.999201861503
2373.81131762 0.946425679592
2373.83174946 0.99513667676
2373.85218119 0.98165491584
2373.87261293 0.978071862129
2373.89304466 0.95233166517
2374.01563507 0.988503248295
2374.03606691 0.998073759124
2374.05649854 0.998298173818
2374.07693028 0.991121901592
2374.09736212 0.995885290347
2374.11779375 1.03580711517
2374.13822549 0.96653410736
2374.30167949 1.00718596003
2374.32211123 1.00810409337
2374.34254297 1.00158028958
2374.36297481 0.9912645011
2374.38340645 1.0040888527
2374.40383818 1.0212953878
2374.42427002 1.01061308149
2374.44470176 1.03451939182
2374.4651334 0.999517356802
2374.48556524 1.00317607012
2374.50599698 0.989170294984
2374.54686047 0.964111236889
2374.56729221 0.98798660933
2374.58772405 0.974138739858
2374.60815569 0.975375251561
2374.62858743 1.00519306472
2374.73074614 0.983715121561
2374.75117798 1.01397968601
2374.77160963 1.02706888405
2374.79204137 0.996345309095
2374.81247321 0.957265332968
2374.83290486 0.989591711297
2374.8533367 0.989511220548
2374.87376844 0.995871926086
2374.89420009 0.935778765998
2374.91463193 0.943855182878
2374.99635891 1.02440738214
2375.01679076 1.01263102046
2375.0372224 1.00042728061
2375.05765415 1.00950823261
2375.07808599 1.00913140061
2375.09851774 1.02093698915
2375.11894948 0.902429517285
2375.30283531 1.02531579914
2375.32326696 0.996889652215
2375.34369881 1.00373427856
2375.36413046 1.01343912687
2375.3845622 1.02352259258
2375.40499405 0.985577230085
2375.44585755 1.04394159968
2375.4662893 1.02273156906
2375.48672095 0.963857864367
2375.5071528 1.00062589753
2375.52758455 0.976618080285
2375.5480162 0.969952499532
2375.56844805 0.98756361696
2375.5888798 0.972028635518
2375.60931166 1.0128382814
2375.62974331 0.997111600886
2375.75233382 0.979617290671
2375.77276567 1.01338116398
2375.79319742 1.02085440786
2375.81362918 0.998454410663
2375.83406093 0.997893494054
2375.85449269 1.00193732123
2375.87492444 0.965237441201
2375.89535629 0.987751053028
2375.91578795 0.979096585362
2375.95665156 1.0383084883
2375.97708321 1.0041332897
2375.99751507 0.998604171583
2376.01794682 0.965086923023
2376.03837848 1.00127481468
2376.05881033 1.0080826804
2376.07924199 1.01440455809
2376.09967374 0.962282991784
2376.1201056 1.03434002121
2376.14053726 0.99823571353
2376.16096911 0.974012845017
2376.20183253 0.999961769781
2376.22226439 0.993735296045
2376.24269614 1.01869620182
2376.2631278 1.02849372013
2376.28355966 0.983808898001
2376.30399142 1.01248879048
2376.32442328 1.01280708871
2376.34485493 1.0036995749
2376.36528669 0.974914612949
2376.38571855 1.03200723201
2376.40615021 0.963593375862
2376.44701383 1.05222446955
2376.46744559 0.976854040032
2376.48787735 0.990714820787
2376.50830911 0.987280159318
2376.52874087 0.999898183256
2376.54917263 0.991739167985
2376.56960439 1.02899426052
2376.59003616 0.987670175413
2376.75349025 1.00902343005
2376.77392212 0.9945831977
2376.79435378 1.03794509077
2376.81478564 1.0210703411
2376.83521741 1.02124228821
2376.85564907 1.00750535523
2376.87608094 1.01327966705
2376.8965127 1.00842108807
2376.95780799 0.988468917881
2376.97823986 0.971371273983
2376.99867153 0.998163070422
2377.01910329 0.991906970496
2377.03953516 0.964346208826
2377.05996682 0.987499010252
2377.08039859 1.01799983103
2377.24385283 0.994811985576
2377.2642847 1.03556900596
2377.28471637 0.9919442038
2377.30514824 1.01339913492
2377.32558001 0.992112778386
2377.34601167 0.997817166814
2377.36644354 0.985573327475
2377.38687531 0.991399502946
2377.40730698 1.03464959898
2377.42773885 1.01925327658
2377.44817052 1.03870768437
2377.4686024 1.00124650401
2377.48903417 1.0008226757
2377.50946584 0.999892903948
2377.52989771 1.05492075711
2377.55032948 0.998984087552
2377.59119302 0.996612095719
2377.6116248 1.03656920923
2377.63205667 0.981320742805
2377.67292011 1.03142979652
2377.69335199 1.01611515348
2377.71378366 1.01692041151
2377.73421543 0.980480653733
2377.75464731 0.978714421296
2377.77507908 1.00560045293
2377.79551086 0.98984391489
2377.81594263 1.00854819204
2377.83637441 0.98745157437
2377.95896516 0.992534254879
2377.97939694 0.956831373113
2377.99982861 1.00327884262
2378.02026049 1.00557650332
2378.04069227 1.01122703331
2378.06112394 0.973626411753
2378.08155582 0.997886529338
2378.1019875 0.967380268598
2378.12241938 1.00879100941
2378.14285115 0.931944856273
2378.16328283 0.982083124218
2378.18371471 0.999303997577
2378.20414649 0.987736504173
2378.22457817 0.999725385423
2378.24501005 1.00923594737
2378.26544183 0.98428848953
2378.28587371 0.993434164051
2378.30630539 1.00163233201
2378.32673717 0.959658891465
2378.34716905 0.992257158595
2378.36760073 0.99625956076
2378.40846439 1.0449870327
2378.42889607 0.971832480006
2378.44932795 1.0272822932
2378.46975974 1.000415077
2378.49019152 1.0358509285
2378.5106233 0.99000429813
2378.53105508 1.00536397716
2378.55148687 0.989459257231
2378.57191865 0.960483423947
2378.59235043 0.991931144233
2378.61278232 1.02603506723
2378.65364578 0.991604352525
2378.67407767 1.02931793789
2378.69450945 0.994843304793
2378.71494114 1.0058042664
2378.73537302 0.993399509754
2378.75580471 0.945778365466
2378.77623659 1.02700511082
2378.79666838 1.04385084071
2378.81710006 1.00582225535
2378.83753195 1.00814218422
2378.9192591 0.998917445686
2378.93969098 1.02984700876
2378.96012267 0.962130011689
2378.98055446 0.986551895832
2379.00098635 0.959327609726
2379.02141804 1.02676859778
2379.04184982 0.965200853009
2379.06228171 1.0132938092
2379.0827134 1.00330358258
2379.10314529 0.97986270083
2379.14400887 1.00817758526
2379.16444066 0.992761192027
2379.18487245 0.998993627999
2379.20530424 1.02054034565
2379.22573603 0.997391208152
2379.28703151 1.02302263122
2379.3074632 0.984067282528
2379.32789509 0.990296989585
2379.34832688 1.00898190329
2379.36875857 1.01175658359
2379.38919047 1.02381236831
2379.40962226 1.02910199828
2379.43005395 1.01467243706
2379.45048585 1.0337668009
2379.47091754 0.986523842291
2379.49134943 0.981950742313
2379.51178123 1.00046825643
2379.53221292 1.00374333094
2379.57307661 1.00350038597
2379.59350831 0.982274685156
2379.634372 0.986093761904
2379.65480389 1.01754330773
2379.67523559 1.03410958225
2379.69566738 1.00105368192
2379.71609928 0.987154327404
2379.73653098 0.998902225079
2379.79782647 0.940571197605
2379.81825827 0.967682695594
2379.83869006 0.994775375874
2379.87955366 1.0172662144
2379.89998546 1.00864513243
2379.92041726 0.984798174349
2379.94084916 0.963791721835
2379.96128086 1.01229671281
2379.98171276 0.993366648527
2380.00214456 0.990621324418
2380.02257626 1.01606078509
2380.04300816 0.977241869005
2380.06343996 0.957872161323
2380.14516716 0.970410743918
2380.16559897 1.0445420582
2380.22689437 1.01195298529
2380.24732608 0.951661403477
2380.26775798 1.0047344474
2380.28818978 1.02210619867
2380.30862169 0.980349259156
2380.43121251 1.01808103414
2380.47207612 0.993514518014
2380.49250793 0.961547167634
2380.51293974 0.977087055825
2380.53337154 0.983610070227
2380.55380335 0.989028446784
2380.57423516 0.983685761054
2380.61509877 0.997319629771
2380.63553068 0.977063152397
2380.65596249 1.01286622971
2380.67639419 1.01726329725
2380.6968261 0.994201993896
2380.71725791 0.964068946433
2380.73768962 1.00605526384
2380.75812153 0.944698761446
2380.77855324 0.967052898059
2380.79898515 0.993742120886
2380.88071239 1.01813138243
2380.9011441 1.0041706367
2380.92157601 1.02398626162
2380.94200782 0.986125483555
2380.96243974 0.99203669975
2380.98287145 1.0008424579
2381.00330326 1.01184154566
2381.02373517 1.02292152252
2381.04416689 1.00668384451
2381.0645987 0.975521098333
2381.10546243 0.997317537176
2381.12589424 1.03081147868
2381.14632605 1.00895863599
2381.16675787 1.0429592948
2381.18718968 1.01474101885
2381.2076215 1.04160017214
2381.22805331 0.980234108689
2381.24848513 1.02155367269
2381.26891694 0.992290878965
2381.28934886 0.946675428755
2381.37107613 1.02984890798
2381.39150784 1.0476691819
2381.41193976 1.0373707412
