# #0 time, 1 flux
2987.62218396 1.00579106509
2987.64261621 1.02351905197
2987.66304857 1.02777210484
2987.68348072 1.03658593031
2987.72434532 1.01330783272
2987.82650657 1.01651206777
2987.84693882 1.00138163115
2987.86737106 1.00512893296
2987.88780331 1.0081496736
2987.90823556 0.98910757368
2987.9286678 1.01276670035
2987.94910005 1.00675683998
2987.96953229 0.98843759486
2988.05126136 0.98337599357
2988.0716935 0.991765385917
2988.09212574 1.01585096236
2988.11255809 1.02854667337
2988.13299023 1.005740144
2988.15342246 0.999109798321
2988.1738548 1.01537458735
2988.56206724 0.994194854861
2988.58249956 1.01328061295
2988.60293169 0.990552245939
2988.62336392 0.998820381159
2988.64379614 1.00085214271
2988.66422837 0.989411887819
2988.68466069 0.967006165756
2988.70509282 0.976474967118
2988.78682171 1.00271626756
2988.80725403 1.00737127398
2988.82768625 0.98805097512
2988.84811837 0.984468607998
2988.86855069 0.992690867094
2988.88898291 0.978979371247
2988.90941503 0.984210618555
2988.92984735 0.997994644956
2989.05244065 0.985449132042
2989.07287286 0.994155288657
2989.09330498 0.996035719897
2989.11373729 1.00077112946
2989.1341695 1.02429723987
2989.17503393 0.9943874391
2989.19546614 1.01192400982
2989.21589845 1.00338833185
2989.23633056 1.00488960911
2989.25676277 0.976550510931
2989.27719508 1.00399919987
2989.29762729 0.987311542159
2989.3180594 0.982692578319
2989.3384917 0.996594999592
2989.35892391 1.00434610637
2989.37935602 0.997107866397
2989.39978832 1.00095691231
2989.42022043 1.01920116372
2989.44065263 0.995157572507
2989.52238155 0.995708015587
2989.54281365 1.01438940456
2989.56324585 0.994664650473
2989.58367815 0.99972590968
2989.60411025 0.988202422703
2989.62454245 1.0018710023
2989.64497475 0.996964355924
2989.66540695 0.9788628412
2989.68583915 0.982639271136
2989.80843243 0.982215162342
2989.82886452 0.998549951023
2989.84929671 1.01768535547
2989.8901611 1.02173277429
2989.91059329 1.00555649044
2989.93102558 1.00954391699
2989.95145768 0.990776637394
2989.97188987 1.00713132274
2989.99232216 1.0023492284
2990.01275425 1.00164473086
2990.03318644 1.0200469411
2990.05361862 0.977965327811
2990.07405081 0.990818793619
2990.094483 0.981166633403
2990.11491519 1.00689818045
2990.13534737 0.993452389023
2990.15577956 1.01665305037
2990.17621184 1.00293762139
2990.19664393 1.00194876645
2990.2375084 1.0039664021
2990.25794048 1.00228969588
2990.27837266 0.990201730674
2990.29880494 0.997145245478
2990.31923703 0.976457538053
2990.33966921 1.0087715864
2990.36010149 0.992216905375
2990.38053357 0.999657489145
2990.40096575 0.994341019435
2990.52355891 1.00319071043
2990.56442326 1.0079458185
2990.58485544 1.01802297422
2990.60528761 0.998668425978
2990.62571979 1.01458261388
2990.64615206 1.01821823347
2990.66658413 1.01304638716
2990.6870163 1.02799835173
2990.70744857 0.999053969027
2990.72788065 0.9985633022
2990.74831282 1.01115207103
2990.76874509 1.02780690991
2990.78917715 1.01991113897
2990.80960932 1.01979449752
2990.83004149 1.00764400591
2990.85047366 0.986165613741
2990.87090583 0.975299143885
2990.89133799 0.988492606359
2990.91177016 0.977807705282
2990.93220233 0.982575038205
2990.97306666 0.988060581483
2990.99349882 1.00832295039
2991.01393108 1.00078022233
2991.03436315 0.983008404438
2991.05479531 0.98747007433
2991.07522757 0.990487700413
2991.09565963 0.999117870905
2991.11609179 0.971311479741
2991.13652405 0.998470204003
2991.15695611 1.03686971516
2991.17738827 0.951859546592
2991.21825259 1.01494919967
2991.23868475 0.999524604206
2991.259117 0.999784159334
2991.27954906 0.998300717806
2991.29998122 1.00042128454
2991.32041347 0.997629205926
2991.34084563 0.980484486654
2991.36127768 0.977976315106
2991.38170993 1.01191620226
2991.40214209 0.990641910343
2991.42257424 0.991834805547
2991.46343855 1.01047890264
2991.4838708 0.994444304478
2991.50430285 0.998138186331
2991.524735 1.00555460494
2991.54516715 1.005920168
2991.5655993 0.987746705334
2991.58603145 1.00700373044
2991.60646359 1.00083472244
2991.62689574 1.00633213228
2991.64732779 1.00515345882
2991.66776004 0.990301304086
2991.68819218 1.00917507315
2991.70862433 1.00755402112
2991.72905647 1.00332103485
2991.74948862 0.98384852579
2991.76992076 1.00006039558
2991.79035291 1.00074405476
2991.81078505 1.02254837645
2991.83121719 0.992123787965
2991.85164943 0.976952742709
2991.89251362 1.01657135158
2991.97424227 1.006489544
2991.99467431 0.984522210598
2992.01510645 0.966768908109
2992.03553869 0.99385203324
2992.05597072 1.00218818426
2992.07640286 0.980385428421
2992.0968351 1.01161216842
2992.11726713 0.998567383875
2992.13769927 0.996757539585
2992.1581315 1.00334241597
2992.17856363 1.00476782486
2992.19899567 1.01179917582
2992.2194279 0.98349550129
2992.23986003 1.01060734468
2992.26029206 0.999693981955
2992.28072429 1.00798013349
2992.30115643 1.02283160584
2992.32158846 0.988711015545
2992.34202068 1.01008754274
2992.36245281 1.0076040817
2992.38288484 1.0169044178
2992.46461345 0.995689336549
2992.48504548 1.00423586548
2992.5054776 1.01213844569
2992.52590983 0.993725474555
2992.54634195 1.00139550634
2992.56677398 1.01398336067
2992.5872062 0.997695427105
2992.60763832 0.989527064715
2992.62807034 1.00104065844
2992.64850257 1.01341066955
2992.66893469 0.994025088348
2992.68936691 1.00544735225
2992.70979893 0.999009613012
2992.73023105 0.998221990952
2992.75066327 0.994889833133
2992.77109529 0.980577381517
2992.7915274 0.997823200729
2992.81195962 0.969106266955
2992.83239164 1.01563107755
2992.85282376 0.990251509472
2992.87325597 0.984309581274
2992.95498433 1.00524554193
2992.97541645 0.997832675137
2992.99584866 1.0131730036
2993.01628077 1.0108327661
2993.03671278 0.998884000957
2993.057145 1.01408438832
2993.07757711 0.994850911291
2993.15930545 0.989077728072
2993.17973766 1.00513426828
2993.20016966 1.01293583424
2993.22060177 1.00056524426
2993.24103398 1.01619096462
2993.26146598 1.00106385397
2993.28189809 1.01600297997
2993.3023303 0.987962978828
2993.36362661 1.0004054986
2993.38405871 0.977883885229
2993.42492292 1.0012053152
2993.44535502 0.989571481637
2993.46578702 1.00207537108
2993.48621922 1.00305052632
2993.50665132 0.989447910959
2993.52708332 0.998489642471
2993.54751552 1.01094471247
2993.56794762 1.0117193894
2993.58837962 0.994044309972
2993.60881182 0.998221694162
2993.62924392 0.9863379003
2993.67010811 1.00356215526
2993.69054021 1.01245656512
2993.7109723 1.01426893931
2993.7314044 0.989744649388
2993.75183649 0.99393138361
2993.77226858 1.00015652311
2993.79270068 0.98799039026
2993.81313277 0.976390259596
2993.83356486 0.997401490807
2993.85399706 1.02245336641
2993.87442905 0.977932716573
2993.89486124 0.990943338984
2993.91529323 0.986052557484
2993.93572532 1.01047098905
2993.95615751 1.00280429158
2993.9765895 0.993152128984
2993.99702159 0.996293440845
2994.01745377 0.978586750804
2994.03788576 0.993227433269
2994.05831785 0.98292576597
2994.07875003 1.01558254709
2994.09918202 1.01173035055
2994.11961411 0.999306626129
2994.14004629 1.00025271111
2994.16047828 0.983555301437
2994.18091036 0.998922906667
2994.20134254 0.995528475305
2994.22177463 1.00556365009
2994.24220661 1.01428473955
2994.26263879 0.985234380017
2994.28307087 0.995153676034
2994.30350285 1.00360057183
2994.32393503 0.997978160579
2994.44652751 1.00272431365
2994.46695958 1.01826300749
2994.48739156 0.996286458996
2994.50782374 0.991661229166
2994.52825581 1.01343586158
2994.54868789 1.01465662386
2994.56911996 1.0205176292
2994.65084825 1.00500903615
2994.67128023 1.01488805985
2994.71214447 0.993913677763
2994.73257644 0.996546177649
2994.75300861 1.00222093556
2994.77344068 0.996880402258
2994.79387265 1.00000905743
2994.81430482 1.00412660571
2994.83473689 0.988418176913
2994.85516885 1.00489948573
2994.91646505 1.01852760725
2994.93689722 0.993049272596
2994.95732928 0.992011601224
2994.97776135 1.03551085383
2994.99819341 0.99827376576
2995.01862548 0.998557466012
2995.03905754 0.999059407365
2995.0594897 0.98133985332
2995.07992167 0.994999593147
2995.10035373 0.990510683406
2995.14121785 0.994956713912
2995.16164991 1.0152447419
2995.18208207 0.99548161654
2995.20251403 0.99211126744
2995.22294609 1.00081941186
2995.24337825 0.985835747345
2995.2638102 0.989003935836
2995.28424236 0.980870000297
2995.30467442 1.00135373376
2995.4068347 1.01433582845
2995.42726675 1.02332986285
2995.4476987 1.00517639939
2995.46813086 1.00918589865
2995.48856291 1.00102429886
2995.50899486 0.997748709571
2995.52942701 1.01007978404
2995.54985906 0.995624892346
2995.57029102 1.00562699578
2995.59072317 1.01923126786
2995.61115522 1.00881414838
2995.63158717 0.997220972795
2995.65201931 1.01189371394
2995.67245136 0.986777505081
2995.69288331 1.00119716914
2995.71331546 0.991508127152
2995.7337475 1.0069377584
2995.75417945 1.01146544614
2995.7746116 1.00565276615
2995.79504364 1.01585725967
2995.81547569 0.98732796372
2995.83590773 1.02369459731
2995.9176359 1.00922125015
2995.93806795 1.01487362108
2995.95850009 1.0083157139
2995.97893203 0.999886120085
2995.99936407 0.987165009743
2996.01979621 1.01561484585
2996.04022815 0.982062500715
2996.06066019 0.999900101912
2996.08109233 1.00516304683
2996.10152426 0.993332134835
2996.1219563 0.989729863742
2996.14238834 0.993852033208
2996.16282038 1.00901503958
2996.18325241 0.999116794248
2996.20368445 0.999920544007
2996.22411648 1.00353019365
2996.24454852 1.003187724
2996.26498065 1.01647485519
2996.28541259 1.02171968218
2996.30584462 0.993663686521
2996.32627675 0.994481966516
2996.34670869 1.00142129276
2996.36714072 1.01904818374
2996.38757285 0.988205443404
2996.40800478 0.981800455643
2996.42843681 0.994118169453
2996.44886894 1.01410019785
2996.46930087 1.00281484506
2996.489733 0.997974583311
2996.51016503 0.992315745967
2996.53059696 1.00562921728
2996.55102908 0.987551449032
2996.57146111 0.976118006866
2996.59189304 1.01119191317
2996.61232517 1.00366108882
2996.63275719 0.975236448919
2996.65318922 0.99698258662
2996.67362124 1.00234240814
2996.69405327 0.992380864391
2996.71448529 1.00256823688
2996.73491741 1.004056941
2996.75534934 1.01472639333
2996.77578136 1.00011264526
2996.79621348 0.994041497317
2996.8166454 1.00789213066
2996.83707742 1.02615520832
2996.85750954 1.00493404194
2996.87794147 0.996893986091
2996.89837348 0.994882185316
2996.9188055 1.0093584276
2996.93923752 1.00166588198
2996.95966954 0.999094796014
2996.98010156 0.991368120645
2997.00053358 1.01102262316
2997.02096559 1.0043543286
2997.04139761 1.00116152555
2997.06182963 0.992582315852
2997.08226164 0.992893305677
2997.10269376 0.990431055583
2997.12312567 0.999239525949
2997.14355769 1.01348803116
2997.1639898 1.00419490651
2997.18442171 0.996170494165
2997.22528584 1.00155233215
2997.24571775 0.989916976897
2997.26614976 1.00588615781
2997.28658187 0.999467522502
2997.30701378 0.970122358003
2997.3478779 0.995617515307
2997.36830981 1.00537990623
2997.38874182 1.00881806551
2997.40917393 1.00890749108
2997.42960583 1.01385039655
2997.45003784 1.01593191903
2997.47046995 1.01379382736
2997.49090195 1.00891090844
2997.51133386 1.03457030716
2997.53176597 1.00084565613
2997.55219797 1.00130203481
2997.57262987 0.980845160892
2997.59306198 1.00474385647
2997.61349398 1.0037036528
2997.63392599 0.988872624542
2997.65435799 1.00076757409
2997.73608599 0.995468359985
2997.75651799 1.00078359183
2997.77694999 0.999567561965
2997.79738189 0.993349248866
2997.81781399 1.00656363479
2997.83824599 0.983069822251
2997.85867799 0.991929917073
2997.87910999 0.998241068435
2997.89954198 0.976045676059
2997.91997398 1.0004321357
2997.94040608 1.00937450705
2997.96083797 0.997537922557
2997.98126997 0.987236460274
2998.00170206 0.992078549727
2998.02213396 0.993799121096
2998.10386193 0.989192586005
2998.12429402 1.00729918487
2998.14472591 1.00729556184
2998.1651579 0.99941005107
2998.18558999 0.988369115999
2998.20602188 1.00567780849
2998.22645387 0.990682721637
2998.24688596 1.00679657531
2998.26731785 1.00126027989
2998.28774984 0.984832725325
2998.30818193 1.00626942153
2998.32861392 0.995782500817
2998.3490458 1.00080494459
2998.36947789 0.987842813878
2998.38990987 0.996642842968
2998.41034176 0.992868661768
2998.43077385 0.988217461487
2998.45120583 1.00122929125
2998.47163771 0.9997947646
2998.4920698 1.01769962335
2998.51250168 1.01313576748
2998.53293367 1.00154929745
2998.55336575 1.00367163368
2998.57379763 1.01830839061
2998.59422961 1.00520111628
2998.61466169 1.00496621321
2998.63509357 0.988497361212
2998.65552555 0.978278053542
2998.67595763 1.02084964289
2998.69638961 0.986965252359
2998.71682159 0.996014201108
2998.73725357 1.00802209466
2998.75768555 0.996227055861
2998.83941356 0.996005285515
2998.85984543 0.995132178712
2998.88027741 0.985827309426
2998.90070948 1.011959641
2998.92114136 0.996590410213
2998.94157333 1.0095640824
2998.9620054 1.00685123663
2998.98243728 0.977536181909
2999.00286925 1.00592668122
2999.02330132 0.997445576627
2999.04373319 1.00119293566
2999.06416516 0.992374608215
2999.08459723 0.997849191032
2999.1050291 1.01763238475
2999.12546108 1.01132339488
2999.14589314 0.993003185686
2999.16632511 1.0031322193
2999.18675698 0.985925231573
2999.20718905 1.00002493883
2999.22762092 0.993931732677
2999.24805289 1.00029879191
2999.26848495 1.00025761285
2999.30934878 0.988351539852
2999.32978085 0.994555318435
2999.35021271 0.990270589107
2999.37064468 0.994550470512
2999.39107674 1.0300797075
2999.41150861 0.983193617294
2999.43194057 0.990250441089
2999.45237263 0.979243886397
2999.4728045 0.995659319641
2999.49323646 0.982807940223
2999.51366852 0.995403213619
2999.53410048 1.00590749011
2999.55453234 1.01121205101
2999.5749644 1.00907888747
2999.59539636 0.999108514229
2999.61582822 0.995473490639
2999.63626028 1.00616816442
2999.65669224 0.998638958818
2999.6771241 1.02162693232
2999.69755615 0.988169318548
2999.71798811 0.992588148268
2999.73841997 0.985944820842
2999.75885202 1.00874934348
2999.77928398 0.994833314227
2999.79971594 0.996713261724
2999.88144375 0.998189997662
2999.90187571 0.985259096983
2999.92230766 1.01053475237
2999.94273961 0.99984479343
2999.96317156 0.986845252674
2999.98360351 1.00354829847
3000.00403547 1.00839478948
3000.02446742 0.987461391042
3000.04489947 0.996295239174
3000.06533132 0.997745661835
3000.08576326 0.986638108872
3000.10619531 1.00049173177
3000.12662716 1.00211761194
3000.14705911 0.999510106905
3000.16749116 1.00191196695
3000.187923 1.0223928154
3000.20835495 0.980393119431
3000.228787 0.999809936267
3000.24921884 0.989252561054
3000.29008283 1.00928177983
3000.31051468 1.00742181341
3000.33094662 0.991253847914
3000.35137867 0.991071599954
3000.37181061 0.987000114534
3000.39224245 0.997983150702
3000.41267449 0.988853078183
3000.43310644 1.00455440452
3000.45353828 1.02310274183
3000.47397032 0.995032681113
3000.49440226 1.02859331115
3000.5148341 1.00311951557
3000.53526614 1.01295879238
3000.55569808 0.993096736347
3000.57612992 0.988801838754
3000.59656196 0.993692146852
3000.61699389 0.98260740467
3000.63742583 1.00229628967
3000.65785777 0.994869179128
3000.67828971 1.02364748045
3000.69872164 1.00401264694
3000.71915358 0.995385383966
3000.80088132 0.999369671748
3000.82131315 1.00179205817
3000.84174518 0.99411996465
3000.86217712 0.997378359211
3000.88260895 1.01216259673
3000.92347291 0.997805559703
3000.94390475 0.999428489731
3000.96433678 1.01817348505
3000.98476871 0.998035235805
3001.00520054 0.999357479268
3001.02563257 1.01614097919
3001.04606449 1.00308185199
3001.06649652 0.997164567213
3001.08692835 1.00701826927
3001.10736028 1.0010035951
3001.12779231 0.994058447506
3001.14822413 0.992983773377
3001.16865606 1.0135508025
3001.18908809 0.976487969554
3001.20952001 1.008160964
3001.22995184 0.993439473259
3001.29124761 1.01304366597
3001.31167963 1.00798946799
3001.33211156 1.00343667323
3001.35254338 1.0193221647
3001.3729754 1.01458983665
3001.39340733 1.00992691788
3001.41383915 1.00973431933
3001.43427117 1.01374447789
3001.45470309 1.00659155403
3001.47513491 0.983049448401
3001.51599875 1.00698770036
3001.53643067 1.00041224681
3001.55686269 0.995573864569
3001.5772946 0.981313024887
3001.59772642 0.982965501463
3001.61815844 0.959582571951
3001.63859036 1.00532082864
3001.65902217 0.982114559988
3001.67945419 0.984566543788
3001.6998861 1.00273468951
3001.72031792 0.999286893846
3001.76118185 1.00343004264
3001.78161366 1.00447156319
3001.80204568 0.99264946408
3001.82247759 0.990733690008
3001.8429094 0.995877661388
3001.86334141 0.997081499653
3001.88377333 1.0110602641
3001.90420524 0.998423952969
3001.92463715 0.990617253666
3001.94506906 1.00045587129
3001.96550097 0.988190585164
3002.00636479 1.00471349446
3002.0267967 0.984965336809
3002.04722871 0.987491475091
3002.06766052 0.991887624152
3002.08809242 0.988837526397
3002.10852443 0.983519462195
3002.12895624 0.990255369076
3002.14938814 0.99819658072
3002.16982015 0.997885074074
3002.19025196 1.0045147631
3002.21068396 0.986251379082
3002.23111577 1.00748912154
3002.25154767 1.01296931307
3002.27197967 1.00059441231
3002.29241148 1.01272668081
3002.31284338 1.00253473118
3002.33327538 1.00348694822
3002.35370719 0.998009370838
3002.37413909 1.00853342799
3002.39457109 0.98797038162
3002.41500299 1.00572145964
3002.43543479 1.01564741527
3002.45586679 0.990063478614
3002.47629869 0.9887669404
3002.49673049 0.99642067015
3002.51716249 0.997593436028
3002.53759439 0.987319809441
3002.55802619 0.989164772765
3002.57845819 0.986811927976
3002.59889008 0.999970039043
3002.61932188 0.984037767042
3002.63975388 1.00486081679
3002.66018577 0.986186206058
3002.68061757 1.00765413101
3002.76234525 1.00377338852
3002.78277714 1.00045893883
3002.80320904 1.00426088935
3002.82364093 0.998091196636
3002.84407282 0.9918728695
3002.86450472 0.979371994302
3002.88493671 0.996886634653
3002.9053685 1.00424843191
3002.92580039 1.00025587534
3002.94623238 1.01789200777
3002.96666417 1.00656033058
3002.98709606 1.00557129165
3003.00752795 1.00012797824
3003.02795984 1.00869327563
3003.04839173 1.00864435137
3003.06882362 1.00593843775
3003.0892555 0.984554737994
3003.10968739 0.975900117727
3003.13011928 1.01044342305
3003.15055117 0.995677491324
3003.17098305 0.987733270933
3003.25271069 1.01473347987
3003.27314248 0.988482129608
3003.29357446 1.01243637371
3003.31400635 0.988168179484
3003.33443813 1.00730984405
3003.35487011 1.0198935424
3003.37530199 0.99904932226
3003.39573377 0.998642223735
3003.41616576 0.991711927536
3003.43659764 0.999410711956
3003.45702942 0.981027161602
3003.4774614 0.999986610043
3003.49789328 0.974312237851
3003.51832506 1.02132788902
3003.55918892 1.02102957596
3003.57962079 1.00483907328
3003.60005267 0.998713924855
3003.62048455 0.995480212641
3003.64091643 0.989243000861
3003.6613483 0.975268508277
3003.68178018 1.01941821901
3003.72264393 0.993431966321
3003.74307581 1.01253076301
3003.76350768 1.00767189298
3003.78393956 0.997549340705
3003.80437143 1.00073974786
3003.8248033 0.963643692497
3003.84523518 0.993640736113
3003.86566705 1.00704937211
3003.88609882 1.01176248747
3003.90653079 0.992068873461
3003.98825828 1.00317992005
3004.00869015 0.998794007191
3004.02912202 0.994265441915
3004.04955389 0.996052098461
3004.09041772 1.00571746045
3004.11084949 1.01198308794
3004.13128136 1.00179075491
3004.15171333 1.00277160819
3004.17214509 1.01293128244
3004.19257696 0.999786443596
3004.21300893 1.00262838272
3004.23344069 0.987008760605
3004.25387256 0.99781901222
3004.27430452 1.00395455318
3004.29473629 0.991102736388
3004.31516825 1.01664746464
3004.33560012 0.998531595609
3004.35603188 0.993504617048
3004.37646384 0.990239229704
3004.39689571 0.997646319859
3004.47862305 0.988621293998
3004.49905501 1.01291710907
3004.51948687 0.999197953709
3004.53991873 0.99676830747
3004.56035059 0.984971877309
3004.58078245 0.998558037585
3004.60121421 1.00274754357
3004.62164617 1.00935701893
3004.74423731 1.00772129837
3004.76466917 0.995683232015
3004.78510102 0.991511903744
3004.80553288 1.0103165092
3004.82596473 0.996564878837
3004.84639659 0.986486445687
3004.86682844 1.01643498884
3004.88726029 0.999456653886
3004.90769215 1.00188537241
3004.9281241 1.00555374624
3004.94855585 0.994860955489
3004.9689877 1.00735530207
3004.98941966 0.991400048134
3005.00985141 0.973417880729
3005.03028326 1.01304867052
3005.05071521 0.989436479807
3005.07114696 1.00337398812
3005.09157881 1.00374255482
3005.11201076 1.00373406827
3005.13244251 0.995510900437
3005.23460185 0.990694731109
3005.25503369 1.00020639186
3005.27546544 1.01107595681
3005.29589738 1.00778413669
3005.31632913 1.01054759773
3005.33676108 0.991581150107
3005.35719292 0.992473001598
3005.37762466 0.979734908691
3005.39805661 0.984086099072
3005.41848845 0.992695705803
3005.4389202 1.00299999975
3005.45935214 0.999227266583
3005.47978398 1.00410017311
3005.50021572 0.989265232456
3005.52064767 0.984026101828
3005.54107951 0.989570955856
3005.56151125 1.01092558722
3005.58194319 0.990705308802
3005.60237503 1.01369476934
3005.62280687 1.0112819099
3005.64323871 0.989507777938
3005.66367055 0.990460530443
3005.68410239 1.00470537958
3005.70453422 1.00998760134
3005.72496606 1.02017164529
3005.7453979 0.999924881
3005.76582984 0.998095052048
3005.78626158 1.005591348
3005.80669341 0.984849250273
3005.82712535 1.00619661965
3005.84755708 1.00250434603
3005.86798892 1.0110495649
3005.88842085 0.997412084666
3005.92928442 0.990653523681
3005.94971636 0.994302842348
3005.97014809 0.986937589847
3005.99057992 1.00916523322
3006.01101176 1.00043791615
3006.03144359 0.997155493996
3006.05187542 1.00770260023
3006.07230725 1.00566154786
3006.09273909 0.994236623534
3006.21533007 0.997629568258
3006.2357619 0.997519817796
3006.25619382 1.00619587273
3006.27662555 0.992803962301
3006.29705748 1.01645870929
3006.31748931 1.01954487064
3006.33792103 1.00839203331
3006.35835296 0.982054702719
3006.37878479 1.01111082209
3006.39921651 1.01535836333
3006.41964844 0.998363686008
3006.44008026 1.01382314747
3006.46051209 1.0146856229
3006.48094391 0.993507045991
3006.50137574 0.991473701523
3006.52180756 0.997440103588
3006.54223939 1.00643598256
3006.56267121 0.999556258061
3006.58310303 1.00239996053
3006.60353495 1.0160398903
3006.62396668 0.993449842444
3006.6443985 1.00193658194
3006.66483042 1.00558717177
3006.68526214 0.996944664199
3006.70569396 0.996530905626
3006.72612578 0.976588682157
3006.7465576 0.999631729101
3006.76698942 1.00200878427
3006.78742124 0.990652277238
3006.80785306 0.993620128064
3006.82828488 1.01073794769
3006.84871669 1.00494938646
3006.93044396 1.00877263268
3006.95087578 0.991529370812
3006.97130769 0.999267529317
3006.99173941 1.01879797115
3007.01217123 1.00458534332
3007.03260314 1.00311923806
3007.05303486 1.00046559083
3007.07346667 1.0138960295
3007.09389858 0.992006341053
3007.1143303 1.01476206389
3007.15519402 0.998770256638
3007.17562573 0.991780844295
3007.19605765 1.01154491602
3007.21648946 1.0114758223
3007.23692117 1.00173820111
3007.25735308 1.01050182338
3007.27778489 1.01345504637
3007.2982167 0.972045331581
3007.31864851 0.998144780829
3007.33908032 1.02287690523
3007.35951213 1.0100140603
3007.40037575 1.00213457158
3007.42080756 0.977797971285
3007.44123946 1.00386178733
3007.46167117 0.987957319398
3007.48210298 0.995951227471
3007.50253478 0.988559879257
3007.52296659 0.993174602224
3007.5433984 0.977413924326
3007.5638302 0.997927656837
3007.58426201 1.00507544635
3007.60469371 0.993704177264
3007.62512562 0.996693430375
3007.64555742 0.983687200759
3007.66598923 0.9975251063
3007.68642103 0.99625988872
3007.70685283 1.02659290122
3007.72728464 1.0038535044
3007.74771644 1.00814022221
3007.76814824 0.976837705372
3007.78858004 1.01345734312
3007.80901194 1.00344593688
3007.82944365 0.999851342775
3007.97246624 1.01071494423
3007.99289814 0.995911288741
3008.01332984 1.00232068135
3008.03376164 1.01778620873
3008.05419354 1.01231115038
3008.07462523 0.998980987001
3008.09505713 1.00717390712
3008.13592072 1.00393530348
3008.15635252 0.999864218253
3008.17678431 0.993368616757
3008.19721611 0.988765674197
3008.2176479 0.99586090043
3008.2380797 1.00463822854
3008.25851149 0.999045745558
3008.27894328 0.999687239856
3008.29937508 0.995780546238
3008.31980687 1.00070418584
3008.34023866 0.992435697401
3008.36067045 1.0071688867
3008.38110215 1.00996250345
3008.40153404 0.989920180253
3008.42196583 0.998073258117
3008.44239752 0.996906054155
3008.46282941 0.991784280539
3008.4832612 0.993866782872
3008.50369299 0.986627627128
3008.52412478 0.994764854062
3008.54455657 0.994503651013
3008.56498836 1.00039667141
3008.58542015 1.00846400664
3008.62628372 1.00080309342
3008.64671561 0.996784022747
3008.6671473 1.00716164344
3008.68757909 0.991129365684
3008.70801097 0.967082817913
3008.72844266 0.988227608472
3008.74887444 0.998320201164
3008.76930633 0.980553234866
3008.9327605 1.00826189333
3008.95319238 0.988340005669
3008.97362417 1.00616503578
3008.99405595 0.998478877881
3009.01448773 1.00386169651
3009.03491951 1.00554345089
3009.05535129 0.992124677978
3009.13707841 0.99880161085
3009.15751009 0.995883000975
3009.2392373 0.996913789141
3009.25966908 0.995239487095
3009.28010076 1.00773051058
3009.30053264 1.02286613736
3009.32096441 0.986057184131
3009.34139619 1.00261603382
3009.36182796 1.00230627076
3009.38225974 1.00411627104
3009.40269152 1.0077515332
3009.42312329 1.01479749959
3009.44355506 0.989989529044
3009.46398684 1.00232996416
3009.48441871 1.00346749306
3009.50485039 1.00618354196
3009.52528216 1.00156820722
3009.54571403 0.982423323981
3009.56614571 0.978628153066
3009.60700935 0.99169196984
3009.62744102 1.00473296296
3009.64787279 0.987170850923
3009.66830466 1.00959169151
3009.68873633 1.01240643772
3009.7091681 1.00844572695
3009.72959997 0.996141286642
3009.75003164 1.00985408909
3009.77046341 0.994366897425
3009.79089528 0.996507036437
3009.81132695 0.986173548885
3009.85219059 0.980644558603
3009.87262226 0.999326162299
3009.89305412 0.984020889234
3009.91348589 0.999919267922
3009.93391756 1.01326387526
3009.95434942 1.01149658205
3009.97478119 1.01286027191
3009.99521286 1.01140782972
3010.01564472 1.00127699984
3010.03607649 0.992593180752
3010.05650815 1.01559496081
3010.07694002 1.00483107978
3010.09737178 0.997584464502
3010.11780344 1.00226902867
3010.13823531 1.00993949543
3010.15866707 1.01511322991
3010.17909883 0.992432446223
3010.1995306 1.00071742782
3010.21996236 0.990157187345
3010.24039412 0.988081954619
3010.40384821 0.995592978288
3010.42427997 0.993555299849
3010.44471182 1.00532333942
3010.46514348 0.996006418411
3010.48557524 1.01612670797
3010.5060071 1.0068765052
3010.52643876 0.987291908814
3010.54687051 0.999794613756
3010.56730237 0.995010087547
3010.58773403 0.995579196075
3010.60816588 1.01104418432
3010.62859754 1.0009582667
3010.6490293 0.991249757127
3010.66946115 0.986269928668
3010.68989291 1.00456122342
3010.71032456 1.00175805141
3010.73075641 1.00960073611
3010.75118817 1.0009863566
3010.87377869 0.975687235179
3010.89421034 0.993805356571
3010.91464219 0.994315828017
3010.93507394 0.988861972364
3010.95550559 0.996144001247
3010.97593744 1.01470118758
3010.99636919 1.00066666129
3011.01680094 1.01696450094
3011.03723269 0.997186609881
3011.09852794 1.0095065118
3011.11895969 0.995097842219
3011.13939144 0.992012941343
3011.15982329 0.986280046645
3011.18025493 0.999308933723
3011.20068668 0.997308420183
3011.22111853 1.00621876958
3011.24155018 0.974905152168
3011.26198192 1.00875789212
3011.28241377 0.982930917319
3011.30284541 0.996200783115
3011.32327716 1.00550685887
3011.34370891 1.01506006643
3011.36414065 1.00359986843
3011.38457249 0.993329416327
3011.40500414 1.02848583961
3011.44586773 0.989869308692
3011.48673111 1.03116097947
3011.60932157 0.986403323064
3011.62975341 1.00366158741
3011.65018515 0.997998849967
3011.67061679 1.00566305574
3011.69104863 0.98481477692
3011.71148037 0.994245849198
3011.73191201 1.00422702398
3011.75234385 1.02418172982
3011.77277559 1.01063794678
3011.81363906 0.99317341801
3011.8340708 1.01117644296
3011.85450254 1.01155223951
3011.87493428 0.999870555788
3011.89536601 1.0165584724
3011.91579775 0.986936546841
3011.93622949 1.01703003129
3011.95666122 0.998652348819
3011.97709296 0.986513148229
3011.99752479 0.994169634544
3012.01795643 1.03023408951
3012.03838816 1.00207549212
3012.0588199 1.00408410908
3012.07925163 0.986505835108
3012.09968347 1.01627643725
3012.1201151 1.03315454063
3012.14054683 1.00423749301
3012.16097867 1.01421434291
3012.1814103 1.00928575972
3012.20184203 1.00728235201
3012.22227387 0.9999274875
3012.34486425 1.0073178995
3012.36529598 0.999766840758
3012.38572761 0.997902550322
3012.40615944 1.00284492766
3012.42659117 0.990891457643
3012.4470228 1.00571368477
3012.46745463 1.01096168087
3012.48788636 1.00087787057
3012.590045 0.979427365891
3012.61047673 0.98380113143
3012.65134018 0.997605562924
3012.6717719 0.991182565265
3012.69220363 0.979791086315
3012.71263536 1.00737081045
3012.8352257 0.996442790181
3012.85565743 0.995633273019
3012.87608915 1.00895152127
3012.89652087 0.990250343493
3012.91695259 0.998646387983
3012.93738442 0.994258176215
3012.95781604 0.999730959377
3012.97824776 1.0019199371
3012.99867958 0.986386507914
3013.05997474 0.989513665895
3013.08040636 0.987801111359
3013.10083808 1.00117754873
3013.1212699 1.0062675621
3013.14170152 0.988814615436
3013.16213324 0.985645495106
3013.18256506 0.980080234143
3013.20299678 1.02247859647
3013.2234284 1.00172322539
3013.24386022 1.00670447319
3013.26429193 0.99351004687
3013.28472355 0.988666039206
3013.30515537 1.00884439651
3013.32558709 1.00031263084
3013.3460187 1.00026526136
3013.36645052 0.998097629542
3013.38688223 0.985056788198
3013.40731405 1.01514861688
3013.57076767 1.00309299274
3013.59119938 0.995459537865
3013.61163109 0.991936301037
3013.6320628 1.00742470766
3013.65249452 1.00516929531
3013.67292623 1.01007468631
3013.69335794 1.01450478389
3013.71378965 0.994007611041
3013.73422136 0.992162468274
3013.75465308 0.988796146798
3013.77508489 1.00346326662
3013.7955165 1.01119162941
3013.81594821 1.01297253838
3013.83638002 1.0182448465
3013.85681163 0.987875506195
3013.87724334 1.00745383802
3013.89767515 0.999261456088
3013.91810675 1.02244273688
3013.93853846 1.00998825876
3013.95897027 0.98434607166
3014.0406971 0.985115648308
3014.06112881 1.00405466527
3014.08156052 1.02388141948
3014.10199222 1.00544440815
3014.12242393 0.994472266888
3014.14285563 0.987224254404
3014.16328734 0.998418113207
3014.18371904 0.99882902913
3014.20415075 0.998739443181
3014.28587757 1.01473052318
3014.30630927 1.0145390556
3014.32674097 0.993030305164
3014.34717258 1.00656931956
3014.36760438 1.00394190177
3014.38803608 1.00568142658
3014.40846769 0.991027347944
3014.42889949 0.999077691842
3014.44933119 0.993186159497
3014.46976289 1.00290131063
3014.49019459 1.00503544883
3014.51062629 0.994244822377
3014.53105799 0.99641687192
3014.55148969 0.995155120818
3014.5719214 1.00367498764
3014.5923531 0.99757786225
3014.61278489 1.01290294357
3014.63321649 1.00538837355
3014.65364819 0.998714014714
3014.67407999 1.00066746948
3014.79667018 0.998631826044
3014.81710178 1.00315607771
3014.83753357 1.00128802799
3014.85796527 0.985423116727
3014.87839697 0.998687677846
3014.89882866 0.997575158781
3014.91926036 1.02021377813
3014.93969205 1.0049971176
3014.96012375 0.994989776948
3015.00098714 0.999662164349
3015.02141883 1.01843828607
3015.04185053 1.00480996377
3015.06228222 0.992444718784
3015.08271392 1.00854272603
3015.10314561 1.01133617532
3015.1235772 1.00631789955
3015.144009 1.00790877709
3015.16444069 0.990307799364
3015.18487228 1.00373243229
3015.20530407 1.00282271629
3015.22573576 1.01240002222
3015.24616736 1.00307402786
3015.26659915 1.00846542831
3015.28703084 0.997490086296
3015.30746263 1.00060663384
3015.32789422 1.01080437159
3015.34832591 1.01467983503
3015.3687577 0.993569753621
3015.38918929 1.00043460629
3015.40962098 0.997314874164
3015.43005277 0.995352103259
3015.51177952 1.00586310185
3015.53221111 0.998991690552
3015.5526429 0.997476510553
3015.57307459 0.995773690428
3015.59350618 1.00485411517
3015.61393796 0.987586142915
3015.63436965 1.00392706064
3015.65480124 1.00441868025
3015.67523302 0.989469006063
3015.69566471 1.0103781367
3015.73652808 0.990028101537
3015.75695976 1.00516610628
3015.77739145 0.981954885415
3015.79782313 0.985336038659
3015.81825482 1.00019120473
3015.8386864 0.99957480137
3015.85911819 1.02233400509
3015.87954987 0.976625485773
3015.89998155 0.997143848808
3015.92041324 0.992732439522
3015.94084492 0.997692020235
3015.9612767 1.00637788303
3015.98170829 1.00320816095
3016.00213997 0.990879964224
3016.02257175 0.996758741
3016.04300333 0.989133706655
3016.06343501 1.00309031062
3016.0838668 0.991237419121
3016.10429838 1.00435111378
3016.12473006 0.990810269987
3016.14516184 1.00489609431
3016.16559342 1.00794530385
3016.24732014 0.994352049309
3016.26775192 1.00330955934
3016.2881836 1.01236765412
3016.30861517 0.999365277052
3016.32904695 0.972166219396
3016.34947863 1.01574372145
3016.36991021 0.99482350298
3016.39034199 1.00614084579
3016.41077366 1.00792018727
3016.43120524 0.999037667157
3016.45163702 1.01787993691
3016.47206869 1.00067388782
3016.49250027 0.960627604094
3016.51293205 0.989250324478
3016.53336372 0.995542603237
3016.5537954 1.0056623894
3016.57422707 1.01269251991
3016.59465865 0.998303338748
3016.61509042 0.985100152855
3016.6355221 1.0092556971
3016.75811214 0.986670971453
3016.77854382 1.00084146166
3016.79897559 1.00777466344
3016.81940716 0.99781183128
3016.83983883 0.997095952203
3016.86027061 1.00269369885
3016.88070218 1.01947074626
3016.90113385 0.994052433818
3016.92156562 1.01376044434
3016.96242886 1.0001244044
3016.98286063 1.00158007017
3017.0032922 0.99395378889
3017.02372387 0.992182017113
3017.04415564 1.0040212575
3017.06458721 1.00877473915
3017.08501888 0.993373746935
3017.10545065 1.00596193049
3017.12588232 1.00722623761
3017.14631399 0.995118531437
3017.16674566 1.00318842664
3017.207609 1.00384328779
3017.22804066 0.991886350674
3017.24847233 0.988381061176
3017.268904 0.985110688359
3017.28933567 0.975884507465
3017.30976723 1.00276089471
3017.330199 0.992075220114
3017.35063067 1.01769463919
3017.37106223 0.998096420846
3017.391494 1.00098795952
3017.41192567 0.985834766594
3017.452789 0.982347642429
3017.47322066 1.00757426352
3017.49365233 1.00372892419
3017.51408399 0.988576796814
3017.53451566 1.00557166235
3017.55494732 1.00801305251
3017.57537898 1.0144957914
3017.59581065 0.998887069209
3017.61624231 0.993321643714
3017.73883229 0.992853519281
3017.75926405 0.993743729326
3017.77969561 1.00854794327
3017.80012737 1.01056585913
3017.82055903 1.00278644186
3017.86142236 0.999939317197
3017.88185402 1.01762926595
3017.90228558 0.994082898102
3017.92271734 1.00375274173
3017.943149 0.985464659111
3017.96358066 0.997862456193
3017.98401232 1.00511531871
3018.00444398 1.01282601912
3018.02487563 1.00170701963
3018.04530729 0.989965871017
3018.06573895 1.00392972573
3018.08617051 0.998675766313
3018.10660227 0.992529969468
3018.24962387 0.984629250869
3018.27005543 0.992677990719
3018.29048718 1.0067022758
3018.31091884 0.998096091816
3018.33135049 0.978382240235
3018.35178215 1.0106941068
3018.3722138 0.996431038319
3018.45394052 0.996675509419
3018.47437218 1.00294293486
3018.49480373 1.0006004084
3018.51523549 0.993631991809
3018.73998356 0.984148148468
3018.76041531 1.00114305535
3018.78084687 0.980978519664
3018.80127852 1.00793807146
3018.82171027 0.994694820794
3018.84214192 0.995140468885
3018.86257347 1.00161077908
3018.88300522 0.999645392324
3018.92386842 1.00117276102
3018.94430017 1.00609018246
3018.96473181 1.00909436172
3018.98516356 1.03210294454
3019.00559511 1.00066304361
3019.02602676 0.985682674644
3019.04645851 1.01665379742
3019.06689006 1.00853759551
3019.0873217 0.980548390154
3019.10775345 1.0116215503
3019.128185 1.01963355806
3019.14861665 1.02941665891
3019.16904839 0.994463442038
3019.18947994 1.02147486002
3019.20991159 1.02148338114
3019.23034333 1.02145500163
3019.25077488 1.00705261559
3019.27120653 1.0005434328
3019.29163827 0.995952519826
3019.31206992 1.0315571946
3019.33250146 1.00196742759
3019.35293321 1.00785450417
3019.37336485 1.00738590019
3019.41422814 0.994548205545
3019.43465979 1.00483974073
3019.45509133 0.985775633111
3019.47552307 1.00980367457
3019.49595462 0.990453749474
3019.51638636 1.00377213255
3019.536818 1.00673849668
3019.55724955 0.985727720455
3019.57768129 0.988236077151
3019.59811293 1.00658969671
3019.61854448 1.00504637096
3019.63897622 0.99001375737
3019.65940786 0.99326438755
3019.6798395 0.98255698243
3019.70027114 0.993223865028
3019.72070278 0.998097177208
3019.74113443 0.986530250995
3019.76156607 1.01423153539
3019.78199771 1.00660252553
3019.80242935 0.983877189622
3019.82286109 0.992369568723
3019.84329263 0.990323428645
3019.86372427 0.991819643832
3019.88415601 1.01969837233
3019.90458755 1.00171767872
3019.92501919 1.00052077339
3019.94545093 1.00691703217
3019.96588247 1.01163296836
3019.98631411 1.00169703071
3020.00674584 1.01109253593
3020.02717738 1.00124477934
3020.04760902 1.00420995896
3020.06804076 1.00891604145
3020.0884723 1.00583500125
3020.10890403 1.00775614546
3020.12933567 1.00491107887
3020.14976731 1.00613695017
3020.17019895 1.00901937368
3020.19063058 0.995779673924
3020.21106212 0.983594216502
3020.23149386 1.00103075709
3020.25192549 1.00975786164
3020.27235703 0.998988690521
3020.29278876 1.00354097016
3020.45624174 0.995541036155
3020.47667348 1.0075673693
3020.49710511 1.00021853246
3020.51753675 0.987663470461
3020.53796838 0.995581736786
3020.55840001 0.986189651584
3020.57883165 0.983212881009
3020.59926328 1.01846745153
3020.61969491 1.00344177807
3020.64012665 0.997199778919
3020.66055828 0.993930563967
3020.68098981 0.990368835687
3020.70142154 1.00268246687
3020.72185317 1.00704875841
3020.74228471 1.00043545115
3020.76271644 1.00362058604
3020.78314807 0.999163442556
3020.8035796 1.0001784793
3020.82401133 0.994872552144
3020.84444296 0.980577910645
3020.88530622 1.01485949297
3020.90573785 0.97199111075
3020.92616938 0.98460930151
3020.94660111 0.983066994894
3020.96703264 0.983035140264
3020.98746427 1.0035592237
3021.007896 0.98739924342
3021.02832763 0.999740142191
3021.04875916 1.00855540218
3021.06919089 1.01054399425
3021.08962252 1.0115472093
3021.11005414 0.992773659701
3021.13048577 1.01724122461
3021.1509174 0.99129051912
3021.17134913 1.00355551836
3021.19178066 0.999669240946
3021.21221228 1.00313403129
3021.23264401 1.01435186188
3021.25307554 0.993221768214
3021.27350716 0.985978815687
3021.29393889 1.02418170758
3021.31437042 0.988258457499
3021.33480204 1.01231941042
3021.3756653 0.989537287738
3021.39609692 0.995337469223
3021.41652865 0.987578340264
3021.43696017 0.996776204418
3021.4573918 0.984616715368
3021.47782352 0.996713337007
3021.49825515 1.00230022215
3021.51868667 0.990630541246
3021.5391184 1.00763697988
3021.55955002 1.00902245779
3021.64127662 1.005704232
3021.66170814 1.0075933854
3021.68213976 1.00485893119
3021.70257139 1.00772563849
3021.72300301 1.01605693475
3021.74343453 1.01157698016
3021.76386626 0.986270471495
3021.78429788 0.986397380954
3021.8047294 0.998947207002
3021.82516112 1.00005294893
3021.84559274 0.999386326835
3021.86602437 1.00145582409
3021.88645599 1.0075120932
3021.90688761 0.983058069738
3021.92731923 0.999143731175
3021.94775085 0.974351765145
3021.96818247 1.00035805579
3021.98861409 0.997746104731
3022.00904581 1.00073836992
3022.02947733 0.991461945504
3022.04990895 0.989285800115
3022.07034067 1.00297368889
3022.09077219 1.02325398264
3022.11120381 1.00051885973
3022.13163553 1.00268634857
3022.15206705 0.98743101091
3022.17249877 1.00350975264
3022.19293039 1.0000598155
3022.21336191 1.00527732821
3022.23379363 1.00531858621
3022.25422525 1.00505851632
3022.41767819 0.990088500083
3022.4381098 0.992408471764
3022.45854132 0.996587670323
3022.47897304 1.02025890484
3022.49940465 0.986093492886
3022.51983617 0.992544415585
3022.54026789 1.00467330982
3022.5606995 0.981841696028
3022.58113102 0.967055902801
3022.60156273 1.00791180988
3022.62199435 1.00258527375
3022.64242606 1.03097478767
3022.66285758 1.00608219848
3022.68328919 1.00429970855
3022.70372091 0.991761908371
3022.72415242 0.984844372886
3022.74458404 1.01106848053
3022.76501575 0.995901936973
3022.78544727 1.00684011234
3022.80587888 0.990490498044
3022.84674221 0.999283708474
3022.86717372 0.995080094433
3022.88760543 1.0231680711
3022.90803705 0.994650229302
3022.94890027 1.0056474883
3022.96933188 0.988319848846
3022.9897634 1.00403033144
3023.01019511 0.98785072151
3023.03062672 0.993643440661
3023.05105823 0.995486303899
3023.07148995 1.00112437061
3023.09192156 1.00499294667
3023.11235307 1.00038939909
3023.13278478 1.00938944135
3023.15321639 1.00264487917
3023.173648 0.994479437333
3023.19407961 0.988080938511
3023.21451122 1.00391006598
3023.23494283 0.999386238875
3023.39839571 0.98673721176
3023.41882742 0.999888632139
3023.43925893 0.995403288885
3023.45969054 0.990014502068
3023.48012225 1.00460987996
3023.50055376 1.00212675284
3023.52098537 0.997062736163
3023.54141707 1.00317614634
3023.56184858 0.986471052528
3023.58228019 1.01689214522
3023.6027119 0.981908636594
3023.62314341 0.999257976906
3023.64357511 1.01082252784
3023.66400672 0.983844318132
3023.68443833 0.985910719677
3023.70486993 1.01005732545
3023.72530154 1.0102891041
3023.74573315 0.994137822553
3023.76616475 1.0016559901
3023.78659636 1.02515218391
3023.80702797 0.990724091166
3023.82745957 0.988589619994
3023.84789118 0.989902427483
3023.86832279 1.00505949167
3023.88875439 0.999867793127
3023.909186 1.00902478951
3023.9296176 0.996688809346
3024.01134402 0.996467391527
3024.03177563 0.997169517833
3024.05220723 1.00004188694
3024.07263884 1.00105830603
3024.09307044 0.994117448578
3024.11350214 1.01139909694
3024.13393365 1.01663206794
3024.15436525 1.01845635981
3024.17479695 1.00173051077
3024.19522846 1.0060730511
3024.21566006 0.989940654018
3024.37911298 1.00053716667
3024.39954448 0.992253486949
3024.41997619 1.00418749885
3024.44040779 0.996306855702
3024.46083929 0.995355332342
3024.48127099 1.00011844038
3024.50170259 0.992540745258
3024.52213419 1.01539975726
3024.54256579 0.983243997867
3024.5629974 0.998769175963
3024.6242922 0.978619326338
3024.6447238 1.00973483677
3024.6651554 0.983121539354
3024.685587 0.992735926119
3024.7060186 1.01222075716
3024.7264502 0.998578423178
3024.7468818 1.00732089834
3024.7673135 1.00111901722
3024.80817659 0.992905708132
3024.82860829 0.998780377483
3024.84903979 1.00631313235
3024.86947139 0.984116890628
3024.88990309 1.0094286394
3024.93076619 1.00374529012
3024.95119788 0.999990913678
3025.05335587 1.00428141417
3025.07378747 0.990211435693
3025.09421907 0.990824381893
3025.11465067 1.00474975526
3025.13508226 0.998892309795
3025.15551386 0.993855122763
3025.17594546 1.00082473672
3025.19637705 0.99813264565
3025.21680865 0.991994958807
3025.38026142 0.989695181446
3025.40069301 0.994873036193
3025.42112461 0.993765130455
3025.4415562 0.998333849439
3025.4619879 0.996453305618
3025.48241939 1.02085991106
3025.50285099 1.00258906385
3025.52328268 0.976407275921
3025.54371417 1.00059811825
3025.56414577 1.01223424179
3025.58457746 1.01378084342
3025.60500906 0.998846592959
3025.62544055 1.02555885145
3025.64587224 1.01391466226
3025.66630384 0.994577087985
3025.68673533 0.985031826751
3025.70716703 1.00117335349
3025.72759862 0.97485359928
3025.74803011 1.01166358977
3025.7684618 0.997721566009
3025.7888934 1.00114231393
3025.80932489 1.00585459005
3025.82975658 1.02327243332
3025.85018818 1.00807373925
3025.87061987 0.999018615165
3025.89105136 0.995919278516
3025.91148295 1.00355776796
3025.93191464 1.00016803293
3026.09536728 1.00623805637
3026.11579897 1.00037471606
3026.13623046 0.973820698408
3026.15666205 1.00167068169
3026.17709374 0.976340894392
3026.19752523 0.993378365695
3026.21795682 0.995783294556
3026.23838851 1.00368699007
3026.25882 1.03019935527
3026.27925169 1.0055198079
3026.29968328 0.987272190231
3026.32011477 0.985653283799
3026.34054646 1.01253224439
3026.36097805 1.00319371265
3026.38140954 1.00278808349
3026.40184123 1.02009608483
3026.42227281 1.00834094887
3026.4427044 0.988791214546
3026.46313599 0.982947272647
3026.48356758 0.993226614013
3026.50399917 0.998886382403
3026.52443076 1.00504451004
3026.54486235 0.999429321196
3026.56529393 0.999013836192
3026.58572562 0.998582149173
3026.60615711 1.0061393888
3026.6265887 1.01548534171
3026.64702039 0.999839924339
3026.66745187 1.0085814131
3026.68788356 0.998042501459
3026.70831515 0.99174071554
3026.7900414 0.988912269015
3026.81047309 1.00738067116
3026.83090457 1.0130828323
3026.85133616 0.99965551803
3026.87176784 0.993321458798
3026.89219933 1.01239926488
3026.91263092 0.997558895562
3026.9330626 1.00130377519
3027.05565212 0.992257905818
3027.0760837 0.995923824854
3027.09651539 0.990382038359
3027.11694687 0.990315833004
3027.15781014 1.00377718151
3027.17824163 1.01185444772
3027.19867321 1.00371212092
3027.2191049 0.993308743298
3027.23953638 0.993944418515
3027.25996797 0.999335298138
3027.28039965 1.01220011495
3027.30083114 0.985009860507
3027.32126272 0.98629454064
3027.3416944 0.997214928335
3027.36212589 0.99798758945
3027.40298916 0.989719387508
3027.42342074 1.01730588926
3027.44385222 0.992908864097
3027.46428391 1.01331759701
3027.48471549 0.99475684227
3027.50514707 0.986799900284
3027.52557866 1.0180704638
3027.54601024 1.00282729771
3027.56644182 1.02039074475
3027.58687341 0.997317680897
3027.60730489 0.995234637579
3027.62773657 0.999088796885
3027.64816815 1.01532665747
3027.66859964 1.00699696423
3027.68903132 1.00337649465
3027.7094629 0.988702256628
3027.75032606 0.990919282437
3027.77075765 0.984286907443
3027.79118923 1.01194424531
3027.81162081 1.00847698454
3027.83205239 1.00017161407
3027.85248397 1.00666913681
3027.87291555 1.00198168228
3027.89334713 1.01204989645
3027.91377882 0.98996003914
3027.9342104 1.00182878441
3027.95464188 1.00445754108
3027.97507356 0.996570141827
3027.99550514 1.00899430388
3028.01593662 0.995637345499
3028.0363683 1.0087107237
3028.05679988 1.001419693
3028.07723136 1.00705745217
3028.09766304 1.02775730444
3028.11809462 0.999044343657
3028.1385261 0.9976636344
3028.15895778 0.998719833115
3028.17938936 1.00744208625
3028.19982084 0.9924380303
3028.22025252 1.00322600604
3028.240684 1.00308122841
3028.26111568 0.986325135571
3028.28154726 0.974390740778
3028.30197884 0.984059838568
3028.32241042 0.993050628236
3028.342842 0.999505276077
3028.36327358 1.00300335157
3028.38370516 0.995724070284
3028.54715778 0.990366240646
3028.56758946 0.99841687766
3028.58802094 1.00467122745
3028.60845252 1.00481458195
3028.6288842 1.01352884599
3028.64931567 0.99055250414
3028.66974725 0.993768778023
3028.69017893 1.0117914962
3028.75147366 1.00972527492
3028.77190524 1.00123301899
3028.79233681 0.990741997061
3028.81276839 0.982043942309
3028.83319997 1.00946992615
3028.85363155 1.01986629173
3028.87406312 1.00178319388
3028.8944947 0.993558821389
3028.91492638 0.999352562848
3028.93535785 0.998622516239
3028.95578943 0.999023046736
3028.976221 1.01109245716
3028.99665258 1.00816732576
3029.01708406 1.00591017059
3029.03751573 0.981254042053
3029.05794731 1.00568220923
3029.07837899 1.00599960888
3029.09881046 1.01659674341
3029.11924204 1.00574052417
3029.13967371 0.997940630069
3029.16010519 0.999675268827
3029.18053676 0.991987836104
3029.20096844 1.00485187632
3029.22139991 0.998162428877
3029.24183149 0.991935863478
3029.26226316 1.00154251508
3029.28269474 0.993677720566
3029.30312621 1.01142089961
3029.32355789 1.0013453444
3029.34398946 0.990646946946
3029.36442094 1.00854921652
3029.38485261 1.00233698055
3029.50744206 1.00217620144
3029.52787363 0.995257316162
3029.54830531 0.981941198006
3029.56873678 0.982534141919
3029.58916836 0.995002115138
3029.60960003 1.01137003671
3029.6300315 0.992220562684
3029.65046308 1.00335111048
3029.67089475 0.999747002687
3029.69132622 1.00933550944
3029.7117578 1.01052333504
3029.73218937 0.982539296256
3029.75262094 0.987184425709
3029.77305252 0.986996941891
3029.79348409 1.00813993266
3029.81391566 0.974487460121
3029.83434734 0.98326372797
3029.85477891 0.987197530309
3029.87521038 1.01471828865
3029.89564206 0.999539897388
3029.91607363 0.993509883347
3029.9365051 0.998969873425
3029.95693677 0.999001652635
3029.97736835 0.992580820148
3029.99779982 0.99610296047
3030.01823149 1.01315001244
3030.05909453 0.991779890195
3030.12038935 1.00797821614
3030.14082092 1.00645331503
3030.16125249 0.99411422215
3030.18168407 1.00067629555
3030.20211564 1.00028671154
3030.22254721 0.994848825826
3030.26341045 1.00886676298
3030.28384192 1.01317827996
3030.30427359 1.00123732533
3030.32470517 1.01354861481
3030.34513664 1.0004935112
3030.36556831 1.01081848213
3030.38599988 1.00239810471
3030.40643135 1.01092582753
3030.42686302 1.00602075573
3030.44729459 0.996012593618
3030.46772606 1.00798876201
3030.48815773 0.976251629956
3030.5085892 0.992826306682
3030.52902077 0.994686127699
3030.54945244 1.00425757975
3030.56988391 0.993870350533
3030.59031559 0.999231635393
3030.61074716 1.00178215781
3030.73333658 0.996858714298
3030.75376815 0.988896226367
3030.77419972 0.979107402528
3030.79463128 0.981125173557
3030.81506285 0.993830429437
3030.83549452 1.00223817331
3030.85592599 1.00378892307
3030.87635756 0.986209794607
3030.89678923 1.00399806181
3030.9172207 0.984914685032
3030.93765237 0.99111781503
3030.95808394 0.995841817488
3030.97851541 1.01661153747
3030.99894708 0.985332462128
3031.01937865 0.99923506502
3031.03981012 1.00116270273
3031.06024179 1.00268422823
3031.08067335 0.99347515482
3031.10110492 0.994790352854
3031.12153649 0.994393154148
3031.14196796 0.991246361867
3031.16239963 0.995345118726
3031.1828312 1.0090931173
3031.20326277 0.993816064536
3031.22369423 1.00089208223
3031.2441259 1.0025553216
3031.26455747 0.985900174584
3031.28498904 1.02292135079
3031.30542061 0.99950072926
3031.32585218 0.996321340756
3031.34628384 1.00434794193
3031.36671531 0.998046940708
3031.38714688 1.00420885289
3031.40757855 0.995921551214
3031.42801002 1.00678366268
3031.44844158 0.997160264702
3031.46887325 0.991090860367
3031.48930472 0.994389037924
3031.50973629 0.990550215986
3031.53016795 1.00104989128
3031.55059942 1.00203236222
3031.57103099 1.0100658248
3031.59146266 1.00759052966
3031.61189412 0.98961057814
3031.63232579 1.00269837699
3031.65275736 1.00652104928
3031.67318893 1.0171129468
3031.69362049 0.99367821548
3031.71405206 1.00770680521
3031.73448363 1.01707441057
3031.83664146 1.00088716431
3031.85707293 0.997321719789
3031.87750459 0.998716042966
3031.89793616 1.00557495967
3031.91836763 0.995337673537
3031.93879929 0.997875801827
3031.95923086 0.988119839579
3031.97966253 1.00664590455
3032.00009399 0.986295083851
3032.02052556 0.993256440776
3032.04095723 0.989283592999
3032.06138869 1.00312984215
3032.08182026 1.01007180359
3032.10225193 0.996985757923
3032.12268339 0.994146752353
3032.14311496 0.996506184727
3032.16354662 0.989461811488
3032.22484132 0.996398301863
3032.24527289 1.00256962353
3032.26570435 1.00324771026
3032.28613602 0.998079603054
3032.30656758 1.01390944707
3032.32699925 1.01295897445
3032.34743072 1.00747442818
3032.36786228 1.01055400141
3032.38829395 1.01169619153
3032.40872541 0.997455084134
3032.42915698 0.995988871429
3032.44958864 1.00251115916
3032.47002011 1.00444393752
3032.5313148 1.00423093917
3032.55174637 0.995538791051
3032.57217793 0.993818482935
3032.5926095 0.991419596473
3032.61304116 1.01449116391
3032.67433586 1.00513004184
3032.69476742 0.986895948242
3032.71519889 0.991016295886
3032.73563055 1.01245415965
3032.75606212 0.995134269199
3032.77649358 1.00541327358
3032.79692525 1.00606541878
3032.96037786 1.00831560809
3032.98080933 1.0023517015
3033.00124089 0.995797344559
3033.02167256 0.999709265073
3033.04210402 0.985847776376
3033.06253559 0.986782822945
3033.08296725 0.987304851107
3033.10339871 1.00034763753
3033.12383028 1.01658853614
3033.14426194 1.00205576552
3033.18512497 0.99643416965
3033.20555663 1.00285976024
3033.2259882 0.988482989163
3033.24641966 0.989253578374
3033.26685133 0.995220835514
3033.28728289 0.995697889826
3033.30771445 0.98612313538
3033.32814602 1.00136546322
3033.34857748 0.988575507343
3033.38944071 1.00762274514
3033.40987217 0.99697280003
3033.43030384 1.00166889288
3033.4507354 1.02924391999
3033.47116686 1.00367970919
3033.49159853 1.00506985554
3033.51203009 1.01462693872
3033.53246165 0.995481650858
3033.55289322 1.01240567734
3033.57332478 0.999008461462
3033.59375644 1.01806758678
3033.61418791 1.00313829368
3033.63461947 1.00836309707
3033.65505113 0.986036895446
3033.6754827 1.0107240021
3033.69591416 0.991671221545
3033.71634582 0.99490665522
3033.73677739 0.984695164734
3033.77764051 0.993334191393
3033.79807208 1.00019098754
3033.81850354 0.979168726566
3033.8389352 0.973501697782
3033.87979823 0.991097400555
3033.90022989 0.994308794939
3033.92066146 1.01012077079
3033.94109312 1.00205379178
3033.96152458 1.00550618743
3033.98195614 0.98301544787
3034.00238771 1.00296436203
3034.0636824 1.00744943759
3034.08411396 1.00371094646
3034.10454552 1.0147979737
3034.12497708 0.97898379028
3034.14540865 1.00982566877
3034.16584021 0.998853023999
3034.18627187 1.01287144441
3034.20670333 0.998682931632
3034.227135 0.982024550195
3034.24756656 0.992641013045
3034.26799802 0.999023947773
3034.28842969 0.99789310747
3034.43145062 1.01559019282
3034.45188208 0.997765734868
3034.47231375 0.998405577138
3034.49274531 1.00655190004
3034.51317697 0.998119678435
3034.53360843 0.98372151822
3034.55404 1.00599077901
3034.57447166 1.01176170439
3034.63576635 1.00851348526
3034.65619791 1.01802227944
3034.67662937 1.01858275299
3034.69706093 0.996730139671
3034.71749249 0.998313973502
3034.73792406 1.00510719595
3034.75835572 0.994116671239
3034.77878718 1.00485799054
3034.79921874 1.01186495229
3034.81965041 0.996012431473
3034.84008187 1.00845935351
3034.86051353 0.99432711774
3034.88094509 1.0047709592
3034.90137655 0.990697795121
3034.92180822 1.00665632852
3034.94223978 0.994821379555
3034.96267124 0.976528922206
3034.9831029 0.998158279402
3035.00353446 0.983880945971
3035.02396603 0.981011138306
3035.04439759 0.985800898348
3035.12612384 1.00886354907
3035.1465555 1.00891121906
3035.16698696 1.00551363739
3035.18741852 0.999434372626
3035.20785018 1.02740172665
3035.22828175 1.01212185385
3035.24871321 0.992054160365
3035.26914487 1.00211453056
3035.37130258 1.00876624749
3035.39173424 1.00959411408
3035.4121657 0.99790705493
3035.43259736 0.984579229059
3035.45302893 0.98058429674
3035.47346039 0.998323503094
3035.49389205 1.00081244256
3035.51432361 0.99637796625
3035.53475507 0.993989168506
3035.55518674 0.99043713462
3035.59604986 1.00047566858
3035.61648142 1.01045612562
3035.63691298 1.01714382153
3035.65734455 0.994992031832
3035.69820767 1.00018079619
3035.71863933 1.00960254207
3035.73907089 1.01140249637
3035.75950235 1.01669088927
3035.77993402 1.0072241196
3035.80036558 1.01215569406
3035.82079704 1.00965323827
3035.8412287 0.993358296279
3035.86166026 1.0101079098
3035.88209172 1.00913260597
3035.90252339 1.02447871132
3035.92295495 1.00060574078
3035.94338641 0.988492584895
3035.96381807 1.00237070806
3035.98424963 0.965014694404
3036.0046813 0.97343765104
3036.02511276 1.01327503693
3036.04554432 0.988444112201
3036.08640744 1.0096309168
3036.106839 0.992845656569
3036.12727057 0.999784781612
3036.14770213 0.991416930216
3036.16813369 1.00841076788
3036.18856525 0.99799136811
3036.20899681 0.990855178691
3036.22942838 0.989844922023
3036.24986004 0.979758842562
3036.2702915 0.996297614024
3036.35201785 1.01819174575
3036.37244941 0.998249289753
3036.39288087 1.00163435878
3036.41331253 1.02321146125
3036.43374409 1.01116016686
3036.45417556 1.02215310438
3036.47460722 0.99734217554
3036.49503878 0.983864831961
3036.51547034 1.01101588163
3036.61762815 0.990504659273
3036.63805981 0.99957798626
3036.65849137 1.00064366626
3036.67892284 0.996936462628
3036.6993545 0.99407802027
3036.71978606 0.999485484156
3036.74021752 0.991738257022
3036.76064918 1.00959361283
3036.78108065 1.01561382757
3036.80151221 1.0100820589
3036.82194387 1.01096507054
3036.84237543 1.00905033981
3036.86280699 0.997557650984
3036.88323856 0.993193500896
3036.90367002 0.981573946258
3036.92410168 1.00171144232
3036.94453324 1.02807220882
3036.9649647 1.01160197073
3036.98539637 1.00417336532
3037.00582793 1.00593494374
3037.02625939 0.996146453329
3037.06712262 0.993823995967
3037.08755418 1.00982226458
3037.10798574 0.991396631263
3037.1284173 0.984511841213
3037.14884896 1.02386401171
3037.16928043 1.01469307163
3037.18971199 1.02315519904
3037.21014365 1.00236484092
3037.23057521 0.986805301612
3037.25100668 0.98517163445
3037.27143834 0.987393704748
3037.31230136 1.00080125743
3037.33273303 0.993067167292
3037.35316459 1.00034436012
3037.37359625 1.01806009196
3037.39402771 0.988144818884
3037.41445928 1.0242545286
3037.43489094 1.01135003122
3037.4553224 1.01040347482
3037.47575396 0.979665437796
3037.49618553 0.977053154708
3037.51661709 0.980250867352
3037.55748021 0.982776503843
3037.57791178 0.999603328249
3037.59834334 0.995995905457
3037.6187749 0.988323126234
3037.63920646 0.999215776735
3037.65963813 0.996523846726
3037.68006959 1.030924578
3037.70050115 0.999487481051
3037.72093281 0.99929117066
3037.74136438 1.01271568013
3037.76179584 0.992275351665
3037.80265907 1.00977995063
3037.82309053 0.986014542413
3037.84352219 0.999815965978
3037.86395375 1.01265956014
3037.88438522 0.993460890468
3037.90481688 0.996354793363
3037.92524844 1.00442333613
3037.94568011 1.00690344336
3037.96611157 1.00521410772
3037.98654313 0.996156525368
3038.12956417 1.0202848095
3038.14999564 0.995958730215
3038.1704272 0.990833700273
3038.19085876 1.00797778604
3038.21129043 1.00131002779
3038.23172199 1.01302341397
3038.25215345 0.999841322921
3038.27258502 0.994797430476
3038.29301668 1.01607740443
3038.31344824 1.02773504896
3038.33387971 1.01181480887
3038.35431137 0.975074599906
3038.37474294 0.993059121813
3038.3951744 1.00935060368
3038.41560606 0.981195054817
3038.43603763 0.983983965768
3038.6199217 1.01179339652
3038.64035337 0.988098720055
3038.66078483 1.00110098896
3038.68121639 1.0000173361
3038.70164806 1.00160869198
3038.72207962 1.00384747087
3038.74251119 1.00423320335
3038.78337431 0.991496668231
3038.80380588 1.00783975505
3038.82423744 0.993389309388
3038.84466901 0.991770933198
3038.86510067 1.00578346451
3038.88553214 1.00000988982
3038.9059636 0.998243930128
3038.92639526 0.9926909823
3038.94682683 0.992888170747
3038.96725849 1.0089303238
3038.98768996 0.976227083706
3039.00812152 0.99296956547
3039.02855319 1.00892216482
3039.04898465 1.00635836025
3039.06941622 0.99944307606
3039.08984788 1.00341525386
3039.11027935 0.99273073942
3039.13071091 0.978245632478
3039.15114258 1.00070135929
3039.17157404 1.00009206766
3039.19200561 1.01489152402
3039.21243727 1.00654714559
3039.23286884 1.00206314833
3039.27373197 0.998847849936
3039.29416353 1.00752578902
3039.3145951 0.990496121056
3039.33502666 0.998075405402
3039.35545823 1.01422275331
3039.37588989 0.994774567537
3039.39632136 0.993705250452
3039.41675292 1.00609366705
3039.43718459 1.008133635
3039.45761606 1.01206305511
3039.53934242 1.00289306301
3039.55977388 0.997196489355
3039.58020545 1.00552962035
3039.60063712 1.01032160369
3039.62106868 1.00402217584
3039.64150015 0.98220267821
3039.66193181 1.00778157405
3039.68236328 1.00642840064
3039.70279485 1.024132998
3039.72322651 0.979066074415
3039.76408964 0.993335129904
3039.78452121 1.00565034845
3039.80495278 1.00408449177
3039.82538434 1.0007071338
3039.84581591 0.987974413137
3039.86624748 1.01824799425
3039.88667904 0.999528661914
3039.90711061 1.00465955226
3039.92754217 1.02259562832
3039.94797384 1.01468295922
3040.02970001 0.998529957316
3040.05013168 1.00199619424
3040.07056324 1.0193783357
3040.09099471 0.999998026014
3040.11142638 1.00485170785
3040.13185794 1.00446127291
3040.15228941 0.994353521653
3040.17272108 0.994994807106
3040.19315265 0.997756762654
3040.21358431 1.00038328198
3040.25444735 1.00380310782
3040.33617362 0.994746448529
3040.35660518 1.00022414051
3040.37703675 1.00264600775
3040.39746832 1.0143255956
3040.41789989 0.98500523781
3040.43833156 0.972137420607
3040.45876312 0.986980041396
3040.49962626 0.996928311711
3040.52005783 0.991710541129
3040.5404893 0.996991511114
3040.56092096 1.00924086863
3040.58135253 0.998284723804
3040.601784 0.998091997932
3040.62221567 1.02185920454
3040.64264724 0.985358042112
3040.66307871 1.00352637851
3040.68351038 1.00428870216
3040.70394194 1.00017014988
3040.74480508 0.993413458911
3040.76523665 0.993773535228
3040.78566832 0.997578543221
3040.80609979 1.00417260152
3040.82653136 0.987217219918
3040.84696303 0.996414550427
3040.86739449 1.02087970048
3040.88782606 0.986259757881
3040.90825773 1.00336445142
3040.9286893 1.0333139334
3040.94912087 0.987425947403
3040.98998401 1.00049646957
3041.01041558 0.994097791964
3041.03084715 0.984414855475
3041.05127862 1.00583226027
3041.07171029 0.988936201701
3041.11257333 1.00597443643
3041.133005 0.992658000856
3041.15343657 1.00587882732
3041.17386824 0.973238795422
3041.19429971 1.02670049294
3041.27602599 0.981849431349
3041.29645766 1.01225828152
3041.31688913 0.992837014856
3041.3373207 1.01278414036
3041.35775237 0.99452822587
3041.37818384 1.00036348987
3041.39861551 1.02857264122
3041.41904708 0.996852988928
3041.50077337 0.980499574628
3041.52120494 1.02263674591
3041.54163651 1.01384691041
3041.56206808 0.994449667527
3041.58249975 1.00449809399
3041.60293122 0.989628504112
3041.6233629 1.03093917783
3041.64379447 1.00559955456
3041.66422594 1.01005616071
3041.68465761 0.999932593849
3041.72552065 1.00312328463
3041.74595233 1.00024597546
3041.7663838 1.01027889877
3041.78681537 1.00112223421
3041.80724704 1.00903625661
3041.82767851 1.00813889096
3041.84811019 1.01841354834
3041.86854176 0.997545364629
3041.88897323 0.999694263897
3041.9094049 1.02840331947
3041.92983648 0.998745664827
3041.95026805 0.998050335832
3041.97069962 0.985769020437
3041.99113119 1.00382468355
3042.01156277 1.01663217256
3042.03199434 1.00054780955
3042.05242591 0.983704361711
3042.07285749 1.0051125575
3042.09328916 0.99935831868
3042.11372063 0.963395403955
3042.13415231 0.990552686724
3042.15458388 0.979462536459
3042.23631007 0.991085546331
3042.25674175 0.990674652535
3042.27717332 1.00639698623
3042.2976048 0.999160059675
3042.31803647 1.02281001827
3042.33846804 1.00228616342
3042.35889962 1.00319616515
3042.37933119 1.00540363844
3042.39976277 0.987692772364
3042.42019434 0.992763075599
3042.46105749 0.99727415385
3042.48148906 1.00052364837
3042.50192064 0.994933788223
3042.52235221 0.998385343568
3042.54278379 1.00889058811
3042.56321536 1.00464786602
3042.58364704 1.00221944193
3042.60407861 1.00041749728
3042.62451009 1.00237286968
3042.64494176 1.00382353473
3042.66537334 1.00582418209
3042.68580481 1.00711213111
3042.70623649 0.986364247003
3042.72666807 0.991539801541
3042.74709954 0.995592740567
3042.76753122 1.00236531606
3042.80839447 0.999394468098
3042.82882594 1.00954526764
3042.84925752 0.992574502675
3042.97184698 0.999191475331
3042.99227866 1.01111749869
3043.01271013 1.00408902722
3043.03314181 0.988807942616
3043.05357339 0.988511454802
3043.07400486 0.998603278817
3043.09443654 1.01902357709
3043.11486802 0.996168973104
3043.13529959 1.00565244903
3043.15573127 0.997295577042
3043.19659433 0.997637077945
3043.217026 0.998059077886
3043.23745758 1.01111445431
3043.25788926 1.00432096701
3043.27832074 0.999365086276
3043.33961547 0.986891866729
3043.36004705 1.01110821147
3043.38047873 1.01609451918
3043.40091021 0.995681799681
3043.5030682 1.00637253561
3043.52349968 0.994170395827
3043.54393136 1.00484847196
3043.56436294 0.988356928034
3043.58479442 0.996664268922
3043.6052261 1.00279770706
3043.62565768 0.981282534302
3043.64608926 1.01731215699
3043.68695242 0.994197937565
3043.70738399 0.996597594764
3043.72781557 1.01226859534
3043.74824715 1.0117038515
3043.76867873 1.00255030175
3043.78911032 1.00441398369
3043.8095419 0.971163233831
3043.82997358 1.00010903144
3043.85040506 0.985233603825
3043.97299454 0.99340874189
3043.99342622 1.00400597371
3044.0138578 0.995343208068
3044.03428928 0.99933350497
3044.05472097 0.989908798815
3044.07515255 0.987588460755
3044.09558413 0.989703010178
3044.11601571 1.00209549766
3044.13644729 0.976626809285
3044.17731046 1.00363120275
3044.19774204 1.01992991463
3044.21817372 1.00221805415
3044.2386053 1.00451990657
3044.25903679 1.03572968887
3044.27946847 1.00767728576
3044.29990005 0.995108343776
3044.32033153 0.999718548864
3044.34076322 0.976992405704
3044.54507895 0.995490646488
3044.56551063 1.00156622994
3044.58594222 0.992911174034
3044.6063739 1.00167209977
3044.62680539 1.00775765787
3044.64723697 1.01357311464
3044.66766866 1.00269375242
3044.68810014 1.00658388007
3044.70853173 1.00884524538
3044.72896341 1.00368638722
3044.7493949 0.990416155211
3044.76982648 0.985610074651
3044.79025817 0.992187448578
3044.81068975 0.989811222599
3044.83112134 0.976602102021
3044.97414244 0.993162606322
3044.99457402 1.02447999348
3045.0354372 1.00524596739
3045.05586878 0.997667022781
3045.07630037 1.01135758967
3045.09673196 0.997607517072
3045.11716364 0.999012455525
3045.15802672 1.02131527496
3045.1784584 0.995735218307
3045.21932148 0.983637679911
3045.23975317 0.988748002511
3045.26018465 1.0030029607
3045.28061624 1.01303234282
3045.30104793 0.988919244246
3045.32147952 0.996253077142
3045.34191111 0.985999704606
3045.42363746 1.01708953401
3045.44406905 1.01057546813
3045.46450074 1.03517789475
3045.48493223 1.00508508456
3045.50536381 0.989814996213
3045.5257955 0.995422017802
3045.54622699 1.02769770819
3045.56665868 0.988515964697
3045.68924822 1.00581796109
3045.70967981 0.996667805524
3045.7301113 0.991664603307
3045.75054299 1.01429684778
3045.77097458 0.995673956795
3045.81183776 1.01683819088
3045.83226935 0.991217155608
3045.85270095 1.00472127996
3045.89356413 0.998356777862
3045.91399572 1.00885033219
3045.93442731 1.02163668389
3045.9548589 1.00875044373
3045.97529059 0.997632175679
3045.99572209 0.997597966002
3046.01615378 0.985028919493
3046.03658537 0.979794797098
3046.05701686 1.03318950467
3046.07744855 0.975787025493
3046.15917492 0.998977319507
3046.17960642 1.00885404118
3046.20003811 1.01685366373
3046.2204697 1.00052720202
3046.2409014 0.991770471289
3046.26133289 1.00659446032
3046.28176448 0.999601771224
3046.30219618 0.991311163751
3046.32262767 0.959029133912
3046.34305927 0.94171326368
3046.40435405 1.01659547615
3046.42478574 1.01145164882
3046.44521734 0.990212187591
3046.46564893 1.02565939017
3046.48608053 1.004943937
3046.50651202 1.00950686643
3046.52694372 1.006425678
3046.54737531 0.994677025825
3046.56780681 0.979949894048
3046.64953329 1.01120426493
3046.66996489 1.01684347342
3046.69039658 1.00991560751
3046.71082808 0.994584822695
3046.73125967 1.0035418359
3046.75169137 0.995364960217
3046.77212287 0.999232568841
3046.79255446 0.98391464909
3046.81298616 0.986465716742
3046.83341766 1.00770233231
3046.87428095 1.01351306322
3046.89471245 0.999918118526
3046.91514415 0.99981498624
3046.93557575 1.01701900954
3046.95600734 1.0192717516
3046.97643894 0.990658504394
3046.99687054 1.00789208823
3047.01730214 0.997384971647
3047.03773374 0.993928805808
3047.16032333 1.01050431685
3047.18075493 0.999469260167
3047.20118663 1.01933881959
3047.22161813 1.00456193729
3047.24204973 1.00202704228
3047.26248143 0.997141721903
3047.28291293 0.993295575976
3047.30334453 1.0225842397
3047.32377623 0.989924735148
3047.36463943 1.00222025231
3047.38507103 1.00215572302
3047.40550253 1.00931525779
3047.42593423 1.0028566869
3047.44636583 1.00328905839
3047.46679733 0.990733933729
3047.48722903 0.996476657775
3047.50766063 0.984381621399
3047.52809224 0.983254827705
3047.54852384 0.981906172473
3047.63025025 1.0050452816
3047.65068195 1.02335395646
3047.67111355 1.00025268688
3047.69154505 0.999022466621
3047.71197676 1.00428581277
3047.73240836 1.01697636548
3047.75283986 1.01124796271
3047.77327157 0.990978277178
3047.79370317 1.00527320096
3047.87542958 0.991620450515
3047.89586119 1.00447995865
3047.91629269 0.991121711228
3047.9367244 0.991262121411
3047.957156 0.975491460464
3047.97758751 0.987420953604
3047.99801921 0.999224697617
3048.01845082 0.99581644855
3048.03888252 0.996322324425
3048.12060884 0.975418706252
3048.14104045 1.00669787767
3048.16147215 1.00694116377
3048.18190376 0.986555161579
3048.20233527 1.01545496442
3048.22276697 1.00076767933
3048.24319858 0.986002521524
3048.42708305 0.992401520419
3048.44751475 1.01209192872
3048.46794626 0.986897953841
3048.48837797 0.987988407033
3048.50880948 0.985652432162
3048.52924109 1.00114868261
3048.5496728 0.992593420172
3048.59053591 1.0091638972
3048.61096762 1.01135631451
3048.65183074 0.991925183595
3048.67226245 0.991248042311
3048.69269406 1.00540761931
3048.71312567 0.996300895079
3048.73355728 0.998325287397
3048.75398889 1.00144908406
3048.7744205 0.993460005211
3048.79485211 0.995982961004
3048.83571544 1.00890948634
3048.85614695 1.00280501037
3048.87657856 1.00656197655
3048.89701027 0.991434832737
3048.91744178 0.985207877215
3048.93787349 0.98937147274
3048.9583051 1.00613802593
3048.97873662 0.994945170586
3048.99916833 0.984377465413
3049.01959994 1.01594774604
3049.04003145 0.975979547073
3049.08089478 1.02200376721
3049.10132629 1.00261132473
3049.121758 1.00036942194
3049.14218962 1.00585623607
3049.16262123 1.00442630592
3049.18305284 1.00036743729
3049.20348446 0.984124481975
3049.22391607 0.990590219804
3049.24434769 1.00506556049
3049.2647793 0.995383385479
3049.34650586 0.984270514422
3049.36693737 1.00426955464
3049.38736909 1.0072863874
3049.4078007 0.996698851625
3049.42823222 0.999000054718
3049.44866394 1.00973763162
3049.46909555 0.992658396608
3049.48952707 0.997599993134
3049.50995878 0.998561060513
3049.59168525 1.01843764159
3049.61211697 0.998002533886
3049.63254848 1.00321071499
3049.6529801 0.995193428911
3049.67341182 0.990968076504
3049.69384334 1.0044791071
3049.71427495 1.00247576921
3049.73470667 1.00685359538
3049.75513819 1.00730808728
3049.77556991 0.99068293563
3049.81643314 1.00650208342
3049.83686476 0.99502665621
3049.85729638 1.01320846461
3049.8777279 1.00196106028
3049.89815962 1.01635817541
3049.91859124 0.998792403775
3049.93902276 1.02845360231
3049.9798861 1.00372035028
3050.00031782 0.981244675981
3050.02074934 0.999475755389
3050.06161268 1.03070397614
3050.0820442 1.00901809452
3050.10247582 1.00404900182
3050.12290754 0.989281410089
3050.14333906 0.99515190001
3050.16377069 0.98678329477
3050.18420241 0.983816915922
3050.20463393 0.993299496331
3050.36808701 1.00025565063
3050.38851863 1.0031660083
3050.40895026 1.00796641369
3050.42938188 0.990005188214
3050.4498136 1.00310242005
3050.47024523 1.01036351119
3050.59283497 0.998653130183
3050.6132665 1.00079189949
3050.63369822 0.988354757932
3050.65412975 0.999133692534
3050.67456148 0.998452876219
3050.6949931 1.01795861098
3050.71542463 0.999274994337
3050.73585635 0.998232912642
3050.75628798 0.999495981986
3050.77671951 1.00208572145
3050.79715123 0.996837813816
3050.81758286 1.01245507133
3050.83801449 1.00238178954
3050.85844612 0.991592555667
3050.87887774 0.982763933638
3050.89930947 1.00398731692
3050.919741 0.998582029599
3050.94017263 1.01463355054
3050.96060435 0.992928130062
3050.98103598 0.994449306045
3051.0627624 1.01366582291
3051.08319413 0.997929085797
3051.10362576 1.00258651381
3051.12405739 0.986571970805
3051.14448902 0.995413055561
3051.16492065 0.997373110656
3051.18535238 1.01456966318
3051.20578391 1.00090013092
3051.22621554 1.00973537659
3051.24664717 0.981409911669
3051.28751033 0.999728011333
3051.30794206 0.993886545518
3051.32837369 1.0014627573
3051.34880542 0.994842639225
3051.36923695 0.998845181276
3051.38966859 1.02570399808
3051.41010032 1.00902176621
3051.43053185 1.006499502
3051.45096348 1.013742665
3051.47139522 1.01156875933
3051.49182675 0.995664056529
3051.53269012 1.00661533641
3051.55312175 0.992432043786
3051.57355338 0.996121070359
3051.59398502 1.00625070375
3051.61441665 0.976984527026
3051.63484828 0.98735536396
3051.65527992 0.99373141762
3051.71657482 0.99669322
3051.73700656 0.966601412034
3051.77786973 1.01209290886
3051.79830146 1.01643344186
3051.8187331 0.998638463462
3051.83916464 0.998670525281
3051.85959637 0.997399023285
3051.88002801 0.992984007041
3051.90045954 0.993714271633
3051.92089128 1.00086568364
3051.94132282 1.00322332912
3051.96175456 0.984281668008
3051.98218619 1.00892394219
3052.02304947 1.00834368018
3052.04348111 1.00823059967
3052.06391274 0.999879191297
3052.08434438 0.985579320913
3052.10477602 1.00036604762
3052.1456393 1.00122361423
3052.16607094 0.986856527807
3052.32952416 0.998874584842
3052.3499557 0.994133665742
3052.37038744 0.999697829054
3052.39081908 1.00272575662
3052.41125082 0.994459594446
3052.43168236 0.986843119341
3052.452114 1.01206030212
3052.47254575 0.998571535462
3052.49297729 1.00112739313
3052.51340893 0.995623860865
3052.53384067 0.983875682292
3052.55427222 0.976633778732
3052.57470386 0.98477568752
3052.5951356 0.992185556467
3052.61556715 0.998755866233
3052.63599889 1.00156340725
3052.65643043 0.989540164058
3052.67686208 1.00224334951
3052.69729382 0.987078907334
3052.71772546 0.991262270844
3052.75858875 0.992188666647
3052.7790204 1.02088622805
3052.79945204 0.989568628668
3052.81988369 1.02167729579
3052.84031533 0.99876304143
3052.86074708 1.01117543704
3052.92204202 0.981657400267
3052.94247356 1.01615410949
3053.02420025 1.00447323488
3053.0446319 1.00531227093
3053.06506345 1.0179544916
3053.0854952 0.990889732589
3053.10592684 1.0064789556
3053.12635839 1.01277843835
3053.14679014 1.00826700436
3053.16722179 0.995936312056
3053.18765344 1.00035691458
3053.20808509 1.02206388923
3053.24894849 0.983725870865
3053.26938004 0.997838010127
3053.28981168 1.00067626967
3053.31024334 1.00949045551
3053.33067499 0.99097045878
3053.35110664 1.00872512234
3053.37153829 1.00302045863
3053.39196994 1.01059150378
3053.41240169 0.995203115345
3053.43283334 1.00195946872
3053.45326489 1.01582560088
3053.4941283 1.00074865458
3053.51455985 0.996962804039
3053.5349916 0.997410420688
3053.55542325 1.00842938442
3053.5758548 0.991126436228
3053.59628656 0.998855089587
3053.61671821 1.00858738209
3053.63714996 1.00403811499
3053.65758152 1.00886363975
3053.67801317 1.00766026673
3053.69844493 1.00184408541
3053.73930813 0.996008453515
3053.75973989 1.00786445174
3053.78017144 0.98950543908
3053.8006031 1.00043299963
3053.82103485 1.01808802933
3053.84146651 1.00297242573
3053.86189817 1.00195074908
3053.88232982 1.01683814525
3053.90276148 0.982079597483
3053.92319313 0.994754533778
3053.94362479 0.995054259236
3053.9844881 1.00557704846
3054.00491976 0.993010531027
3054.02535142 0.997607923509
3054.04578308 0.995982753031
3054.06621473 1.00417697747
3054.08664649 0.994008893174
3054.10707805 0.975117152247
3054.12750971 0.9939692212
3054.35225796 0.989937316697
3054.37268973 1.01875385632
3054.41355305 0.990459628859
3054.43398471 1.0018797251
3054.47484813 1.00309022846
3054.4952798 0.994402075723
3054.51571136 1.00388752105
3054.53614312 0.998539723893
3054.55657478 0.994565967689
3054.57700635 0.990038262543
3054.59743811 0.994402043771
3054.61786977 0.993567763529
3054.63830144 1.00051611282
3054.6587331 1.00054391933
3054.67916467 0.994958287787
3054.7200281 1.00539805283
3054.74045966 1.00464897742
3054.76089143 1.00631776252
3054.78132309 1.00182124994
3054.80175466 0.994635236601
3054.82218642 0.997846389221
3054.84261809 0.997655065825
3054.86304985 0.991003607692
3054.88348142 1.00797298814
3054.90391309 1.00018687387
3054.92434485 0.986496578101
3054.96520809 0.986227838732
3054.98563986 1.00289540707
3055.00607142 1.01199182409
3055.02650309 1.02085551942
3055.04693486 1.00695719606
3055.06736653 1.01389104778
3055.0877982 1.0091119908
3055.10822987 0.988902989145
3055.12866154 1.01211908444
3055.1490932 0.990044565355
3055.16952487 1.01283468456
3055.21038831 0.991719657101
3055.23081988 0.995085690442
3055.25125165 1.01678146745
3055.27168333 1.00960345503
3055.2921149 0.983645864224
3055.31254667 1.01297489557
3055.33297824 0.980028395129
3055.35340991 1.00555721633
3055.37384168 1.00344405121
3055.39427325 1.01557693815
3055.41470493 1.00697600235
3055.45556827 1.0007949262
3055.47600004 0.997201563704
3055.49643172 0.987898024073
3055.51686329 1.00645667346
3055.53729506 0.997461157626
3055.55772674 1.00232195976
3055.57815841 0.984628735089
3055.59859009 0.992087258617
3055.61902176 0.987741567869
3055.63945344 0.989449679937
3055.65988511 0.998018475678
3055.70074856 0.996852667852
3055.72118024 0.983803693437
3055.74161181 0.995037233151
3055.76204359 1.00984613444
3055.78247527 1.01141400422
3055.80290684 0.976454111067
3055.82333862 0.995819216198
3056.00722372 1.00763717169
3056.0276554 1.00697053331
3056.04808708 0.993483027358
3056.06851876 1.00512447008
3056.08895054 1.00019254266
3056.10938212 1.00202900658
3056.1298138 0.994820777967
3056.15024558 1.00205683574
3056.19110884 1.01529529823
3056.21154062 1.01266031105
3056.23197221 1.00674002295
3056.25240389 1.00882208997
3056.27283567 0.993477911908
3056.29326735 0.995092408054
3056.31369903 1.01529727487
3056.33413072 1.01069213924
3056.3545624 0.996404439869
3056.37499418 0.999817145896
3056.41585745 0.988641638981
3056.43628923 1.00981784326
3056.45672082 1.00902301521
3056.4771526 1.00650750114
3056.49758429 0.994989876421
3056.51801587 0.993464347844
3056.53844766 1.0061106777
3056.55887934 1.00548982241
3056.57931093 1.00782875856
3056.59974271 1.00529421795
3056.64060598 0.98886835326
3056.68146946 1.00018034827
3056.70190114 1.00745295118
3056.72233283 0.990108331527
3056.74276452 1.01295829304
3056.76319621 1.00532297968
3056.7836279 0.981058388233
3056.80405958 1.00207365878
3056.82449127 0.986138801023
3056.84492296 0.995153327529
3056.94708151 0.99385128059
3056.9675131 1.00012313247
3056.98794489 0.993939375384
3057.00837658 1.00548706859
3057.02880817 1.01498506269
3057.04923996 0.994419510652
3057.06967165 0.977719974313
3057.09010344 0.995231662998
3057.11053504 1.00121231925
3057.1922618 0.991524335791
3057.2126936 0.98775606441
3057.23312519 0.999765703124
3057.27398868 1.00553938849
3057.29442027 1.00364979949
3057.31485207 1.01432839385
3057.33528376 0.998697354893
3057.35571536 0.985971050775
3057.37614715 0.995179921089
3057.39657875 0.984539886146
3057.41701044 1.00098039148
3057.43744224 0.988281054528
3057.45787393 1.00021874619
3057.47830563 1.01638967693
3057.49873733 1.00604734282
3057.51916902 0.987484171532
3057.53960072 0.982022877771
3057.56003242 1.0047016116
3057.58046412 0.968995395095
3057.70305441 1.00206406135
3057.7234861 1.00637597714
3057.7439177 1.01433662865
3057.7643495 1.00641148967
3057.7847812 1.01190707652
3057.8052128 0.991806868641
3057.8256446 1.00242406825
3057.94823481 1.01226645543
3057.96866652 1.01348196139
3057.98909822 0.999148288065
3058.00952992 0.99644423849
3058.02996162 1.01132387654
3058.05039333 1.0043476538
3058.07082503 0.978377385118
3058.21384706 1.00281941093
3058.23427877 0.99541095571
3058.25471037 0.987191562365
3058.27514218 1.00010396015
3058.29557389 0.989807298462
3058.31600569 1.00207065136
3058.3364373 0.998928439801
3058.35686901 0.998782548317
3058.37730082 0.990051934037
3058.39773242 0.996872028858
3058.41816413 0.989874442164
3058.43859594 0.978251230205
3058.45902755 1.00359926841
3058.47945936 0.998151249631
3058.49989106 1.00180134373
3058.52032267 1.00780538169
3058.54075448 0.9995084514
3058.56118619 0.997012482922
3058.5816179 1.00186772868
3058.66334475 0.988159520536
3058.68377646 1.00625431213
3058.70420817 1.00811229253
3058.72463988 0.991553300416
3058.74507159 1.00151680601
3058.76550341 1.02059316645
3058.78593502 0.991273172166
3058.80636673 0.992599952246
3058.82679854 1.01380010035
3058.84723016 1.02050469139
3058.88809368 1.01153965523
3058.9085253 0.993453014114
3058.92895711 1.02128337406
3058.94938883 0.99790799042
3058.96982044 1.00358131198
3058.99025226 0.993149911789
3059.01068397 0.986252855283
3059.03111559 0.990495219591
3059.05154741 1.00053303251
3059.07197912 0.986411591287
3059.15370609 0.992674195778
3059.17413771 0.997122948527
3059.19456943 1.00662339062
3059.21500124 1.00377188233
3059.23543296 0.999151605016
3059.25586458 0.985301293518
3059.2762964 1.00490914866
3059.29672812 1.00606441469
3059.31715984 1.00436616252
3059.33759156 0.988454060345
3059.378455 1.01177016073
3059.39888672 1.00069182269
3059.41931834 0.984905413067
3059.43975016 0.999663583801
3059.46018188 1.00634607728
3059.4806137 0.993121913891
3059.50104533 0.997598280084
3059.52147705 1.00259746286
3059.54190887 1.01104284442
3059.56234049 0.988643099033
3059.58277222 0.991602288409
3059.62363566 1.00473093427
3059.64406739 0.985892987666
3059.66449921 0.993792042181
3059.68493084 1.02616399126
3059.70536266 0.980673971909
3059.72579439 1.00241232344
3059.74622611 1.00027334073
3059.76665784 0.982449837097
3059.78708956 1.010292035
3059.90967992 1.02577882875
3059.93011175 1.0146853458
3059.95054348 1.01687020538
3059.99140693 1.01037163909
3060.01183856 0.978941163255
3060.03227029 0.994842392969
3060.05270212 0.982711464028
3060.07313375 1.00895609486
3060.11399731 1.02033891769
3060.13442894 0.975101110314
3060.15486077 1.00239397796
3060.1752925 1.00124698961
3060.19572413 1.0228544487
3060.21615597 0.994149011827
3060.2365877 0.999020560863
3060.25701953 0.989964322744
3060.27745116 0.991044742839
3060.29788289 0.994561753588
3060.31831473 0.966783292597
3060.35917809 1.01004691778
3060.37960993 1.00213372176
3060.40004166 1.02394727054
3060.4204733 0.99909661514
3060.44090513 0.987672123844
3060.46133687 1.00136813442
3060.4817686 1.00269234387
3060.50220034 0.998107454314
3060.52263207 0.991541349413
3060.54306391 0.980557051408
3060.62479075 0.996569873167
3060.64522259 0.971324483011
3060.66565423 1.00577889471
3060.68608597 0.999785642729
3060.70651781 1.01816474592
3060.72694954 0.97998031711
3060.74738118 0.993831124606
3060.76781302 0.998042638292
3060.78824466 1.00467861412
3060.8086764 0.973164150047
3060.84953988 1.0097920121
3060.86997172 1.02405026821
3060.89040346 0.993791984561
3060.9108351 1.00858150716
3060.93126695 1.0081623799
3060.95169869 0.997251455592
3060.97213043 1.01035222756
3060.99256217 1.0000832562
3061.01299391 0.99913638438
3061.03342576 1.01616632086
3061.11515273 1.00920657636
3061.13558437 1.01285794791
3061.15601622 1.01972028458
3061.17644796 0.997501697849
3061.19687961 0.987427683965
3061.21731145 1.00425541105
3061.2377432 0.996062722875
3061.25817505 0.997496780017
3061.27860669 0.998441860195
3061.29903844 1.00491917995
3061.33990193 0.984982289982
3061.36033368 1.00049431478
3061.38076543 0.993748761115
3061.40119717 1.01428008866
3061.42162882 0.99685588465
3061.44206067 1.00682191739
3061.46249242 0.986781979044
3061.48292427 1.00737729967
3061.50335592 0.999987530388
3061.52378767 1.01595255802
3061.54421952 1.00330615654
3061.58508292 1.01688617264
3061.60551477 1.00010219796
3061.62594652 0.994467745099
3061.64637827 1.00782465291
3061.66681002 1.00164122041
3061.70767353 1.00197366609
3061.72810528 1.01485366859
3061.74853703 1.00568121158
3061.76896889 0.997654515998
3061.78940054 1.01241379975
3061.83026415 0.9803201601
3061.8506958 1.00355138319
3061.87112766 1.00865357994
3061.89155941 0.993511036917
3061.91199107 0.999017392758
3061.93242292 0.98391636972
3061.95285468 0.99367128489
3061.97328634 1.01030919454
3062.15717225 0.992654546535
3062.17760401 0.999416324967
3062.19803577 1.02335306125
3062.21846753 0.990860998629
3062.23889929 0.998295143047
3062.25933115 1.00768883065
3062.27976291 0.996277815884
3062.30019457 0.988129335689
3062.32062643 0.995993148173
3062.3410582 0.996216022662
3062.36148986 1.0056286942
3062.38192172 0.989484108112
3062.40235348 1.0131604833
3062.42278535 0.96199177017
3062.44321701 1.00745717777
3062.46364877 0.984864115755
3062.68839819 0.976604998352
3062.70883005 0.999541137448
3062.72926172 1.003839907
3062.74969359 1.00951182541
3062.77012536 1.0060916656
3062.79055712 0.983818771615
3062.81098889 0.996660466173
3062.83142066 0.989815616736
3062.85185243 1.02435358243
3062.8722842 0.987349962298
3062.89271597 0.998083918033
3062.91314774 0.99799619303
3062.93357951 0.990725580105
3062.95401128 0.986260435247
3062.97444305 0.995191806985
3062.99487492 0.989007262287
3063.01530659 0.990442098997
3063.05617024 1.01712774942
3063.07660191 1.00130895938
3063.09703378 0.993212789975
3063.11746556 1.00210635341
3063.13789723 0.994207145183
3063.1583291 1.00547255103
3063.17876088 1.00553196011
3063.19919275 0.984933721311
3063.21962442 1.0041323442
3063.30135153 1.00686485133
3063.3217834 1.02573583443
3063.34221508 1.02777853816
3063.36264685 1.00576538065
3063.38307873 1.00751739267
3063.40351041 1.00944625642
3063.42394229 0.999190840955
3063.44437396 1.01274106398
3063.46480574 1.00229016906
3063.48523762 0.992729072625
3063.5056694 0.992804308306
3063.54653296 0.985822326949
3063.56696474 1.00019742291
3063.58739652 1.00596314655
3063.6078283 1.00132476588
3063.62826008 1.02004157881
3063.64869196 0.986137539617
3063.66912364 0.977560626296
3063.68955542 1.02963927346
3063.70998731 0.994340545955
3063.832578 1.01787666823
3063.85300969 0.989782008848
3063.87344157 0.995355083519
3063.89387336 1.01165113938
3063.91430504 1.00773903102
3063.93473693 1.00993079724
3063.95516871 1.00862948058
3063.9756006 0.984895287205
3063.99603229 0.997824305364
3064.05732765 1.00265894814
3064.07775943 1.01011184834
3064.09819122 1.03001352049
3064.11862301 0.995511026326
3064.1390548 1.02282884213
3064.17991838 0.998251756757
3064.20035027 0.976841294835
3064.22078206 1.0027978005
3064.24121375 0.985636434711
3064.28207743 1.02861286187
3064.30250912 1.00006519701
3064.3433728 0.978129916302
3064.36380469 1.00158460802
3064.38423639 0.95679710314
3064.40466818 0.973648286664
3064.42510007 0.99618466247
3064.44553176 1.02151082074
3064.46596356 0.968855980981
3064.48639545 0.894928438127
3064.52725894 1.00691467175
3064.54769084 0.999359381554
3064.56812253 0.981154264475
3064.58855443 0.996455753315
3064.60898622 0.984073765551
3064.62941802 0.992323536323
3064.64984982 0.969135579093
3064.67028161 0.975587737987
3064.833736 1.01281863591
3064.8541678 1.00367499075
3064.8745997 0.995028274551
3064.8950314 1.01042005247
3064.9154632 1.0155869161
3064.9358951 1.01381432884
3064.9563268 0.991134437652
3064.9767587 1.01184200788
3065.01762221 1.01177093164
3065.03805411 1.01025945799
3065.05848591 1.01293856339
3065.07891762 1.00092193697
3065.09934952 0.994168377393
3065.11978132 1.01607616692
3065.14021323 1.00627697126
3065.16064493 1.00608153971
3065.18107674 0.991425042478
3065.20150864 0.98194391279
3065.22194035 1.02749387721
3065.26280406 0.989983119718
3065.28323587 1.00913844336
3065.30366757 1.01615784791
3065.32409948 1.02122507078
3065.34453129 0.98845214076
3065.3649631 0.981557577545
3065.38539491 0.999524623998
3065.40582671 0.996263083394
3065.42625852 0.990759380219
3065.44669033 1.00016377032
3065.46712204 0.976586412977
3065.52841767 1.00243261453
3065.54884938 0.992108180999
3065.56928119 1.0076829237
3065.58971311 0.994349516325
3065.61014482 0.97539893024
3065.63057663 1.00929173302
3065.65100854 1.01157451022
3065.67144026 1.00116176969
3065.69187217 1.00316631757
3065.77359942 1.00307365817
3065.79403114 1.01403681572
3065.83489487 0.995362679872
3065.85532669 0.991782156367
3065.8757585 1.00854141383
3065.89619032 1.00273596678
3066.08007678 0.80848200373
3066.12094032 0.854511302238
3066.14137224 0.793267543103
3066.30482692 1.00938803367
3066.32525864 0.996100057408
3066.34569047 0.990177588355
3066.36612239 1.00111559727
3066.38655412 1.01410281781
3066.40698594 1.00835705633
3066.42741787 0.999706318721
3066.44784969 1.01656072647
3066.46828152 0.986131911384
3066.48871334 0.984916572891
3066.50914517 1.0025194736
3066.529577 0.993810021617
3066.55000882 1.02776025016
3066.57044065 0.998545239258
3066.59087248 0.97140643178
3066.61130431 0.996881319206
3066.63173614 1.0035358305
3066.65216807 0.979796701237
3066.67259979 0.966190711541
3066.75432722 1.00731502878
3066.77475895 0.993457699916
3066.81562271 0.982441107499
3066.83605444 0.990740164294
3066.85648637 0.985971220193
3066.87691821 1.02128470338
3066.89734994 0.999889708978
3066.91778187 0.989919414199
3066.93821371 1.00821191135
3066.97907738 0.991192285208
3066.99950921 1.00287309531
3067.01994104 1.00438684608
3067.04037288 1.00793362251
3067.06080472 1.02099444286
3067.08123665 0.995274366638
3067.10166839 0.978167250304
3067.12210023 0.996454108809
3067.28555503 0.979475569967
3067.30598697 0.992800338919
3067.32641871 1.00186565194
3067.34685055 1.00060256323
3067.3672824 0.987477018804
3067.53073724 0.996506714913
3067.61246451 0.998165349968
3067.63289646 0.99995557947
3067.65332831 1.00257249587
3067.67376015 0.994125316143
3067.694192 0.991709578755
3067.71462385 1.00482023346
3067.73505569 0.979903286857
3067.77591939 1.00676464367
3067.79635134 1.00044413131
3067.81678319 0.993211679755
3067.83721494 1.01287565164
3067.85764688 1.02448282335
3067.87807873 0.995283950479
3067.89851048 1.00074284346
3067.98023799 0.989768833341
3068.00066984 0.981167120847
3068.02110179 1.01016555058
3068.04153355 1.00127024782
3068.0619654 0.988015405833
3068.08239735 1.00487238902
3068.1028291 0.991576584624
