# #0 time, 1 flux
2306.65137059 0.997733590737
2306.67180264 1.01241220854
2306.69223478 0.985589259084
2306.71266673 0.997810832025
2306.73309887 0.995938343358
2306.75353082 0.998079165719
2306.77396286 1.00092638651
2306.794395 1.01168747657
2306.81482695 1.01487575292
2306.83525899 0.9998761907
2306.85569113 1.00258209773
2306.87612307 1.00754713373
2306.89655512 0.985960092011
2306.91698726 1.00786765529
2306.9374193 0.99933013548
2306.95785134 1.00992929072
2306.97828338 0.997512508912
2306.99871542 1.00958856752
2307.01914746 0.994180187957
2307.0395795 1.00542845279
2307.06001153 0.996912025567
2307.08044367 1.00299378354
2307.10087561 0.99546730869
2307.12130765 0.997838771986
2307.14173978 1.00252575967
2307.16217172 0.986070505401
2307.18260385 1.01198806199
2307.20303589 1.02651170979
2307.22346782 0.986411966844
2307.24389996 1.01009773155
2307.26433199 0.994694742495
2307.28476393 0.989657046546
2307.30519606 0.990616082214
2307.32562809 1.00236793272
2307.34606002 0.997108397781
2307.36649216 0.999039297781
2307.38692419 1.00980221281
2307.40735622 0.986755692644
2307.42778825 1.00789088858
2307.44822028 0.983945739017
2307.46865231 0.992698267332
2307.48908434 0.99194025337
2307.57081245 1.00508061122
2307.59124458 1.00237241405
2307.61167651 1.02438267115
2307.63210853 0.982669420319
2307.65254066 1.00929126825
2307.67297258 0.996230267307
2307.69340461 1.00044424352
2307.71383673 0.993423730283
2307.73426866 0.994136453807
2307.75470078 0.995806225677
2307.77513281 1.00778280808
2307.79556473 0.991690702884
2307.81599685 0.997551026968
2307.83642887 1.00523214887
2307.8568608 0.989192109155
2307.87729292 1.00301677644
2307.89772494 1.00961025884
2307.91815696 1.02054914467
2307.93858898 1.00800302416
2307.959021 0.994110020432
2307.97945302 1.00662056652
2307.99988504 0.997570552741
2308.02031706 0.998654511914
2308.04074907 0.987860976845
2308.06118119 0.994753259046
2308.08161311 0.987650073703
2308.10204523 1.01275748562
2308.12247714 1.02408661723
2308.14290916 1.00189458758
2308.16334127 0.997125014706
2308.18377319 1.00398014469
2308.2042052 0.988622965486
2308.22463732 0.99427288333
2308.24506923 0.999776350666
2308.26550125 1.00788510864
2308.28593336 1.00457100619
2308.30636527 1.00523976731
2308.32679729 1.0175376284
2308.3472294 0.992129768029
2308.36766131 1.01481708261
2308.38809332 0.98535577294
2308.40852543 1.01709947314
2308.42895744 0.994403866407
2308.44938935 1.00277487601
2308.46982146 0.997881658156
2308.49025347 1.01630937557
2308.53111749 1.00348474364
2308.5515495 1.00144378971
2308.5719815 1.00049504896
2308.59241351 1.01615364777
2308.61284552 1.004975596
2308.63327762 1.00770140307
2308.65370953 1.003753751
2308.67414153 1.01149849218
2308.69457364 1.02853410922
2308.71500554 1.0005977458
2308.73543755 0.991874652695
2308.75586965 0.997294028656
2308.77630156 1.00372336572
2308.79673356 1.00139392954
2308.81716566 0.996482608591
2308.83759756 0.992041763988
2308.85802957 0.984545509492
2308.87846167 1.00051861544
2308.96018957 0.998345988154
2308.98062167 1.00032886436
2309.00105367 0.990565844681
2309.02148557 1.02251109151
2309.04191766 0.993497095471
2309.06234966 1.0073054283
2309.08278156 0.99360862316
2309.10321366 0.998420407203
2309.12364565 0.984999188494
2309.14407755 1.00880478231
2309.16450965 0.988485442145
2309.18494164 0.989904467567
2309.20537354 0.986165567856
2309.22580563 1.00200200461
2309.24623763 1.00033773782
2309.26666962 1.01692661883
2309.28710161 1.00524032109
2309.30753361 1.00535601999
2309.3279656 0.995035264388
2309.34839759 0.990470046096
2309.36882958 1.00498009604
2309.38926167 0.977456258899
2309.40969357 0.999014595107
2309.43012556 1.01299366987
2309.45055765 1.00648244557
2309.47098964 0.993320905005
2309.51185361 1.00071588306
2309.5322856 0.990620033733
2309.55271749 1.0014942406
2309.57314958 1.01607175891
2309.59358157 0.993244214221
2309.61401345 1.01644553217
2309.63444554 0.99246588481
2309.65487743 0.987284404958
2309.67530941 0.992230009848
2309.6957415 1.00116193716
2309.71617338 0.989290241578
2309.73660537 1.00215536978
2309.75703745 1.00614062213
2309.77746934 1.02192787838
2309.79790132 0.988544510243
2309.8183334 1.00713421561
2309.83876539 1.00124155536
2309.85919737 1.00457012519
2309.87962935 0.993369873656
2309.90006133 0.989225383911
2309.92049341 1.00170027742
2309.94092529 0.997353286074
2310.02265321 1.00097436249
2310.06351717 0.992470907119
2310.08394915 0.994847756519
2310.10438123 0.996822134087
2310.1248131 1.00428234361
2310.14524508 1.00602525991
2310.16567716 0.997072271701
2310.18610903 1.00065132124
2310.20654101 0.986747648482
2310.22697308 0.994679909311
2310.24740496 0.99161854795
2310.26783693 1.01032297189
2310.28826901 0.986913207572
2310.30870098 0.996553971611
2310.34956493 0.980406713778
2310.3699968 0.998052703151
2310.39042887 1.01352856307
2310.41086084 1.00991277531
2310.43129272 1.00037465018
2310.45172479 0.998690382123
2310.49258863 1.00160909827
2310.5130207 1.00014408055
2310.53345267 1.01564578027
2310.55388454 1.00806187832
2310.57431661 0.999732032692
2310.59474857 0.992867355435
2310.61518044 1.00758250024
2310.63561251 1.01629690416
2310.65604448 0.999456995846
2310.67647644 1.00301218452
2310.69690841 1.00165752971
2310.73777234 1.007945715
2310.75820441 1.00250730788
2310.77863627 1.00110451891
2310.79906824 1.00151385546
2310.8195003 1.00063500392
2310.83993216 0.986285159223
2310.86036423 0.999843616032
2310.88079619 1.01074323906
2310.90122805 0.999074748426
2310.92166012 1.00435500469
2310.94209208 0.99588465124
2310.96252394 1.01396010013
2310.982956 0.997171341815
2311.00338796 1.00854932079
2311.02381982 1.00550035566
2311.04425188 0.994250549402
2311.06468384 0.992844488609
2311.10554776 0.995389529398
2311.12597972 1.01860279274
2311.14641157 1.00782737662
2311.16684363 0.993127757311
2311.18727559 0.985456889054
2311.2281395 0.988354323459
2311.24857146 0.995359351213
2311.26900331 0.992591187331
2311.28943537 1.00396517309
2311.30986732 1.00479281893
2311.33029918 0.990965943049
2311.35073123 1.00969135171
2311.37116319 0.991629638582
2311.39159524 1.00740579261
2311.41202709 1.00464704633
2311.43245905 1.00270729852
2311.4528911 1.0081437685
2311.47332295 0.981807594907
2311.4937549 1.00421811316
2311.51418695 1.00379536143
2311.55505075 1.00593322313
2311.5754828 0.998799975435
2311.59591475 1.02033981343
2311.6163466 0.991469498444
2311.63677865 1.00515562592
2311.6572106 0.984353953092
2311.67764245 0.998679381707
2311.71850644 1.02046725159
2311.73893829 0.991274979844
2311.75937034 0.99055677521
2311.77980228 1.00191041314
2311.82066618 1.01261387322
2311.84109812 1.010932901
2311.86153007 0.998762586038
2311.88196201 0.993324156751
2311.90239385 0.990100198409
2311.9228259 1.00131203346
2311.94325784 1.0030951927
2311.96368968 1.00315538086
2311.98412173 0.994190795537
2312.00455367 1.0014932304
2312.02498561 0.989097241383
2312.04541755 1.00134172971
2312.06584949 0.991669849391
2312.08628143 1.0138201419
2312.10671338 1.00502045623
2312.12714532 0.97357039767
2312.14757725 0.9851064381
2312.22930511 1.00350152439
2312.24973695 1.0036648144
2312.27016888 1.01048235868
2312.31103276 0.991484442972
2312.33146469 1.01343060137
2312.35189673 1.00272674231
2312.37232857 0.999307378467
2312.49492027 1.00320870988
2312.51535221 0.995053002801
2312.53578414 1.00482199084
2312.55621607 1.02208380743
2312.576648 1.00556589546
2312.59707993 1.00059375881
2312.61751176 1.01476354548
2312.6379438 0.991457654974
2312.65837573 0.99211560606
2312.67880756 0.996286508465
2312.69923959 0.996510465231
2312.71967152 0.996430548968
2312.74010334 1.01361889805
2312.76053537 0.998823650633
2312.7809673 1.0088432983
2312.80139913 0.986939368982
2312.82183116 0.995752826026
2312.84226308 1.01345862585
2312.86269501 0.993184512086
2312.88312694 1.00779918157
2312.90355886 0.995516786966
2312.92399089 0.991605328412
2312.94442271 0.998507416321
2312.96485464 0.997604476482
2312.98528666 0.99817922389
2313.00571859 0.991101784333
2313.02615041 0.998183816121
2313.04658244 1.01266914207
2313.06701436 0.991708916826
2313.08744618 0.987449073649
2313.1078782 0.99072035205
2313.12831013 0.990788700847
2313.27133357 0.996542140382
2313.29176549 1.00626004105
2313.31219741 1.00144629473
2313.33262933 0.994904734527
2313.35306125 1.02315783871
2313.37349316 0.994841353559
2313.45522083 0.990057566096
2313.47565275 1.00097130887
2313.49608466 0.993751298196
2313.51651668 0.999217919355
2313.53694849 1.00934893125
2313.55738041 1.0166365155
2313.57781242 1.0102648833
2313.59824424 0.999670328132
2313.61867615 1.01475734424
2313.63910816 0.978582345534
2313.65953998 1.00661290052
2313.67997189 1.0004883635
2313.7004039 1.02563403817
2313.72083571 1.00550594681
2313.74126762 0.996431024014
2313.76169963 1.01169692324
2313.78213145 1.01265919996
2313.80256336 1.0012983939
2313.82299537 0.992996039486
2313.84342728 1.00610188617
2313.86385908 1.00375427605
2313.88429109 1.00381263446
2313.904723 1.01773723953
2313.92515491 1.0119434481
2313.94558682 0.972012229511
2313.96601873 0.990760912545
2313.98645063 0.996755741231
2314.00688254 1.00637762564
2314.02731445 0.970282734145
2314.04774635 0.991401086196
2314.06817826 1.00309814925
2314.08861016 0.993685125297
2314.21120159 1.00592200253
2314.23163349 1.00953909762
2314.25206539 0.987709807901
2314.2724973 1.00253306287
2314.2929292 0.998654827919
2314.3133611 1.00497774867
2314.333793 1.00573221715
2314.354225 1.00432855096
2314.3746568 0.998006366356
2314.4155207 1.00007895148
2314.4359525 0.989532867499
2314.4563845 0.997733620398
2314.4768164 0.999791990728
2314.4972482 1.00994130517
2314.5176802 0.9932406946
2314.5381121 1.00279702106
2314.55854389 1.00225802583
2314.57897589 0.992303163986
2314.59940779 1.00369777453
2314.61983958 0.994587477256
2314.64027158 1.00422463503
2314.66070348 1.00480082725
2314.68113537 0.994323718842
2314.70156727 1.00266288904
2314.72199916 0.994432070946
2314.74243105 1.00935204161
2314.76286295 0.998636812104
2314.78329484 1.00499704517
2314.80372674 1.00503145183
2314.82415863 0.97873275215
2314.84459052 0.99092659158
2314.92631819 1.00701799674
2314.94674998 0.999037141873
2314.96718187 1.00610017548
2314.98761386 0.995099947758
2315.00804565 1.01287004592
2315.02847754 1.00373740031
2315.04890953 0.992210729488
2315.08977321 0.993713737731
2315.11020519 1.00255588381
2315.13063698 1.00358723994
2315.15106887 1.01568347877
2315.17150086 0.997290228099
2315.19193274 1.00136004396
2315.21236453 0.986612398411
2315.23279652 1.01725428619
2315.2532284 0.991688155866
2315.27366019 1.01884689813
2315.29409217 0.996237198556
2315.31452406 0.996392541466
2315.33495584 0.993773125647
2315.35538783 0.996057439075
2315.39625169 1.01939517946
2315.41668348 0.985330768544
2315.43711536 1.00619924314
2315.45754734 1.00792896042
2315.47797912 0.984284646694
2315.49841101 0.98932619693
2315.51884289 0.998753747712
2315.53927477 1.00801136024
2315.55970665 0.986751299674
2315.58013853 1.00565224358
2315.60057041 1.00248200261
2315.62100229 0.996567596542
2315.64143417 0.996696581223
2315.66186605 1.00861359047
2315.68229793 0.992064588508
2315.70272991 0.996191693158
2315.72316168 1.00802782659
2315.74359356 1.00152819279
2315.76402554 1.01119666606
2315.78445732 0.993230600762
2315.80488919 0.997628454447
2315.82532117 0.985059973224
2315.90704857 1.0098097849
2315.92748055 1.00134739914
2315.94791242 0.999236512409
2316.05007179 1.01045208816
2316.07050366 0.995906350299
2316.09093553 1.0109142876
2316.11136741 1.01704400494
2316.13179928 0.999892223512
2316.15223115 0.992033392027
2316.17266312 0.993456284647
2316.19309489 1.00623678946
2316.21352676 0.997356901619
2316.23395863 0.998614194903
2316.2543905 1.00008611321
2316.27482227 1.01928134462
2316.29525424 0.996299280977
2316.31568611 1.0076720696
2316.33611808 0.99851576122
2316.37698171 1.00215597872
2316.39741368 1.02730565163
2316.41784545 1.0020716118
2316.43827731 0.997721977617
2316.47914104 0.998068883463
2316.49957291 0.994157796495
2316.52000488 0.978717634476
2316.54043674 0.999646533572
2316.5608685 1.00307018789
2316.58130047 1.00982556105
2316.60173233 1.00003484812
2316.6221641 0.997575114245
2316.64259606 0.997535911082
2316.66302792 1.00450510608
2316.68345969 0.996194734189
2316.70389165 0.987785238656
2316.72432351 0.987084144035
2316.74475527 0.995457568591
2316.76518723 1.00485849453
2316.7856191 0.989159653991
2316.80605106 1.0048918222
2316.94907397 1.00100444209
2316.96950583 1.00576270832
2316.98993779 1.00774866411
2317.01036955 0.988258353308
2317.0308014 0.99949256722
2317.05123326 1.01331550531
2317.07166512 0.987470234954
2317.09209697 0.996772724212
2317.11252893 0.990263630668
2317.13296069 0.980113795219
2317.15339254 1.00949970251
2317.1738245 0.987980628379
2317.19425625 1.004852257
2317.21468821 1.00041153078
2317.23512006 0.987989704412
2317.25555181 1.00381094355
2317.27598377 1.02092491562
2317.29641562 0.993931624154
2317.37814303 0.996781162568
2317.39857488 0.991405817999
2317.41900673 1.0198010062
2317.43943858 0.984331675767
2317.45987043 1.01081826808
2317.48030228 1.00402742624
2317.50073413 1.00248355143
2317.52116598 1.00265723422
2317.54159783 1.00786986438
2317.56202968 0.988018390299
2317.58246163 0.994469649652
2317.60289338 0.992228012172
2317.62332523 0.988163872352
2317.64375718 1.00922649506
2317.66418892 1.0118582533
2317.68462087 1.00001491898
2317.70505272 1.00438785234
2317.72548446 0.999100516626
2317.74591641 0.983485090737
2317.76634816 1.00326501194
2317.78678 1.00376130459
2317.80721195 0.988810710066
2317.84807554 1.01298900674
2317.86850748 0.998030376916
2317.88893922 0.992332111536
2317.90937107 0.983160692292
2317.92980301 0.998474649315
2317.95023486 0.973972817832
2317.9706666 1.01155560523
2317.99109854 1.01990265064
2318.01153038 0.990451669642
2318.05239407 0.97740203172
2318.09325765 0.994319028544
2318.11368959 1.00258910921
2318.13412143 1.00185218804
2318.15455337 0.988736394284
2318.17498511 0.999164995837
2318.19541695 1.02568740323
2318.21584889 1.00618192352
2318.23628063 0.98181983288
2318.25671247 0.997156598021
2318.2771444 0.986796239375
2318.29757614 1.00303994325
2318.35887165 1.01137435627
2318.37930349 1.00932669716
2318.39973543 0.99959118403
2318.48146267 0.991118551247
2318.5018945 0.986684115148
2318.62448561 1.01011053321
2318.64491744 0.998833762247
2318.66534917 1.00119162877
2318.68578111 1.0046163624
2318.70621294 1.00567572053
2318.72664467 0.999348781095
2318.7470766 0.988793777725
2318.76750843 0.999980076709
2318.78794026 1.00821455165
2318.82880392 0.995622417871
2318.84923575 1.00458038968
2318.86966768 1.01003784589
2318.89009941 1.01059838536
2318.91053124 1.00082078031
2318.93096317 0.997575468099
2318.9513949 0.988391886147
2318.97182672 1.01016598923
2318.99225865 0.992049536972
2319.01269038 0.997907547332
2319.09441779 0.996627678797
2319.11484961 0.991158431825
2319.13528134 0.995207562882
2319.15571326 0.999160792691
2319.17614499 0.99850031059
2319.19657681 1.00548993866
2319.21700874 1.00155292929
2319.23744046 0.993841708914
2319.38046322 0.99999887643
2319.40089514 1.01003702541
2319.42132696 1.01256908689
2319.44175889 1.00217043667
2319.46219061 1.00064494241
2319.48262243 1.00269082302
2319.50305435 1.00886947306
2319.52348607 0.988646043299
2319.56434981 1.00287207609
2319.58478153 0.98140470613
2319.60521334 1.00600202354
2319.62564526 0.998694158255
2319.64607698 0.98820190208
2319.6665088 1.01786497092
2319.68694072 0.995717673643
2319.70737253 1.00121920113
2319.72780425 0.986414714899
2319.80953162 1.00431552398
2319.85039525 1.00042533221
2319.87082706 1.00229762877
2319.95255432 1.00572315111
2319.97298613 0.98871882605
2319.99341795 0.990406694678
2320.01384966 1.00807297089
2320.03428157 0.993380451529
2320.05471339 0.981568025348
2320.0751451 1.00041221356
2320.09557701 1.00478787686
2320.11600882 1.01116592485
2320.13644063 0.993417468522
2320.15687244 0.993018467629
2320.17730425 1.00404443411
2320.19773606 0.992086238163
2320.36119054 0.991505469158
2320.38162245 0.995990446908
2320.40205425 1.00268433312
2320.42248596 0.995348532776
2320.44291787 1.01876781587
2320.46334968 1.01488181832
2320.48378138 1.00547517455
2320.50421329 1.00037683213
2320.52464509 1.00640686031
2320.5450769 1.00454278256
2320.5655087 0.98764893537
2320.58594051 0.994812446469
2320.60637231 1.00556891094
2320.62680412 0.999094726759
2320.64723592 0.997886080768
2320.66766773 1.00366693507
2320.68809953 0.990293626263
2320.70853133 0.990214343721
2320.72896314 1.01072206346
2320.74939494 0.991997267549
2320.79025865 0.99846340254
2320.81069035 1.00087754664
2320.83112215 0.993401555676
2320.85155405 0.998158469704
2320.87198575 1.0049156593
2320.89241755 1.00641385402
2320.91284945 1.01054985797
2320.93328115 0.997413200495
2320.95371295 1.00985113767
2320.97414485 0.996583367025
2320.99457655 0.996519046992
2321.01500835 1.00168529143
2321.03544025 0.995242153788
2321.05587195 1.01980288487
2321.07630385 1.00862171367
2321.09673565 0.992463822336
2321.11716744 1.00460549466
2321.13759924 1.00705725688
2321.15803104 1.02110416716
2321.21932643 0.982280524223
2321.30105361 1.01696141422
2321.32148551 0.990382362506
2321.3419172 0.994704240656
2321.362349 1.00613622657
2321.38278079 0.995248435556
2321.40321259 1.00986010147
2321.42364428 1.0153683665
2321.44407617 0.98203244938
2321.46450797 0.997730678897
2321.48493986 0.991667007239
2321.50537155 0.990573981879
2321.52580334 1.00593835221
2321.54623524 0.993149091824
2321.56666693 1.00558640467
2321.60753061 1.0107191725
2321.6279624 1.00326022536
2321.64839409 0.993301925542
2321.66882598 0.991240474419
2321.70968946 0.991513932765
2321.79141672 1.0114120514
2321.81184851 0.997537271059
2321.8322802 1.00735280528
2321.85271209 0.992021098536
2321.87314387 1.00025766487
2321.89357576 0.99178789499
2321.91400745 1.02140956021
2321.95487112 1.00289926727
2321.97530281 0.996259824047
2321.9957346 0.97767458666
2322.01616648 0.994973989055
2322.03659817 0.992110380846
2322.05702995 1.00394704688
2322.07746174 1.01449401878
2322.09789352 1.00235398858
2322.11832531 0.998646351078
2322.13875719 1.00408984573
2322.15918888 0.990980336183
2322.17962066 0.981520500532
2322.20005254 1.0084507243
2322.22048423 0.989877094214
2322.26134789 1.00924988414
2322.28177957 1.00034502269
2322.30221146 1.00447765121
2322.32264324 1.00801312385
2322.34307492 1.02892162816
2322.3635068 1.01673021668
2322.38393858 1.01640033538
2322.40437026 1.00216556068
2322.42480215 0.998603113546
2322.44523393 0.998187988234
2322.46566571 1.00897112202
2322.48609749 1.02548341032
2322.50652927 0.993074896866
2322.52696104 0.986949759366
2322.54739282 0.997742013366
2322.5678246 0.998517206453
2322.58825638 1.00622727876
2322.60868826 0.988319476535
2322.62911994 1.00017194438
2322.64955182 0.992978489734
2322.66998359 0.994399139666
2322.69041527 0.989421191772
2322.71084715 1.00718890574
2322.7517106 1.00015687592
2322.77214248 1.01567990248
2322.79257415 0.976706312634
2322.81300593 0.996729561419
2322.8334378 1.00218349572
2322.85386948 1.00723904263
2322.87430125 0.98026210735
2322.89473313 0.994927177358
2322.9151648 1.00447240096
2322.93559658 1.00192747496
2322.95602845 1.00181750077
2322.97646023 0.997336586554
2322.9968919 0.991566018875
2323.01732377 0.99964943869
2323.03775555 1.00557409109
2323.05818732 1.00976962074
2323.07861909 1.00239883976
2323.09905086 1.01100171528
2323.11948263 0.998336106973
2323.13991441 0.991679431211
2323.16034618 0.995677195962
2323.18077805 0.975970360934
2323.20120972 1.00001765013
2323.24207336 0.987242461146
2323.26250503 1.00849244527
2323.2829368 0.992847894513
2323.30336867 1.01143894586
2323.32380034 0.991354134584
2323.34423211 1.0137525683
2323.36466398 0.988556858555
2323.38509565 1.00814956819
2323.40552742 0.987424694521
2323.42595928 0.988369559053
2323.44639105 0.978461898824
2323.46682282 1.01100699645
2323.48725459 1.01198130933
2323.50768625 1.00583768081
2323.52811812 1.0012468254
2323.54854989 0.999894627663
2323.56898155 1.00104316927
2323.58941342 0.990973896436
2323.60984519 1.00196226084
2323.63027685 0.990000791759
2323.65070872 0.996171951825
2323.67114048 0.995664207724
2323.75286744 0.986659498886
2323.81416293 0.998632456763
2323.83459459 0.993495374913
2323.85502636 1.00024199943
2323.87545822 0.993849699186
2323.89588988 0.996331861901
2323.91632165 0.99454339884
2323.93675351 1.00007901786
2323.97761693 0.981719134097
2323.99804879 1.01215976564
2324.01848055 1.02036374269
2324.03891221 1.00484702343
2324.05934407 0.991177907292
2324.07977583 1.00036485337
2324.10020749 0.992828886573
2324.12063935 0.998445405277
2324.14107111 1.0004701907
2324.16150277 0.995954916824
2324.26366167 1.01353036822
2324.28409342 0.99684018679
2324.30452518 1.00599520938
2324.38625221 0.999559522591
2324.40668397 0.999024826696
2324.42711572 1.00345691671
2324.46797933 1.00029407491
2324.48841099 1.0086044482
2324.50884274 1.00273702893
2324.5292746 0.999241931097
2324.54970625 0.993672049104
2324.57013811 0.994834534607
2324.59056986 1.01622060575
2324.61100152 1.00363001828
2324.63143337 1.0035723291
2324.65186512 0.994595986915
2324.73359204 0.999073000378
2324.75402389 0.993585332998
2324.77445564 0.99580360101
2324.79488729 1.00610960878
2324.81531914 1.00535735835
2324.83575089 1.00951532675
2324.85618265 0.992206455255
2324.8766144 1.00027116667
2324.89704615 1.00020271564
2324.9174779 0.997185313011
2324.93790975 1.0006701932
2324.9583414 1.00060633148
2324.97877315 0.999938216511
2324.9992049 0.991695711247
2325.01963665 0.984247872472
2325.0400685 0.994220097396
2325.06050014 0.998644072026
2325.08093189 0.995576828741
2325.10136374 0.98796860119
2325.12179539 0.972563606411
2325.14222714 1.0152701525
2325.22395423 0.996226339072
2325.24438587 1.00739981412
2325.26481762 1.00514330561
2325.28524947 1.01178921518
2325.30568121 1.00537134351
2325.32611296 0.997966044103
2325.346545 1.00720369823
2325.36697675 1.00697285978
2325.38740849 1.00103257386
2325.40784024 1.0230774779
2325.42827188 0.982847403403
2325.44870373 0.976961272256
2325.46913547 0.997575017729
2325.50999896 1.00360379664
2325.5304307 0.995275971742
2325.55086235 0.999070749514
2325.57129419 1.00791419601
2325.59172593 1.00765112131
2325.61215758 0.991165205213
2325.73474823 1.00877653606
2325.75517987 1.0169924661
2325.77561161 1.00704775688
2325.79604345 0.981112926076
2325.81647509 1.00689089634
2325.83690683 1.01154510356
2325.85733867 1.0057623976
2325.87777041 0.990408677105
2325.89820205 1.00155282287
2325.91863389 0.980036970631
2325.93906563 1.0051017945
2325.95949727 0.995184566009
2325.97992911 0.997139196888
2326.00036084 1.01672121697
2326.02079248 1.00380987777
2326.06165606 0.998224711481
2326.08208789 1.009916726
2326.10251953 1.01091727508
2326.12295127 0.988429107261
2326.14338301 0.988302755835
2326.20467822 1.00670351907
2326.22510995 1.00871770039
2326.24554169 1.00218774592
2326.26597342 1.00809405083
2326.28640516 1.00759794344
2326.30683689 0.993256895478
2326.32726863 1.00567063594
2326.34770036 1.00473217566
2326.3681321 0.992226938476
2326.38856393 0.992409665032
2326.40899556 0.992963797569
2326.4294274 1.01247909337
2326.44985913 0.996675475677
2326.47029077 1.0082632966
2326.4907226 1.01699325494
2326.51115433 1.00165383684
2326.53158596 0.988268187188
2326.5520178 0.990290250917
2326.57244953 0.994589723746
2326.59288116 1.00459663096
2326.63374472 0.994591971091
2326.65417636 0.997765510441
2326.67460819 0.989291725979
2326.69503992 1.00010765723
2326.71547165 0.980969380757
2326.73590338 0.99990933976
2326.75633511 1.00440650804
2326.77676684 0.986594259572
2326.79719857 0.993025514829
2326.8176303 0.992971036861
2326.83806213 0.976881471936
2326.9606525 0.993130036325
2326.98108413 0.995078636118
2327.00151586 0.991006226076
2327.02194768 1.01468814837
2327.06281104 1.00145409686
2327.08324287 0.979184237149
2327.10367449 0.977664226021
2327.12410622 0.99821696944
2327.14453804 1.00843717148
2327.16496967 1.00265881979
2327.1854015 1.00806356101
2327.20583322 0.993032947549
2327.22626495 0.995463080811
2327.24669667 0.996867144718
2327.2671284 1.0003206846
2327.28756012 1.0108395792
2327.30799185 0.989719674017
2327.32842357 0.987389448321
2327.45101391 0.999119140491
2327.47144564 0.995591318344
2327.49187746 1.00074441892
2327.51230908 0.992829781825
2327.5327409 1.00343658697
2327.55317263 1.01477502968
2327.57360425 1.00497134258
2327.65533123 1.01827212915
2327.67576285 0.988788742382
2327.69619458 1.00660772252
2327.7166264 1.00340910542
2327.73705812 1.00286603707
2327.75748974 1.00757941119
2327.77792156 1.00427551572
2327.79835328 0.984878236983
2327.8187849 1.01274929867
2327.94137541 0.995935736097
2327.96180703 0.985841433708
2327.98223874 1.0280574435
2328.00267056 1.01265932191
2328.02310218 0.996910684646
2328.0435339 1.01373495132
2328.06396571 1.00428087512
2328.08439733 0.995364934795
2328.10482905 0.997175339928
2328.14569248 1.00044841736
2328.1661242 1.0166094602
2328.18655601 0.99833244134
2328.20698773 0.991691555679
2328.22741934 0.998565552831
2328.24785116 1.00722568465
2328.26828287 0.997815220772
2328.28871459 1.00754628469
2328.3091463 0.993498773381
2328.32957802 0.990332488461
2328.35000973 0.993646743456
2328.39087306 1.0267401949
2328.41130487 0.991138457831
2328.43173659 0.996692389134
2328.4521682 1.00537717108
2328.47260001 1.00329958683
2328.49303173 1.00430707844
2328.51346334 0.996781301609
2328.53389515 1.01201034776
2328.55432686 1.01706205617
2328.57475858 1.01411973243
2328.59519029 0.982036369888
2328.615622 0.997439626724
2328.63605381 0.992421586566
2328.65648542 1.00198860439
2328.67691713 1.02380309063
2328.69734894 0.998786703443
2328.71778055 0.992363534606
2328.7995074 1.00874582543
2328.81993921 1.00300571134
2328.90166604 1.00266427412
2328.92209765 0.985591643123
2328.94252946 1.0077296499
2328.96296117 0.990322970269
2328.98339298 1.00289935673
2329.00382459 0.997726515171
2329.02425629 1.00628401518
2329.044688 1.00880033771
2329.06511971 0.992520703906
2329.08555142 1.00396292431
2329.10598312 1.00135572653
2329.12641483 0.974850247794
2329.14684654 0.993157437229
2329.16727824 0.998505977364
2329.18770995 0.996280706478
2329.20814166 0.98899580285
2329.22857346 1.00447095201
2329.24900507 0.986375953337
2329.26943677 1.01324118135
2329.28986858 1.01401871214
2329.41245881 0.999505341522
2329.43289041 1.0016943006
2329.45332222 1.00914524896
2329.47375392 0.987928866332
2329.49418552 1.00778191071
2329.51461733 1.01610632459
2329.53504903 0.996219167173
2329.55548063 0.992397394006
2329.57591244 1.00809587513
2329.59634414 1.00398255813
2329.61677584 1.01852523706
2329.63720754 1.00138482219
2329.65763925 0.994482967454
2329.67807105 0.99966505494
2329.69850275 0.987898582424
2329.71893435 0.999190659625
2329.73936615 1.01430942336
2329.75979785 1.00645908666
2329.78022945 0.975405869182
2329.80066126 0.987847435555
2329.82109296 0.992216256041
2329.86195636 0.998397756029
2329.88238796 0.990975229639
2329.90281966 1.00886849714
2329.92325146 1.00288604904
2329.94368306 1.00716423478
2329.96411476 0.994556008431
2329.98454656 1.00247898651
2330.00497815 0.997317044058
2330.02540995 0.994911972893
2330.14800014 0.986587208684
2330.16843184 0.996516842956
2330.18886354 1.01158551253
2330.20929534 0.980677560907
2330.22972693 1.00198084144
2330.25015863 0.987532999315
2330.27059043 1.01227217411
2330.29102202 0.99277400798
2330.31145372 1.00533631657
2330.33188552 1.00068701664
2330.35231711 1.00809456863
2330.37274891 1.00950681207
2330.3931806 0.982524571369
2330.4136122 0.99918962623
2330.43404399 1.00408223162
2330.45447569 0.992468720144
2330.47490728 1.0061050381
2330.49533908 1.00846167922
2330.59749745 0.994429592547
2330.61792924 0.992417531061
2330.63836094 1.01427986919
2330.65879253 0.998166113033
2330.67922433 0.987375261028
2330.69965602 0.999789651715
2330.72008771 1.00390012715
2330.7405194 0.999807898672
2330.7609511 0.996469250299
2330.78138289 0.995240434531
2330.86310956 1.01551101268
2330.88354125 1.00162618981
2330.90397304 1.00491756434
2330.92440463 0.989624305205
2330.94483632 0.992659691653
2330.96526811 1.00821308836
2330.9856997 1.00031721236
2331.00613139 1.01428784053
2331.02656319 0.990661732614
2331.04699488 0.997621600911
2331.06742657 1.00269875624
2331.08785826 0.996144768299
2331.10828995 1.02117165193
2331.12872163 0.998187865315
2331.14915332 0.997209478086
2331.16958501 1.00141195448
2331.1900167 1.01602685721
2331.21044839 0.993331387749
2331.23088008 0.987844054717
2331.25131177 1.00347123092
2331.27174346 1.00681642733
2331.29217515 0.97389076862
2331.31260683 1.00251975085
2331.33303852 1.01132479624
2331.35347011 1.00368146671
2331.3739019 0.99292517344
2331.39433358 0.991352866455
2331.41476537 1.00204612624
2331.43519696 1.00641191627
2331.45562865 1.00865884247
2331.47606043 0.998462673128
2331.49649202 0.998866063845
2331.51692371 0.993371263638
2331.53735549 1.00930651084
2331.57821876 1.0075139599
2331.59865055 0.996702627671
2331.61908224 0.991930617117
2331.63951382 0.991755251362
2331.68037729 0.997132405199
2331.70080898 1.01738556452
2331.72124066 1.00205826485
2331.74167235 1.00998597761
2331.76210413 0.986989571237
2331.84383077 1.01202656387
2331.86426245 0.999526149835
2331.88469423 1.00404306837
2331.90512582 1.00347975529
2331.9255575 1.00588842921
2331.94598928 1.00738590453
2331.96642087 0.988608990304
2331.98685255 0.99975917188
2332.00728423 1.01041995989
2332.02771592 1.00344815919
2332.06857928 1.00818818262
2332.08901096 1.00499068609
2332.10944274 0.998214431546
2332.12987443 1.01556042742
2332.15030601 1.0039900187
2332.17073779 1.00566497144
2332.19116947 0.995805932448
2332.21160105 0.993404938075
2332.23203283 1.00738481539
2332.25246451 0.998006860124
2332.27289609 0.992918824485
2332.29332787 0.969693573174
2332.31375955 0.993770096903
2332.33419113 0.997484619845
2332.35462291 0.987656697662
2332.37505459 0.984526701259
2332.39548637 0.996868093138
2332.41591795 0.999353519844
2332.43634963 0.99735150593
2332.45678141 0.993853047046
2332.47721299 0.991821467052
2332.49764467 0.999702777353
2332.51807645 1.00795964864
2332.53850803 0.994522745752
2332.55893971 0.996022058273
2332.57937148 1.01214515678
2332.59980316 1.00043766429
2332.62023474 1.01291977003
2332.64066652 1.00565234322
2332.6610982 0.99764487042
2332.68152977 0.986384873606
2332.70196155 0.999551081246
2332.72239323 1.00821447206
2332.74282491 0.980286915231
2332.76325658 1.01568064317
2332.78368826 0.992635241957
2332.80411994 0.982408037061
2332.82455161 0.995650573888
2332.84498319 0.99681698572
2332.86541497 0.999053568206
2332.88584664 0.980691146932
2332.90627822 1.004066184
2332.92670999 1.01028917909
2332.94714167 1.01565130612
2332.96757334 0.999084898708
2332.98800502 0.99931281449
2333.06973172 0.997926035631
2333.0901635 0.989608964401
2333.11059517 1.00534419721
2333.13102674 1.01320141049
2333.17189019 0.998158060509
2333.19232177 0.993591063332
2333.21275354 1.00677455391
2333.23318521 0.98722990999
2333.25361679 1.00357729485
2333.27404856 1.01295683713
2333.29448023 1.00989464095
2333.31491181 0.995572955545
2333.33534358 0.991786566127
2333.35577525 1.01581487542
2333.37620703 1.00131239527
2333.3966386 1.01622072806
2333.41707027 0.990482148406
2333.43750204 1.00024322401
2333.45793361 0.988458548704
2333.47836529 1.01407912238
2333.49879696 0.997971281068
2333.51922863 1.01586049953
2333.5396603 1.01631433756
2333.56009197 0.994145834282
2333.58052364 1.00437086038
2333.60095532 0.987847597006
2333.62138709 1.00538758665
2333.64181866 1.00979123581
2333.66225043 1.00647412462
2333.6826821 0.994070022088
2333.70311367 1.00086493835
2333.72354544 1.00895928815
2333.74397711 1.00717324409
2333.76440868 1.00019382426
2333.78484045 1.01229307474
2333.80527212 0.997322650379
2333.82570369 1.01291234917
2333.86656713 0.996510256405
2333.8869987 1.00488785225
2333.90743047 0.999268742929
2333.92786213 1.00263812997
2333.96872547 1.00466419461
2334.07088391 1.01485262578
2334.09131558 0.994106854833
2334.11174715 1.0089865836
2334.13217892 0.992924419556
2334.15261058 1.00282446594
2334.17304215 0.995281204693
2334.19347392 1.01982447976
2334.21390549 0.991182592025
2334.23433715 0.977541669833
2334.25476892 0.988739478769
2334.27520049 0.98955204805
2334.29563225 0.993317915943
2334.31606392 1.00991584238
2334.33649548 0.995726965812
2334.35692725 1.01376061312
2334.37735892 0.999601279886
2334.39779048 0.980292804659
2334.41822225 0.999271785087
2334.43865391 1.00892343844
2334.45908558 0.984518158598
2334.47951724 0.993360417294
2334.49994891 1.01746808178
2334.52038058 1.01015263801
2334.54081224 0.997225248525
2334.56124391 1.01544321968
2334.58167567 1.00358584228
2334.60210733 0.99952805907
2334.6225389 1.00239420163
2334.64297066 0.999445591869
2334.66340233 1.0019772768
2334.68383389 0.994999343651
2334.70426566 1.01078260652
2334.72469732 0.987115412107
2334.74512888 0.975817749815
2334.76556065 1.01143943504
2334.78599231 0.998807793025
2334.80642387 0.992984201808
2334.82685564 1.00525365663
2334.8472873 0.991810117662
2334.86771886 0.987260019659
2334.88815062 0.996079831179
2334.90858229 0.998291116872
2334.92901405 0.987833925529
2335.05160392 0.990950228782
2335.07203558 1.00729446112
2335.09246725 0.995661500266
2335.11289891 1.01951539535
2335.13333057 0.998316128933
2335.15376223 0.9990794581
2335.17419399 1.00311225974
2335.19462555 0.989582152696
2335.21505731 1.01937796112
2335.23548897 1.00162606818
2335.25592053 0.995622144404
2335.27635229 0.997781940744
2335.29678395 1.00684076752
2335.31721552 1.01582105139
2335.33764728 0.996209007975
2335.35807894 1.01794534268
2335.3785105 1.01618187598
2335.39894225 1.00186832769
2335.41937391 1.00063948727
2335.43980557 0.992861723987
2335.46023723 0.998235952759
2335.48066889 1.01202970067
2335.50110065 1.00125941189
2335.54196387 0.991310980143
2335.56239563 0.999174829954
2335.58282729 1.0166990329
2335.60325885 0.986376255397
2335.6236906 0.998085438266
2335.64412226 1.00002638174
2335.66455382 0.99443661269
2335.68498558 0.994388104158
2335.70541714 0.991348934923
2335.72584879 1.00216105289
2335.74628055 1.00590664985
2335.76671211 1.00608617734
2335.78714377 1.00492600859
2335.80757553 0.986753186498
2335.82800708 0.996418420362
2335.84843884 0.997303332568
2335.8688705 0.986763410262
2335.88930205 1.00545309047
2335.90973381 1.00116988147
2336.03232375 0.988320346582
2336.05275541 0.98723769801
2336.07318706 1.00645699223
2336.09361872 1.01168307412
2336.11405037 0.996511984043
2336.13448213 1.00455804248
2336.15491378 1.01160308237
2336.17534534 1.00621723176
2336.19577709 0.991689473875
2336.21620875 0.981293392991
2336.2366403 1.00803197516
2336.25707206 1.00177831139
2336.27750371 0.987285732352
2336.29793527 1.00562554948
2336.31836702 1.0315488549
2336.33879868 1.00779156191
2336.35923023 1.00133016627
2336.37966199 1.00837994075
2336.40009364 1.01263559518
2336.42052529 0.994696525758
2336.44095695 0.997220534977
2336.4613885 1.01748729919
2336.48182026 0.987623646697
2336.50225191 1.00070913371
2336.52268356 1.00036439818
2336.54311522 0.995533855247
2336.56354687 1.0023226759
2336.58397852 0.994502552275
2336.60441018 0.995264534116
2336.62484183 0.992252541966
2336.64527348 1.00144470317
2336.66570524 0.998533973826
2336.68613679 1.00069058725
2336.70656854 0.996975545101
2336.72700019 0.985062413559
2336.74743175 0.992508144819
2336.7678635 1.02640904333
2336.78829515 0.997787914352
2336.8087267 0.984417980632
2336.82915845 0.986604874038
2336.84959011 0.986935109899
2336.87002166 1.0209373148
2336.97218001 1.00063602742
2336.99261177 1.01649856947
2337.01304332 0.996435831791
2337.03347497 1.00143388984
2337.05390672 1.01149886651
2337.07433837 1.00692848789
2337.09476992 1.01039422662
2337.11520157 1.01672871772
2337.17649662 0.997269443426
2337.19692817 0.998964607844
2337.21735982 0.999197138113
2337.23779157 1.0030455248
2337.25822312 0.993661519843
2337.27865487 1.01545427895
2337.29908652 0.996791299441
2337.31951807 1.00323877493
2337.33994982 1.00091619312
2337.36038147 0.983662505367
2337.38081302 0.993498789887
2337.40124477 1.03104800064
2337.42167642 1.0011111936
2337.44210796 1.0006395483
2337.46253971 0.998985717239
2337.48297136 0.978517200855
2337.50340301 1.00580990089
2337.52383466 0.987524705555
2337.54426631 0.981484105612
2337.56469796 0.977494747476
2337.5851296 0.994689812974
2337.60556125 0.979433282749
2337.625993 0.997817855814
2337.74858289 0.989091323556
2337.76901453 0.991389093591
2337.78944608 0.994389493379
2337.80987783 1.02697968007
2337.83030938 1.01391091884
2337.85074102 0.9976130963
2337.87117277 0.993808665601
2337.89160442 1.0080254198
2337.91203606 1.01382812306
2337.973331 1.01396076367
2337.99376265 0.99809023017
2338.0141943 1.00136742206
2338.03462594 0.996393876457
2338.05505759 1.00319809726
2338.07548923 1.02844473314
2338.09592088 1.00119113327
2338.11635253 1.01678727732
2338.13678417 1.00177074568
2338.15721592 1.01250074211
2338.17764746 0.987921662731
2338.19807921 1.00169912842
2338.21851085 0.993752835239
2338.2389424 1.00786335478
2338.25937414 0.986264443698
2338.27980579 1.01738251618
2338.30023734 0.991262492995
2338.32066908 0.965402775875
2338.34110072 1.01262413353
2338.36153227 1.00708642648
2338.40239566 0.998758323122
2338.44325895 1.00240257032
2338.46369059 1.00881603193
2338.48412234 0.995894091056
2338.50455388 1.01014117829
2338.52498552 0.98528597297
2338.54541727 0.991793118825
2338.56584881 0.999700150418
2338.58628046 0.987743592248
2338.6067121 0.987781447321
2338.62714374 1.0046662793
2338.64757539 0.980218432773
2338.66800713 0.986580199551
2338.68843867 1.001720459
2338.70887032 1.0036968829
2338.72930206 1.00452047121
2338.7497336 0.995920992025
2338.77016535 1.00785197901
2338.79059699 0.999805196021
2338.81102853 0.991236535717
2338.83146028 1.00832575649
2338.85189192 1.00968161853
2338.87232346 1.00813654596
2338.8927552 1.00149641436
2338.91318685 0.99567724474
2338.93361839 0.990244389934
2338.95405013 1.02182522527
2338.97448177 1.00631874916
2338.99491352 1.00664887249
2339.01534506 0.990647004431
2339.0357767 0.98675810933
2339.05620844 0.99121826147
2339.07663998 0.987954025334
2339.24009322 1.00373998488
2339.26052486 0.98576712385
2339.2809565 1.00805034013
2339.30138814 0.990252238666
2339.32181968 1.00593691646
2339.34225142 0.985316961033
2339.36268306 1.00521264523
2339.3831146 0.998173080713
2339.40354634 0.996500247341
2339.44440953 0.980724108384
2339.46484127 1.00265039165
2339.48527291 0.982500094686
2339.50570455 1.00556626216
2339.52613619 1.01614371073
2339.54656783 1.00186074131
2339.56699957 1.01390892982
2339.58743111 0.997273010352
2339.60786275 0.987660796337
2339.62829449 1.0111719427
2339.64872603 0.999188674078
2339.66915767 1.01429900377
2339.68958941 1.00349804692
2339.71002105 0.999583457146
2339.73045258 0.988207454239
2339.75088432 0.989005727218
2339.77131596 1.01628950239
2339.7917475 1.00386237343
2339.81217924 0.997937664238
2339.83261088 0.994131955732
2339.85304262 1.00122572943
2339.87347416 1.01373633378
2339.91433754 0.973015855392
2339.93476908 0.995149538397
2339.95520071 1.00379634627
2339.97563245 0.989602837251
2339.99606399 0.996917444128
2340.03692727 0.991552844972
2340.05735891 1.00893993586
2340.07779054 1.00046799554
2340.09822218 0.98628867979
2340.11865382 0.999980335763
2340.1595172 1.00072948411
2340.17994874 0.982555875913
2340.20038047 0.998959437719
2340.22081211 0.997439934568
2340.24124365 1.00441704891
2340.26167539 1.02288986378
2340.28210702 1.0060069062
2340.30253856 1.00244176968
2340.3229703 0.977595249876
2340.34340194 0.986258016379
2340.36383367 0.992050933785
2340.38426521 1.00068241314
2340.40469685 1.01288642184
2340.42512859 0.9916705253
2340.44556012 0.999224332734
2340.46599176 0.993297154927
2340.4864235 0.998881051943
2340.50685503 1.00107335536
2340.52728667 0.999308623118
2340.54771841 1.00721745266
2340.56814994 0.999807340324
2340.58858158 0.990995746853
2340.60901332 0.992393441882
2340.62944495 1.0076562187
2340.64987659 1.00645813667
2340.69073986 1.00945181511
2340.7111715 1.00826024688
2340.73160314 0.998665245924
2340.75203477 0.986003327518
2340.77246641 1.0008646396
2340.79289804 0.999325567583
2340.81332958 0.998471353553
2340.83376132 1.01393282145
2340.85419295 1.00206960597
2340.87462449 1.02071542493
2340.89505622 1.00208725866
2340.95635113 0.994758541171
2340.97678277 0.996196429705
2340.9972145 0.995783915753
2341.01764604 0.991798234537
2341.03807767 1.00526607421
2341.05850941 0.998397865523
2341.07894094 0.979484899355
2341.09937258 1.00024452799
2341.11980431 1.00523772914
2341.14023595 1.00434546985
2341.16066758 1.0142915584
2341.18109922 1.01110470853
2341.20153085 1.00148501732
2341.22196249 1.00378930097
2341.24239412 0.999249318814
2341.26282576 0.985062082798
2341.28325739 1.02260208591
2341.30368903 0.993994287435
2341.32412066 0.996570725418
2341.34455239 1.00043969919
2341.36498393 1.0036361833
2341.38541556 0.978543914069
2341.4058472 0.994207928558
2341.42627883 0.984574303592
2341.44671057 1.00696547093
2341.4671421 1.00165118264
2341.48757373 0.984411207641
2341.50800547 0.984821423811
2341.528437 1.01551770075
2341.54886864 1.01156890302
2341.56930037 0.995411131293
2341.5897319 0.993778522819
2341.61016354 1.00201859805
2341.63059527 1.00628750452
2341.65102681 1.01662671377
2341.67145854 1.00953235747
2341.69189017 1.01382625285
2341.71232181 0.993053325572
2341.73275344 1.00620386772
2341.75318507 0.999303275266
2341.77361671 0.994832644712
2341.79404834 0.998320734717
2341.81447997 0.999339907458
2341.83491161 1.0012008509
2341.89620651 1.0044062716
2341.91663824 0.999417568753
2341.93706977 0.985701129775
2341.95750151 1.02031868086
2341.97793314 1.00389738601
2341.99836467 1.0216366062
2342.0187964 0.996287035283
2342.03922804 1.00201913109
2342.05965957 1.01785151907
2342.0800913 0.992742955095
2342.10052294 1.00283375459
2342.12095447 1.00664553748
2342.1413862 1.00576569195
2342.16181783 1.00934161901
2342.18224947 1.00431788353
2342.2026811 0.986501294244
2342.22311273 0.997688896657
2342.26397599 0.992577082082
2342.28440763 0.998620840889
2342.30483926 0.997888754815
2342.32527089 0.999213142057
2342.34570252 1.00695078189
2342.36613426 0.994289584416
2342.38656579 1.00374225201
2342.40699742 0.991490407917
2342.42742915 0.998750111085
2342.44786068 1.00665602634
2342.46829241 0.999334992347
2342.48872405 0.998226411014
2342.50915558 0.999589046881
2342.52958731 0.995637409648
2342.55001894 0.999911561908
2342.57045047 0.985367315278
2342.59088221 1.00048755774
2342.61131384 1.00250007563
2342.63174537 0.978661876086
2342.6521771 0.992129047489
2342.67260873 0.995311376333
2342.69304046 0.998352653153
2342.71347199 1.00139523936
2342.73390363 1.00924815329
2342.75433536 0.995468861597
2342.77476689 0.997748107991
2342.79519852 1.00854658511
2342.81563015 1.0047792268
2342.83606188 1.00458061372
2342.85649341 1.00403503957
2342.87692514 1.00068750502
2342.89735667 0.996976710112
2342.91778841 0.9940716838
2342.93822004 0.987304175106
2342.95865157 0.995955898653
2342.9790833 0.996172703705
2342.99951493 1.01075094382
2343.04037819 1.00240281049
2343.06080982 1.00641075632
2343.08124135 0.989272578991
2343.12210471 0.993297073086
2343.14253624 0.998102641206
2343.16296797 1.00764121211
2343.18339961 0.995098006507
2343.20383134 0.989755724715
2343.22426287 1.0027640504
2343.2446945 0.99519512197
2343.26512623 1.00395997797
2343.28555776 0.99611492771
2343.30598939 1.00332929122
2343.32642112 0.996229609151
2343.34685275 0.990130832121
2343.36728428 1.00622531658
2343.38771601 1.00418226138
2343.40814764 1.00649674037
2343.42857927 1.00368306947
2343.4490109 1.00391621602
2343.46944253 0.999754656537
2343.48987426 1.00860238197
2343.51030579 1.01348056297
2343.53073742 0.992832084502
2343.55116905 0.990288607831
2343.57160068 1.00156597939
2343.59203231 0.998168699359
2343.61246394 1.01383747514
2343.63289557 1.00378896581
2343.6533273 0.983955570643
2343.67375883 1.00076253368
2343.69419046 1.00402243357
2343.71462219 0.992284898196
2343.73505372 0.998382368212
2343.75548535 0.990724798648
2343.77591708 0.985697222448
2343.79634861 1.01663457494
2343.83721196 0.995725696408
2343.85764359 0.997335039517
2343.87807512 1.01024913124
2343.89850685 1.00290584253
2343.91893848 0.999916109368
2343.93937011 1.01034874005
2343.95980174 0.998448001705
2343.98023337 1.00272975096
2344.0006651 1.0002561377
2344.02109663 0.983401676372
2344.04152826 1.00816383104
2344.06195999 1.00496552242
2344.08239152 1.00633039449
2344.10282315 1.0002315368
2344.12325488 1.0071585326
2344.1436864 0.998444242125
2344.16411813 1.01071699391
2344.18454976 0.994494074791
2344.20498129 1.00813744
2344.22541302 0.998264275349
2344.24584465 0.990444831321
2344.26627618 0.99747676166
2344.28670791 0.999746804378
2344.30713944 0.992907304177
2344.32757117 1.01305295781
2344.3480028 1.0039767411
2344.36843432 0.991584153927
2344.38886605 1.00053034438
2344.40929768 0.998936345596
2344.42972931 1.01227638082
2344.45016094 0.985681224835
2344.47059257 0.997981574767
2344.4910242 1.00762508503
2344.51145583 1.02312996741
2344.53188745 0.986959107727
2344.55231908 0.995059106938
2344.57275081 0.998814625923
2344.59318234 0.995057493482
2344.61361397 1.02042836483
2344.6340457 0.995523998834
2344.65447723 0.987788923337
2344.67490896 0.984785324961
2344.69534058 1.00386781178
2344.777067 1.02073507011
2344.81793036 0.989662559026
2344.83836198 0.991209752367
2344.85879361 1.00318691705
2344.87922524 0.986341722507
2344.89965697 1.01022697762
2344.9200885 1.00696317348
2344.96095175 0.98901072308
2345.12440488 1.00131478009
2345.14483651 0.998295202572
2345.16526804 1.00628791051
2345.18569977 0.996985639961
2345.20613139 1.02191136431
2345.22656292 1.00004636732
2345.24699465 0.994387406825
2345.26742628 0.975235549576
2345.28785781 0.99984857693
2345.30828953 0.998983964145
2345.32872116 1.00163754048
2345.34915289 0.994499660001
2345.36958442 1.00315439412
2345.39001605 1.01300243308
2345.41044778 1.00001381317
2345.4308793 1.01062602732
2345.45131093 1.01013550751
2345.49217429 1.00764480998
2345.51260582 0.993280389348
2345.53303754 0.99151642268
2345.55346917 1.0035178261
2345.5739008 0.98727130112
2345.59433243 0.988008176846
2345.61476406 0.99919091363
2345.63519568 1.00418548886
2345.65562731 0.999797059627
2345.67605894 0.997574938038
2345.69649057 0.990616486399
2345.7169222 0.982145799578
2345.85994369 1.00829890345
2345.88037522 1.00423815101
2345.90080685 0.998689649674
2345.92123858 0.976185540372
2345.9416701 0.994065306427
2345.96210173 1.00215639015
2345.98253346 1.00335343744
2346.00296499 1.00707951005
2346.04382834 0.995504155533
2346.06425997 1.01484345804
2346.0846916 0.991296128324
2346.10512323 1.00937360575
2346.12555485 1.01146334359
2346.14598648 1.01465567319
2346.16641811 0.989062449011
2346.20728147 0.998984148634
2346.22771299 1.00715358616
2346.24814462 0.998579262016
2346.28900788 0.995015811953
2346.30943961 1.00012157641
2346.32987123 0.992840711589
2346.35030276 1.01877653563
2346.37073449 1.00286251434
2346.39116612 0.991241154087
2346.41159764 0.993396114584
2346.43202937 0.999149473569
2346.4524609 1.00027375954
2346.47289253 0.991914254246
2346.49332426 0.998564232146
2346.53418751 1.02603408101
2346.55461914 1.00668175203
2346.57505077 0.995831265742
2346.5954824 0.988401690289
2346.61591402 0.994175177449
2346.63634565 1.02092656099
2346.65677728 1.00430357961
2346.67720891 0.989754113193
2346.88152529 0.999108812392
2346.90195691 1.00854562189
2346.92238844 1.01030066594
2346.94282017 1.00884127066
2346.9632518 0.998347730821
2346.98368353 0.999759129339
2347.00411505 0.996371334247
2347.02454668 0.995963466278
2347.04497831 1.00376946795
2347.06540994 1.01461198391
2347.08584157 1.00547572137
2347.10627329 1.01038929415
2347.12670482 1.00728335563
2347.14713645 1.00203395454
2347.16756808 1.00175216539
2347.18799971 0.98562065175
2347.20843143 0.978593293101
2347.29015795 0.993746001195
2347.31058948 1.00382479197
2347.35145283 1.01023364338
2347.37188436 0.995134136531
2347.39231609 0.992456955196
2347.41274772 0.994867099938
2347.57620074 0.992886709042
2347.59663237 1.0059338445
2347.63749563 0.994654677868
2347.65792736 0.992040689322
2347.67835898 0.982117452538
2347.69879061 1.00755690092
2347.71922224 0.991212761997
2347.7600855 0.998955983216
2347.78051713 0.999698252154
2347.80094875 1.00749014866
2347.82138038 0.997631670255
2347.84181201 1.01127811624
2347.86224364 1.00500371118
2347.9031069 1.02870344195
2347.92353852 1.00547059892
2347.94397025 0.999879029405
2347.96440178 1.01057010631
2348.00526514 0.988872388687
2348.02569667 0.988824859655
2348.0461283 1.00197645208
2348.06656003 0.998567471586
2348.08699155 1.00815492928
2348.10742328 0.997337265166
2348.12785491 0.993990103081
2348.14828644 0.999201894749
2348.16871817 1.00769308488
2348.1891498 0.96212853721
2348.20958143 0.9976785606
2348.25044468 0.991620305828
2348.27087631 1.01876851155
2348.29130794 1.01362420746
2348.31173957 0.976397528572
2348.3321713 0.990583720711
2348.35260293 1.00465689382
2348.37303446 0.986096615207
2348.39346619 1.01440634218
2348.41389782 1.00798053516
2348.43432934 0.995635219725
2348.45476107 0.993180562872
2348.49562423 1.00669467243
2348.51605596 1.02259492933
2348.53648749 0.996186678301
2348.55691922 0.990343549148
2348.57735085 0.992757521452
2348.59778238 1.00256998383
2348.61821411 1.02005369984
2348.63864574 0.994937331039
2348.65907727 0.995333871293
2348.67950899 0.996617105754
2348.69994062 0.990451990543
2348.74080388 1.00589902136
2348.76123551 1.01090213373
2348.78166724 0.984586148658
2348.80209877 1.02436167871
2348.8225304 1.0257495627
2348.84296213 1.00739208973
2348.86339366 0.994265181587
2348.88382529 1.00076510405
2348.90425702 1.00140827069
2348.92468865 0.980449724111
2349.00641517 1.00782980575
2349.0268468 0.994402417199
2349.04727843 1.02577142223
2349.12900505 1.01260461654
2349.14943658 1.00201736273
2349.27202636 0.999855257954
2349.29245809 0.991499154088
2349.31288962 0.997000314789
2349.33332125 1.00588761604
2349.37418451 0.998939046148
2349.53763765 0.991035042078
2349.55806928 0.991950871495
2349.57850101 1.0223040338
2349.59893254 1.00755281998
2349.61936427 0.982087090349
2349.63979591 0.984965232578
2349.78281742 0.978834395184
2349.80324895 0.994085220847
2349.82368058 1.00135963892
2349.84411231 1.00779775449
2349.86454385 1.00327020106
2349.88497548 0.993806816078
2349.90540711 0.988208446676
2349.92583874 1.00958978587
2349.94627037 0.98962348278
2349.966702 1.01081379747
2349.98713363 0.987621728759
2350.00756536 1.01384935216
2350.0279969 0.988232333126
2350.04842853 1.00458765422
2350.06886026 0.99361541784
2350.08929189 1.01451552814
2350.10972342 1.00013813058
2350.13015515 1.00537452936
2350.27317658 1.00425330118
2350.29360831 0.999579884078
2350.31403984 1.02676549729
2350.33447147 0.996799123907
2350.35490321 0.983414362934
2350.37533474 0.997935840056
2350.39576647 0.992870163323
2350.477493 0.996676794492
2350.49792453 1.00063841635
2350.51835626 0.989415974252
2350.5387879 0.994822775756
2350.55921953 0.997015335694
2350.57965116 0.990981834413
2350.60008279 0.999375373231
2350.62051443 1.00622115752
2350.64094606 0.995539133114
2350.66137769 1.01023168267
2350.68180932 1.00463657008
2350.70224096 1.02608973273
2350.72267259 0.989947641154
2350.74310432 0.995890236991
2350.76353586 1.00258275019
2350.78396759 1.00740654108
2350.80439922 1.0075036337
2350.82483076 1.01046019658
2350.84526249 0.996421635981
2350.86569412 1.01713292635
2350.88612566 0.998714644306
2350.90655739 0.985962926103
2350.94742056 0.990675411435
2350.96785229 1.00040650077
2350.98828392 0.994478294417
2351.00871566 1.00398986853
2351.02914719 0.977250186898
2351.04957882 0.985255087089
2351.07001056 1.03059380848
2351.09044209 1.00657684924
2351.11087373 0.985219307814
2351.13130546 0.997471797828
2351.23346363 0.990104966512
2351.25389526 0.980385478551
2351.2743268 1.00042342318
2351.29475853 0.985330018949
2351.31519017 0.987756916511
2351.3356218 1.00058698303
2351.35605344 1.0186619567
2351.47864324 1.02014870574
2351.49907488 1.00639383526
2351.51950661 0.99702874088
2351.53993815 0.991873375703
2351.56036978 0.994081509418
2351.58080152 1.00321635008
2351.60123305 1.0035931029
2351.7442546 1.00079080755
2351.76468624 1.01406054483
2351.78511797 1.01161693345
2351.80554951 1.00743771098
2351.82598114 0.99464612155
2351.84641288 1.01581436551
2351.86684452 1.00453366237
2351.88727605 1.00856210952
2351.90770779 1.00909614765
2351.92813942 0.979814627244
2351.94857096 0.98521636561
2351.9690027 0.998770229715
2351.98943433 1.00998300568
2352.00986597 0.994101076208
2352.0302976 0.988841839956
2352.05072914 0.986046539516
2352.07116088 1.00015058938
2352.09159251 0.994770523486
2352.11202405 0.992390206624
2352.13245579 1.00224925443
2352.17331916 0.997194471493
2352.1937507 1.0098245034
2352.21418234 0.994376443556
2352.23461407 0.998114296563
2352.25504561 1.00860504704
2352.27547725 1.00590372049
2352.29590898 0.994633180385
2352.31634052 1.00516271467
2352.33677216 1.0155233111
2352.3572039 0.994412185555
2352.37763553 0.996117198853
2352.41849881 1.00604262848
2352.43893045 1.01772372099
2352.45936208 0.990400507123
2352.47979372 1.01693452772
2352.50022536 1.01039988341
2352.520657 0.992846890512
2352.54108863 1.00162394623
2352.56152037 1.01739500106
2352.58195201 0.999328396028
2352.60238355 0.992082617225
2352.62281529 1.01292656958
2352.66367846 1.02503458979
2352.6841102 0.999039816049
2352.70454174 1.01220260022
2352.72497348 1.0113566877
2352.74540512 1.00163152153
2352.76583666 0.992662586902
2352.80670003 0.990284125317
2352.97015315 0.997800151635
2352.99058479 0.997571478528
2353.01101653 0.985117818745
2353.03144807 0.996770218601
2353.05187971 1.01865760946
2353.07231145 0.99499940213
2353.09274309 1.01096206731
2353.11317473 1.00558220141
2353.13360636 1.00090525885
2353.15403801 0.984637760067
2353.17446965 0.988749384966
2353.19490129 0.987373285262
2353.21533293 0.98535039286
2353.23576467 1.0039622021
2353.25619621 1.00232038028
2353.27662785 1.01726724279
2353.29705959 1.00708173789
2353.31749113 0.998002961582
2353.33792287 1.00119941406
2353.35835451 0.97692911851
2353.39921779 0.982806859201
2353.41964933 0.983140745264
2353.44008097 1.00574540019
2353.46051271 0.997441942403
2353.48094426 1.00009891501
2353.501376 0.999691545229
2353.52180764 1.0027608756
2353.54223918 1.01164666027
2353.72612416 0.996691838111
2353.7465558 0.986006581076
2353.76698734 0.975552631953
2353.78741908 1.00448952168
2353.80785073 1.01696579547
2353.82828227 1.00087199657
2353.84871401 0.99232052526
2353.86914565 0.998202531096
2353.8895774 0.997821441318
2353.91000894 1.00576054317
2353.93044058 1.0017281594
2353.95087233 0.990927990191
2353.97130387 1.00053697251
2353.99173551 0.994532933307
2354.01216726 1.00187356201
2354.0325988 1.00049666427
2354.05303054 0.990376470977
2354.07346209 0.987679542636
2354.09389373 0.997068404152
2354.13475702 0.994218343275
2354.15518866 1.0061819891
2354.1756204 0.9943376277
2354.19605195 1.00616661552
2354.21648359 1.00974058497
2354.23691534 1.0113710045
2354.25734698 0.968402354165
2354.27777863 0.988424903549
2354.29821027 1.00263855951
2354.42080014 0.985883030806
2354.44123188 1.00105468036
2354.46166353 0.98893900077
2354.48209507 1.00672674667
2354.50252682 1.01862451992
2354.52295846 1.01310933814
2354.54339001 1.00700890833
2354.56382176 0.997165002478
2354.5842534 1.00191917657
2354.60468515 1.00193294212
2354.62511669 1.00497473514
2354.64554834 1.00603899488
2354.66597998 1.00516383433
2354.68641163 0.994760901817
2354.70684328 0.994035219472
2354.72727492 1.01364735297
2354.74770657 0.988435259236
2354.76813822 0.996676595273
2354.78856986 0.982463451512
2354.80900151 0.95591382917
2354.82943326 0.999234474012
2354.87029645 0.99209627073
2354.8907282 0.995250186911
2354.91115974 1.00871728398
2354.93159139 1.00091749369
2354.95202314 0.989582029677
2354.97245479 1.00244650077
2354.99288643 0.988719240918
2355.01331808 1.00936738091
2355.03374973 0.977723189274
2355.15633972 1.0083818636
2355.17677136 1.00225950498
2355.19720291 1.01360679388
2355.21763466 1.01033663962
2355.23806631 1.00792136776
2355.25849786 0.99803663054
2355.3197928 0.987692261058
2355.3606562 1.0037886096
2355.38108795 1.00171693087
2355.4015195 1.00175890501
2355.42195115 0.991362362783
2355.4423828 0.994105952581
2355.46281445 0.997224882166
2355.4832461 1.00720075738
2355.50367775 1.01145565106
2355.5241094 0.971942907714
2355.70799435 0.992792432866
2355.728426 0.988802339032
2355.74885765 0.996378494365
2355.91231087 0.995847104957
2355.93274262 1.02188307842
2355.95317427 1.02132609182
2355.97360582 0.997997171045
2355.99403757 1.01542504483
2356.01446923 0.990906745722
2356.03490088 1.00725455904
2356.05533253 1.00112208971
2356.07576418 1.00107353642
2356.09619584 0.994403138907
2356.11662749 0.995980511894
2356.13705914 0.99598441649
2356.1574908 1.00127530769
2356.17792245 0.97836570046
2356.1983541 1.00358395841
2356.21878576 0.996554095899
2356.23921741 0.992741084589
2356.28008082 0.982311023497
2356.36180733 1.01711842525
2356.38223909 1.03162831699
2356.40267074 1.00714804479
2356.42310229 0.988969332342
2356.44353405 0.99667458483
2356.4639657 0.996528438063
2356.48439746 1.00499993938
2356.50482901 1.00898401301
2356.62741894 0.999380757417
2356.6478507 1.02205818032
2356.66828236 1.00845536378
2356.68871391 0.996482186646
2356.70914567 1.00032047948
2356.72957732 1.01567697096
2356.75000898 0.995347424141
2356.77044064 1.01087236749
2356.79087229 0.996375904388
2356.87259892 1.00385060782
2356.89303058 1.00905368906
2356.91346223 0.989920038407
2356.93389399 0.99291227743
2356.95432555 0.991409096562
2356.9747572 0.995533481602
2357.13821047 1.01541655987
2357.15864223 1.00940577339
2357.17907388 0.980634269141
2357.19950564 0.993867443991
2357.2199372 0.974952025221
2357.24036886 1.00837607437
2357.36295892 0.997326498551
2357.38339058 1.01474532605
2357.40382224 0.991027593169
2357.4242539 1.00175209574
2357.44468556 0.996870284332
2357.46511722 1.0011976985
2357.48554888 1.02468919195
2357.5264121 0.997963326713
2357.58770718 1.0001007987
2357.60813884 0.998188006365
2357.6285705 0.992487790396
2357.64900226 1.00585706095
2357.66943382 1.01266193535
2357.68986548 1.01658214273
2357.71029725 1.01210362629
2357.73072881 1.01432062982
2357.85331878 0.998908430226
2357.87375054 0.998734877454
2357.89418221 1.00086027721
2357.91461397 1.01058229069
2357.93504553 0.993029618431
2357.95547719 1.01723842915
2357.97590896 1.00152105865
2358.09849894 0.990699437254
2358.1189306 1.00414840054
2358.13936227 0.999071176883
2358.15979393 1.00159126748
2358.1802255 0.999762893749
2358.20065726 0.979841593233
2358.22108892 1.00981066552
2358.24152049 0.979773589547
2358.32324725 1.00364388968
2358.34367891 1.01040929459
2358.36411068 0.992100012238
2358.38454225 1.00801558119
2358.40497391 0.992098459776
2358.42540568 1.00218421674
2358.44583724 1.0008949437
2358.60929068 0.996578010839
2358.62972244 1.00016661591
2358.65015401 0.981939700518
2358.67058568 0.989634636314
2358.69101745 0.985301510333
2358.71144911 0.979187803408
2358.73188068 0.998273875719
2358.75231245 0.987162170259
2358.79317569 0.99572620134
2358.81360745 1.0035701839
2358.83403902 1.01190059471
2358.85447079 0.993350743857
2358.87490246 0.997776784494
2358.89533403 1.00817651356
2358.9157658 0.999713937233
2358.93619747 1.02332105127
2358.95662904 1.01690030585
2359.07921925 0.99950485087
2359.09965082 1.01800048905
2359.12008249 0.98099664945
2359.14051426 1.00080615978
2359.16094584 0.994607406867
2359.18137761 1.01165775418
2359.20180928 1.0224493295
2359.22224085 0.997109399073
2359.24267262 0.985348442865
2359.28353596 1.00894949496
2359.32439931 1.00664390529
2359.34483098 0.990102036262
2359.36526265 1.00501828437
2359.38569432 1.00800444649
2359.40612609 0.984971185761
2359.42655777 0.990513822803
2359.61044272 0.987021485966
2359.6308745 1.00493219301
2359.65130617 1.02506023008
2359.67173774 0.998376781919
2359.69216952 0.979683437071
2359.71260119 0.992357369739
2359.73303297 1.0070230558
2359.75346454 0.995671357115
2359.77389622 1.00883548924
2359.79432799 1.02203249924
2359.81475957 1.01006320315
2359.83519124 0.990865043121
2359.85562302 0.996269424299
2359.87605459 1.00431102064
2359.89648637 1.01821169118
2359.91691804 0.980078247845
2359.93734972 0.988203452771
2359.9577814 1.01831699196
2359.97821307 0.991931529913
2360.01907643 0.99185382093
2360.10080313 1.0253620924
2360.12123491 1.00636752456
2360.14166659 0.996107520557
2360.16209816 1.00191899525
2360.18252994 1.00421259405
2360.30512001 1.02360824226
2360.32555159 1.01493725525
2360.34598337 0.991334288711
2360.36641505 0.998993498527
2360.38684663 0.997426705725
2360.40727841 0.991477432182
2360.42771008 1.01602666058
2360.55030016 0.99058925248
2360.57073194 1.00405995582
2360.59116363 0.998414343081
2360.61159531 0.99215493405
2360.63202699 1.00792202025
2360.65245867 0.997374581645
2360.67289035 1.00911256631
2360.69332203 1.01353988821
2360.71375371 0.995791506009
2360.73418549 0.97589465836
2360.75461707 0.993651939722
2360.77504876 0.993523464999
2360.79548044 1.0060195485
2360.81591212 1.00673642105
2360.8363439 1.01593555674
2360.87720717 1.0022943685
2360.89763895 0.973986737847
2360.91807053 0.983758207265
2360.93850222 0.976655576967
2361.02022905 1.00378368248
2361.04066064 0.983226471254
2361.06109242 1.01981168539
2361.0815241 1.00019539138
2361.10195579 1.00760488453
2361.12238747 0.995662958841
2361.14281916 1.00293703757
2361.16325094 0.995969292089
2361.18368253 1.02119058654
2361.20411421 0.982394871418
2361.24497758 0.994486463327
2361.26540927 1.0221553383
2361.28584105 1.00640981249
2361.30627274 0.991638010762
2361.32670443 0.996315706901
2361.34713611 1.00017129798
2361.3675678 0.973822409391
2361.38799949 0.99495550188
2361.57188467 0.991216067845
2361.59231636 0.995550646662
2361.63317974 1.00258538656
2361.65361143 0.984373974917
2361.67404321 1.00990148962
2361.6944748 1.02416541685
2361.73533828 1.00926922457
2361.81706504 0.993254515357
2361.83749673 1.00237091841
2361.85792842 0.988830701892
2361.8987918 1.00068139062
2361.91922349 1.00381390189
2361.93965528 1.00083164419
2361.98051856 1.01398723771
2362.00095036 1.00402565223
2362.02138205 0.990362723168
2362.06224543 1.0120042635
2362.08267712 1.00518463963
2362.10310892 1.00797282157
2362.1439722 0.99268077549
2362.28699405 1.00081973182
2362.30742575 1.00944154672
2362.32785754 0.99303257448
2362.34828913 1.01964478927
2362.36872093 1.00438322124
2362.38915262 0.981254902861
2362.40958422 1.01080802693
2362.51174279 0.997971334019
2362.53217449 1.01004286526
2362.55260619 0.999640654285
2362.57303788 1.01865753185
2362.59346968 1.00315915444
2362.61390137 0.985520462468
2362.63433297 0.988347219915
2362.75692335 0.995901536268
2362.77735495 1.00712026805
2362.79778665 1.006443172
2362.83865005 0.998913643368
2362.85908174 1.00166864858
2362.87951354 0.991488311432
2362.89994514 0.994059594229
2362.92037694 0.981023124339
2362.94080854 0.997026753583
2362.96124024 1.00021764291
2362.98167204 1.01186183001
2363.00210364 0.991112682343
2363.02253534 0.998960889895
2363.04296714 0.99750796721
2363.06339874 1.00406872225
2363.08383054 0.999518939747
2363.10426224 0.988603711791
2363.12469394 0.984467196579
2363.24728425 1.00711240535
2363.26771585 1.00354490217
2363.28814755 1.00538681795
2363.32901106 1.02568990897
2363.34944266 0.9994038793
2363.51289639 0.980481406131
2363.53332819 0.9954050497
2363.55375979 1.00802689858
2363.5741915 1.00170075468
2363.5946232 0.98506306415
2363.61505491 1.01428587678
2363.63548671 1.00244306071
2363.65591832 1.00119351505
2363.67635003 0.990629525737
2363.69678183 1.00282478921
2363.71721344 1.00016475149
2363.75807695 0.980608892268
2363.77850866 1.00710396052
2363.79894036 0.991528963003
2363.81937207 0.996668597066
2363.83980378 0.99786817984
2363.86023548 1.00042713627
2364.02368925 0.988144163918
2364.04412095 0.989617729568
2364.06455256 0.98632331276
2364.08498437 1.0105496912
2364.10541608 0.991946490546
2364.12584789 1.00417312892
2364.1462795 1.00535568183
2364.16671121 1.00558046405
2364.18714292 1.00525968744
2364.20757463 0.995171376957
2364.22800634 1.00864021412
2364.24843805 0.99892190964
2364.26886976 1.02091500091
2364.28930157 0.99391032613
2364.30973319 1.02107543064
2364.3301649 1.00416536727
2364.35059671 1.00134627628
2364.37102832 1.00229156448
2364.39146003 0.984115785698
2364.43232346 1.00130353908
2364.45275517 1.00578882515
2364.47318698 0.999063169091
2364.49361869 0.987496758816
2364.51405041 1.012547971
2364.53448212 1.01552689497
2364.55491383 0.996854949918
2364.57534555 0.996587502239
2364.59577726 0.97109805396
2364.61620898 1.00408903066
2364.63664079 0.965755077282
2364.67750422 1.01144968993
2364.69793593 1.0028905041
2364.71836755 0.992830297228
2364.73879936 1.02519587802
2364.75923108 0.994493046356
2364.77966269 1.00275581285
2364.80009451 1.02363092499
2364.82052623 1.01290174844
2364.98397996 1.00852736324
2365.00441178 0.998002814558
2365.0248434 0.994829248478
2365.04527511 0.992618909938
2365.06570693 1.00756342579
2365.08613855 0.997332846932
2365.2495924 1.00172021919
2365.27002412 1.00230813887
2365.29045595 1.00301154184
2365.31088757 0.998715915695
2365.33131939 1.00147391895
2365.35175111 0.999441640981
2365.37218273 1.00741597688
2365.41304627 1.00632867548
2365.43347789 0.999489439129
2365.45390972 1.02047580054
2365.47434144 0.997868357637
2365.49477306 1.01095018021
2365.51520488 0.977149216584
2365.5356366 1.01574137106
2365.55606843 1.00897226294
2365.71952222 1.01274592763
2365.73995384 1.00325955363
2365.76038557 0.990356266172
2365.78081739 0.998631916934
2365.80124912 0.987619067847
2365.82168074 0.98422229009
2365.84211257 1.01586218967
2365.8625443 0.988561836067
2365.88297602 0.989780694948
2365.90340775 0.993214722359
2365.92383947 0.999293392101
2365.9442713 0.987136636183
2365.96470293 0.996508649871
2365.98513466 1.01514965554
2366.00556648 1.00977459657
2366.02599811 0.991355094936
2366.04642994 0.995344661489
2366.06686167 0.998983493476
2366.18945204 1.02004226311
2366.20988377 1.01612455946
2366.2303155 1.00314563475
2366.25074723 0.99990256845
2366.27117896 1.01051636413
2366.29161069 1.00988664729
2366.31204242 1.01232743447
2366.33247415 0.998765227166
2366.35290588 0.999781727873
2366.39376934 1.00633892482
2366.41420107 1.00720021577
2366.43463291 1.01948201593
2366.45506454 1.00630944069
2366.47549627 0.991785961399
2366.4959281 1.00560748837
2366.51635983 0.987018306391
2366.53679157 0.992500041447
2366.5572233 1.00752689439
2366.57765503 1.01590961731
2366.59808687 1.00246969633
2366.6185185 1.0040580787
2366.63895023 0.991700776286
2366.65938207 1.00758292953
2366.6798137 1.00282147509
2366.70024554 0.975388598031
2366.72067727 0.996715441358
2366.74110891 1.00151599101
2366.76154074 1.00760528936
2366.78197248 0.97419841257
2366.80240411 0.973225925177
2366.92499473 0.983010886182
2366.94542637 0.993575680292
2366.9658581 0.998297402377
2366.98628984 0.988216508173
2367.00672158 0.999742816969
2367.02715332 0.995333016979
2367.21103906 1.01253090898
2367.2314708 0.989796417771
2367.25190255 1.00097965246
2367.27233429 1.00621427336
2367.29276603 0.99026194492
2367.31319787 1.01113150133
2367.33362951 0.990914301315
2367.39492473 0.996646098727
2367.41535657 1.00677868152
2367.43578832 0.988068772739
2367.45621996 0.989138542862
2367.4766518 1.00386231718
2367.49708354 1.00076749525
2367.51751519 0.969718513611
2367.53794703 0.992985764243
2367.55837877 0.987508852961
2367.57881052 0.997346865941
2367.59924226 1.00373458088
2367.619674 1.00637325661
2367.64010575 1.0012283287
2367.66053749 1.02840063426
2367.68096924 1.01396812921
2367.70140098 0.993696725605
2367.72183273 1.005371558
2367.74226457 0.999029141014
2367.76269622 1.00216555263
2367.92615029 1.00204127452
2367.94658204 0.988671985175
2367.96701389 1.0106473328
2367.98744554 1.02472086014
2368.00787728 1.00004724597
2368.02830913 1.01089235714
2368.06917263 0.998411043005
2368.08960438 1.00253370344
2368.11003603 0.997787548419
2368.13046788 0.993169646831
2368.15089963 1.00240416371
2368.17133128 1.00522140429
2368.19176313 0.995636777125
2368.21219488 0.989634555293
2368.23262663 0.99857726674
2368.25305838 0.987048414556
2368.27349013 0.983946742365
2368.29392188 0.990869801606
2368.31435363 0.985116843046
2368.35521714 0.992611993276
2368.37564889 1.01393553977
2368.39608074 1.00299443096
2368.4165124 1.00960515269
2368.43694415 0.99683069701
2368.457376 1.00182299377
2368.47780776 0.990222099992
2368.49823941 1.00624334572
2368.51867126 1.00123704279
2368.64126179 1.00195773367
2368.66169355 1.00894650145
2368.6821254 1.01717165027
2368.70255706 0.992864410015
2368.72298881 1.00839545005
2368.74342067 1.02108134405
2368.88644287 0.996291937882
2368.90687473 1.00511275738
2368.92730649 0.995099572003
2368.94773835 1.00231586024
2368.96817001 1.00215488668
2368.98860177 1.01096129941
2369.00903353 0.97880100882
2369.02946529 0.996555097582
2369.04989705 0.977398522709
2369.07032881 1.01109116864
2369.09076057 0.984572600139
2369.11119243 1.00029442611
2369.13162409 0.987088780261
2369.15205585 1.01728790456
2369.17248771 0.989136064639
2369.19291947 1.00675832714
2369.21335113 0.988610404213
2369.23378299 0.992119433002
2369.25421476 1.00202761196
2369.27464652 0.987984695672
2369.37680534 1.00476896658
2369.3972372 0.992877732604
2369.41766886 1.00698597954
2369.43810073 0.98127940333
2369.45853249 1.0060402168
2369.49939602 0.997689717804
2369.51982779 1.00037250893
2369.54025945 0.965833353683
2369.58112308 1.02656604029
2369.60155485 0.995858844974
2369.62198662 1.00647655567
2369.64241838 1.00540069914
2369.66285015 1.02174948016
2369.68328192 0.979942513352
2369.70371369 0.993445345322
2369.72414545 0.988941461921
2369.74457722 1.02549078402
2369.76500909 0.994537912779
2369.78544076 1.01009427947
2369.8263044 1.00359054315
2369.84673616 0.994582530729
2369.86716783 1.0103543786
2369.8875997 0.976394958392
2369.90803147 1.01249376775
2369.92846324 1.01656890088
2369.94889501 0.99646458665
2369.96932678 1.01064121388
2369.98975865 0.987886144714
2370.13278096 1.00977023329
2370.15321283 0.99970919887
2370.1736446 0.996712018867
2370.19407628 1.00466375283
2370.21450815 0.991038474866
2370.23493992 0.989105362775
2370.2553717 1.00556744683
2370.29623525 0.99748102619
2370.31666712 0.999708885644
2370.3370988 1.00449921542
2370.35753057 0.983766770955
2370.37796235 1.00607530132
2370.39839412 0.992415498378
2370.4188259 0.971163731329
2370.43925767 0.994274244811
2370.45968945 1.00446837496
2370.48012133 0.986514917335
2370.60271199 1.00953259195
2370.62314377 1.00058885923
2370.64357565 1.00905633788
2370.66400733 0.987189890299
2370.68443911 0.997964224837
2370.74573445 0.991688095667
2370.82746167 1.00297493087
2370.84789335 0.993552669261
2370.86832523 0.994738002695
2370.88875701 0.99416039164
2370.90918869 0.997361077683
2370.92962058 1.0081299253
2370.95005236 0.988069670533
2371.07264306 1.01354224195
2371.09307484 1.01567218348
2371.11350663 1.00070931463
2371.13393851 0.997350974007
2371.1543702 1.01612931
2371.17480198 0.984542176179
2371.19523387 1.01743846757
2371.21566565 1.0140398471
2371.23609734 1.00483984649
2371.25652922 0.99945191805
2371.2973929 1.02015606572
2371.31782458 0.989850133973
2371.33825637 0.999324926461
2371.35868826 0.998144872632
2371.37911995 1.00080191877
2371.39955174 1.00939793881
2371.41998362 0.997213171933
2371.44041531 0.987295484321
2371.4608472 1.015773465
2371.48127899 1.0001337127
2371.50171644 1.00648561296
2371.52214254 1.00241547484
2371.54257433 0.983190395541
2371.56300602 0.995376345288
2371.58343791 1.00278227711
2371.6038697 0.999991399313
2371.62430159 1.0018050735
2371.64473328 0.999189592213
2371.68559697 0.992953226317
2371.70602866 1.00117263088
2371.74689234 1.01033821371
2371.78775583 0.995319469413
2371.80818772 0.998453436065
2371.82861952 0.999042453093
2371.84905131 1.00197101616
2371.8694831 0.986633938046
2371.8899149 0.991731590357
2371.91034679 1.00366704205
2371.93077849 0.988064544704
2371.95121028 1.00292066345
2371.97164218 1.00677045434
2372.05336926 1.01557264093
2372.07380116 0.992590470808
2372.09423285 1.00333611387
2372.11466465 1.01519720414
2372.13509655 1.00630421043
2372.15552824 0.997629441788
2372.17596014 0.998744864696
2372.19639194 1.01134466259
2372.21682364 0.999786164411
2372.29855093 1.00143368432
2372.31898273 1.00621317093
2372.33941463 0.994161219702
2372.35984633 1.00024643537
2372.38027813 0.990553189041
2372.40071004 1.01636158925
2372.42114184 0.990732409947
2372.44157354 0.982580513107
2372.46200544 1.00196744739
2372.48243724 0.990204794306
2372.50286904 1.0070384954
2372.52330085 1.00156199096
2372.56416445 1.00225943037
2372.58459625 0.995620338193
2372.60502806 1.0093751666
2372.62545996 0.978114164412
2372.64589166 0.991379475722
2372.66632357 1.00798525091
2372.82977801 0.984006892979
2372.85020982 1.00269567029
2372.87064152 0.998650576059
2372.93193695 1.00048448262
2372.95236885 0.997209372782
2372.97280066 0.977162895324
2372.99323257 0.982213443227
2373.01366428 0.985822858199
2373.03409609 1.00002958319
2373.054528 0.991613744332
2373.07495981 0.988508097598
2373.09539152 0.980934007035
2373.11582343 0.993102796276
2373.13625524 1.00416862096
2373.15668705 0.996067971754
2373.34057336 0.998817127643
2373.36100517 1.01112304453
2373.38143708 1.00460348171
2373.4018688 1.00635445401
2373.42230061 1.00043644196
2373.44273253 1.00958685364
2373.46316424 0.987982786337
2373.48359616 1.00458027763
2373.50402797 1.00247037742
2373.52445969 1.01466988595
2373.5448916 0.996968063286
2373.56532342 0.992092470158
2373.58575513 0.987295464646
2373.60618705 1.0083875563
2373.62661887 1.02865951623
2373.64705079 1.0036404012
2373.6674825 1.00504536187
2373.68791432 1.01109384653
2373.70834624 1.00782601973
2373.74920978 0.984496036607
2373.76964169 1.02164428446
2373.79007351 0.994142270201
2373.81050523 0.991718013249
2373.83093715 1.01759099766
2373.85136897 0.999517074276
2373.87180079 0.998349367585
2373.89223261 0.990062536476
2373.91266443 0.999426941617
2373.93309635 0.995411424313
2373.95352808 0.982716984074
2373.99439182 0.991466952135
2374.01482354 0.994506705203
2374.03525546 1.01499764229
2374.05568719 1.00081198886
2374.07611901 0.974749217481
2374.09655093 1.01097653197
2374.11698266 0.982583119584
2374.13741448 1.00024151334
2374.32130101 1.01139788925
2374.34173283 0.989220613972
2374.36216476 0.996204090816
2374.40302832 0.988631317727
2374.42346024 0.9926256348
2374.44389207 1.01358771298
2374.4643238 0.999566672765
2374.48475573 1.00957625194
2374.50518756 0.999719057195
2374.54605122 1.00708010107
2374.56648305 1.00160464981
2374.58691498 1.00145404058
2374.60734671 1.01315193324
2374.62777854 0.997958702555
2374.64821047 0.994480089506
2374.7299377 1.01057523181
2374.75036963 1.00314196399
2374.77080136 1.0194053665
2374.79123319 0.989306904434
2374.81166513 0.98938495135
2374.83209686 0.98149411841
2374.85252879 0.986890907606
2374.87296063 1.00223241222
2374.89339236 0.994418453545
2374.9138243 0.999027170264
2374.93425613 0.994666760258
2374.9751198 1.0110021011
2374.99555164 0.998404755236
2375.01598357 0.996420599606
2375.03641531 1.01386502231
2375.05684715 1.00340063126
2375.07727908 0.996558717103
2375.09771092 1.01430908833
2375.11814276 0.995047326483
2375.30202941 0.998414498645
2375.32246115 0.994386082755
2375.34289309 0.985539297857
2375.36332483 0.988339590817
2375.38375667 1.00178688251
2375.40418862 1.00977937106
2375.42462046 1.00526986745
2375.4450523 0.995371305353
2375.46548414 1.0150978047
2375.48591588 1.00114156171
2375.50634783 1.0041996101
2375.52677967 1.00625798252
2375.54721142 1.00994634712
2375.56764336 1.00783560631
2375.5880752 1.00199996956
2375.60850715 0.988594577994
2375.62893889 0.990957033159
2375.64937074 1.00068205779
2375.66980268 0.995688607834
2375.71066628 1.01856964868
2375.73109822 1.00441403936
2375.77196191 1.00850751046
2375.79239376 0.998913627954
2375.81282561 1.00307487007
2375.83325746 0.99662109549
2375.85368931 1.00617372833
2375.87412115 1.00431292664
2375.8945531 0.992355371541
2375.91498485 1.00055155057
2375.95584865 0.998595272834
2375.9762804 0.998354640078
2375.99671235 1.01121870785
2376.0171442 1.00124376969
2376.03757595 1.01807512059
2376.0580079 1.00277471788
2376.07843965 0.989987964759
2376.09887151 1.01016335724
2376.11930346 1.00498855533
2376.13973521 0.998229537927
2376.16016716 0.993466594981
2376.20103077 1.00767043774
2376.22146272 1.00367315475
2376.24189458 1.01068409831
2376.26232633 0.994330120105
2376.28275828 1.0146467626
2376.30319014 0.998155157931
2376.32362209 0.999456302586
2376.34405385 0.996666229141
2376.3644857 1.00256931901
2376.38491766 1.00766599154
2376.40534942 1.01067055791
2376.44621323 1.01128701414
2376.46664509 1.0161300191
2376.48707694 0.987257869938
2376.5075088 0.998197212095
2376.52794066 1.00086996676
2376.54837252 0.998914598115
2376.56880438 1.00156924691
2376.58923624 0.990337882781
2376.60966819 0.986357362667
2376.63009995 0.975698300763
2376.65053191 0.96131110312
2376.69139553 0.986233644997
2376.71182749 1.00141324305
2376.73225926 1.0000572816
2376.75269112 1.0119967676
2376.77312308 0.998709686439
2376.79355484 0.992168781488
2376.8139868 1.0085484904
2376.83441867 0.987742555512
2376.85485043 1.00253949828
2376.87528239 0.988210582458
2376.89571425 1.00431469579
2376.93657798 1.01882643979
2376.95700985 1.00899793326
2376.97744181 1.00913392828
2376.99787358 1.00719372291
2377.01830544 1.00649077919
2377.03873741 1.00538795548
2377.05916917 1.00226858295
2377.07960104 0.99673349909
2377.10003301 0.981014300676
2377.22262421 0.980679269814
2377.24305608 1.00129749457
2377.26348805 0.996436002833
2377.28391982 1.00633849167
2377.30435179 1.00554393476
2377.32478366 0.995843795319
2377.34521543 1.00045393356
2377.3656474 1.00838148232
2377.38607927 0.994350837737
2377.40651104 1.01319317359
2377.44737478 0.992381772494
2377.46780676 0.989867693884
2377.48823863 0.993383382997
2377.5086704 1.00493412831
2377.52910237 1.01499986005
2377.54953425 0.984243798761
2377.56996602 1.00130667902
2377.59039799 0.984661958248
2377.61082987 1.00003136281
2377.63126184 0.992830750736
2377.67212549 0.992089225265
2377.69255747 0.997424631514
2377.71298924 1.00179071563
2377.73342112 0.999890669023
2377.7538531 0.991484099032
2377.77428497 0.994169965098
2377.79471685 0.993479849166
2377.81514873 1.00760769217
2377.83558061 1.00333253999
2377.85601248 0.987640411012
2377.93774 0.990990591963
2377.95817198 1.02537671759
2377.97860386 1.00366879894
2377.99903564 1.00187621637
2378.01946762 1.00870921293
2378.0398995 1.0058850775
2378.06033128 1.00904526051
2378.08076326 0.989626290991
2378.10119504 1.0121208626
2378.12162703 0.997614282416
2378.14205891 1.00091509958
2378.16249069 1.00178269992
2378.18292267 1.0098406302
2378.20335456 1.01310028077
2378.22378634 0.97836134097
2378.24421833 0.998160933127
2378.26465021 1.00514274171
2378.28508219 0.997582079151
2378.30551398 0.997747542276
2378.32594586 0.999662467845
2378.34637785 0.977805108246
2378.36680964 0.99145747723
2378.40767351 0.994908146869
2378.4281053 1.01688687274
2378.44853728 1.00725821573
2378.46896917 1.00534498119
2378.48940106 1.02820139913
2378.50983295 0.997682627204
2378.53026484 1.0157571654
2378.55069672 1.00124009744
2378.57112861 0.9961035454
2378.5915605 1.00438191438
2378.61199249 0.990463050796
2378.65285617 0.985830641574
2378.67328816 0.995211774808
2378.69372005 1.00761965131
2378.71415185 0.982714326496
2378.73458384 0.999975840366
2378.75501563 1.01350891136
2378.77544762 1.0011943889
2378.79587951 1.01450168523
2378.81631131 0.985061595821
2378.8367433 1.00675519462
2378.91847088 1.01521672355
2378.93890287 1.0059745488
2378.95933467 0.989751735723
2378.97976656 1.0086960234
2379.00019856 0.995453916061
2379.02063035 0.994736897273
2379.04106225 1.00729501672
2379.06149425 0.988634266566
2379.08192605 0.981260293511
2379.16365374 1.00620152468
2379.18408564 0.997125171428
2379.20451754 1.0022039853
2379.22494943 0.995305326382
2379.24538133 1.00281647827
2379.26581333 0.999517064386
2379.28624524 1.01356457904
2379.30667704 0.983669179344
2379.32710904 1.01299923616
2379.34754094 1.01258597407
2379.36797274 1.00199122728
2379.38840474 1.00905195798
2379.40883664 0.991769031667
2379.42926845 1.00452648788
2379.44970045 0.982520265657
2379.47013225 0.985576524381
2379.49056426 0.995762530717
2379.51099616 0.998031849471
2379.53142797 1.00026389242
2379.55185997 0.999295227868
2379.57229188 0.994291566541
2379.59272368 0.96717921459
2379.63358759 1.00463851931
2379.6540196 1.0042826004
2379.67445141 1.00981612406
2379.69488331 1.01250908155
2379.71531532 1.00051158258
2379.73574713 0.981834249083
2379.75617904 0.993426308472
2379.77661104 1.02985498623
2379.79704295 1.01823900553
2379.81747486 0.991369534561
2379.83790677 1.0016317337
2379.87877059 0.994238123249
2379.8992025 0.996113254085
2379.91963441 1.00066864333
2379.94006642 1.00324904575
2379.98093025 0.992437154719
2380.00136216 0.997617343036
2380.02179397 1.00117375537
2380.04222598 1.00490970073
2380.12395354 1.01383924269
2380.14438555 1.00545237509
2380.16481746 1.01356967967
2380.18524928 0.990827706951
2380.2056813 0.986343009345
2380.22611321 1.01810054399
2380.24654503 0.99881277465
2380.26697704 0.997281054879
2380.28740896 0.981837089363
2380.30784098 1.00396665707
2380.38956855 1.00399188523
2380.41000047 0.995865324462
2380.43043249 0.99293655284
2380.45086431 1.01818927184
2380.47129632 1.00664149399
2380.49172825 0.995696503592
2380.53259209 0.99178390116
2380.55302401 0.994820448865
2380.57345593 0.997811514279
2380.61431977 1.00200301078
2380.63475179 1.00328584162
2380.65518372 0.993380195995
2380.67561554 0.974807347256
2380.69604756 1.00144010313
2380.71647949 1.00370306605
2380.73691131 1.00846121289
2380.75734334 0.978387647636
2380.77777516 1.00115290607
2380.79820719 0.994087379095
2380.81863911 1.00282168288
2380.85950296 1.00391071209
2380.87993489 1.00099372595
2380.90036672 0.99879840583
2380.92079874 1.00114448079
2380.94123067 1.00139003301
2380.9616627 0.993370294125
2380.98209453 1.00124472045
2381.00252646 1.02518402337
2381.02295848 1.0100099742
2381.04339031 1.00865243914
2381.06382224 0.989947551668
2381.1046862 1.01409002156
2381.12511813 1.00374357559
2381.14555006 0.980136842245
2381.165982 0.991467424092
2381.18641393 1.01243229413
2381.20684586 1.00948957357
2381.22727779 0.991545914171
2381.24770972 0.989682353565
2381.26814166 0.980382350715
2381.28857369 0.977087623795
2381.37030143 0.991014858333
2381.39073326 0.986537199064
2381.4111653 0.985268320774
