# #0 time, 1 flux
2905.41781698 1.01921625117
2905.43824918 1.0120373731
2905.45868137 1.01431210586
2905.47911357 1.00710829421
2905.49954576 1.00243222636
2905.51997796 0.998435459608
2905.54041015 1.00553710799
2905.58127453 1.03468269013
2905.60170672 1.0212276433
2905.62213902 1.01234853492
2905.64257111 1.01820683161
2905.6630033 1.03780779191
2905.68343559 1.00447081716
2905.70386767 1.01205321926
2905.72429996 1.00532212371
2905.74473215 0.991146057553
2905.76516424 0.999882680761
2905.78559652 0.942947186097
2905.8264608 1.00009519799
2905.84689308 1.00069748904
2905.86732517 0.991631666189
2905.88775745 0.989809438382
2905.90818963 0.970257571263
2905.92862172 1.00771747198
2905.9490539 0.972014623698
2905.96948618 0.983633259302
2905.98991836 0.95519247374
2906.01035054 0.950921910236
2906.03078272 0.945477970464
2906.07164708 1.01731519519
2906.09207926 1.01967617011
2906.11251144 0.999218673959
2906.13294372 0.9914292131
2906.1533758 0.980128360968
2906.17380797 0.984947733439
2906.19424025 0.920423051486
2906.21467232 0.950229716569
2906.2351045 0.976502361232
2906.25553677 0.972893665602
2906.27596885 0.982886204075
2906.31683329 1.01981839042
2906.33726537 1.01441083823
2906.35769754 0.991218605922
2906.37812981 0.998655335728
2906.39856198 1.00843992212
2906.41899415 1.02626432418
2906.43942632 0.979749879418
2906.45985849 0.97272436538
2906.48029066 0.964092258841
2906.5824515 1.02336411385
2906.60288366 1.01181115752
2906.62331583 1.04273004874
2906.64374789 1.01070494336
2906.66418015 0.993493066033
2906.68461232 1.00004304975
2906.70504438 0.982558653415
2906.72547664 1.03084681823
2906.7459088 0.983138552
2906.76634087 0.934443690897
2906.80720529 0.986386657372
2906.82763745 0.979926645299
2906.84806961 1.01739777442
2906.86850177 0.982817766408
2906.88893402 1.00655093627
2906.90936608 1.00656130968
2906.92979824 1.01271736693
2906.95023049 0.995426186251
2906.97066265 0.999981691629
2906.99109471 0.976767718266
2907.01152696 1.01828031717
2907.05239117 0.986310751658
2907.07282342 1.02631927824
2907.09325558 1.01839924635
2907.11368763 0.986379175809
2907.19541633 0.997040040947
2907.21584848 0.94530298749
2907.31800922 0.983947290281
2907.33844137 0.969934213561
2907.35887342 1.01940614372
2907.37930566 1.00113511695
2907.39973781 0.992204026516
2907.42016995 0.992408485888
2907.4406021 0.975654885523
2907.46103424 0.980015567251
2907.48146648 1.00626990428
2907.50189853 0.992465524749
2907.52233067 1.01044450751
2907.54276291 0.991894237469
2907.56319495 0.980015856957
2907.58362709 1.01326503035
2907.60405933 0.988182663289
2907.62449137 1.02236295995
2907.64492351 1.03287959787
2907.66535575 0.980883906001
2907.68578778 1.00256633527
2907.70621992 0.970625555747
2907.72665216 1.0520504449
2907.78794857 1.02792030029
2907.8083807 1.00014878808
2907.82881274 1.01415881302
2907.84924497 0.994966033798
2907.8696771 1.01144530798
2907.89010914 0.999486991324
2907.91054137 1.00700546106
2907.9309735 0.977669721726
2907.95140553 1.01906169374
2907.97183776 0.996889244075
2908.05356628 1.01181098075
2908.07399831 1.01821441419
2908.09443053 0.983037533515
2908.11486256 0.972605189652
2908.19659116 1.01015427735
2908.21702329 0.995126644221
2908.27831966 1.00720146611
2908.29875178 1.01057656756
2908.319184 1.01128018659
2908.33961602 0.955852060925
2908.36004814 0.999501583679
2908.38048036 1.00089878241
2908.4213445 0.996208052847
2908.44177672 1.01123922048
2908.46220874 0.995344303526
2908.48264086 0.979047319325
2908.52350509 0.993669415762
2908.54393721 0.963357884631
2908.56436942 0.989893802263
2908.58480144 1.00573797746
2908.60523355 1.02290901776
2908.62566577 0.99519736741
2908.64609788 1.00343139441
2908.6665299 1.02603293744
2908.68696211 1.03287426738
2908.70739422 1.02200720474
2908.72782623 0.991763999962
2908.74825844 0.984711389603
2908.76869055 0.988639367634
2908.80955477 0.965861840878
2908.82998688 1.01829111875
2908.85041889 1.00497093339
2908.8708511 1.03802464652
2908.91171521 0.977103002526
2908.93214742 0.998745423729
2909.05474005 1.00087891796
2909.07517215 1.00107935679
2909.09560425 1.01020754936
2909.11603636 1.01720762493
2909.13646846 1.00575755787
2909.15690066 0.990324208685
2909.21819696 1.03165436196
2909.25906106 1.03557082542
2909.27949325 1.01285414244
2909.29992525 1.00334659603
2909.32035735 1.05838704318
2909.34078954 0.998432070772
2909.36122154 1.00018662721
2909.38165364 0.990444520598
2909.40208583 1.0118685228
2909.42251782 1.00432663722
2909.44294992 0.984291347243
2909.46338211 1.05005767165
2909.5042462 0.999306187045
2909.52467839 1.01841634463
2909.54511048 1.01204429736
2909.56554247 0.997129837567
2909.58597466 0.998423368946
2909.60640665 0.976972364947
2909.62683874 0.990499146744
2909.64727093 0.998039919507
2909.66770292 1.00209921243
2909.68813501 0.991857489223
2909.70856719 0.984250209851
2909.74943127 1.00740583836
2909.76986345 0.993327934311
2909.79029544 0.984702712172
2909.81072752 0.981385531034
2909.83115971 1.01870885077
2909.85159179 1.04922692881
2909.87202377 0.998908262023
2909.89245596 1.01109419638
2909.91288804 0.98670305988
2909.93332002 0.978160536088
2909.9537522 0.980869458487
2909.97418428 1.00709176929
2910.0559127 1.00261763183
2910.07634468 1.05079677726
2910.09677676 0.984585250604
2910.11720894 0.960693073078
2910.13764091 1.04620864284
2910.15807299 1.01164211103
2910.28066544 1.00634327792
2910.30109761 0.978056173393
2910.32152958 0.996932952481
2910.40325787 0.997184099771
2910.42369004 1.00041927962
2910.44412201 1.0519505757
2910.48498624 0.977429327334
2910.50541821 0.990235549445
2910.52585028 0.979845062265
2910.54628245 1.02363729055
2910.56671441 1.03680979599
2910.58714648 1.00744338894
2910.60757864 1.001016952
2910.62801061 1.01279167993
2910.64844267 1.00563855655
2910.66887484 0.975110817923
2910.6893069 0.997259521248
2910.73017103 0.997464310432
2910.75060309 0.978219176105
2910.77103505 0.991227138569
2910.79146721 0.981498976839
2910.81189927 1.02530223909
2910.83233123 0.991858422925
2910.85276339 1.0272063226
2910.87319545 1.00841298095
2910.89362741 0.9882978458
2910.91405957 0.973446424705
2910.93449162 0.985440090279
2910.97535574 1.00826167638
2910.99578779 0.987316908963
2911.01621985 0.999785319268
2911.0366519 1.01298557118
2911.05708396 1.01709066316
2911.07751601 1.02295138263
2911.09794807 1.01168994992
2911.11838012 1.00913576005
2911.13881217 0.979776563185
2911.15924422 1.01220192766
2911.17967628 0.994277060569
2911.22054038 0.99918643897
2911.24097243 0.97979850043
2911.26140458 0.961787428384
2911.28183653 1.00455666917
2911.30226858 0.990375591066
2911.32270072 0.98996448554
2911.34313267 1.00866955354
2911.36356472 1.00321506884
2911.38399687 0.998654803962
2911.40442881 0.981084425305
2911.42486086 0.996264944964
2911.445293 0.996361487722
2911.46572495 0.995504965458
2911.48615699 1.00007311828
2911.50658914 1.00569804845
2911.52702118 1.00758520637
2911.54745312 1.00776258003
2911.56788527 1.00258763964
2911.58831731 0.971320331514
2911.60874925 1.00055364754
2911.62918139 1.01285848048
2911.75177363 0.989038846485
2911.77220566 0.98187430377
2911.7926376 0.995042531741
2911.81306974 0.98907726498
2911.83350177 1.01922791257
2911.87436584 0.999329993637
2911.89479788 1.00755709608
2911.91522991 0.983641980914
2911.93566195 1.01794113579
2911.95609398 1.00758827211
2911.97652591 1.0095546407
2911.99695805 0.991710825338
2912.01739008 1.02065671605
2912.03782201 1.02028895844
2912.05825414 1.00174901439
2912.07868617 0.995208897478
2912.0991181 1.00468894115
2912.11955023 1.01420842694
2912.16041419 0.996324207095
2912.18084632 1.01704407417
2912.20127834 1.01144424427
2912.22171037 1.00454689745
2912.2421424 0.985914054788
2912.26257442 1.00008408084
2912.28300645 1.01175581384
2912.30343847 1.00503037337
2912.3238705 1.01249281893
2912.34430252 0.986369962575
2912.36473465 0.994726093642
2912.48732678 0.978286661696
2912.5077587 0.9663685549
2912.52819082 0.99263719677
2912.54862284 0.999477790824
2912.56905476 0.979915898959
2912.58948687 0.970296403508
2912.60991879 0.986747054005
2912.63035081 0.979975573735
2912.65078293 0.987291219582
2912.67121484 0.990148591246
2912.69164686 0.980628954227
2912.71207897 1.01493579867
2912.73251099 0.99667578135
2912.7529429 0.998231137411
2912.77337502 1.00148846088
2912.79380703 1.00520706169
2912.81423895 0.997971558751
2912.83467106 1.00545653379
2912.85510307 1.02287406554
2912.87553498 1.03202992179
2912.89596709 1.0197413286
2912.9163991 0.994856739218
2912.93683101 0.992845039728
2912.95726312 1.00114224041
2912.97769513 0.966472474385
2912.99812704 1.0180702538
2913.01855915 1.0118936647
2913.03899116 1.01298806863
2913.05942317 0.994454908203
2913.07985517 0.968117549664
2913.12071919 0.966897815025
2913.14115119 1.00957262505
2913.1820152 1.05063569591
2913.20244731 0.990212749545
2913.22287921 1.00526606413
2913.24331121 1.00404386844
2913.26374332 1.00721258061
2913.28417522 0.981672317162
2913.30460722 0.998955865966
2913.32503932 0.969937429864
2913.34547122 0.98640326954
2913.36590322 0.978915599741
2913.38633522 1.00303474413
2913.40676722 0.99770339757
2913.42719922 1.02148453613
2913.44763122 1.04021990319
2913.46806322 1.01491413384
2913.48849522 0.991026298403
2913.50892721 1.0165496472
2913.52935921 1.01636387427
2913.54979121 0.96886288195
2913.5702233 1.00526537507
2913.5906552 0.980627666806
2913.61108729 0.99042989859
2913.69281527 0.9863866976
2913.71324716 0.990173732038
2913.73367925 0.981235008437
2913.75411124 0.972268958907
2913.77454313 0.984007814147
2913.79497523 1.01764014921
2913.81540722 1.0439124563
2913.83583911 1.00898637066
2913.85627119 0.995806867602
2913.87670318 0.994192178121
2913.89713517 1.01638843827
2913.91756716 0.99871317625
2913.93799915 1.02144414186
2913.95843113 0.992946161567
2913.97886312 0.999591161
2913.99929511 1.01803768995
2914.01972709 1.03648933455
2914.04015918 0.981762297776
2914.06059106 1.00195951729
2914.08102305 0.982186041323
2914.10145503 1.00384725051
2914.12188701 0.998616022862
2914.142319 1.02678834751
2914.16275098 0.987738849154
2914.18318296 1.00294382392
2914.20361484 0.975082382466
2914.22404692 0.993927747306
2914.2444789 1.01089275818
2914.26491088 0.990434594942
2914.28534286 1.0032835997
2914.30577484 0.980018558001
2914.32620682 0.989825513237
2914.3466388 1.02964503824
2914.36707078 0.974775284742
2914.38750275 1.01926561655
2914.40793483 0.99911673277
2914.42836671 1.00601160552
2914.44879868 0.985871066312
2914.46923076 0.979185418691
2914.55095856 0.971480252722
2914.57139053 0.994833949543
2914.5918226 0.980831251855
2914.61225447 0.954173756896
2914.65311852 1.00465291768
2914.67355039 0.992515591235
2914.69398236 1.01744581651
2914.71441443 0.995883917217
2914.7348464 0.999402109313
2914.75527837 0.981405121246
2914.77571033 1.01184434513
2914.7961423 0.985866634113
2914.81657427 1.02468935748
2914.83700624 1.00600103401
2914.8574382 0.992353173401
2914.87787017 1.00362698171
2914.89830214 0.989119730726
2914.9187341 1.00383607367
2914.93916607 0.993907787145
2914.95959803 1.00891603053
2914.9800299 1.01887956593
2915.00046196 0.996899970495
2915.02089392 1.01646811143
2915.04132579 1.03747679125
2915.06175785 1.00985699473
2915.08218981 1.00176177112
2915.10262177 1.03923968704
2915.16391765 0.986191292414
2915.18434961 1.00163580346
2915.20478157 0.975606141765
2915.22521353 1.01363474854
2915.24564559 0.993732602035
2915.26607744 0.973567286855
2915.2865094 0.984250539486
2915.36823733 1.00158007637
2915.38866918 0.998390706058
2915.40910114 1.00189565855
2915.42953319 1.00903794562
2915.44996504 0.995342409098
2915.470397 0.991495571925
2915.49082905 0.975001833431
2915.5112609 0.990018172176
2915.53169285 0.995040798798
2915.55212491 1.00998452247
2915.57255686 1.00898614593
2915.59298871 0.997729656045
2915.61342076 0.978085824511
2915.63385271 1.02001566179
2915.7155804 1.00154045518
2915.73601245 1.0139007476
2915.75644429 0.985369089526
2915.77687624 0.998675994278
2915.79730829 0.984557986495
2915.81774013 0.979300132069
2915.83817208 0.999164503791
2915.85860412 1.01573336961
2915.87903597 1.00612827667
2915.91989995 1.01743773978
2915.9403319 1.02715559215
2915.96076384 1.01165628114
2915.98119578 1.00355888584
2916.00162772 0.986790546597
2916.02205966 1.0027207644
2916.0424916 0.986248900807
2916.06292355 0.993725957067
2916.08335559 1.00187979806
2916.10378742 1.00942279375
2916.12421936 1.00219208476
2916.1446514 1.01713463656
2916.18551518 0.986073336864
2916.20594721 0.981517958585
2916.22637905 0.986667534283
2916.24681099 1.00139716538
2916.26724302 1.00552722393
2916.28767486 0.99743165057
2916.30810679 1.00337362433
2916.32853883 1.03339552783
2916.34897066 0.999364336436
2916.3694026 0.998800727718
2916.38983453 0.994076629626
2916.41026656 0.999533679288
2916.43069839 1.0007245429
2916.45113043 0.97574845309
2916.47156226 1.00807336367
2916.49199419 0.989495551167
2916.51242622 0.995939122437
2916.53285805 0.987583109503
2916.55328998 1.02541656134
2916.57372201 1.00246192842
2916.59415384 0.999061295574
2916.61458577 1.00319783747
2916.63501779 1.0163237088
2916.65544962 1.00293206346
2916.67588155 0.997847478027
2916.69631358 1.01741844805
2916.7167454 1.02470748466
2916.73717733 1.00480520406
2916.75760935 0.998998297395
2916.77804128 0.990828576768
2916.7984731 0.994722408714
2916.81890513 0.996407237693
2916.83933705 1.04653686677
2916.9823606 0.988591305178
2917.00279242 0.992174275889
2917.02322434 0.979049301045
2917.04365636 0.981170756724
2917.06408818 1.00674698025
2917.10495202 1.00452339174
2917.12538393 1.0238604834
2917.14581585 0.980015858965
2917.16624777 1.02570910729
2917.18667968 1.01835859808
2917.2071116 0.991292372318
2917.22754351 1.0039152778
2917.24797543 1.03536979941
2917.26840734 1.02102661483
2917.28883936 1.03219401538
2917.30927117 1.0015044766
2917.32970308 1.02978738666
2917.3501351 1.00150913173
2917.37056691 1.01137969752
2917.39099882 1.02497160124
2917.41143083 0.997728730915
2917.43186264 1.02039628441
2917.45229455 1.0175109185
2917.47272656 0.992194789495
2917.49315837 0.996045335762
2917.51359028 0.978427775995
2917.53402229 1.00103605707
2917.5544541 1.01490252297
2917.57488601 0.990008642603
2917.59531802 0.996994337607
2917.61574992 1.00076298948
2917.65661374 0.986904148844
2917.67704564 1.01142627301
2917.69747745 1.02671410304
2917.71790945 1.0035111288
2917.73834136 0.995013759934
2917.75877316 0.98899021342
2917.77920517 1.00039016305
2917.79963707 1.00742903962
2917.82006887 1.00924749101
2917.84050087 1.00637287868
2917.86093278 0.993311989443
2917.94266038 0.969494077484
2917.96309228 0.975065539787
2917.98352418 1.01818215942
2918.00395608 0.994229920815
2918.02438798 0.997764673133
2918.12654757 1.01553059522
2918.14697936 0.995446714911
2918.16741126 0.98174570299
2918.18784325 1.00859066268
2918.20827505 0.988201360029
2918.22870694 0.997282192175
2918.24913894 0.976063938877
2918.26957073 1.05837246129
2918.29000262 1.01911457077
2918.31043461 0.980362654587
2918.33086641 1.00268652472
2918.3512983 1.03920418954
2918.37173029 1.01222560932
2918.39216208 0.982074946301
2918.41259397 1.00732603803
2918.43302596 1.00041045956
2918.45345785 1.00532005375
2918.47388964 0.989718148209
2918.49432163 1.00806229056
2918.51475352 1.01632570048
2918.53518531 1.02116648164
2918.5556173 0.992809072285
2918.57604918 1.00725332387
2918.59648097 0.996965387886
2918.61691296 0.985805601304
2918.63734484 0.970229612434
2918.65777663 0.999496289396
2918.67820861 0.978658598392
2918.6986404 0.99402428972
2918.71907228 0.996092398465
2918.73950427 1.02040704406
2918.75993605 1.0192828628
2918.78036793 1.01626673032
2918.80079992 1.01927831966
2918.84166358 0.994423071979
2918.86209556 0.968256649845
2918.88252744 1.00221720354
2918.90295922 0.995652846512
2918.9233912 1.00512288443
2918.94382308 1.00865433177
2918.96425486 0.975889507416
2918.98468684 0.99467989182
2919.00511872 0.939385170158
2919.0255507 0.939337879312
2919.06641435 0.991375831166
2919.08684633 0.994712943031
2919.10727811 0.987430168338
2919.12770998 1.04436402062
2919.14814196 0.981615910948
2919.16857373 1.0044735453
2919.20943758 1.00750291714
2919.22986936 1.01540504719
2919.25030123 0.9999204251
2919.33202882 1.00301014156
2919.35246069 0.99770714791
2919.37289246 1.02334698103
2919.39332443 1.00163016179
2919.4137563 1.02285765235
2919.43418807 1.00473752563
2919.45462004 0.991261450024
2919.47505181 1.00294693916
2919.49548368 1.04463255858
2919.51591565 0.994877193872
2919.53634742 1.01501858474
2919.55677928 1.03224193888
2919.57721125 1.00648551017
2919.59764302 1.00442902205
2919.61807488 0.977106127116
2919.63850685 0.985963195518
2919.65893872 0.971156131036
2919.67937048 0.985603522869
2919.69980245 1.00353117723
2919.72023431 1.01560574628
2919.74066607 1.04697908294
2919.76109804 0.990589611247
2919.7815299 1.00023325161
2919.82239362 1.02143479935
2919.84282549 0.988814519499
2919.86325725 0.998604142225
2919.88368921 0.996893038196
2919.90412107 1.00470880241
2919.92455283 1.03878022503
2919.94498479 0.99522585177
2919.96541665 1.03467704234
2919.98584841 1.00320820077
2920.00628037 1.01183497595
2920.02671222 0.997812088667
2920.04714418 1.00654292349
2920.06757594 1.0125389135
2920.0880078 1.01189470755
2920.10843965 0.993126243816
2920.12887161 0.984468797296
2920.14930336 1.01077796047
2920.16973522 0.972107027061
2920.19016707 0.97104495682
2920.21059893 1.01152273849
2920.23103088 1.01902372133
2920.25146264 0.967949510996
2920.29232644 0.968533697551
2920.3127582 1.03257658125
2920.33319005 0.986716674816
2920.353622 0.987737326216
2920.37405375 0.994052227063
2920.3944856 0.991712333492
2920.41491755 0.973221866305
2920.4353493 1.01054847899
2920.45578115 0.978562677182
2920.57837224 1.01225195062
2920.59880419 1.00629989649
2920.61923604 1.02732448981
2920.63966778 0.998064224641
2920.66009973 1.00349355333
2920.68053157 1.00337452537
2920.70096332 0.982935457975
2920.72139526 0.991690159643
2920.74182711 0.990509131077
2920.76225885 0.984608788494
2920.78269079 0.973173205761
2920.80312264 0.950936997749
2920.82355438 0.975423200656
2920.84398632 1.00993766006
2920.86441816 1.0211063421
2920.88485 0.99306369733
2920.90528185 0.998287086938
2920.92571369 1.00011476484
2920.94614543 1.00934662593
2920.96657737 1.032419835
2920.98700921 0.952479128875
2921.02787288 1.002998872
2921.04830472 1.00434803814
2921.06873646 1.00143802586
2921.0891684 0.989380131404
2921.10960023 0.96681435811
2921.13003197 1.00810892588
2921.15046391 1.00178234391
2921.17089574 1.00297885528
2921.19132768 1.00082460869
2921.21175941 1.011621941
2921.23219125 1.01102141434
2921.25262318 0.978479553434
2921.27305492 0.991764970657
2921.29348675 0.994379938146
2921.31391868 0.965126456742
2921.33435052 1.00893016989
2921.35478225 1.01766325252
2921.37521418 1.00217759946
2921.39564601 0.99881723731
2921.41607774 1.00871569326
2921.43650967 0.991593291172
2921.4569415 1.0110480676
2921.47737323 1.0009239089
2921.49779935 0.984454569963
2921.51823697 0.973644152161
2921.5386687 1.01099573239
2921.55910062 1.01070336999
2921.57953245 0.996089974907
2921.59996418 1.00561880506
2921.62039611 1.00519655721
2921.64082793 1.02097734279
2921.66125966 1.010142999
2921.68169159 0.988150152749
2921.70212341 0.987024143494
2921.72255524 0.951822194158
2921.76341889 1.00550525918
2921.78385071 0.999706510197
2921.80428264 1.01064121188
2921.82471436 0.968994249834
2921.84514618 0.991593433103
2921.86557811 1.0152016887
2921.88600983 0.981534437402
2921.90644165 0.973097437816
2921.92687357 0.975318876616
2921.94730529 1.01199881273
2921.96773711 0.984821531777
2922.00860075 1.01437555104
2922.02903257 0.997031947683
2922.04946439 1.00530296386
2922.06989621 0.995286703561
2922.09032803 0.990300088788
2922.11075985 1.02075207047
2922.13119167 1.00465804518
2922.15162348 1.01481602047
2922.1720554 1.04013684192
2922.19248712 0.99786734769
2922.21291903 0.975815164752
2922.25378256 1.00789389123
2922.27421448 1.00313448888
2922.29464629 0.998686370075
2922.31507801 1.00420459991
2922.33550992 0.999928716602
2922.35594174 1.00771628829
2922.37637345 1.0016450055
2922.39680536 1.02418551309
2922.41723718 1.00668638368
2922.43766889 0.975459012561
2922.4581008 1.0043375077
2922.47853261 0.993841901691
2922.49896432 1.02083321895
2922.51939623 1.00376555512
2922.53982804 0.992071319923
2922.56025985 0.973724949368
2922.58069166 0.991462595929
2922.60112347 1.01581675953
2922.62155528 0.996044262245
2922.64198719 0.987602136977
2922.66241889 0.990091268639
2922.6828507 1.00648025491
2922.76457803 1.01392913483
2922.78500973 1.01354909811
2922.80544154 0.989101877061
2922.82587334 0.996476113602
2922.84630515 0.98485111898
2922.86673695 0.998713536886
2922.88716876 1.00686013054
2922.90760056 0.933626009191
2922.92803236 0.918339370889
2922.94846417 0.948223144133
2923.00975967 1.02133406729
2923.03019137 1.00891955813
2923.05062317 0.9947530885
2923.07105507 1.00849471424
2923.09148677 1.02601872726
2923.11191857 0.99346145803
2923.13235047 1.00873210734
2923.15278217 1.00799854183
2923.17321407 0.976738148794
2923.19364587 1.00521635058
2923.23450947 0.986169894617
2923.25494126 1.02600678361
2923.27537296 1.00065788395
2923.29580486 0.993456466359
2923.31623665 0.988548926902
2923.33666835 1.00493748511
2923.35710024 0.97902419637
2923.37753204 0.997034303205
2923.39796383 0.976979654461
2923.41839563 1.0047407035
2923.43882742 1.02058247261
2923.45925921 1.00011448188
2923.47969111 0.997327898599
2923.5001228 0.972721480598
2923.52055459 0.970921637028
2923.54098638 1.01484568754
2923.56141818 0.993876957694
2923.58184997 1.00944043788
2923.60228176 1.01347159669
2923.62271355 0.987550263557
2923.64314534 1.02639096428
2923.66357713 0.983227943926
2923.74530428 1.03578898489
2923.76573607 0.995835325232
2923.78616786 1.01712524002
2923.80659965 0.99961844138
2923.82703143 1.00530543447
2923.84746332 0.977893536964
2923.86789501 1.02325300536
2923.88832679 1.01390807376
2923.90875868 1.01905131322
2923.92919036 0.993170507293
2923.94962215 1.02206278647
2923.97005403 1.02799700142
2923.99048572 0.994336890626
2924.0109175 1.02259179915
2924.03134938 1.00067683429
2924.05178107 0.98066463646
2924.07221285 1.00639528156
2924.09264473 0.994202219495
2924.11307641 0.933743007319
2924.13350829 0.946277868596
2924.25609897 1.01609133041
2924.27653075 0.984298468306
2924.29696253 1.00054324711
2924.31739431 1.0029700702
2924.33782609 1.00972129626
2924.35825787 0.999715754897
2924.37868964 1.00590330735
2924.39912142 1.0171012509
2924.48084842 1.01900309541
2924.5012803 0.99684401714
2924.52171207 0.974581730111
2924.54214375 1.00369183654
2924.56257562 1.00716446215
2924.5830074 1.00728584686
2924.60343917 0.998220369887
2924.62387094 1.01698084657
2924.64430271 1.00140116225
2924.70559803 1.01821166157
2924.7260298 1.00076413781
2924.74646167 0.972550680138
2924.76689334 1.01309971296
2924.78732511 0.987772316113
2924.80775698 0.993366230259
2924.82818865 0.994395849109
2924.84862042 0.970054635471
2924.86905229 0.977224328077
2924.88948396 0.995077265345
2924.90991573 1.00143405029
2924.95077926 0.993509055928
2924.97121103 1.02589606139
2924.99164289 0.987087337724
2925.01207456 1.01617032902
2925.03250643 1.00374239834
2925.05293819 0.999629605605
2925.07336996 0.993515731676
2925.09380172 1.01334551645
2925.11423349 1.019239514
2925.13466515 0.983747189046
2925.15509701 0.985709442805
2925.19596044 1.01794497714
2925.2163923 1.00441125522
2925.23682407 0.987715079625
2925.25725573 1.00664869773
2925.27768759 1.00985693718
2925.29811935 0.975195832177
2925.31855101 1.0273050286
2925.33898287 1.02736001283
2925.35941463 0.954955689126
2925.37984629 1.02963490818
2925.40027815 0.996111885436
2925.42070991 1.00599826135
2925.44114167 0.988431259432
2925.46157343 0.994950245702
2925.48200519 0.999183085621
2925.50243695 0.995618978161
2925.5228688 1.00947011059
2925.54330046 1.00140339254
2925.62502749 0.971768987785
2925.64545934 0.995169240348
2925.68632275 0.963312390669
2925.72718626 0.990427902598
2925.74761802 1.01299391626
2925.76804987 1.00247295162
2925.80891327 1.00420232544
2925.82934503 1.02294148074
2925.84977678 1.01206931912
2925.87020853 1.00108791402
2925.93150388 1.00222820626
2925.99279913 0.982711299353
2926.01323088 0.983908049447
2926.03366253 1.00899291562
2926.05409438 1.01943048149
2926.07452613 0.987372989323
2926.09495778 0.991571897825
2926.11538963 1.01178201495
2926.13582137 0.989212265948
2926.15625302 0.99531963391
2926.19711661 1.02216465114
2926.21754826 0.994926890126
2926.25841185 0.994652040716
2926.2788436 0.99389822193
2926.29927534 1.00287633692
2926.31970708 0.935786757302
2926.34013883 1.00174215912
2926.36057067 0.967414834602
2926.38100232 0.965260936005
2926.4218659 0.98711830045
2926.44229754 1.02587755098
2926.46272929 1.01733426471
2926.48316113 0.985876376747
2926.50359277 1.02511409517
2926.52402451 0.980250236466
2926.54445625 1.01704845834
2926.56488799 1.01517771497
2926.58531973 0.97116739128
2926.70791016 1.03686054293
2926.7283419 0.989417491844
2926.74877364 1.00915181999
2926.76920538 1.00029634918
2926.78963721 0.982236344812
2926.81006885 1.00129378352
2926.83050069 1.01795887715
2926.85093242 1.00279467242
2926.87136406 1.00620732222
2926.91222763 0.985750323253
2926.93265926 1.01269628195
2926.9530911 1.00154647097
2926.97352283 1.00141638241
2926.99395446 0.999717411639
2927.0143863 0.99466383421
2927.03481803 0.99588955369
2927.05524966 1.01698514219
2927.07568149 0.992927322354
2927.09611323 0.999803958631
2927.11654496 0.973187991589
2927.13697669 1.00464996892
2927.15740842 0.995515572572
2927.17784015 0.988480722695
2927.19827198 0.994089084038
2927.2799988 0.979618686883
2927.30043053 1.00085341482
2927.32086225 0.962526361295
2927.34129398 1.00895965435
2927.46388434 1.00446942274
2927.48431607 1.00550619638
2927.50474779 1.00406891868
2927.52517952 1.00768333034
2927.54561124 0.985239178767
2927.60690642 0.966569938409
2927.62733824 0.986683473573
2927.64776986 1.00360435861
2927.66820169 0.990922397652
2927.68863341 0.97637323598
2927.70906503 0.994278677344
2927.72949685 1.00211505761
2927.74992857 1.01004275691
2927.93381405 0.990247854534
2927.95424577 0.976869254985
2927.97467749 1.01008663811
2927.99510921 1.01693011049
2928.01554092 0.985006176349
2928.03597264 0.998955309027
2928.05640436 1.02041244567
2928.07683607 0.99933802774
2928.09726779 0.974196273902
2928.11769951 1.0000282876
2928.13813112 0.955176482359
2928.15856294 0.986679373219
2928.17899465 1.00340327269
2928.19942627 1.00624783761
2928.21985808 1.01153769175
2928.24028979 0.990248942292
2928.26072141 0.991662605327
2928.28115322 1.00241545236
2928.30158494 0.995629202949
2928.42417521 0.990935685271
2928.44460692 1.01039307002
2928.46503873 0.978327785087
2928.48547034 0.989641273859
2928.50590215 1.0242193431
2928.52633386 0.986430108558
2928.54676547 1.00539460278
2928.56719728 1.03327977357
2928.58762898 1.00307443784
2928.60806059 0.990405415313
2928.6284924 1.03063114639
2928.64892411 0.981015576428
2928.66935572 1.00394438746
2928.68978752 1.01238525942
2928.73065084 1.01629525717
2928.75108264 1.02191165482
2928.77151435 0.98271828898
2928.79194605 1.04006639224
2928.81237776 0.989922755139
2928.89410458 0.988238596882
2928.91453618 1.00393376735
2928.93496799 0.988014313315
2928.95539969 1.04228174822
2928.97583129 1.04352073782
2928.99626309 0.983816753884
2929.0166948 1.00585126507
2929.0371264 1.00554505368
2929.0575582 0.989721143298
2929.0779899 1.01555152709
2929.1188533 1.00748537899
2929.139285 1.02335265813
2929.1597167 1.0208453004
2929.1801484 1.00801345488
2929.2005801 0.97989768973
2929.2210118 0.986166760548
2929.2414435 1.00267578403
2929.2618752 0.975634191827
2929.2823069 0.990299079953
2929.3027387 0.999637623509
2929.32317029 0.998845141311
2929.38446538 1.00869564781
2929.40489718 1.0019974418
2929.42532888 0.994299144229
2929.44576047 1.00061815765
2929.46619227 1.008255507
2929.48662396 0.955221577745
2929.50705556 1.02054375424
2929.52748735 0.9774001533
2929.54791895 1.02274344193
2929.56835064 0.986372959164
2929.58878244 1.00682652317
2929.60921403 0.981150453798
2929.62964572 1.00824015574
2929.65007752 0.977539276854
2929.67050921 0.985656685339
2929.6909408 1.00037896037
2929.71137259 0.991544835308
2929.73180429 0.998143051475
2929.75223588 1.00200094194
2929.77266767 1.01778701104
2929.79309936 0.967809077834
2929.81353095 0.998664643628
2929.85439443 0.954194380703
2929.87482602 0.997444065964
2929.89525781 0.96853352883
2929.9156895 0.992020697409
2929.93612109 0.99000423035
2929.95655288 1.00480979699
2929.97698456 1.04048208924
2929.99741625 1.03228717089
2930.01784794 1.00124015211
2930.14043816 1.00412715941
2930.16086975 0.995027837357
2930.18130153 1.01249031858
2930.20173322 0.989367121468
2930.2221648 0.98141871072
2930.24259658 0.995503653426
2930.26302827 0.992309423834
2930.28345985 1.0099135051
2930.30389164 1.00526729282
2930.3447549 1.01980651691
2930.36518669 1.01096170058
2930.38561827 1.00166054541
2930.40604995 1.01495964255
2930.42648173 0.985077608073
2930.44691331 0.97176983224
2930.467345 1.01645111464
2930.48777678 1.00310721271
2930.50820846 1.01547811816
2930.52864004 1.01481035723
2930.54907182 0.985553149955
2930.5695035 1.03080745437
2930.58993508 0.976690867897
2930.61036686 1.02755171222
2930.65123011 0.986347624801
2930.67166189 0.984944143172
2930.69209357 0.989934185661
2930.71252515 0.987892662929
2930.73295693 0.968676157218
2930.89641034 1.00784858192
2930.91684201 1.01921049648
2930.93727369 1.02076063747
2930.95770546 1.00430980548
2930.97813714 0.988157782824
2930.99856871 0.990592427617
2931.01900048 0.995396658736
2931.03943206 0.962168089251
2931.0802955 0.981993400151
2931.10072708 0.98709445278
2931.12115875 0.991597650216
2931.14159052 1.01820508314
2931.16202209 1.00583402041
2931.18245376 1.00975801326
2931.20288553 0.999473413846
2931.26418055 1.00803078848
2931.28461212 1.00474285186
2931.30504379 0.998625946083
2931.32547556 1.01110289209
2931.34590722 1.02505752619
2931.36633879 1.01510991328
2931.38677056 1.00158778452
2931.40720223 0.997886713511
2931.4276338 1.04333937192
2931.44806557 0.991439456764
2931.46849723 1.0161924804
2931.4889288 0.997549993662
2931.6115188 0.981048842545
2931.63195057 0.990984981334
2931.65238223 0.979244220997
2931.73410889 1.01548944668
2931.75454055 0.9637786741
2931.77497222 0.970276532048
2931.81583554 0.98118584161
2931.8362672 1.03063010037
2931.85669897 0.963741375722
2931.87713053 0.996303487505
2931.89756219 1.0098451432
2931.91799395 1.01408325021
2931.93842551 0.982755964197
2931.95885717 0.99712682333
2931.97928894 1.00945304054
2932.10187889 1.02078599942
2932.12231045 1.00728201359
2932.14274211 1.00128142188
2932.16317387 0.985728597328
2932.18360553 0.989103406917
2932.20403709 1.00811248605
2932.22446884 0.999411660208
2932.2449005 1.02956956525
2932.26533206 1.04163566898
2932.28576382 1.00880014899
2932.30619547 1.04894805879
2932.34705878 1.01428438251
2932.36749044 0.957261556059
2932.387922 0.967827082859
2932.40835375 0.970443925086
2932.42878541 0.980349598213
2932.44921696 0.996349443851
2932.61267029 0.990027956248
2932.63310194 1.03156754908
2932.65353359 1.00116307697
2932.71482855 1.0309587714
2932.7352602 1.0024486787
2932.75569195 0.992833179298
2932.8169869 1.02629029545
2932.83741845 0.985306580659
2932.8578501 0.985278185103
2932.87828185 1.02113990603
2932.8987134 1.0377598516
2932.91914505 1.00460077495
2932.9395768 1.02288970605
2932.96000834 1.01071480793
2932.98043999 1.00042322966
2933.00087174 0.969638912844
2933.02130339 0.989164190839
2933.04173493 1.01238823674
2933.06216668 1.00056369828
2933.08259833 0.996704656184
2933.10302987 1.02673383635
2933.14389327 1.00024887782
2933.16432481 1.02138467301
2933.18475656 1.01075308941
2933.2051882 0.978314216524
2933.22561975 0.980342086826
2933.24605149 0.993047779861
2933.28691468 0.97258326005
2933.30734642 1.01427474503
2933.32777797 1.00480131281
2933.34820971 0.990659584822
2933.36864135 0.987545686956
2933.389073 1.02387009775
2933.40950464 0.992550673927
2933.49123121 0.971499649179
2933.53209459 0.989012465222
2933.59338951 0.98744269492
2933.61382105 1.04346930904
2933.63425269 0.986381897159
2933.65468443 1.00713621349
2933.67511597 1.00202561291
2933.69554761 1.0168889274
2933.71597935 1.0020147385
2933.7977058 0.982024671416
2933.81813744 0.976890308441
2933.83856918 0.998037744302
2933.85900082 1.00888970263
2933.87943235 1.00038770708
2933.89986409 1.02166801047
2933.92029573 1.00407018894
2933.94072726 0.940518374899
2933.98159063 0.98898645796
2934.0224539 0.986534725496
2934.04288544 0.990800147399
2934.06331707 0.996940918985
2934.08374881 0.973987978274
2934.10418034 1.02905297039
2934.12461208 1.00593738843
2934.14504371 0.982609977619
2934.18590698 0.990894164644
2934.20633861 0.993596951945
2934.34936003 1.01007021968
2934.36979177 1.03987844575
2934.3902233 0.985532969411
2934.41065493 0.987434103126
2934.43108666 0.984161193772
2934.45151819 1.00712329756
2934.47194982 1.01496564861
2934.49238155 0.985813306232
2934.51281308 1.0223285675
2934.53324471 0.97294450286
2934.55367644 1.02132505944
2934.57410796 1.04344763646
2934.63540285 0.988457566807
2934.65583448 1.00433427769
2934.6762662 0.938498662006
2934.79885597 1.04990509982
2934.81928749 1.01458048798
2934.83971922 0.999011686077
2934.86015084 1.01383094039
2934.90101409 0.970087142005
2934.92144572 1.05042471332
2934.94187724 1.01591570079
2934.96230897 0.981360774061
2935.00317211 1.01008107073
2935.02360384 0.986367974602
2935.04403546 0.984427108818
2935.06446698 1.01089010684
2935.08489871 0.989663311245
2935.10533033 1.0244881508
2935.12576195 0.999686717839
2935.14619357 0.982041457021
2935.1666252 1.00406733695
2935.18705682 0.994904308782
2935.20748854 1.00068468865
2935.24835168 1.00914466333
2935.2687834 0.993166276326
2935.28921492 1.00646793829
2935.30964654 0.964666589213
2935.33007826 1.01426243358
2935.35050978 0.988517944213
2935.3709414 0.986845285921
2935.39137312 0.993216530903
2935.41180464 1.02032683037
2935.53439435 0.996087820403
2935.55482607 1.01521311095
2935.57525769 0.99775978351
2935.59568921 0.981478461932
2935.61612092 1.00441931357
2935.63655254 0.99338104264
2935.65698406 1.01523172215
2935.67741577 1.01273498356
2935.69784739 0.992564145764
2935.71827891 0.967262162731
2935.73871062 0.998287956601
2935.75914224 1.01045209032
2935.77957375 0.987061231846
2935.80000547 1.00002460369
2935.82043708 1.03573432862
2935.8408686 1.00017957259
2935.86130031 0.990292321575
2935.88173193 0.996403504223
2935.90216344 0.998524401078
2936.02475322 0.986594043763
2936.04518493 1.00475975348
2936.06561644 0.971695860715
2936.08604805 0.969519658023
2936.10647977 1.00816956279
2936.12691128 0.998529831445
2936.14734289 0.984457339582
2936.26993265 0.987563327365
2936.29036416 0.990567669162
2936.31079577 1.01010119975
2936.33122748 0.989916793082
2936.35165899 1.00415825291
2936.3720906 1.00539441756
2936.39252231 1.00106658631
2936.41295392 0.9594141028
2936.43338542 1.02080703777
2936.45381713 0.974973751182
2936.47424874 1.0060963349
2936.49468025 0.966322727951
2936.51511196 0.996359083255
2936.53554356 0.967804717277
2936.55597507 0.998586882609
2936.78072283 1.01357855555
2936.80115444 1.00795441285
2936.82158604 1.0128033804
2936.84201765 1.04546072322
2936.86244925 1.01933631235
2936.88288095 1.00912922716
2936.90331246 1.02450731272
2936.92374416 0.995791149944
2936.94417576 1.04939967903
2936.96460727 1.02821579671
2937.08719688 0.98571536497
2937.10762858 1.01594640778
2937.12806008 1.00794088466
2937.14849168 1.01480158444
2937.16892338 0.997257703358
2937.18935488 1.02305690374
2937.20978649 0.990161880103
2937.23021819 1.04669541046
2937.25064979 0.996281238877
2937.27108129 1.00005112585
2937.29151298 0.971970815661
2937.31194458 0.965303210134
2937.33237608 0.965971271286
2937.35280778 0.977776556206
2937.37323938 0.999460383459
2937.39367088 0.972194675908
2937.41410258 0.995444321658
2937.45496567 1.02881136705
2937.47539737 0.996497019065
2937.49582897 1.012858327
2937.51626047 1.00852312336
2937.53669216 1.01917813607
2937.55712376 0.997400666236
2937.57755546 0.995091729765
2937.59798695 1.01634377423
2937.61841855 0.989742273624
2937.63885025 0.986947225917
2937.65928174 0.987535470874
2937.70014503 1.03257681139
2937.76143982 1.01012728498
2937.78187131 1.0079049095
2937.80230291 1.00363411961
2937.8227346 1.0053987624
2937.8431661 1.01737550192
2937.86359769 1.00574013192
2937.88402939 1.00433493616
2937.90446088 1.01977654011
2937.92489247 1.01276717488
2937.94532417 0.997929663538
2937.96575566 0.978264666238
2937.98618725 0.98380438005
2938.02705044 0.985564295252
2938.04748203 0.961640373128
2938.06791372 0.95293408012
2938.08834531 0.928039923076
2938.10877681 0.976404534368
2938.1292085 0.995497219762
2938.21093486 0.990791076772
2938.23136655 1.01877407088
2938.25179804 1.01227424926
2938.27222963 0.996707721998
2938.3335244 1.00754307358
2938.35395609 0.990085513877
2938.37438758 0.976705701913
2938.39481917 1.03770176195
2938.43568235 1.00796106045
2938.45611393 1.00332390908
2938.47654562 1.01195848616
2938.49697711 0.990845546872
2938.5174087 0.998614788271
2938.53784029 0.99682718592
2938.55827187 1.00640600109
2938.57870346 0.994712326056
2938.59913505 1.04608330467
2938.61956664 1.00095821945
2938.63999822 0.996825158372
2938.6808614 1.01330884787
2938.70129298 1.00569968172
2938.72172467 1.00614123914
2938.74215615 1.0146694232
2938.76258784 1.00403717134
2938.78301943 0.983485812272
2938.80345091 1.0014916671
2938.8238826 0.990417532148
2938.84431418 0.97429830885
2938.86474567 0.988650132009
2938.90560893 0.975536673394
2938.92604052 1.0453020843
2938.9464721 0.982847937936
2938.96690369 1.01382506754
2938.98733527 1.00925347296
2939.00776685 1.00351326485
2939.02819844 0.979263544653
2939.04863002 0.998985425379
2939.08949319 0.95728516463
2939.10992477 1.00017684453
2939.13035645 1.00834356607
2939.17121952 1.00260981161
2939.21208268 0.994781570971
2939.23251426 0.989435340005
2939.25294594 1.02454609231
2939.27337742 0.991903670487
2939.293809 1.00536734261
2939.31424058 0.989268322124
2939.33467217 0.991631098924
2939.35510385 0.989370647801
2939.37553533 0.981518319588
2939.39596691 0.997568562248
2939.41639859 0.99287631449
2939.43683007 1.01007511963
2939.45726165 1.01631219303
2939.47769332 0.98809624536
2939.4981249 1.01311468461
2939.51855638 0.983293525989
2939.53898806 0.98305424056
2939.55941964 1.00359248449
2939.57985112 0.963259794149
2939.6002828 0.990526358691
2939.68200911 1.00995511486
2939.70244059 1.01385294322
2939.72287226 1.00618892334
2939.74330384 1.01553661519
2939.76373542 1.00129728801
2939.784167 0.991976494362
2939.80459857 0.999169288115
2939.82503015 1.01365013519
2939.84546172 0.967615120994
2939.8658933 1.00288270225
2939.90675645 1.00469451044
2939.92718803 0.981432741146
2939.9476196 0.970832639857
2939.96805128 1.01015078763
2939.98848275 1.01460422979
2940.00891443 0.993533401828
2940.0293459 0.968023912732
2940.04977748 0.991774607435
2940.07020915 0.991570785779
2940.09064063 0.998641874195
2940.1110722 0.996323340924
2940.13150388 0.981817635487
2940.15193535 0.982055092226
2940.17236692 0.977015624406
2940.1927986 1.00323644263
2940.23366164 1.02644744263
2940.25409332 1.03132613449
2940.27452479 1.00964835986
2940.29495636 0.986639902653
2940.31538803 1.02219898092
2940.33581961 1.03043245987
2940.35625108 0.979142318425
2940.39711432 1.03877929264
2940.41754579 1.02048823211
2940.43797747 0.982456856515
2940.45840904 0.996866346433
2940.47884071 1.01724848059
2940.49927218 0.97970056192
2940.51970375 0.96956620916
2940.54013542 0.929165716705
2940.56056689 0.940325324949
2940.58099846 0.874085729156
2940.60143013 0.901486453542
2940.64229317 1.00437691246
2940.66272484 0.976655590765
2940.68315631 1.01217049275
2940.70358788 1.00942170639
2940.72401945 0.99588727263
2940.74445102 0.978267612874
2940.76488259 1.03615720703
2940.78531416 1.01673463007
2940.80574573 1.03466046749
2940.82617729 1.04950485582
2940.84660896 1.0095301965
2940.887472 0.995089637272
2940.90790367 1.00496688192
2940.92833513 0.995749675443
2940.9487667 1.01541872288
2940.96919837 1.01836229629
2940.98962984 1.01357709838
2941.0100615 0.996477068882
2941.03049307 1.03162540032
2941.05092454 1.01438251776
2941.0713562 1.00367699431
2941.09178777 0.991598776953
2941.11221924 1.03737859423
2941.1326509 0.958641065924
2941.15308247 1.0034355382
2941.17351403 0.996631745037
2941.1939456 0.998995008846
2941.21437717 0.994967538109
2941.23480873 0.988065915959
2941.2552403 1.01578440173
2941.39826125 0.993974520013
2941.41869281 0.984582379704
2941.43912438 1.01338827843
2941.45955594 1.00765913204
2941.4799875 0.997458620655
2941.50041907 1.05221204327
2941.52085063 1.00142360776
2941.54128219 0.964403347586
2941.56171376 1.01951377992
2941.64344001 0.969729340325
2941.66387167 0.970291410549
2941.68430323 1.02406814991
2941.70473469 0.980056062596
2941.72516635 0.981402635204
2941.74559792 0.983419768707
2941.76602938 0.974537654194
2941.78646104 0.979290092276
2941.8068926 0.951713462913
2941.82732406 0.929534424316
2941.86818728 1.03688206254
2941.88861874 0.995265726776
2941.9090504 1.03211232285
2941.92948197 0.982111177964
2941.94991343 1.03157887948
2941.97034509 1.02064529213
2941.99077665 1.00140587881
2942.01120821 1.03116214141
2942.03163976 1.00365029326
2942.05207132 1.00514172675
2942.07250288 0.982238526433
2942.113366 0.997012349147
2942.13379766 1.0087051047
2942.15422912 1.03643043224
2942.17466068 1.00383714406
2942.25638701 1.01879218073
2942.27681847 1.01978012759
2942.29725003 1.05378058885
2942.31768169 1.01349974301
2942.33811314 1.00935415722
2942.3585447 1.04234307425
2942.37897636 1.03721037999
2942.39940782 1.03110132915
2942.41983937 1.01141731626
2942.44027103 1.00052081625
2942.46070249 0.995045883645
2942.48113404 1.01098786176
2942.5015657 0.973019320912
2942.52199726 0.982225317122
2942.54242871 1.00107418048
2942.56286037 0.936394286527
2942.62415504 0.979976583446
2942.64458659 0.982402358773
2942.66501825 0.959471272383
2942.6854497 0.975007632342
2942.70588126 0.969268680825
2942.72631291 0.988596558375
2942.74674437 0.996730749441
2942.78760758 0.972854531278
2942.80803903 0.970439288218
2942.84890224 1.0096189392
2942.86933369 0.999152615504
2942.88976525 1.01169706428
2942.9101969 1.00670209384
2942.93062835 1.0168991685
2942.95105991 1.00037838629
2942.97149146 1.01760796963
2942.99192301 1.00915626225
2943.01235457 0.99236754973
2943.03278622 1.00551755393
2943.05321767 0.987891318328
2943.09408088 0.972408530401
2943.11451233 1.0167027605
2943.13494388 0.981969012315
2943.15537554 0.992607514721
2943.17580699 0.974253358593
2943.19623864 0.996702629344
2943.21667019 1.0404548834
2943.23710164 0.990318957924
2943.2575333 1.01381794114
2943.27796485 0.981253881224
2943.2983963 0.998534163182
2943.3392595 0.982640191092
2943.35969105 1.01040226285
2943.3801226 0.995034241663
2943.40055415 0.978594028092
2943.42098571 1.01085127486
2943.44141726 1.03352492001
2943.46184881 1.00736058594
2943.48228036 1.02824621309
2943.50271201 1.00013898695
2943.52314346 1.03934132591
2943.54357501 1.0004547923
2943.56400666 1.00545972313
2943.58443811 1.00081098546
2943.60486966 1.01519548836
2943.6253013 0.992992946852
2943.64573275 0.988757564818
2943.6661644 0.989022513536
2943.68659585 0.997905532286
2943.7070274 0.962815275155
2943.72745905 0.955470413364
2943.7478905 1.01930298795
2943.76832205 0.980365968434
2943.7887537 0.955480490255
2943.82961669 1.01186889189
2943.87047989 1.01106210186
2943.89091134 1.01646545753
2943.91134298 1.01571451188
2943.93177453 1.03752023041
2943.97263763 0.995579405934
2943.99306917 0.98610221287
2944.01350062 1.00517457228
2944.09522691 1.02537402458
2944.11565846 1.00168669154
2944.1360899 1.01401774428
2944.15652155 1.00202851456
2944.1769531 1.00262847096
2944.19738474 1.01189630101
2944.21781619 1.01736828396
2944.23824773 1.01806937148
2944.25867938 0.977550394281
2944.27911083 0.975679512811
2944.29954237 1.00971778815
2944.31997402 0.971802734402
2944.34040556 0.973375999489
2944.36083701 0.978534632098
2944.38126855 0.987843325164
2944.4017001 0.942587787945
2944.42213164 0.960443412464
2944.52428937 0.867123616271
2944.56515255 1.00239849643
2944.585584 1.00184449095
2944.60601554 1.00280643635
2944.62644719 1.00203758817
2944.64687863 1.00551713265
2944.66731027 1.04185758773
2944.68774182 0.96838246779
2944.70817336 0.992575349972
2944.7286049 0.972194128956
2944.74903645 0.983831565456
2944.76946799 0.964646560121
2944.81033108 0.99808104081
2944.83076262 0.975186036012
2944.85119416 1.01037929088
2944.8716257 0.988093397347
2944.89205725 0.996997462469
2944.91248889 0.99307131387
2944.93292033 0.953876844715
2944.95335187 0.981087715268
2944.97378352 1.00945762282
2944.99421496 0.986759116156
2945.0146465 0.998859788625
2945.05550958 0.991368852501
2945.07594112 1.02294897491
2945.09637267 0.976757094088
2945.11680421 1.00539165934
2945.13723585 1.00090556363
2945.15766729 0.993498796039
2945.17809883 1.01816190734
2945.19853047 1.00876573564
2945.21896191 0.980446837773
2945.23939345 1.02821897336
2945.25982509 1.00220825639
2945.28025663 0.993238031129
2945.30068807 1.00570777911
2945.32111971 1.00852979678
2945.34155126 1.01197491263
2945.3619827 0.996719231178
2945.38241434 0.984028949363
2945.40284588 0.987036844903
2945.42327732 0.998367364435
2945.44370896 0.99870988978
2945.46414049 0.987356450018
2945.48457193 0.974490567259
2945.50500357 1.01959190394
2945.54586665 1.00595590088
2945.56629819 1.01275845524
2945.58672973 1.03999939964
2945.60716137 0.993148038234
2945.62759281 0.995975745657
2945.64802435 1.03240498981
2945.66845599 0.985181177739
2945.68888743 1.00296399871
2945.7297506 1.01814090934
2945.75018214 0.984002410807
2945.79104522 1.03407454161
2945.81147665 0.998237835169
2945.83190819 1.02670204706
2945.85233983 1.00629311596
2945.87277127 1.00499172665
2945.89320281 0.999244752635
2945.91363444 1.01574750821
2945.93406588 0.999404429441
2945.95449742 1.02877768875
2945.97492906 1.01404451966
2945.99536049 1.00135677278
2946.01579203 1.0089147431
2946.03622367 1.01439958293
2946.0566551 1.00055006927
2946.07708674 0.985490864267
2946.09751828 0.98839695037
2946.11794982 0.964344885068
2946.13838135 0.999077231796
2946.15881289 0.984270194372
2946.17924443 0.992945894383
2946.19967606 0.953960185987
2946.2201075 0.975298460475
2946.24053903 0.892442510154
2946.28140211 1.0165459152
2946.30183364 1.00563438698
2946.32226528 1.01719365544
2946.34269671 1.01454216565
2946.36312825 1.01067993946
2946.38355989 1.01239623597
2946.40399132 0.992817543264
2946.42442286 1.0125191229
2946.44485449 1.00165405054
2946.46528593 1.04161581395
2946.48571746 0.963392787269
2946.52658053 0.994393488947
2946.54701217 1.00747116067
2946.5674437 1.01417453672
2946.58787514 1.01666114675
2946.60830677 0.995750048575
2946.62873831 0.976309381712
2946.64916974 1.01704152938
2946.66960138 0.998575007636
2946.69003291 0.981630971595
2946.71046434 1.02242222167
2946.73089598 1.01101529082
2946.75132751 0.956615345951
2946.77175895 0.99474750194
2946.79219058 0.981793074001
2946.81262211 0.984761658351
2946.83305355 1.04056457771
2946.85348518 1.00581553974
2946.87391672 1.00129090822
2946.89434815 1.00192759035
2946.91477978 0.969495516852
2946.93521132 1.02540572858
2946.95564295 0.971401817314
2946.97607438 0.961232228774
2947.01693755 1.01168827996
2947.03736908 0.9935503122
2947.05780052 1.0011971192
2947.07823215 1.01282982217
2947.09866368 0.982596578462
2947.13952675 1.03389870685
2947.15995828 0.967238959155
2947.18038971 0.964490785283
2947.20082134 1.00654068723
2947.28254747 1.00011913036
2947.30297891 1.01235663431
2947.32341054 1.00728346728
2947.34384197 1.04340216523
2947.3642735 1.01042909545
2947.38470513 0.976073632503
2947.40513656 1.01694978757
2947.4255682 0.996302331811
2947.44599973 0.979359940988
2947.46643126 0.996481725391
2947.50729432 0.983726517186
2947.52772585 1.04752300719
2947.54815739 0.995761645047
2947.56858892 0.987157593817
2947.58902045 0.978946528925
2947.60945208 1.01092988346
2947.62988351 1.01148213258
2947.65031504 1.01728036693
2947.67074667 0.994645504576
2947.6911781 1.00035619841
2947.71160963 0.985783145319
2947.73204126 1.00096039825
2947.75247269 1.02978383396
2947.77290422 1.00222104635
2947.79333586 0.999234609697
2947.81376729 1.01424507002
2947.83419892 1.00286702467
2947.85463045 0.991683751734
2947.87506198 1.00956556261
2947.89549351 0.963232146204
2947.91592504 1.00859776987
2947.93635657 1.00125239009
2947.9567881 1.01897913955
2947.97721963 0.986846831086
2947.99765116 1.0384935317
2948.01808269 1.01064849705
2948.03851422 1.00180447108
2948.05894565 1.02480114377
2948.0998088 1.05743150271
2948.12024023 1.00456521287
2948.14067186 1.01829560975
2948.16110339 1.02542067514
2948.28369257 0.995128148101
2948.3041242 0.984930916301
2948.32455562 0.974351769746
2948.34498715 1.01527722988
2948.36541878 1.00871716988
2948.38585021 0.99004050904
2948.40628174 1.01023128915
2948.42671337 0.996647691862
2948.4471449 0.999649107553
2948.48800795 1.01154869163
2948.50843948 0.985097433348
2948.52887091 1.00082796612
2948.54930254 1.0091520543
2948.56973407 0.994041980529
2948.59016549 0.985072117285
2948.61059712 0.977836409657
2948.63102865 0.980788205875
2948.65146028 0.993508774759
2948.67189171 1.02940253312
2948.69232323 1.02526646556
2948.71275476 1.04870983157
2948.73318629 1.00162648862
2948.75361782 1.02036906772
2948.77404935 0.988037980807
2948.79448087 0.997198152349
2948.8149124 1.00002148266
2948.83534393 0.994910217214
2948.85577546 0.9995996226
2948.87620698 0.976552864941
2948.89663851 1.0080872829
2948.91707004 1.00849402668
2948.93750156 1.01395946686
2948.95793319 0.999283132675
2948.97836462 0.980219781695
2948.99879615 0.995952451998
2949.06009083 1.01222918592
2949.08052235 0.994675512829
2949.10095378 1.03626708475
2949.12138541 1.00857362603
2949.14181693 1.03575740811
2949.16224836 1.00172423403
2949.18267999 0.993586584018
2949.22354294 0.994262144955
2949.24397457 0.975525762606
2949.26440609 1.00247853068
2949.32570067 0.9895688842
2949.36656373 1.02094252089
2949.38699525 0.995496409655
2949.40742678 1.00364163279
2949.4278583 1.03587881343
2949.44828983 1.02876298499
2949.46872146 1.01013556217
2949.55044746 0.981550645863
2949.57087899 1.0195080034
2949.59131061 0.985749935902
2949.61174204 1.00301936454
2949.63217356 1.04909155476
2949.65260519 0.997815209959
2949.67303661 0.978758565645
2949.69346814 1.0190869099
2949.71389976 1.00823409932
2949.73433119 0.986185120385
2949.75476272 0.983713530411
2949.77519434 0.991560653256
2949.79562587 0.9999624322
2949.81605739 1.00782888225
2949.83648892 1.01842478931
2949.85692044 0.989038494088
2949.87735197 1.00333938173
2949.89778349 0.997826844319
2949.91821502 0.980927174028
2949.95907807 1.01392379781
2949.97950959 1.0345932752
2949.99994122 0.966476423739
2950.02037264 1.02935235583
2950.04080417 1.01610693399
2950.06123579 0.984842689701
2950.08166722 0.986176097852
2950.10209874 1.01575414766
2950.12253037 1.02147607459
2950.14296179 1.00957811469
2950.22468799 1.00312468042
2950.24511942 0.985930858746
2950.26555094 0.989159489046
2950.28598256 1.00689096924
2950.30641409 1.00176252963
2950.32684551 1.00152394309
2950.34727714 0.985666193849
2950.36770866 0.980120491647
2950.38814009 1.01954738719
2950.40857171 1.00527990423
2950.44943466 0.998393813482
2950.46986628 0.987403917968
2950.49029781 1.02033659424
2950.51072923 1.01474551
2950.53116086 1.02775578743
2950.55159238 1.00459919639
2950.572024 1.00344808601
2950.59245543 1.02138620861
2950.61288695 1.03378822083
2950.63331858 1.00299961978
2950.65375 0.976293129136
2950.67418152 0.971077486693
2950.69461315 0.996249480118
2950.71504457 0.99206732727
2950.7354761 1.00185226625
2950.75590772 1.01703234627
2950.77633924 0.998869690046
2950.79677067 0.981933095185
2950.81720229 1.00082956914
2950.83763381 0.978137527358
2950.85806524 1.01502117308
2950.87849686 0.990852170169
2950.96022286 0.997767886934
2950.98065448 0.968388245214
2951.001086 1.00658088532
2951.02151743 1.01563723904
2951.10324362 0.993232380647
2951.12367514 0.995312172873
2951.14410667 1.03654538046
2951.16453819 1.01747620915
2951.18496971 1.01515860905
2951.22583276 0.99838441059
2951.24626428 0.997935686243
2951.26669581 0.980815744783
2951.28712733 0.993382045723
2951.30755885 0.987237800257
2951.32799048 0.994087569572
2951.348422 0.972815899284
2951.36885342 1.00202686394
2951.38928505 1.00429923903
2951.40971657 1.02309966
2951.43014799 1.0544557749
2951.45057962 1.04232715831
2951.47101114 1.03250824989
2951.49144256 1.02514296721
2951.51187419 0.975525991297
2951.53230571 1.00377542828
2951.55273713 0.986416174617
2951.57316876 1.00493100496
2951.59360028 0.990234759261
2951.6140318 0.983432520341
2951.63446332 1.02233131302
2951.65489475 0.977681539401
2951.67532637 1.01526865862
2951.69575789 1.01423955341
2951.71618942 0.990850173354
2951.73662094 1.01838217448
2951.75705246 0.991542788644
2951.77748398 1.007442431
2951.79791561 1.00006387621
2951.81834703 0.995421106488
2951.83877855 1.03670122873
2951.85921018 1.00297419681
2951.94093617 0.988203317534
2951.96136769 0.962973156874
2951.98179931 1.02327861173
2952.00223074 0.983703180992
2952.02266236 0.997400643698
2952.04309388 1.00644821831
2952.0635253 0.956016752474
2952.08395693 0.999066273799
2952.10438845 0.988726019844
2952.12481987 0.971719503572
2952.18611454 0.996603787384
2952.26784073 0.989303827276
2952.28827215 0.997490594789
2952.30870368 0.979102551107
2952.3291352 1.03844355816
2952.34956672 1.00467556721
2952.43129291 1.0135099218
2952.45172434 0.985961059188
2952.47215586 1.00753284494
2952.49258748 0.999440597019
2952.5130189 1.02041053049
2952.53345043 0.986929854474
2952.55388205 0.965902283216
2952.57431347 1.0186754294
2952.59474499 0.98979850375
2952.61517662 0.976246368819
2952.63560814 0.989907517109
2952.67647118 0.982569893148
2952.69690271 0.967170464214
2952.73776575 0.976689342376
2952.75819727 0.983837480666
2952.7786289 0.989215135427
2952.79906032 0.99690946265
2953.00337565 0.971763380225
2953.02380707 1.00956206293
2953.04423859 0.982115353101
2953.06467021 1.01122428478
2953.08510164 1.02093744223
2953.10553316 0.975171058408
2958.3768576 0.971283943788
2958.39728924 0.998781236953
2958.41772077 0.988269342277
2958.4381522 0.991124706282
2958.45858384 0.988836103063
2958.47901537 0.998946920528
2958.4994469 0.9994202979
2958.51987844 0.998951992159
2958.54030997 1.00208320372
2958.56074151 1.03161193546
2958.58117314 1.0013203338
2958.60160457 1.0195085212
2958.62203621 1.03085793241
2958.64246774 1.00657917744
2958.66289918 0.994998560578
2958.68333081 0.979543681277
2958.70376235 0.972818050356
2958.72419378 1.04242354458
2958.74462542 0.991544883177
2958.76505695 1.01383674422
2958.78548839 1.02247160764
2958.82635156 0.994492415826
2958.84678299 0.982385623922
2958.86721463 0.995413779497
2958.88764606 0.990682345624
2958.9080776 0.994578270428
2958.92850923 0.964352163767
2958.94894067 0.996968187306
2958.98980384 1.01570375717
2959.01023537 0.982512748266
2959.09196152 1.0177085359
2959.11239306 1.00353323474
2959.13282459 0.999592278193
2959.15325623 0.996310218498
2959.17368766 1.00095060367
2959.1941192 1.00957468486
2959.21455084 0.999626041228
2959.23498227 1.00357531575
2959.25541391 1.01304029324
2959.27584545 0.975811155199
2959.29627689 1.02026714124
2959.31670852 0.983791705603
2959.33714006 1.01115632608
2959.3575715 0.979605587218
2959.37800313 0.998074997891
2959.39843467 1.0281472004
2959.41886621 1.01085783097
2959.43929775 1.02818084622
2959.45972929 0.975204541841
2959.48016082 1.01049630761
2959.60275005 0.978001314907
2959.62318159 1.01468527933
2959.64361313 0.998340099032
2959.66404477 1.02669225751
2959.68447621 0.988953595876
2959.70490775 1.01125258688
2959.72533939 1.04681920932
2959.74577082 1.01787053414
2959.76620236 1.02402646578
2959.786634 0.982583621178
2959.80706544 0.985353900168
2959.82749698 0.978095845625
2959.84792862 0.989525265599
2959.86836006 0.93216396834
2959.8887917 1.03622606876
2959.90922324 0.949617855646
2959.92965468 0.990335731234
2959.95008632 1.00352533149
2959.97051786 0.988001989338
2959.9909494 1.02665042825
2960.07267556 0.987069795852
2960.0931071 0.975164523758
2960.11353864 1.0300731825
2960.13397029 0.994811634822
2960.15440173 0.999780467009
2960.17483337 0.990038247526
2960.19526491 0.952763053866
2960.21569635 0.990491209709
2960.35871724 0.994639939277
2960.37914868 1.02438380843
2960.39958023 0.999734113796
2960.42001187 1.00919956804
2960.44044331 0.982031570604
2960.46087495 1.00855220282
2960.4813065 0.998573035372
2960.50173804 1.00580244249
2960.54260113 0.990070820911
2960.56303267 1.00890024934
2960.58346421 1.05457450772
2960.60389576 1.01146517578
2960.6243273 1.01719399678
2960.64475894 1.02309079333
2960.66519039 1.00384289252
2960.68562193 0.98895416447
2960.70605357 1.02783248817
2960.78777965 0.988442163939
2960.80821129 0.999946503885
2960.82864284 0.988580875196
2960.84907428 0.980987322443
2960.86950593 1.05667563567
2960.88993747 0.967544333938
2960.91036892 1.03397050676
2960.93080056 0.976280359474
2960.95123211 0.991867879198
2960.97166365 0.989620278956
2961.05338984 1.02445129417
2961.13511602 1.03066608057
2961.15554757 1.00264748129
2961.17597911 1.00250899332
2961.19641066 0.968596558155
2961.21684231 0.980235451298
2961.23727375 0.955048424256
2961.27813695 0.996464605579
2961.29856839 1.01843629855
2961.31900004 0.995755634679
2961.33943159 1.01569619083
2961.35986304 1.01673621198
2961.38029468 0.973482637249
2961.40072623 0.998192582399
2961.42115768 1.00334694022
2961.44158933 0.98626659997
2961.46202087 1.01473305371
2961.48245242 0.976602276345
2961.52331552 1.01335911582
2961.54374717 0.996632297987
2961.56417862 1.0081819715
2961.58461017 0.996166093762
2961.60504181 1.0016202086
2961.62547326 1.01156858466
2961.64590481 0.98341693764
2961.66633646 0.997347338822
2961.68676791 1.01702494032
2961.70719946 0.998485718155
2961.72763111 0.942542721708
2961.76849421 1.02200309493
2961.78892576 1.00024900168
2961.80935721 1.01068510528
2961.82978886 0.986737154138
2961.85022041 1.01559650073
2961.87065186 0.983999842768
2961.89108351 1.02305627464
2961.91151506 1.00194812771
2961.93194651 1.02069966346
2961.95237816 0.980442463
2961.97280971 1.00545894301
2961.99324117 0.979277382834
2962.03410437 1.01497896269
2962.05453602 1.00789612666
2962.07496747 0.969051462504
2962.09539902 1.02564193662
2962.11583068 1.00053506751
2962.13626223 0.922629810725
2962.15669368 0.853175333962
2962.3201462 1.01156029318
2962.34057776 0.973579869699
2962.36100931 0.99092463772
2962.38144076 0.971534214166
2962.40187242 0.966090790484
2962.42230397 1.01367344369
2962.44273542 0.983588824634
2962.46316708 0.971886688222
2962.50403019 1.00350951569
2962.52446174 1.04956253234
2962.5448933 1.00952485184
2962.56532495 0.999326076058
2962.58575641 0.983483305146
2962.60618796 1.00323913382
2962.62661962 0.978928574628
2962.64705117 1.00524629577
2962.66748263 0.987056546851
2962.68791428 1.0352164334
2962.70834584 1.00919888454
2962.74920895 1.01860990885
2962.76964051 0.982477179088
2962.79007206 0.993779000958
2962.85136683 1.00454071131
2962.87179829 0.984443869261
2962.89222985 1.01696163674
2962.9126615 0.990829765652
2962.93309296 1.00798675417
2962.95352452 0.972054127927
2963.03525075 0.983182798198
2963.05568231 0.994786974513
2963.07611397 0.999845151973
2963.09654542 1.01180389423
2963.11697698 1.03752765393
2963.13740864 0.981472445709
2963.1578401 0.949603489713
2963.17827166 0.982420510383
2963.259998 1.02374108828
2963.28042956 1.03385828667
2963.30086112 0.992989248783
2963.32129268 0.991238240104
2963.34172424 0.990347624819
2963.3621559 0.994629266031
2963.38258736 1.03046889769
2963.40301892 1.02127069005
2963.42345058 1.02477824858
2963.44388204 0.987280844923
2963.48474526 1.04093986872
2963.50517672 0.998790301626
2963.52560828 0.991161613673
2963.54603994 0.971749682563
2963.56647141 1.01287610245
2963.58690307 0.975560338079
2963.60733463 0.945355054485
2963.62776609 1.01417521727
2963.64819775 0.915282040769
2963.77078713 1.01964551536
2963.83208182 1.00941788756
2963.85251338 0.978274243826
2963.87294505 1.04438787594
2963.89337651 0.968924376829
2964.0159659 1.03423849037
2964.03639756 1.04251242864
2964.05682913 0.999864836236
2964.07726059 0.975736301674
2964.09769226 0.998263356092
2964.11812383 0.989782780911
2964.28157636 0.998055840093
2964.30200792 1.00984086384
2964.32243949 1.0028648559
2964.34287116 0.998257766918
2964.36330262 0.987858486989
2964.445029 0.999377868344
2964.46546046 1.00861767338
2964.48589203 0.982768465118
2964.5063237 1.00251302447
2964.52675517 1.02760403884
2964.54718684 1.02423973676
2964.56761841 0.968574465707
2964.58804988 0.975597227468
2964.60848155 0.977459469373
2964.62891312 1.03389543839
2964.64934459 0.988681219975
2964.66977626 1.02140607164
2964.7106394 1.02386721297
2964.73107097 1.00922824733
2964.75150254 0.996963577011
2964.77193411 0.981686994832
2964.79236568 0.987000541202
2964.81279725 1.02660763624
2964.83322892 0.959331663345
2964.87409196 1.00351894426
2964.89452364 1.01447104838
2964.91495521 0.925875276833
2964.95581835 1.0118817054
2964.97624992 1.00570338883
2964.9966814 1.02722326406
2965.01711307 1.00946507224
2965.03754464 1.027664895
2965.05797622 1.00947539518
2965.07840779 0.988715416908
2965.09883926 0.979562796366
2965.11927094 1.00517136727
2965.13970251 1.02748097823
2965.22142881 0.995401151328
2965.24186038 0.975628683688
2965.32358668 1.00420089315
2965.34401835 0.99686621577
2965.36444993 0.980726481487
2965.38488141 0.99774322939
2965.46660781 1.0010018159
2965.48703939 0.961532581017
2965.50747086 0.970460886458
2965.52790254 0.983736675755
2965.54833412 1.04962479043
2965.56876579 1.00063995459
2965.58919727 1.00052929473
2965.75265 0.994271727049
2965.77308148 0.975692803457
2965.79351306 0.98260152365
2965.81394463 0.996908068327
2965.83437621 1.04692920782
2965.85480789 1.00168208629
2965.97739738 0.985036533019
2965.99782896 0.980516321169
2966.01826044 1.00113233077
2966.03869212 1.00426878968
2966.0591237 0.990062878789
2966.07955538 0.973633722476
2966.09998686 0.977187228262
2966.12041845 1.01683509019
2966.14085013 0.99934679842
2966.18171319 1.02712043049
2966.20214487 0.983079204053
2966.22257636 1.00209016072
2966.24300794 0.968894435148
2966.26343962 0.981041344755
2966.28387111 0.969169409853
2966.30430279 1.01688277646
2966.32473437 0.943280154988
2966.34516596 0.966875694612
2966.46775537 1.0044516837
2966.48818705 1.02341498597
2966.50861864 0.996541903201
2966.54948181 1.00735692812
2966.56991339 0.974610153683
2966.59034508 1.00521580576
2966.61077657 1.01972407085
2966.69250291 1.01060409241
2966.7129346 0.994117548782
2966.73336609 0.999187928479
2966.75379768 1.0044179208
2966.77422936 1.02067837316
2966.79466085 0.98269859725
2966.81509254 1.00045129755
2966.83552413 1.00188017859
2966.95811366 0.999099116471
2966.97854525 0.998983872936
2966.99897694 1.00388320515
2967.01940843 1.00451967107
2967.03984002 0.978528128012
2967.06027171 0.995414101303
2967.0807032 1.04041432887
2967.1011349 1.02881069532
2967.12156649 0.991697136521
2967.14199798 0.999047805861
2967.16242967 0.993711211656
2967.18286116 1.00813539374
2967.20329275 0.992013930097
2967.22372444 1.01363602393
2967.24415594 0.980676940609
2967.26458753 0.934185870219
2967.28501922 0.970206563683
2967.30545072 0.98472207143
2967.44847197 1.04266971927
2967.46890356 1.0161885402
2967.48933516 0.986228898806
2967.50976675 1.02430740607
2967.53019835 0.944138183044
2967.55063004 0.983568526908
2967.69365122 1.03589164602
2967.71408271 1.0403985273
2967.73451441 0.993251045326
2967.75494601 1.02360928608
2967.7753775 1.02015184287
2967.7958092 0.983785359782
2967.8162408 1.03240126405
2967.93883039 0.998218678791
2967.95926199 1.02048187799
2967.97969359 1.02672720097
2968.00012519 0.990791761109
2968.02055679 0.988274054794
2968.04098839 0.995277314993
2968.06142009 1.00618531424
2968.08185169 1.00615370766
2968.10228319 0.980079561149
2968.14314649 1.01726041727
2968.16357799 0.972050051545
2968.18400969 1.01558495368
2968.2044413 0.995244926263
2968.2248728 0.975375578156
2968.2453045 0.975538985331
2968.2657361 1.00426439421
2968.2861678 0.996717626409
2968.30659931 1.00033672
2968.32703091 1.03189992404
2968.40875742 1.00840698474
2968.42918893 1.0050200035
2968.47005224 1.02864945326
2968.49048374 0.987943938562
2968.51091535 0.990392779162
2968.53134695 1.00494046388
2968.55177856 1.01635435794
2968.57221026 1.01444942518
2968.59264187 1.02179581157
2968.61307337 0.983609178806
2968.63350508 0.990214157853
2968.65393669 0.992197035453
2968.67436819 0.994901670879
2968.6947999 1.02113574577
2968.71523151 1.00833917355
2968.73566301 0.987739951524
2968.75609472 0.958251476388
2968.77652633 0.992343712443
2968.79695803 0.987558631178
2968.91954769 1.01527067541
2968.9399792 1.01824164809
2968.9604108 0.982387029474
2968.98084251 0.991904832097
2969.00127402 1.03750092424
2969.02170573 1.00684247406
2969.04213734 1.00196788674
2969.16472701 0.99055138505
2969.18515862 1.02773402447
2969.20559024 1.02955000328
2969.22602185 1.02672956321
2969.24645356 1.00231764727
2969.26688507 1.01899894926
2969.28731669 1.01270446675
2969.3077484 0.993654216799
2969.32817991 1.02306186993
2969.34861153 0.978745694157
2969.36904324 1.00554096413
2969.38947475 1.01836335157
2969.40990637 1.0041608036
2969.43033808 0.991632858759
2969.4507696 0.99059217267
2969.47120121 0.97128125506
2969.49163293 0.895136250712
2969.51206444 0.947737990719
2969.53249616 0.989154979611
2969.55292777 0.912771430459
2969.63465424 1.0243013312
2969.65508586 0.99138480055
2969.67551747 1.00116760911
2969.69594909 1.01021283193
2969.71638081 0.969788440038
2969.73681233 1.00062892376
2969.75724405 0.969836482243
2969.9206969 1.01761859294
2969.94112862 0.998246010762
2969.96156014 1.00040628342
2969.98199186 0.992115259522
2970.00242348 0.979764343778
2970.022855 0.960225678059
2970.04328672 0.985252877958
2970.06371834 0.965621548504
2970.10458159 0.995604234056
2970.12501321 0.988788521695
2970.14544483 0.982375536384
2970.16587646 0.99828404014
2970.18630808 1.00769655331
2970.2067398 0.968508845974
2970.22717143 0.986813711814
2970.24760295 1.0008960956
2970.26803467 1.01962507854
2970.2884663 0.977618357282
2970.30889782 0.974485728387
2970.32932955 0.970049459775
2970.47235092 0.983091154267
2970.49278255 0.941932491845
2970.51321418 0.88947943862
2970.5336458 1.01083477116
2970.55407753 0.998839944078
2970.59494069 1.03277009596
2970.61537231 1.00884173587
2970.63580394 0.994817556965
2970.65623557 1.04218298472
2970.69709883 1.01538846966
2970.71753056 1.01926089937
2970.73796209 1.02492233426
2970.75839372 0.9724747374
2970.77882545 0.965311145651
2970.90141523 1.03997364472
2970.92184686 1.02919984682
2970.94227859 1.02328821503
2970.96271012 1.03492749111
2970.98314176 1.01554690499
2971.00357349 1.05302914834
2971.02400502 1.03384755035
2971.10573155 0.952302101536
2971.12616329 0.983071018555
2971.14659482 1.00633977691
2971.16702656 0.972761636921
2971.18745819 1.00047317046
2971.20788973 1.01908539461
2971.22832146 1.01448208668
2971.2487531 0.973779426057
2971.26918473 0.94479618413
2971.28961637 0.939493007292
2971.33047954 1.04174884476
2971.35091128 1.03691424853
2971.37134291 1.01038369709
2971.41220619 1.04200989871
2971.4735011 0.88775235863
2971.49393274 0.982674354955
2971.51436448 0.999554411361
2971.59609094 0.997177660702
2971.61652268 1.02498187207
2971.63695432 1.01645112657
2971.65738586 1.03885189371
2971.6778176 0.969496560651
2971.69824924 0.900331324105
2971.71868078 0.970545970499
2971.73911252 0.997363241718
2971.88213402 0.995596662884
2971.90256566 0.993102188074
2971.9229974 0.975099427913
2971.94342895 1.00141410346
2971.96386069 0.968496052928
2971.98429224 1.00597087488
2972.00472388 1.02374058997
2972.02515562 1.04835102586
2972.08645056 1.00415172599
2972.10688211 1.03236612229
2972.12731385 1.00244115466
2972.1477455 1.01379378495
2972.16817705 1.01022077987
2972.18860879 1.00307788831
2972.20904044 1.00442565063
2972.22947199 0.974346020946
2972.24990374 0.980645050445
2972.27033538 1.00533167944
2972.29076713 0.983634154716
2972.31119868 0.992408366132
2972.33163033 1.00201090635
2972.35206208 0.966158357155
2972.37249363 0.985723461633
2972.39292528 1.04407762527
2972.41335703 0.970965579919
2972.43378868 0.967988386508
2972.45422023 0.982041779844
2972.47465198 0.987476182099
2972.49508363 0.919270133073
2972.51551528 0.954889982467
2972.55637858 1.00913794834
2972.57681033 1.00977553859
2972.59724189 1.01019358564
2972.61767354 1.00072894771
2972.63810519 1.01410892897
2972.65853684 0.980610747583
2972.6789684 0.989641513001
2972.69940015 0.978176145755
2972.7198318 1.02321869039
2972.74026356 0.988135477509
2972.82199008 1.01220125199
2972.84242173 1.01949381347
2972.86285349 0.981836237885
2972.88328504 1.01503417075
2972.9037167 0.971195776302
2972.92414846 0.99920807023
2972.94458011 1.00120592816
2972.96501177 0.978197919947
2973.08760182 0.979936056003
2973.10803337 0.989680056593
2973.12846503 0.978248763909
2973.14889679 1.01174907289
2973.16932835 1.00202259148
2973.18976011 1.02434379913
2973.21019177 1.01479309428
2973.23062333 1.02208841692
2973.25105509 1.00331683872
2973.27148675 1.0202009748
2973.29191832 0.983822024907
2973.31235008 0.97963918221
2973.33278164 1.024181297
2973.3532133 0.985471999583
2973.37364506 1.00534472316
2973.39407663 0.986970071263
2973.41450839 0.961557438501
2973.43494005 0.960537234735
2973.45537161 1.00506509768
2973.5779617 0.994532907139
2973.59839337 1.0007100341
2973.61882503 0.992399454166
2973.6392568 0.999617923627
2973.65968846 1.01721700622
2973.68012003 0.996330351401
2973.7005518 0.999315340085
2973.72098346 0.993754227134
2973.74141503 1.00945836638
2973.7618468 1.03405971868
2973.78227847 0.981695076539
2973.80271003 0.989818963145
2973.8231418 1.02058606482
2973.84357347 1.01567663713
2973.86400524 0.970163221814
2973.88443681 0.979722802235
2973.92530015 0.961773447355
2974.08875362 0.978245085156
2974.10918519 0.980137180476
2974.12961686 0.982179229892
2974.15004863 0.967029306638
2974.17048031 1.00707915071
2974.19091188 1.00588082034
2974.21134365 1.00358858892
2974.23177533 1.00238209056
2974.27263868 0.99763441644
2974.29307035 1.00879206775
2974.31350213 0.992604884752
2974.3339337 0.994477420722
2974.35436538 1.00253839725
2974.37479715 0.977419957006
2974.39522873 1.0122274993
2974.41566041 0.976953395915
2974.43609218 1.02081118538
2974.45652376 0.992763042169
2974.47695544 1.01346016641
2974.49738721 0.98430319623
2974.51781879 1.04027235815
2974.53825057 0.979241487957
2974.55868225 1.01227035361
2974.57911393 0.974254228351
2974.59954561 1.0174581004
2974.61997729 1.00211494534
2974.66084065 1.0009118953
2974.68127233 0.93415317997
2974.70170391 1.0232202362
2974.78343073 1.01332321971
2974.80386241 0.971306399801
2974.84472578 0.932608714777
2974.88558924 0.956160333349
2974.90602083 1.0221497786
2974.92645251 0.95762434505
2975.04904272 0.998957000103
2975.06947441 1.04263278401
2975.08990599 0.99176086937
2975.11033778 0.995326764667
2975.13076946 1.00215267221
2975.15120115 0.983562726876
2975.17163284 1.00940231922
2975.19206453 1.04161505357
2975.21249631 1.02180732516
2975.25335959 0.99912830144
2975.27379138 1.02018770743
2975.29422297 0.992980196196
2975.31465466 1.00921063523
2975.33508645 0.99785167019
2975.35551814 1.03490822314
2975.37594973 1.01041638518
2975.39638152 0.999105701297
2975.41681311 0.989863573926
2975.53940326 0.98896725351
2975.55983505 0.987161873008
2975.58026675 1.00211113801
2975.60069834 1.00321018973
2975.62113013 0.999895548773
2975.64156183 0.986858009966
2975.68242522 1.00284558434
2975.70285691 1.01637071807
2975.72328871 1.04089813319
2975.7437203 1.01233811219
2975.764152 1.04121297299
2975.78458379 0.978371419946
2975.80501549 0.974589579572
2975.82544709 0.987199229112
2975.84587888 0.97357410022
2975.86631058 0.956672696805
2975.88674228 0.925479586399
2975.90717398 0.887803023917
2975.92760567 0.76823640006
2976.02976417 0.977144646957
2976.05019587 0.995744576619
2976.07062757 0.976670487087
2976.09105927 0.98077539194
2976.11149107 1.0215348912
2976.13192267 1.01552927926
2976.15235438 1.00614662441
2976.17278618 0.99082786484
2976.19321778 1.01692811089
2976.23408129 0.983643504412
2976.25451289 1.01712596204
2976.27494459 0.998806887604
2976.2953764 1.02332801001
2976.3362398 1.01528941048
2976.35667151 0.980576323143
2976.37710321 0.971438239822
2976.39753492 1.02010727255
2976.41796663 1.01015691987
2976.43839833 1.00253886475
2976.47926174 0.996801124114
2976.49969345 1.02161131528
2976.52012526 0.993200771754
2976.54055687 1.00918784643
2976.56098867 1.03125242606
2976.58142038 0.933744763636
2976.60185199 0.972205008989
2976.6222838 1.02118231123
2976.66314712 0.980901454055
2976.68357893 0.96768368341
2976.72444225 1.0279715151
2976.78573748 1.0388559189
2976.80616919 1.00247363822
