# #0 time, 1 flux
2905.41805738 0.994010652736
2905.43848965 0.994362592425
2905.45892193 0.994751677264
2905.47935421 0.995234127192
2905.49978648 0.995573902976
2905.52021876 0.995623152481
2905.54065103 0.996222106906
2905.58151558 0.996536348054
2905.60194785 0.996746403929
2905.62238023 0.997132082776
2905.6428124 0.997405174108
2905.66324467 0.997783303967
2905.68367704 0.997828095973
2905.70410921 0.998202782872
2905.72454158 0.998106099208
2905.74497385 0.998524027231
2905.76540602 0.998616246974
2905.78583839 0.998812217213
2905.82670282 0.999047965939
2905.84713519 0.999044182553
2905.86756735 0.999323341027
2905.88799972 0.999342371553
2905.90843198 0.999326787303
2905.92886415 0.999570725509
2905.94929641 0.999400846495
2905.96972877 0.999664218593
2905.99016103 0.999706749202
2906.0105933 0.999852165039
2906.09232234 1.0000859696
2906.1127546 1.00024177224
2906.13318695 1.0000608217
2906.15361911 1.00005255136
2906.17405137 1.00016948437
2906.19448373 1.00014543555
2906.21491588 1.0001970636
2906.23534814 1.00037946319
2906.39880626 1.00048456339
2906.43967076 1.00049095808
2906.46010301 1.00050503253
2906.48053526 1.00049492722
2906.62356099 1.00036518843
2906.64399313 1.00039375988
2906.66442548 1.00033730527
2906.68485772 1.00047197366
2906.70528986 1.00016982693
2906.7257222 1.00025531017
2906.84831564 1.00013236451
2906.86874788 0.999979315977
2906.88918022 1.00012406719
2906.90961236 1.00006096327
2906.93004459 1.00004682712
2906.95047693 0.999950566773
2906.97090917 1.00000582753
2906.9913413 0.99994902652
2907.01177363 1.0000004696
2907.052638 1.00007745613
2907.07307033 0.999972906794
2907.09350257 0.999823226772
2907.1139347 1.00001981247
2907.13436703 0.999978345127
2907.15479926 0.999903588437
2907.17523139 0.999796593487
2907.19566372 0.999745252837
2907.35912143 1.00007057811
2907.37955376 1.00006367682
2907.39998598 1.00014918572
2907.42041821 1.00004838555
2907.44085043 0.999970944323
2907.46128265 0.999905045417
2907.48171497 0.999988906277
2907.50214709 0.999892108968
2907.52257931 0.999967838861
2907.54301163 1.00013986041
2907.56344375 1.00004318549
2907.58387597 1.00010694973
2907.60430829 1.00012300377
2907.62474041 1.00003231411
2907.64517263 0.999761059783
2907.66560494 1.00015555138
2907.68603706 1.00050188127
2907.70646927 1.0000749357
2907.72690159 1.0001381531
2907.7473337 1.00014685516
2907.78819823 0.999974113714
2907.80863044 0.999982585034
2907.82906256 1.00007531575
2907.84949487 1.00010147923
2907.86992708 1.00005677717
2907.89035919 1.00014688445
2907.9107915 1.00005822105
2907.93122371 1.00015386188
2907.95165582 1.00006011151
2908.07424906 0.999942896919
2908.09468137 1.0000516459
2908.11511347 1.00027856017
2908.13554567 1.00011123314
2908.15597798 1.00012446762
2908.17641018 1.00008585112
2908.19684238 1.00019180684
2908.21727458 1.00013869681
2908.29900339 0.99997778349
2908.31943569 0.999720644333
2908.33986778 1.00003331554
2908.36029998 0.999745527128
2908.38073228 1.00009825919
2908.40116438 0.999894256545
2908.42159657 0.999779002724
2908.44202887 0.999665669666
2908.46246096 1.00007434252
2908.48289316 0.999765468808
2908.52375755 0.999976960359
2908.54418974 1.00014811146
2908.56462203 1.00002025206
2908.58505413 0.999893108288
2908.60548632 1.00001913964
2908.62591861 1.00006464852
2908.6463508 0.99991996502
2908.66678289 0.999921441013
2908.68721518 1.00004358919
2908.70764737 1.00015511743
2908.72807945 0.999960590234
2908.74851174 1.00006242934
2908.76894393 1.00006276905
2908.78937602 1.00012852224
2908.8098083 1.0000473957
2908.83024049 1.00017605778
2908.85067257 1.00001395814
2908.87110486 1.00010259925
2908.89153694 1.00021813781
2908.91196912 1.00017685208
2909.07542667 1.00025075711
2909.09585885 1.00004112523
2909.11629103 0.999983559784
2909.13672321 1.00022375056
2909.15715548 1.00016143393
2909.17758756 1.0002309848
2909.19801974 1.00000923686
2909.21845201 1.00030360365
2909.25931626 1.00017310365
2909.27974853 1.00054765318
2909.30018061 1.00030327228
2909.32061278 1.00007523129
2909.34104505 1.00006921093
2909.36147712 1.00024022868
2909.38190929 1.00042352942
2909.40234157 1.00041975462
2909.42277364 1.00025082019
2909.4432058 1.00030002209
2909.46363807 1.0000190058
2909.50450231 1.00012815444
2909.52493458 0.999993142757
2909.54536674 1.00012576281
2909.56579881 0.999948204922
2909.58623108 1.0002859367
2909.60666314 1.00010619372
2909.62709531 0.999914132383
2909.64752757 1.00005388468
2909.66795963 1.00013802802
2909.6883918 1.00009595834
2909.70882406 0.99999546455
2909.74968828 0.999819138301
2909.77012054 0.999960627059
2909.7905526 0.999891894681
2909.81098476 0.999832016409
2909.83141702 1.00013561331
2909.85184918 1.00005075307
2909.87228124 0.999951028241
2909.8927135 0.999880148233
2909.91314565 0.999923204077
2909.93357771 0.999718888783
2909.95400997 0.999953853482
2909.97444212 0.999977059709
2909.99487418 0.999823499084
2910.01530643 1.00014134493
2910.03573859 1.00005218682
2910.05617084 1.00010075627
2910.07660289 1.00008235554
2910.09703504 1.00020746759
2910.1174673 1.00008896303
2910.13789935 1.00012473406
2910.1583315 1.00004960744
2910.17876375 1.00011006371
2910.1991958 1.00016287937
2910.2400602 1.00001148355
2910.26049224 1.00016472068
2910.28092439 1.00008309359
2910.30135664 1.00031562966
2910.32178869 1.00026419195
2910.34222083 0.999950515641
2910.36265308 1.00018991179
2910.38308512 1.00014173281
2910.40351727 1.00000917832
2910.42394951 1.00004508168
2910.44438155 1.00023919671
2910.48524594 0.999994292946
2910.50567798 1.00004319953
2910.52611012 0.999841810764
2910.54654236 1.00006412119
2910.5669744 1.00008699688
2910.58740654 1.00020662484
2910.60783878 1.00002538233
2910.62827082 1.00022494735
2910.64870296 1.00005924042
2910.6691352 0.999934842973
2910.68956733 1.00029608113
2910.73043161 1.00001417459
2910.75086374 0.999935636674
2910.77129578 0.99993167914
2910.79172801 1.00011615989
2910.81216014 1.00001364247
2910.83259218 0.999835285312
2910.85302441 1.00023008913
2910.87345654 1.00012438209
2910.89388858 1.00041474783
2911.01648145 1.00011903997
2911.03691358 0.999961641428
2911.05734571 0.999945796015
2911.07777784 0.99975332357
2911.09820996 0.999851529442
2911.11864209 0.999868094038
2911.13907422 0.999998495325
2911.15950634 1.00000736368
2911.17993846 0.999867462254
2911.22080271 0.999673238299
2911.24123484 1.00000090576
2911.26166706 1.00009836149
2911.28209908 1.00004698121
2911.3025312 0.999901454424
2911.32296342 0.999851106305
2911.34339544 0.999946409089
2911.36382756 1.0000833311
2911.38425978 1.00003944856
2911.4046918 1.00005633454
2911.42512392 1.000291655
2911.44555614 1.00015674612
2911.46598815 0.999930206856
2911.48642027 1.0003230719
2911.5272846 1.00010390858
2911.54771662 0.999953127856
2911.56814883 0.999997503505
2911.58858095 1.00013679038
2911.60901296 1.00020442246
2911.77246995 0.999641037067
2911.79290196 0.999901480573
2911.81333417 0.999891078106
2911.83376627 0.999842136121
2911.85419828 0.999701574463
2911.87463049 0.999891890044
2911.89506259 0.999956796501
2911.9154947 1.00019440641
2911.93592681 0.999947902565
2911.95635891 0.999831431794
2911.97679091 1.00004054278
2911.99722312 1.00004809247
2912.01765522 0.99988371108
2912.03808722 0.999735055302
2912.05851943 1.00011935884
2912.07895153 1.00015042806
2912.09938353 1.00007567393
2912.11981573 1.00023521082
2912.14024783 1.00012113785
2912.16067983 1.00005105243
2912.18111203 1.00002537155
2912.20154413 1.00006761804
2912.22197623 1.00013541837
2912.24240832 1.00012590772
2912.26284042 0.999988701773
2912.28327252 1.00016328323
2912.30370461 0.999932753664
2912.32413671 0.999990826508
2912.3445688 0.999934705552
2912.50802554 0.999464076568
2912.52845774 0.999673915552
2912.54888983 1.00029692601
2912.56932181 0.999808444913
2912.589754 0.999456186039
2912.61018599 0.999583055782
2912.63061808 0.999737248959
2912.65105027 0.999600434992
2912.69191434 0.999819641158
2912.71234653 0.999823197586
2912.73277861 0.999819305202
2912.7532106 0.999904006278
2912.77364278 0.999896260499
2912.79407486 0.999701525374
2912.81450685 0.999756926457
2912.83493903 0.999922110528
2912.85537111 0.999701252536
2912.87580309 0.999738082055
2912.89623528 0.999837653387
2912.91666736 0.999957130021
2912.93709934 0.999702218693
2912.95753152 1.00001909096
2912.9779636 1.00005881655
2912.99839557 0.999940238394
2913.01882775 1.00012420408
2913.03925983 0.999906565129
2913.05969191 0.999989738707
2913.08012398 1.00000538172
2913.10055606 1.00017109105
2913.12098814 0.99984678901
2913.18228436 1.00011783829
2913.20271653 1.00002081544
2913.22314851 1.00015111747
2913.24358058 1.0000677303
2913.26401275 1.00029058295
2913.28444472 1.00005246938
2913.30487679 1.00015261082
2913.32530897 1.00020972145
2913.34574094 1.00001622295
2913.36617301 1.00012739157
2913.38660507 1.00033076242
2913.40703714 1.00002190898
2913.42746921 1.00015312881
2913.44790128 0.999913821745
2913.46833335 1.00021064568
2913.48876541 1.000244883
2913.50919748 1.00009736156
2913.52962954 1.00005504954
2913.55006161 1.00033847285
2913.57049377 1.00035544631
2913.59092574 1.0005086146
2913.6113579 1.0002159221
2913.69308615 1.00013645598
2913.71351811 1.00001316845
2913.73395027 0.999985595196
2913.75438233 0.999879379955
2913.77481429 0.99988675927
2913.79524645 0.999800288992
2913.81567851 0.999999030726
2913.83611047 0.999768642988
2913.85654263 1.00003717005
2913.87697468 0.999864046179
2913.89740674 0.99973773885
2913.9178388 0.999786494512
2913.93827085 0.999981802073
2913.95870291 0.99987162996
2913.97913496 0.999926068937
2913.99956702 0.999794909213
2914.01999907 0.999808954827
2914.04043122 0.999806742288
2914.06086318 0.999851711512
2914.08129523 0.999811038311
2914.10172728 0.999992155235
2914.12215933 0.999731609072
2914.14259138 0.999842609185
2914.16302343 0.999760865511
2914.18345548 0.999962435704
2914.20388743 0.999705712062
2914.22431958 0.999864713028
2914.24475163 0.999990355817
2914.26518367 0.999987027962
2914.28561572 1.00059579313
2914.30604777 0.999738374788
2914.32647981 0.999687018724
2914.34691186 0.999935947259
2914.36734391 1.0000842381
2914.38777595 0.99985917472
2914.40820809 0.999812209435
2914.42864004 0.999932035419
2914.44907208 0.999843507488
2914.46950422 0.999956621444
2914.48993617 0.999899314598
2914.51036821 1.00002722725
2914.53080035 1.00002184574
2914.55123229 1.00014915723
2914.7146887 1.00004760569
2914.73512074 0.999618075839
2914.75555277 0.999962728739
2914.77598481 0.999768716023
2914.79641684 1.00000563314
2914.81684888 0.999986667072
2914.83728091 1.00013260268
2914.85771294 1.00027224662
2914.87814498 1.00023507522
2914.89857701 1.00025365884
2914.91900904 1.00008795986
2914.93944107 1.00026546405
2914.9598731 1.00009279457
2914.98030503 1.00041304969
2915.00073716 1.00038170385
2915.02116919 1.00033383782
2915.04160112 1.00032522794
2915.06203325 1.00043500766
2915.08246528 1.00036283726
2915.18462541 0.99998601328
2915.20505744 1.00002786661
2915.22548946 1.00018766034
2915.24592159 0.99980695887
2915.26635351 1.00021726648
2915.28678553 1.00014490037
2915.30721765 0.999993494761
2915.32764958 1.00011545713
2915.3480816 1.00002183877
2915.36851372 0.999986389579
2915.38894564 1.00001168372
2915.40937766 1.00004137198
2915.42980978 0.999985327531
2915.4502417 1.0000406793
2915.47067372 1.00002604511
2915.49110584 1.00011626384
2915.51153776 0.999994933872
2915.53196977 1.00001665409
2915.55240189 1.0000303138
2915.57283391 0.999904175869
2915.59326582 1.00021498992
2915.61369794 0.999951213488
2915.63412995 1.00008958
2915.71585791 0.999928148251
2915.73629002 1.00003516996
2915.75672193 0.999827645422
2915.77715394 1.00013456321
2915.79758605 1.00019710186
2915.81801796 1.00007315526
2915.83844997 1.00003947449
2915.85888208 0.99982835488
2915.87931399 1.00001358272
2915.8997461 0.999801842333
2915.92017811 0.999895094668
2915.94061012 0.999935083831
2915.96104213 1.00009168085
2915.98147413 0.999941254593
2916.00190614 1.00000880303
2916.02233814 0.999863852391
2916.04277015 0.999770263623
2916.06320215 0.999917129272
2916.08363426 1.00006341567
2916.10406616 1.00007755198
2916.12449817 1.00011939821
2916.14493027 1.00000229664
2916.16536217 0.999935998081
2916.18579417 0.999947391043
2916.20622628 0.999992407281
2916.22665818 1.0001451902
2916.24709018 1.00000314263
2916.26752228 1.0000379742
2916.28795418 1.00005237928
2916.30838618 1.00008476164
2916.32881827 1.00014130658
2916.34925017 0.9999360471
2916.36968217 1.00008569942
2916.39011417 1.00014818014
2916.41054626 1.00021433959
2916.43097816 0.999934470755
2916.45141026 1.00015562186
2916.47184215 1.00009338472
2916.49227415 1.00009842982
2916.51270624 0.999928292676
2916.53313813 1.00014321771
2916.55357013 1.00001719328
2916.57400222 1.00002928325
2916.59443411 1.00014028251
2916.61486611 1.00007694892
2916.6352982 1.00002797437
2916.65573009 0.999916366603
2916.67616208 1.00001777513
2916.69659417 0.999890173266
2916.71702606 1.00005873446
2916.73745805 1.00003741339
2916.75789014 1.00008489437
2916.77832212 1.00008881966
2916.79875401 0.999932020516
2916.8191861 0.999934009707
2916.83961809 1.00020216149
2916.86004997 0.99992901854
2916.88048206 0.999802482819
2916.90091404 0.999598926515
2916.92134613 0.999957728696
2916.94177801 0.999896714119
2916.96221 0.999819784108
2916.98264208 1.00001082991
2917.00307396 0.999782548775
2917.02350595 0.999892950831
2917.04393803 1.00003461271
2917.06436991 0.999896897436
2917.10523387 1.00042349326
2917.12566585 1.00046736233
2917.14609783 1.00050049393
2917.16652981 1.00024357726
2917.18696179 1.00028141759
2917.20739377 1.00000099784
2917.22782575 1.00002581913
2917.24825772 1.00007550336
2917.2686897 0.999998102345
2917.28912178 1.00014438324
2917.30955365 1.0000947286
2917.32998563 0.999962197947
2917.3504177 0.999888096981
2917.37084958 0.999997938696
2917.39128155 0.999894925033
2917.41171363 1.0000204056
2917.4321455 1.00013277995
2917.45257747 0.999969235054
2917.47300954 0.999898975117
2917.49344142 0.999825750918
2917.51387339 0.999900293083
2917.53430546 0.999865458431
2917.55473733 1.00010325458
2917.5751693 0.99984687854
2917.59560137 0.999914151576
2917.61603334 1.0000629491
2917.63646521 1.00008897744
2917.65689727 0.999857550384
2917.67732924 0.999985224449
2917.69776111 1.00000598943
2917.71819318 0.999725232831
2917.73862514 0.999851632984
2917.75905701 1.00022824029
2917.77948907 1.00015217834
2917.79992104 1.00000277321
2917.8203529 1.0000324859
2917.84078497 0.99998148398
2917.86121693 1.00018262627
2917.88164879 1.00004891729
2917.90208086 1.00006028834
2917.92251282 1.00014846601
2917.94294478 1.00002455151
2917.96337674 0.999985405388
2917.9838087 0.999970365809
2918.14726437 1.00005747019
2918.16769633 0.99996653953
2918.18812838 0.999879736901
2918.20856024 1.00007016644
2918.22899219 1.000110835
2918.24942425 0.999926106356
2918.2698561 0.999928357202
2918.29028806 0.999935558469
2918.31072011 0.999916924137
2918.33115196 1.00013539215
2918.35158392 1.00005688037
2918.37201597 1.00000767959
2918.39244782 0.999838026595
2918.41287977 1.00002761347
2918.43331182 0.999901137041
2918.45374377 1.00003362736
2918.47417562 1.00019447597
2918.49460767 0.999936026947
2918.51503962 1.000019025
2918.53547147 0.999965018581
2918.55590351 0.999802823872
2918.57633546 1.00017937135
2918.59676731 1.00017469402
2918.61719936 1.00009185395
2918.6376313 1.00005539179
2918.65806315 0.999889282757
2918.67849519 0.999881709222
2918.69892704 1.0000180546
2918.71935898 0.999922327054
2918.73979103 0.999984577881
2918.76022287 0.999930109877
2918.78065481 1.00007331214
2918.80108685 1.00003641457
2918.8215188 1.00004764647
2918.84195064 0.999949163585
2918.86238268 0.999871121375
2918.88281462 1.00005233891
2918.90324646 0.999962272338
2918.9236785 1.00025578472
2918.94411044 0.999856409124
2918.96454228 1.00010238006
2918.98497432 1.00014787419
2919.00540625 0.999970154948
2919.02583829 1.00005448874
2919.06670206 0.999851683386
2919.0871341 1.0000012232
2919.10756594 1.00011582314
2919.12799787 1.00002985451
2919.14842991 1.00021384069
2919.16886174 1.00020662688
2919.18929368 0.99995890541
2919.20972571 0.999932921786
2919.37318106 1.00009212116
2919.39361309 0.99993189812
2919.41404502 0.999928204549
2919.43447685 1.00000119286
2919.45490888 1.00005103552
2919.4753407 1.00017465632
2919.49577263 0.999717512803
2919.51620466 1.0001136947
2919.53663648 0.999764138459
2919.55706841 1.00004856288
2919.57750043 0.999912601149
2919.59793226 0.999807128017
2919.61836418 0.999826581993
2919.63879621 1.00003112027
2919.65922813 0.999999135954
2919.67965995 1.00002059679
2919.70009198 0.999840676736
2919.7205239 0.999969530537
2919.74095572 1.00005075502
2919.76138774 0.999906832906
2919.78181966 0.999960642943
2919.80225148 0.999960081379
2919.8226835 0.999863462384
2919.84311542 1.00000368851
2919.86354724 0.99994160774
2919.88397926 1.00029873489
2919.90441118 0.999965148589
2919.924843 1.0001963307
2919.94527502 1.00006073783
2919.96570693 0.999973318259
2919.98613875 0.999987114135
2920.00657077 1.00029199654
2920.02700268 0.999871853513
2920.0474347 1.00001772436
2920.06786651 1.00006956172
2920.08829843 0.999937099279
2920.10873034 1.00008858668
2920.12916235 0.99992946479
2920.14959417 1.00003138517
2920.17002608 1.00018734587
2920.19045799 1.00007924354
2920.2108899 1.00017327153
2920.23132191 1.00003899175
2920.25175372 0.999860357434
2920.29261765 0.999998199254
2920.31304945 0.999999068226
2920.33348136 1.00006569852
2920.35391337 0.999964715461
2920.37434518 1.00012997243
2920.39477709 1.00012593494
2920.4152091 0.999949869101
2920.4356409 0.999986906982
2920.59909624 1.00018814994
2920.61952815 1.00016230426
2920.63995995 1.000066394
2920.66039195 0.999972033807
2920.68082385 1.00005330765
2920.70125565 1.00002907177
2920.72168765 1.00019837606
2920.74211955 1.00009425146
2920.76255135 1.0001158977
2920.78298335 1.00023699517
2920.80341525 0.999986107604
2920.82384705 0.999934499111
2920.84427905 0.999500715638
2920.86471095 0.999801029456
2920.88514284 0.999902029938
2920.90557474 0.999958847195
2920.92600664 0.999910264127
2920.94643843 0.999926754484
2920.96687043 1.00009897011
2920.98730233 0.999983067093
2921.02816611 0.999726272517
2921.04859801 0.999951821321
2921.0690298 0.999862841923
2921.08946179 1.00006009252
2921.10989369 0.999849538316
2921.13032548 0.999821085605
2921.15075747 1.00017615732
2921.17118936 0.99999975189
2921.19162135 1.0000984276
2921.21205314 0.999832642392
2921.23248503 1.00010080957
2921.25291702 0.999979621147
2921.27334881 0.999982906246
2921.2937807 1.00005602773
2921.31421269 1.00020088582
2921.33464458 0.999984668312
2921.35507637 0.9999703413
2921.37550835 1.00020471092
2921.39594024 1.00008052901
2921.41637203 0.999767016075
2921.43680401 1.00001845666
2921.4572359 1.0000084484
2921.47766768 1.00004164583
2921.49809385 1.00023066945
2921.51853152 0.999912411953
2921.53896331 0.999947745635
2921.55939529 0.999986724562
2921.57982717 0.999953569982
2921.60025896 1.00014624678
2921.62069094 1.00017816247
2921.64112282 0.999938576261
2921.6615546 1.00016691452
2921.68198658 1.00017710928
2921.70241846 0.999992961002
2921.72285034 0.999813596068
2921.7637141 1.00009361797
2921.78414598 0.999913390898
2921.80457796 0.999929307485
2921.82500973 1.00008068581
2921.84544161 0.999949275616
2921.86587359 1.00008469202
2921.88630537 0.999975908383
2921.90673724 1.00013976826
2921.92716922 0.99999307564
2921.94760099 1.00000335578
2921.96803287 0.999913490579
2922.00889662 0.999953514203
2922.02932849 1.00006916438
2922.04976036 1.00008961658
2922.07019223 0.999875287827
2922.09062411 1.00005204681
2922.11105598 1.00002081692
2922.13148785 1.00007647701
2922.31537467 1.00001762373
2922.33580664 1.00006913022
2922.35623851 1.0000690285
2922.37667027 1.00001522872
2922.39710224 1.00004068764
2922.41753411 0.999887418509
2922.43796587 1.000106043
2922.45839784 0.999998083593
2922.4788297 1.0000211108
2922.49926146 0.999897021097
2922.51969343 1.00005617464
2922.54012529 0.999856631636
2922.56055715 0.999830778091
2922.58098902 0.999765630423
2922.60142088 0.999589218054
2922.62185274 0.999815736638
2922.6422847 0.999860545247
2922.66271646 0.999886019803
2922.68314832 0.999853830257
2922.70358028 1.00002596704
2922.7444439 0.999792515379
2922.76487586 0.999902359946
2922.78530762 1.00007541422
2922.80573947 1.00014987651
2922.82617133 0.999753735924
2922.84660319 0.999765417616
2922.86703504 0.999967035953
2922.8874669 0.999607871791
2922.90789876 0.999882830185
2923.05092173 1.00032049217
2923.07135369 1.00025316167
2923.09178544 1.00009290553
2923.11221729 1.00022202382
2923.13264924 1.00012359063
2923.15308099 1.00003857274
2923.17351294 1.00011445678
2923.19394479 1.00013747638
2923.23480849 1.00010540835
2923.25524034 0.999991042241
2923.27567209 0.999773530575
2923.29610404 1.00026400615
2923.31653588 1.00014719626
2923.33696763 1.00002839469
2923.35739958 1.00013344902
2923.37783142 0.999950417992
2923.39826327 0.999998942288
2923.41869511 0.999915078892
2923.43912696 0.999944935174
2923.4595588 0.999865631203
2923.47999075 0.999810571085
2923.50042249 0.999852852146
2923.52085434 0.999859976446
2923.54128618 0.999950404531
2923.56171802 0.999979355627
2923.58214986 0.999850764757
2923.60258171 0.999902701382
2923.62301355 1.0000867086
2923.64344539 0.999886023098
2923.76603643 0.999886880146
2923.78646826 1.00001641453
2923.8069001 0.99975691223
2923.82733194 0.999895107182
2923.84776388 0.999927789845
2923.86819561 1.00003433218
2923.88862745 0.999985560547
2923.90905938 0.99998794652
2923.92949112 1.00000127018
2923.94992295 0.999966867169
2923.97035489 0.999796854491
2923.99078662 0.999912229217
2924.01121846 0.999739299584
2924.03165039 1.00003856226
2924.05208212 1.00008840186
2924.07251396 1.00014925654
2924.09294589 0.999891301495
2924.11337762 0.999957225913
2924.13380955 0.999797479743
2924.25640053 0.999833214778
2924.27683236 1.00000599287
2924.29726419 1.00011399906
2924.31769602 1.00000890141
2924.33812784 1.00004272286
2924.35855967 1.0002595211
2924.52201427 1.00008272426
2924.542446 1.00019596466
2924.56287792 1.00015156479
2924.58330974 1.00002652732
2924.60374156 1.00045722848
2924.62417339 1.00041082874
2924.64460521 1.00021587261
2924.66503703 1.00020429174
2924.68546895 0.999583449988
2924.70590067 0.999957202554
2924.72633249 0.999848227011
2924.74676441 0.999833911474
2924.76719613 0.999889808031
2924.78762795 1.00006540509
2924.80805987 1.00018127449
2924.82849158 1.00008546174
2924.8489234 1.00009352362
2924.86935532 1.00008841125
2924.88978704 1.00008522159
2924.9715143 1.0002652897
2924.99194621 1.00024979756
2925.01237793 1.00014946331
2925.03280984 0.999950888006
2925.05324166 1.0001985273
2925.07367347 1.00000153798
2925.09410528 1.00018261543
2925.1145371 1.00006082581
2925.13496881 1.00010840962
2925.21669615 1.00000055541
2925.23712796 0.999861033167
2925.25755967 0.999854838342
2925.27799158 0.999966095269
2925.29842339 1.00006045219
2925.3188551 0.999777326283
2925.33928701 0.999621698666
2925.35971882 0.999530912698
2925.38015052 0.999781312773
2925.40058243 0.999881156201
2925.42101424 0.999622408928
2925.44144604 0.999792484228
2925.46187785 0.999578486769
2925.48230966 0.9999578495
2925.50274146 1.00059382418
2925.52317337 0.999841392749
2925.54360507 0.999902949842
2925.56403687 1.00012091229
2925.58446878 0.999990150929
2925.60490048 1.00003344821
2925.62533228 0.999981126537
2925.64576419 0.999849863576
2925.68662769 0.999819575833
2925.70705959 0.999968369852
2925.72749129 1.00016780027
2925.74792309 0.999973129837
2925.76835499 0.999955676616
2925.78878669 1.0001447223
2925.80921849 1.00009674568
2925.82965029 0.999993518223
2925.85008209 0.999950867346
2925.97267288 1.00001647622
2925.99310477 1.00018476237
2926.01353657 1.00012502546
2926.03396826 1.00001072212
2926.05440016 1.00027249469
2926.07483195 1.00015989803
2926.09526365 0.999935559171
2926.11569554 1.00009011125
2926.13612733 0.999874046156
2926.15655903 1.00015269994
2926.17699092 1.00014807541
2926.19742271 1.00016899806
2926.2178544 1.00013346507
2926.2382863 1.00005324018
2926.25871809 1.00004052753
2926.27914988 1.00029360476
2926.29958167 1.00004676933
2926.32001346 1.00005207602
2926.34044525 1.00009195457
2926.36087714 0.999934396039
2926.38130883 1.00005982777
2926.4221725 1.00002822833
2926.44260419 0.999902791844
2926.46303598 1.00003839024
2926.48346787 0.999957799057
2926.50389955 0.999857582516
2926.52433134 1.00007655852
2926.54476313 0.999917223616
2926.56519491 1.00007862358
2926.72864918 1.00002571484
2926.74908097 0.999931617091
2926.76951275 0.999934526867
2926.78994463 0.999871859131
2926.81037631 0.999752721481
2926.83080819 1.00015806422
2926.85123997 1.00007146493
2926.87167165 0.99990792161
2926.91253531 1.00003358065
2926.93296699 0.999966937126
2926.95339887 1.00001886366
2926.97383065 0.99991892079
2926.99426232 1.00021608452
2927.0146942 0.999976440913
2927.03512598 0.999938555365
2927.05555766 1.00007066606
2927.07598953 0.99994699698
2927.09642131 0.99994619501
2927.11685308 0.999895966223
2927.13728486 0.999747445875
2927.15771663 0.999854654683
2927.17814841 1.0000559947
2927.19858028 1.00015175481
2927.21901196 0.999943185273
2927.23944373 0.999737239352
2927.2598756 0.999832716401
2927.28030728 0.999788045445
2927.30073905 0.999762853157
2927.46419321 1.00006549506
2927.48462498 0.999909739695
2927.50505675 0.999761142559
2927.52548852 0.999801563919
2927.54592029 0.99993260069
2927.56635206 1.00005742011
2927.58678382 1.00018324574
2927.60721559 0.999975429878
2927.62764746 0.999849954145
2927.64807912 0.99995832086
2927.66851099 0.999959490651
2927.68894276 0.999770236105
2927.70937442 0.999816434535
2927.72980629 1.00013590082
2927.75023805 1.00005660822
2927.77066971 1.00006201708
2927.79110158 0.999922147147
2927.95455568 1.00024974495
2927.97498744 0.99985291428
2927.9954192 1.00000428919
2928.01585096 1.00004229413
2928.03628272 1.00006685051
2928.05671447 1.00014843089
2928.07714623 1.00011072823
2928.09757799 1.00004477238
2928.11800975 0.99988442593
2928.13844141 1.00008050502
2928.15887326 0.999937631272
2928.17930502 1.00012402509
2928.19973668 0.999946682384
2928.22016853 0.999827876432
2928.24060029 0.99975263311
2928.26103195 0.999932034253
2928.2814638 0.999846472417
2928.44491783 1.00004711073
2928.46534968 0.999802251897
2928.48578133 0.999636363951
2928.50621319 1.00006177303
2928.52664494 0.999822586412
2928.54707659 1.00009127845
2928.56750844 1.0000739787
2928.58794019 0.999988357561
2928.60837184 0.999878727181
2928.62880369 0.999865409717
2928.64923544 0.999982983556
2928.66966708 0.999794416046
2928.69009893 0.999908253622
2928.71053068 1.00015590501
2928.73096233 1.00005361649
2928.75139418 1.00004663845
2928.77182592 1.00013584243
2928.79225767 0.999949487603
2928.91484804 1.00028680625
2928.93527988 1.00061889816
2928.95571163 1.00033322755
2928.97614327 1.00032704389
2928.99657511 1.00016840333
2929.01700686 1.00026763599
2929.0374385 1.00012543677
2929.05787034 1.00003238556
2929.07830208 1.00022357944
2929.11916557 0.999956238437
2929.13959731 0.99974973995
2929.16002905 0.999987562573
2929.18046079 1.00004457302
2929.20089253 1.00005835404
2929.22132427 0.999798478989
2929.241756 0.999711223395
2929.26218774 0.999815696498
2929.42564174 1.00006581253
2929.44607338 1.00021125621
2929.46650521 1.00001926119
2929.48693695 0.999950845429
2929.50736858 1.00012746474
2929.52780041 1.00006557707
2929.54823205 0.999832687148
2929.56866378 0.999947913991
2929.58909562 0.999973113679
2929.60952725 1.00003644106
2929.62995898 0.999912917111
2929.65039081 0.999904682064
2929.67082254 0.999894099921
2929.69125418 1.00022891889
2929.71168601 1.00001020546
2929.73211774 0.999990921371
2929.75254937 0.999980678951
2929.7729812 0.99994889902
2929.79341293 0.999853331012
2929.81384456 0.999869610715
2929.85470812 1.00008535686
2929.87513974 1.00007890552
2929.89557157 0.999874210212
2929.9160033 0.999969375022
2929.93643493 0.999857052429
2929.95686676 1.00003622101
2929.97729848 1.00003661182
2929.99773021 1.00004078295
2930.01816193 0.999894638413
2930.14075238 1.00016248505
2930.16118401 0.999875077309
2930.18161583 0.999921679858
2930.20204756 1.00002962387
2930.22247918 1.00005278107
2930.242911 1.00004115719
2930.26334272 0.9998736163
2930.28377434 0.999983616937
2930.36550133 1.00006991602
2930.38593295 1.00005666926
2930.40636467 0.999933731994
2930.42679649 0.999660033955
2930.44722811 0.99997456182
2930.46765983 1.00004319934
2930.48809164 1.0000172461
2930.50852336 1.00005720947
2930.52895498 1.00016370351
2930.5493868 0.999993044269
2930.56981852 1.00007009822
2930.59025013 0.999835785726
2930.61068195 0.999718330848
2930.63111367 1.00003181804
2930.65154528 0.999904267633
2930.6719771 0.99989432714
2930.69240881 1.00007824887
2930.71284043 0.999934499714
2930.73327224 0.999406523812
2930.89672595 1.00033566496
2930.91715766 0.999940672788
2930.93758937 1.00007516782
2930.95802118 1.00007462056
2930.97845289 1.0000120667
2930.9988845 1.0001418693
2931.14190657 1.00036256324
2931.16233818 1.00023882902
2931.18276988 1.00034826137
2931.20320169 0.999961253184
2931.2236333 1.00013586787
2931.244065 1.00023083161
2931.26449681 1.0001079853
2931.28492842 0.999990589094
2931.30536012 0.999983339768
2931.32579193 0.999880436266
2931.34622363 1.0000285815
2931.36665524 1.000064063
2931.38708704 1.00020799803
2931.40751875 0.999974178472
2931.42795035 0.999994194235
2931.44838215 1.0001465934
2931.46881386 1.00000292514
2931.63226747 0.999999458982
2931.65269917 0.999923485172
2931.67313087 1.00012486749
2931.69356257 0.999813209373
2931.71399427 1.000017872
2931.73442597 0.999647854904
2931.85701626 0.999707603939
2931.87744785 0.999763917783
2931.89787955 0.99976322139
2931.91831135 1.00000200857
2931.93874294 0.99986974484
2931.95917464 0.999852945919
2932.12262819 0.999975381636
2932.14305989 0.99974057449
2932.16349168 0.99977386599
2932.18392337 0.999630945575
2932.20435496 0.99986237803
2932.22478675 0.999969876161
2932.24521845 0.999916160517
2932.26565004 0.999868797589
2932.28608183 1.00007155749
2932.30651352 0.999430328448
2932.32694511 0.999556736279
2932.3473769 0.999566217088
2932.36780859 0.999941446429
2932.38824018 0.999934867747
2932.40867197 0.99990482613
2932.42910365 1.00020103011
2932.44953524 0.999875836028
2932.61298884 0.999921651106
2932.63342052 1.00005163796
2932.65385221 0.999842334702
2932.67428389 0.999973325245
2932.69471568 1.00019776764
2932.71514726 1.00002748372
2932.73557895 1.00014233413
2932.75601073 0.999853290052
2932.81730578 1.00026443949
2932.83773736 1.00033453915
2932.85816905 1.00018642334
2932.87860083 1.00030170898
2932.89903241 1.00012402024
2932.91946409 0.999972846487
2932.93989587 1.00007489642
2932.96032745 1.00001657335
2932.98075913 1.00016100286
2933.00119091 1.00008936538
2933.02162259 0.999819122392
2933.04205417 1.00005178181
2933.06248595 1.00038178111
2933.08291763 1.00028590416
2933.10334921 1.00012869396
2933.12378099 1.00027920711
2933.14421267 0.999994566784
2933.16464424 0.999971925315
2933.18507602 0.999982395043
2933.2055077 1.00016682289
2933.22593928 0.999984080598
2933.24637105 1.00012735099
2933.2872343 1.00019070781
2933.30766608 1.00007090267
2933.32809766 1.00015910177
2933.34852943 1.00030268277
2933.36896111 1.00021533308
2933.38939278 0.999839733105
2933.40982445 1.0001343678
2933.43025613 1.00018814573
2933.59370961 1.00021683786
2933.61414118 1.0001003494
2933.63457285 0.999885327093
2933.65500462 0.999810150335
2933.67543619 0.999998276494
2933.69586786 0.999906360448
2933.71629963 0.999827796034
2933.7367312 0.999813987532
2933.77759464 0.999864988704
2933.79802621 0.999783225837
2933.81845788 0.999906909084
2933.83888965 0.999970795876
2933.85932132 1.00021556923
2933.87975288 0.999912463391
2933.90018465 0.999859500723
2933.92061632 0.999914990322
2933.94104788 0.999897508106
2933.96147965 0.999831275964
2933.98191132 0.999978392714
2934.02277465 1.00007924883
2934.04320621 0.999977849018
2934.06363788 0.999930664308
2934.08406964 0.99993635913
2934.10450121 1.00003437454
2934.12493297 1.00006516783
2934.14536464 0.999852860207
2934.1657962 0.999962104861
2934.18622796 0.999886646125
2934.20665963 0.999888938376
2934.28838628 0.999826202059
2934.30881794 1.00010674559
2934.3292496 1.00027306907
2934.34968126 1.00021081298
2934.37011302 1.0001008579
2934.39054458 1.00014271139
2934.41097624 1.00009240043
2934.431408 1.00009462092
2934.45183956 0.999951292785
2934.47227122 1.00006339869
2934.49270298 0.99999994897
2934.51313454 1.00017847552
2934.5335662 0.999823147654
2934.55399796 0.999962059685
2934.57442951 1.00000680071
2934.59486117 0.999922679458
2934.61529293 1.00004137027
2934.63572449 0.999943252639
2934.65615614 0.9996454858
2934.81960939 1.00001671183
2934.84004114 1.00012212621
2934.8604728 1.00011837703
2934.88090435 1.00004933789
2934.90133611 1.00012997662
2934.92176776 0.999764781403
2934.94219931 0.99973114582
2934.96263107 1.00001806556
2935.00349427 1.00014051619
2935.02392602 1.00021428881
2935.04435767 0.999941274206
2935.06478923 1.00000069163
2935.08522098 1.00018984134
2935.10565263 0.999982071451
2935.12608428 0.999933652052
2935.14651593 0.999845366944
2935.16694758 1.00000987634
2935.18737923 0.999857374291
2935.20781098 0.999855879576
2935.24867418 0.999943221042
2935.26910592 0.999908049653
2935.28953747 0.999886454613
2935.30996912 0.999941469727
2935.33040087 1.00033955787
2935.35083242 1.00003545123
2935.37126406 1.00003498443
2935.39169581 0.999874161424
2935.55514898 1.00011088066
2935.59601217 0.999978204835
2935.61644391 0.999871670273
2935.63687556 1.0001677302
2935.6573071 1.00016293677
2935.67773884 1.0000455594
2935.69817049 1.00012006222
2935.71860203 0.999796833346
2935.73903377 0.999972384011
2935.75946541 1.00006460687
2935.77989696 0.999859105887
2935.8003287 0.999977625856
2935.82076034 1.00003759666
2935.84119188 0.999853721519
2935.86162362 0.999993631845
2935.88205526 0.999915908491
2936.04550848 0.999920912822
2936.06594002 1.00041873464
2936.08637166 1.00014185545
2936.10680339 1.000182929
2936.12723493 0.999811797742
2936.14766657 0.999854977902
2936.29068802 0.999974720753
2936.31111966 0.999821351361
2936.33155139 1.00026186937
2936.35198293 0.999952217196
2936.37241456 0.999714146593
2936.3928463 1.00010918702
2936.41327793 1.00004692781
2936.43370946 1.00002193696
2936.4541412 1.00019077587
2936.47457283 1.00000659923
2936.49500436 0.999766116368
2936.5154361 1.00002778207
2936.53586773 1.00009819969
2936.55629926 0.999819776168
2936.57673099 1.00016332742
2936.59716263 0.999913650308
2936.61759416 1.00003052186
2936.7810473 1.00016444278
2936.80147893 0.999940460325
2936.82191056 1.00018950035
2936.84234219 0.999811991557
2936.86277381 1.00017227239
2936.88320554 0.999717068034
2936.90363707 0.999853207059
2936.9240688 0.999769569934
2936.94450043 0.999960396268
2936.96493195 0.999896900916
2936.98536368 0.999764779067
2937.00579531 0.99984556512
2937.06709009 1.00003069101
2937.08752171 1.00005930438
2937.10795344 0.999904770341
2937.12838496 0.999892271533
2937.14881659 0.99996297925
2937.16924831 1.00023069515
2937.18967984 1.00011437469
2937.21011146 1.00021998363
2937.23054318 0.999927110708
2937.25097481 0.99989320711
2937.27140633 0.999887207282
2937.29183806 0.999991538328
2937.31226968 0.999971642441
2937.3327012 1.00014973892
2937.35313292 0.999833015377
2937.37356455 1.00014515026
2937.39399607 1.00029698122
2937.41442779 1.00022505394
2937.45529093 1.00015635836
2937.47572265 0.999908453666
2937.49615427 1.00005272472
2937.5165858 0.999982358303
2937.53701752 0.999884925725
2937.55744914 1.00001285689
2937.57788086 1.00007127836
2937.59831237 1.00018435218
2937.61874399 0.999963612754
2937.63917571 0.999678566227
2937.72090219 1.00015994218
2937.74133371 1.00001925077
2937.76176542 1.00010189248
2937.78219694 1.00013469307
2937.80262856 1.00020331003
2937.82306027 1.00014700332
2937.84349179 1.00015992129
2937.86392341 1.00009112484
2937.88435512 1.0000665963
2937.90478664 1.00003001658
2937.92521826 1.00020777206
2937.94564997 0.999927698908
2937.96608149 1.00007726408
2937.9865131 1.00018730177
2938.00694482 0.999753463628
2938.02737633 0.999995337112
2938.04780795 0.999916770043
2938.06823966 0.99953131185
2938.08867127 0.999504188878
2938.23169266 0.999917944184
2938.25212418 0.999956956859
2938.27255579 0.999787820013
2938.2929875 1.00003709919
2938.31341901 1.00007665482
2938.33385062 1.00003042035
2938.35428233 1.00001797445
2938.37471384 1.00005857594
2938.45644028 1.00014453877
2938.47687199 0.999942695893
2938.4973035 1.00004334015
2938.51773511 1.00001800906
2938.53816672 1.00003322303
2938.55859833 1.00008904529
2938.57902994 1.00019079763
2938.59946155 0.999764429032
2938.61989315 0.999981134357
2938.64032476 1.00022834578
2938.68118798 0.999860787665
2938.70161958 0.999945690207
2938.72205129 1.00001101731
2938.7424828 0.99988950428
2938.7629145 0.999981119211
2938.78334611 1.0000589542
2938.80377762 1.00022500891
2938.82420932 1.00008292099
2938.84464093 0.999908124484
2938.86507243 1.00017886289
2938.88550414 0.999974611454
2938.90593574 0.999915560253
2938.92636735 1.00029976793
2938.94679895 0.999979076789
2938.96723055 1.00005798363
2938.98766216 1.00013638272
2939.00809376 1.00002303623
2939.02852536 0.999896359696
2939.04895697 0.999930655252
2939.06938867 1.00006422738
2939.08982017 0.999700522931
2939.21240979 1.00009805978
2939.23284139 0.999779537954
2939.25327309 0.999775749801
2939.27370459 0.999862242945
2939.29413619 0.99989059559
2939.31456779 0.999733729023
2939.33499939 0.999914699409
2939.35543109 1.00007950532
2939.37586259 0.999962026526
2939.39629419 1.00004846907
2939.41672589 0.999761258322
2939.43715739 0.999784921724
2939.45758898 0.99998735769
2939.47802068 0.999848646672
2939.49845228 0.999691699452
2939.51888378 0.999965817192
2939.53931548 0.99976296173
2939.55974708 0.999786029827
2939.58017857 1.00006993332
2939.60061027 0.999814427141
2939.62104187 0.999980306738
2939.66190506 1.00003918067
2939.68233666 1.00000641582
2939.70276815 1.00002193532
2939.72319985 1.00001589974
2939.74363144 1.00003665407
2939.76406304 0.999985641779
2939.78449464 1.00002062676
2939.80492623 0.999869397014
2939.82535783 1.00003623997
2939.84578942 0.999804388218
2939.9275158 1.00016520086
2939.94794739 0.999994740545
2939.96837908 1.00027412682
2939.98881058 1.00005440538
2940.00924227 1.00015232116
2940.02967376 0.999810380929
2940.05010536 0.999950156559
2940.07053705 1.00003306249
2940.09096854 0.999868866729
2940.11140013 1.00018644961
2940.13183182 0.999900324517
2940.15226332 0.999988955956
2940.17269491 0.999921845492
2940.1931266 0.999977274217
2940.21355809 0.999882508024
2940.23398968 1.00000820131
2940.25442137 1.00027711738
2940.27485286 1.0001129908
2940.29528445 0.999967741176
2940.31571614 0.99994608013
2940.33614773 1.00006877369
2940.35657922 0.999867222296
2940.3974425 1.00055099398
2940.41787399 1.00000395025
2940.43830567 1.000013842
2940.45873726 1.00018882721
2940.47916895 1.00010680684
2940.49960044 1.00014834217
2940.52003203 0.999979849606
2940.54046371 0.99973501627
2940.70391631 0.999995557932
2940.72434789 0.999982090178
2940.74477948 1.00007272933
2940.76521106 0.999944119289
2940.78564265 1.00022199213
2940.82650582 1.00011131355
2940.8469375 1.00004818423
2940.88780057 0.99993884168
2940.90823226 1.00011521154
2940.92866374 1.00001450253
2940.94909532 0.999981013946
2940.96952701 1.0001738242
2940.98995849 0.999917832736
2941.01039017 0.999962338143
2941.03082176 1.00017875456
2941.05125324 1.00068794285
2941.07168492 1.00007380517
2941.0921165 0.999833395459
2941.11254799 1.00000432807
2941.13297967 0.99983995175
2941.15341125 0.999919716172
2941.17384283 0.999984976956
2941.19427441 1.00004150633
2941.21470599 0.999716888589
2941.23513757 0.999901776878
2941.25556915 0.999925458571
2941.27600073 0.99993749956
2941.29643231 1.00015451196
2941.31686399 1.00085673303
2941.37815873 1.00013924268
2941.39859021 1.00016000064
2941.41902179 1.0000727489
2941.43945337 0.99996478054
2941.45988495 0.999954748009
2941.48031653 1.00017031721
2941.50074811 0.999989803186
2941.52117968 1.00015042705
2941.54161126 0.99970304654
2941.56204284 1.00003462825
2941.58247442 1.00000323057
2941.6029061 0.99995836635
2941.62333757 0.999899823412
2941.64376915 0.999993793703
2941.66420083 0.999938673899
2941.6846324 1.00008036229
2941.70506388 0.999859245997
2941.72549556 0.999954829029
2941.74592713 1.0001156958
2941.76635861 0.999824761696
2941.78679028 1.00009945769
2941.80722186 0.9999704453
2941.88894806 0.999817333132
2941.90937973 0.999834969378
2941.92981131 1.00012918774
2941.95024278 0.999994466151
2941.97067446 1.00010769299
2941.99110603 0.999722874718
2942.0115376 1.00013714555
2942.03196918 0.999912666416
2942.15455861 1.00006553634
2942.17499019 1.00000445585
2942.19542186 1.00047290856
2942.2362849 1.00011391114
2942.25671657 0.999760542211
2942.27714804 0.999725768965
2942.29757961 1.00015769633
2942.31801129 0.999718524286
2942.33844276 1.00010390349
2942.35887433 1.00019165775
2942.379306 0.999917893984
2942.39973747 1.00000394293
2942.42016904 1.00018428503
2942.44060071 0.999983321383
2942.46103218 1.00006228428
2942.48146375 1.00007773043
2942.50189541 0.999964433131
2942.52232698 0.999969294656
2942.54275845 0.999849498592
2942.56319012 0.999384035455
2942.62448483 1.00020523036
2942.64491639 1.00029472507
2942.66534806 1.00028637444
2942.68577953 1.00016244202
2942.7062111 1.00004732572
2942.72664276 1.00012705517
2942.74707423 1.00007748313
2942.7675058 1.00006564373
2942.78793747 1.0002541904
2942.80836893 1.00004256799
2942.84923217 0.999997090311
2942.86966363 1.00004993253
2942.8900952 1.00035568927
2942.91052686 0.999997726899
2942.93095833 0.999983555022
2942.95138989 1.0000601229
2942.97182146 0.999871775148
2942.99225302 1.00019220401
2943.01268459 1.00001079564
2943.03311625 0.999861006617
2943.05354772 0.999876362601
2943.09441095 0.999997987273
2943.11484241 0.999993324461
2943.13527397 0.999939809554
2943.15570564 0.999943791297
2943.1761371 0.999966781623
2943.19656877 0.999759146388
2943.21700033 1.00003668743
2943.23743179 0.999779282889
2943.25786345 0.999707093206
2943.38045283 1.00000186226
2943.40088439 0.99976397664
2943.42131595 0.999871190525
2943.44174751 0.999858323311
2943.46217907 1.00005066122
2943.48261063 0.999978688622
2943.50304229 0.9999200777
2943.52347376 1.00002939781
2943.54390532 0.999864186751
2943.56433698 0.999929173636
2943.58476844 0.999766754368
2943.6052 0.999966259598
2943.62563166 0.999965981805
2943.64606312 0.999903752411
2943.66649478 0.999739151444
2943.68692624 1.00008191662
2943.70735779 0.999874770457
2943.72778945 1.00024167852
2943.74822091 1.00003606105
2943.87081036 0.999934174018
2943.89124182 1.00008329654
2943.91167348 1.00016060198
2943.93210503 0.999924307131
2943.95253649 0.999611446582
2943.97296815 0.999918379633
2943.99339971 0.999963775054
2944.11598904 1.00022993503
2944.1364205 0.999960755051
2944.15685216 1.0000293117
2944.17728371 1.00000625827
2944.19771537 0.999989610178
2944.21814682 1.00013874138
2944.23857838 1.00002735676
2944.25901003 1.00012065065
2944.27944149 1.00034199657
2944.29987304 1.00008333896
2944.3203047 1.00014931118
2944.34073625 0.999983579659
2944.3611677 1.00012672076
2944.38159926 1.00034971616
2944.40203081 1.00001925406
2944.42246236 1.00008075681
2944.44289402 0.999994567549
2944.46332547 1.00002829797
2944.62677799 1.00025757164
2944.64720945 1.00019417908
2944.6676411 1.0001400526
2944.68807265 1.0001546612
2944.7085042 1.00001180256
2944.72893575 0.999999426038
2944.7493673 1.00016411027
2944.76979885 1.00034496131
2944.81066196 0.999825523893
2944.83109351 0.999992884777
2944.85152506 0.999999269416
2944.87195661 0.999863271522
2944.89238816 1.00019913366
2944.91281981 0.999858779186
2944.93325126 1.00005497566
2944.95368281 0.99997217041
2944.97411446 0.999992343699
2944.99454591 0.999982670406
2945.0762721 1.00007184153
2945.09670365 0.999880677494
2945.1171352 0.999951618726
2945.13756685 0.999779382947
2945.1579983 1.00016995985
2945.17842984 1.00011623684
2945.19886149 1.00020514446
2945.21929294 0.999945956385
2945.23972449 1.00001785024
2945.26015614 0.999853973384
2945.28058768 0.999964820061
2945.30101913 0.999776125649
2945.32145078 1.00014864383
2945.34188232 1.0001088741
2945.36231377 0.999977394065
2945.38274542 0.999688687262
2945.40317696 0.99990572093
2945.42360841 1.00004166861
2945.44404006 1.00001247725
2945.4644716 0.999993048514
2945.48490305 0.99988491131
2945.56662933 1.00024992668
2945.58706088 0.999866468262
2945.60749252 1.00000100747
2945.62792397 0.99999580907
2945.64835551 1.00004863186
2945.66878716 1.00003240978
2945.6892186 0.999973332656
2945.70965015 0.999991616032
2945.83223941 0.999826205076
2945.85267105 1.00012072196
2945.8731025 1.00001747863
2945.89353404 1.00002253558
2945.91396568 0.999984961377
2945.93439713 0.999860421547
2945.95482867 1.00031854947
2945.97526031 1.00015162071
2945.99569176 1.00011049118
2946.0161233 1.0001438993
2946.03655494 0.9998680669
2946.05698638 0.999972723918
2946.07741802 1.00019616701
2946.09784957 0.999854263871
2946.11828111 1.00025957896
2946.13871265 1.00000787531
2946.15914419 1.00007383736
2946.17957573 1.00014952588
2946.34302806 1.00024777694
2946.3634596 1.00025442627
2946.38389124 1.00017047507
2946.40432268 1.00017428932
2946.42475422 1.00009780621
2946.44518586 0.999908230638
2946.4656173 0.999822303064
2946.54734356 1.00023283233
2946.5677751 1.00024543748
2946.58820654 1.00011980953
2946.60863817 1.00043342013
2946.62906971 0.999999800689
2946.64950115 1.00011434953
2946.66993279 1.00027128499
2946.69036433 1.00009449347
2946.71079577 1.00009525364
2946.7312274 0.999862860957
2946.75165894 0.999739860796
2946.77209038 1.00004815903
2946.79252202 0.999881571826
2946.81295355 1.00005655213
2946.83338499 1.00006142737
2946.85381663 0.999818099418
2946.87424817 0.999813356735
2946.8946796 0.999786106471
2946.91511124 0.999708027295
2946.93554278 0.999882377794
2946.95597441 0.999960616026
2947.03770056 0.999837818381
2947.058132 1.00000957229
2947.07856363 0.999858941876
2947.09899517 0.999835841631
2947.1194266 1.00004715291
2947.13985824 0.999903166042
2947.16028977 0.999480484811
2947.32374205 1.00020582616
2947.34417349 1.00009530754
2947.36460502 1.00017742146
2947.38503666 1.00008048086
2947.40546809 1.00009642505
2947.42589973 1.00003367682
2947.44633126 0.999812124394
2947.46676279 1.00022079659
2947.50762586 0.999887271345
2947.52805739 0.999895365697
2947.54848893 1.00014306688
2947.56892046 1.00010346839
2947.58935199 0.999980257621
2947.60978363 0.999898502113
2947.63021506 1.00008174291
2947.65064659 1.0000558064
2947.69150966 0.999923071971
2947.71194119 1.00001387821
2947.73237282 0.999942739566
2947.75280425 0.999934465539
2947.77323579 0.999886510995
2947.79366742 1.00009180026
2947.81409885 1.00006022087
2947.83453048 0.999582465683
2947.85496201 0.999900591291
2947.87539354 0.999958921174
2947.89582508 1.00009067101
2947.91625661 0.999980912781
2947.93668814 0.999964863515
2947.95711967 0.999943941571
2947.99798273 0.999935721596
2948.01841426 0.999928485551
2948.03884579 0.999985682329
2948.05927722 1.00001008182
2948.07970885 0.999613303472
2948.10014038 0.999949333746
2948.12057182 0.999945324911
2948.14100345 0.999831501263
2948.30445578 0.999754670471
2948.32488721 1.00008099956
2948.34531874 1.00006772981
2948.36575037 1.00003264313
2948.3861818 1.00009413098
2948.40661333 1.00003724645
2948.42704496 1.00000783146
2948.44747649 1.00063933906
2948.48833954 0.999659973434
2948.50877107 0.999849265611
2948.5292025 1.00006737266
2948.54963413 1.00010065453
2948.57006566 1.00007104544
2948.59049708 1.00002827314
2948.61092871 0.999642422026
2948.63136024 0.99959596478
2948.65179187 0.999784125867
2948.67222329 0.999708744114
2948.69265482 0.999833213043
2948.71308635 1.00029446601
2948.73351788 1.00025702865
2948.7539494 1.00032953496
2948.77438093 1.00023278102
2948.79481246 1.00017902337
2948.81524398 1.00024538449
2948.83567551 1.00021227894
2948.85610704 1.00010585193
2948.87653856 1.00008683634
2948.89697009 1.00017546726
2948.91740162 0.999910838076
2948.93783314 0.999790701332
2948.95826477 0.999730298395
2948.9786962 0.999672667917
2948.99912772 0.999944897155
2949.01955935 0.999861665453
2949.03999077 0.999639196803
2949.0604224 0.999611491976
2949.08085393 0.999589197191
2949.10128535 0.999702260807
2949.12171698 0.999758918565
2949.28516918 0.999988266423
2949.3056007 1.00017044758
2949.32603223 0.999832694346
2949.34646375 1.00023632147
2949.36689527 1.00031602786
2949.3873268 1.00004201781
2949.40775832 1.00007895969
2949.42818985 0.999994427563
2949.44862137 1.0003816149
2949.469053 1.00018757276
2949.48948442 1.00010023009
2949.50991594 1.00009046676
2949.53034757 1.00006734541
2949.55077899 1.0000572908
2949.57121051 1.00030706823
2949.59164214 1.00022966682
2949.61207356 0.9997083653
2949.63250508 1.00003062345
2949.65293671 1.000118525
2949.67336813 0.999954683963
2949.69379965 1.00030265876
2949.71423128 1.00002118355
2949.7346627 1.00010846396
2949.75509422 0.999994348139
2949.77552584 1.00006971307
2949.79595737 0.9998557165
2949.81638889 0.999702133354
2949.83682041 1.00000530877
2949.85725193 0.999937274604
2949.87768346 1.00022145201
2949.89811498 1.00010035005
2949.9185465 1.0002339992
2949.95940955 0.999922309001
2949.97984107 0.999823108864
2950.00027269 0.999830516956
2950.02070411 1.00030095137
2950.04113563 1.00003059342
2950.06156725 1.00012790894
2950.08199868 1.00027613232
2950.1024302 1.000336066
2950.30674551 1.00076609819
2950.32717693 1.00050246235
2950.34760855 1.0003753202
2950.36804007 1.00033895022
2950.38847149 1.00043175024
2950.40890311 1.00062515872
2950.47019767 1.0004415226
2950.49062919 1.00008211311
2950.51106061 0.999995777453
2950.53149223 1.00050593578
2950.55192375 0.999864799038
2950.57235537 0.99987005559
2950.59278679 1.00024349231
2950.61321831 0.999811224892
2950.63364993 1.00002528824
2950.65408135 1.00002191242
2950.67451287 0.999696704814
2950.69494448 0.999568184918
2950.7153759 1.0000406633
2950.73580742 1.0001708018
2950.75623904 0.999688314496
2950.77667056 0.999999663306
2950.79710198 0.999596777833
2950.8175336 0.999813519182
2950.83796512 0.999697020982
2951.00141727 0.99999545476
2951.02184868 1.00024415368
2951.0422803 0.99984220873
2951.06271182 1.00004970951
2951.08314324 0.999794897175
2951.10357486 1.00010499375
2951.12400637 1.0002724427
2951.14443789 1.00040505216
2951.16486941 0.999878222876
2951.18530093 1.00038720566
2951.20573244 1.00002229612
2951.22616396 0.999656435649
2951.24659548 1.00043740591
2951.267027 0.999982642174
2951.28745851 0.999843865235
2951.30789003 0.999885009228
2951.32832165 0.999757480811
2951.34875317 1.00027526636
2951.36918458 0.999946275187
2951.3896162 1.00016788662
2951.41004772 0.999821161571
2951.43047913 0.999712239972
2951.45091075 0.999933928566
2951.47134227 0.999740393173
2951.49177368 0.999916845173
2951.5122053 0.999757661481
2951.53263682 0.999818540567
2951.55306823 0.999714101103
2951.57349985 1.00013913756
2951.59393137 0.999669451342
2951.61436288 0.999847345757
2951.6347944 0.999953678209
2951.65522582 0.999669376205
2951.67565743 0.999783440535
2951.69608895 0.999781570245
2951.71652046 0.999868644121
2951.73695198 0.999492971941
2951.7573835 0.999511467899
2951.77781501 0.99984753198
2951.79824663 0.999876454257
2951.81867804 1.00003652502
2951.83910956 0.999913883742
2951.85954118 0.999878564901
2951.87997259 0.999870059151
2951.90040411 0.999971548265
2951.92083572 0.999682293677
2951.94126714 1.00006531242
2951.96169865 0.999951169692
2951.98213027 0.999798536303
2952.00256168 0.999916533088
2952.0229933 0.999545598242
2952.04342481 0.999848086734
2952.06385623 0.999610861655
2952.08428784 0.999696351941
2952.10471936 0.999459095968
2952.18644542 0.999981499315
2952.20687693 0.999685397034
2952.24773996 1.00015050173
2952.26817158 0.999896714022
2952.28860299 0.999929766795
2952.30903451 0.99971514504
2952.32946602 1.00003957722
2952.34989754 0.999671848085
2952.43162369 1.00015484085
2952.45205511 0.99977007952
2952.47248662 1.00011676698
2952.49291824 0.999650347582
2952.51334965 0.999959249151
2952.53378116 0.999807832673
2952.55421278 0.999805586501
2952.57464419 0.999773632679
2952.59507571 0.999811376621
2952.61550732 0.999957997428
2952.63593883 0.999532058914
2952.65637025 0.99949303847
2952.67680186 0.999366505371
2952.69723338 0.999232841411
2952.71766489 0.999230414407
2952.7380964 0.999254470715
2952.75852792 0.999147290186
2952.77895953 0.998703704759
2953.02413759 0.998357039487
2953.0445691 0.99827523401
2953.06500072 0.998162337374
2953.08543213 0.99807644308
2953.10586364 0.998054540534
2958.74495153 1.00060005605
2958.76538304 1.00050111295
2958.847109 1.0003328343
2958.86754061 1.00061344513
2958.88797202 1.00035246859
2958.90840354 1.00036510837
2958.92883515 1.0004181546
2958.94926656 1.0001984093
2958.96969818 1.0000819452
2959.13315029 0.999282399848
2959.1535819 0.999733007302
2959.17401331 0.99992676211
2959.19444483 1.00001626403
2959.21487644 0.99974927949
2959.23530786 0.999821957825
2959.25573947 0.999834129308
2959.27617098 0.999854075581
2959.2966024 1.00003556901
2959.31703401 0.999949390624
2959.33746553 1.00009489957
2959.35789694 0.999759611108
2959.37832856 0.999801081514
2959.39876007 1.00012134055
2959.41919158 0.99972827938
2959.4396231 0.999928447616
2959.46005461 0.999849690023
2959.62350673 0.999905563689
2959.66436986 1.00010676543
2959.68480128 1.00013412495
2959.70523279 1.00025852919
2959.72566441 1.0000510947
2959.74609582 1.00012657545
2959.76652734 1.00016305078
2959.78695895 0.999594729085
2959.80739037 0.999748291614
2959.82782188 0.999641564202
2959.8482535 0.999561834772
2959.86868491 0.999747335702
2959.88911653 0.999409538894
2959.90954805 0.999994533362
2959.92997946 0.999807141005
2959.95041108 1.00044989723
2960.11386321 0.999929346219
2960.13429482 0.999659590364
2960.15472624 0.999830493179
2960.17515785 0.999865341616
2960.19558937 1.00005747983
2960.39990444 0.999886452059
2960.42033606 0.999779993302
2960.44076747 0.999846394695
2960.46119909 1.00026517244
2960.48163061 1.00016926306
2960.56335668 1.00010964483
2960.58378819 1.00028777135
2960.60421971 1.00007967254
2960.62465123 1.00013057296
2960.64508285 0.999836909549
2960.66551427 0.999918031572
2960.68594578 1.00004775557
2960.7063774 1.00003260933
2960.72680882 0.999987939907
2960.74724044 0.999724547169
2960.76767196 1.00004399958
2960.78810337 1.0000167961
2960.80853499 0.999999315584
2960.82896651 1.00008445931
2960.84939793 0.999907521619
2960.86982955 0.9999624271
2960.89026107 0.999921972773
2960.91069249 0.999915139621
2960.9311241 0.999851270154
2961.09457626 1.00026883438
2961.11500778 0.999960459754
2961.1354393 1.00009800303
2961.15587081 0.999858566706
2961.17630233 0.999913150997
2961.19673385 0.99989112324
2961.31932307 0.999684569646
2961.33975459 0.999731667707
2961.36018601 0.999687121081
2961.38061763 0.999800457072
2961.40104915 1.00004623155
2961.42148057 0.999695962709
2961.4419122 0.999710512244
2961.56450132 0.99954402633
2961.58493284 0.99980811365
2961.60536446 0.999592738307
2961.62579588 0.999525383344
2961.6462274 0.999453184296
2961.66665903 0.999937916719
2961.8301112 0.999815257802
2961.85054272 0.999901353722
2961.87097414 0.999993699799
2961.89140577 0.999911277315
2961.91183729 1.00000407213
2961.93226871 1.00019587714
2961.95270033 0.999861528372
2961.97313186 1.00007483375
2961.99356328 1.00000481271
2962.0139949 1.00003228624
2962.03442642 0.999972689408
2962.05485805 1.00013530245
2962.07528947 1.00013627173
2962.09572099 0.999868209243
2962.11615262 1.00020482474
2962.13658414 1.00021274726
2962.15701556 1.00009209987
2962.32046785 1.00016002539
2962.34089938 1.00027485784
2962.3613309 1.00006890022
2962.38176232 1.00011768324
2962.40219395 1.00029238728
2962.42262547 1.00005642254
2962.54521462 1.00003264556
2962.56564625 1.00001614565
2962.58607767 1.00001561958
2962.6065092 0.999939286563
2962.62694082 0.999844719098
2962.64737235 0.999954590551
2962.66780377 0.999830638865
2962.79039303 0.999879437242
2962.81082456 0.999877364957
2962.83125608 1.00026005049
2962.85168771 0.999990496487
2962.87211913 0.999951063682
2962.89255066 0.99997827197
2962.91298229 1.00010165869
2962.93341371 0.999943543936
2962.95384524 1.00004678494
2962.9947083 0.99999165448
2963.01513982 0.999966704098
2963.03557135 1.00010876982
2963.05600288 0.999820435654
2963.0764345 0.999906023285
2963.09686593 1.00015234322
2963.11729746 1.00017494333
2963.13772909 1.00003923927
2963.30118131 1.00020446083
2963.32161284 1.00010583325
2963.34204437 0.99980022389
2963.362476 0.999979798245
2963.38290743 0.999669875941
2963.40333896 1.0001057682
2963.42377059 0.999906872969
2963.44420201 1.00024178491
2963.46463354 1.00013159909
2963.48506517 1.0000024385
2963.5054966 1.00000596086
2963.52592813 1.00010949055
2963.54635976 1.00020785472
2963.56679119 1.00001756439
2963.58722282 1.00007619193
2963.60765435 0.999955749385
2963.62808578 0.999851498521
2963.79153813 1.00007051586
2963.81196966 1.00011066038
2963.83240119 0.999991067936
2963.85283272 1.00002725661
2963.87326435 1.00010679525
2964.03671661 1.00004480221
2964.05714814 0.999825371231
2964.07757957 1.00008920072
2964.0980112 1.00009293011
2964.11844274 1.00026694477
2964.281895 0.999200073702
2964.30232654 0.999780233374
2964.32275807 0.999990342388
2964.3431897 1.00007897759
2964.36362114 1.00018438527
2964.38405277 1.00010063914
2964.40448421 0.999922028482
2964.42491574 0.999960346223
2964.44534737 0.999666109127
2964.46577881 0.999840015259
2964.48621034 1.00001091933
2964.50664198 0.999790243824
2964.52707341 0.99999390122
2964.54750505 0.999859069571
2964.56793658 0.999975719244
2964.58836802 0.99996989604
2964.60879966 0.999868262804
2964.62923119 0.999852253397
2964.77225194 0.999731488087
2964.79268348 0.99997509796
2964.81311502 0.99994159567
2964.83354665 0.999677082708
2964.85397819 0.999786468158
2964.87440963 0.999887410738
2964.99699885 1.0000086119
2965.01743049 0.999905595611
2965.03786203 0.999881089962
2965.05829357 1.0000336963
2965.0787251 0.999863912413
2965.09915654 0.99996050569
2965.26260895 0.999976918355
2965.28304049 1.00021019021
2965.30347203 1.00022096795
2965.32390357 1.00016983185
2965.34433521 1.00042134296
2965.50778744 0.999873565097
2965.52821908 1.00051923482
2965.54865062 1.00042976157
2965.56908226 1.00039801491
2965.5895137 0.9997553635
2965.75296614 1.00030032162
2965.77339758 1.00029376858
2965.79382912 1.00012325811
2965.81426066 1.0002849305
2965.83469221 1.00000841492
2965.99814466 0.999938255553
2966.0185761 1.00026997551
2966.03900774 1.0001984848
2966.05943929 1.00045380812
2966.07987093 0.999946058979
2966.10030238 1.0001742068
2966.12073392 1.00011810614
2966.14116557 1.00027645883
2966.18202856 0.999937088493
2966.2024602 1.000251262
2966.22289165 1.00034235823
2966.2433232 1.00013382519
2966.26375484 0.999959427782
2966.28418629 1.0000102318
2966.30461793 1.00013099993
2966.32504948 0.999921537874
2966.48850186 1.00027759618
2966.5089334 0.999964051348
2966.52936495 1.00016211642
2966.5497965 1.00006140709
2966.57022805 1.00032459843
2966.5906597 1.00017317187
2966.71324899 0.999924551659
2966.73368044 0.99987400222
2966.75411199 0.999862541283
2966.77454364 0.999876990659
2966.79497508 0.999812919117
2966.81540673 0.999873468647
2966.97885914 0.999946895555
2966.99929079 0.999692298963
2967.01972224 0.999886181521
2967.04015379 1.00003463814
2967.06058544 1.0000770027
2967.08101689 0.999959421283
2967.10144855 0.999878117729
2967.1218801 1.00002180377
2967.14231155 0.999856974755
2967.1627432 1.00028799723
2967.18317466 1.00013930673
2967.20360621 1.00001864197
2967.22403786 0.999974311632
2967.24446931 0.999847475455
2967.26490087 0.99980736686
2967.28533252 0.999745267072
2967.30576397 0.999999193152
2967.46921651 1.00002418148
2967.48964806 1.00003516407
2967.51007962 1.00025852262
2967.53051117 1.00001039184
2967.55094283 0.999593633498
2967.71439517 0.999930712287
2967.73482683 0.999802010765
2967.75525839 1.00001588357
2967.77568984 1.00029599389
2967.7961215 1.00021167091
2967.95957396 1.0003353462
2967.98000552 0.999975521228
2968.00043708 0.999925531395
2968.02086864 1.00009744104
2968.0413002 1.00009750168
2968.06173186 1.00019958712
2968.08216342 1.00005159846
2968.10259488 1.00015747936
2968.1434581 0.999903875553
2968.16388956 0.999986059987
2968.18432122 0.999869505333
2968.20475278 1.00010624805
2968.22518424 0.999772236425
2968.2456159 1.00021193665
2968.26604746 0.999848445213
2968.28647912 0.999851964314
2968.44993151 0.999903993189
2968.47036318 1.00008567906
2968.49079464 1.0000956719
2968.5112262 1.00003178297
2968.53165777 1.00012445489
2968.55208933 1.00004261919
2968.57252099 0.999900398664
2968.59295256 0.999904544255
2968.61338402 1.00005232108
2968.63381568 0.999913227161
2968.65424725 0.99964028004
2968.67467871 0.99976126685
2968.69511038 0.9998579065
2968.71554194 0.999786473017
2968.73597341 0.99992987038
2968.75640507 1.00004028911
2968.77683664 0.999760012342
2968.94028916 0.999987974368
2968.96072073 0.999797274024
2968.9811524 0.999990403098
2969.00158386 0.999948357773
2969.02201553 1.00016621467
2969.18546808 1.00006265416
2969.20589964 1.00014831467
2969.22633121 1.00013659413
2969.24676288 1.00015854468
2969.26719435 1.00000465124
2969.28762592 1.00000128165
2969.30805759 1.00017044201
2969.32848906 1.00051323267
2969.34892063 1.00002690166
2969.3693523 1.00015761536
2969.38978377 0.999978592713
2969.41021534 0.999920686386
2969.43064701 1.00021187551
2969.45107848 0.999988314852
2969.47151005 1.00015594499
2969.49194173 0.999906909332
2969.5123732 1.00005719861
2969.67582588 1.00027788468
2969.69625745 1.00018452571
2969.71668912 1.00031723436
2969.7371206 0.999956751087
2969.75755227 0.999954650812
2969.92100477 1.00020292074
2969.94143644 0.999925954806
2969.96186792 1.0001824415
2969.98229959 0.999850496539
2970.00273117 0.999947437353
2970.02316265 0.999933277527
2970.04359432 1.00004885575
2970.0640259 0.999948407935
2970.10488905 0.999899225976
2970.12532063 1.00014297051
2970.14575221 1.00030266105
2970.16618378 1.00008197527
2970.20704704 0.999996444407
2970.22747862 0.999894797995
2970.2479101 1.00004235632
2970.26834178 1.00013355772
2970.28877335 1.00022098263
2970.30920483 1.00017124546
2970.32963651 0.99973329514
2970.35006809 0.999898635422
2970.37049957 0.999773486116
2970.39093125 1.00016844596
2970.41136283 0.999786853923
2970.43179451 0.999738617069
2970.45222599 0.999732636835
2970.47265757 0.999581676926
2970.49308915 0.999703255404
2970.6565418 0.999870103019
2970.67697339 0.999685725543
2970.69740497 0.999762099694
2970.71783665 0.999757381051
2970.73826813 0.999915872473
2970.9017209 0.99984924047
2970.92215249 0.99982374113
2970.94258417 1.00000433801
2970.96301566 0.999863083397
2970.98344724 1.00010583951
2971.00387893 1.00014953153
2971.02431042 0.9997445908
2971.044742 1.00003590146
2971.06517369 0.999835129958
2971.08560517 1.00010322475
2971.10603676 1.00003723953
2971.12646845 0.99990062092
2971.14689994 1.00016273217
2971.16733162 0.999990827445
2971.18776321 1.00011631546
2971.2081947 1.00011701624
2971.22862639 1.00023037796
2971.24905797 0.999894617711
2971.37164751 1.0002711111
2971.3920791 1.00018932139
2971.41251068 1.00006138281
2971.43294227 1.00009920009
2971.45337396 1.00013157576
2971.47380546 1.00034474554
2971.63725828 1.00027436861
2971.65768978 1.00015591656
2971.67812147 1.00016386863
2971.69855306 1.00013205649
2971.71898455 1.00020445674
2971.88243741 1.00019018145
2971.902869 1.00015673284
2971.92330069 1.0002700992
2971.94373219 1.00020825553
2971.96416389 1.0002197704
2972.14804825 1.00007670685
2972.16847975 1.00022893184
2972.18891145 0.999901043315
2972.20934305 0.999882893141
2972.22977454 1.00015634875
2972.25020624 1.00003555027
2972.27063784 1.00014071292
2972.29106954 0.999694959586
2972.31150104 0.999882929115
2972.33193264 0.999986968977
2972.35236434 0.999970259928
2972.37279584 1.00000716603
2972.39322744 0.999933113347
2972.41365914 0.999931867671
2972.43409074 0.999727432963
2972.47495394 0.999950291259
2972.59754355 0.999676551875
2972.61797515 0.999685570369
2972.63840675 0.999756845401
2972.65883836 0.999634475308
2972.67926986 0.999893387403
2972.69970156 0.999914023977
2972.8631545 1.0000729827
2972.883586 0.999613116186
2972.90401761 0.999847323849
2972.92444931 0.999767263756
2972.94488092 0.999964060581
2973.10833378 0.999820524402
2973.12876538 0.999834561568
2973.14919709 0.999987617376
2973.1696286 1.0000392378
2973.19006031 0.999861957842
2973.21049192 1.00012774414
2973.23092343 0.999882158947
2973.25135514 1.00013173063
2973.27178675 0.999817609076
2973.29221826 1.00000046814
2973.31264997 1.00006538642
2973.33308148 0.999951868999
2973.35351309 1.00006196612
2973.3739448 0.999884310466
2973.39437631 1.00006071075
2973.41480802 1.0001180157
2973.43523963 0.999979037728
2973.59869253 0.999668655371
2973.61912415 0.999993365065
2973.63955586 0.999948301424
2973.65998747 1.00001068976
2973.68041899 1.00006478064
2973.7008507 1.00015004565
2973.72128232 1.00012595289
2973.74171383 1.0001811071
2973.76214555 1.00036833934
2973.78257716 1.00013026382
2973.80300868 1.00002324056
2973.8234404 1.00019125414
2973.84387201 1.00006917147
2973.86430373 0.999865312252
2973.88473525 1.00022357861
2973.90516686 1.00025058906
2973.92559848 0.999807510764
2974.08905153 1.00013911114
2974.10948305 1.00024396538
2974.12991466 1.00020460028
2974.15034638 1.00018072644
2974.170778 1.0001571379
2974.19120952 1.00020577234
2974.31379945 1.00010393276
2974.33423097 1.00010962475
2974.3546626 1.00000223015
2974.37509432 1.00001608072
2974.39552584 0.999781704744
2974.41595746 0.999901532726
2974.43638919 1.00003099514
2974.45682071 0.999886407466
2974.47725234 0.999978321126
2974.49768406 0.999934066937
2974.51811558 1.00004468009
2974.53854731 0.999777176627
2974.55897893 1.00006092467
2974.57941056 0.999974837195
2974.59984218 0.999685940274
2974.62027381 0.9997811406
2974.64070543 0.999888079689
2974.66113706 0.999685527727
2974.68156869 0.999912924903
2974.70200021 0.999812034254
2974.78372682 1.00001898103
2974.82459018 0.999816698653
2974.84502171 0.999838614335
2974.86545333 0.999728601964
2974.88588506 0.999734052262
2974.90631659 0.99965443063
2975.06976973 0.999896449354
2975.09020126 0.99989251327
2975.110633 0.999837556302
2975.13106463 0.999996641869
2975.15149626 1.00010998252
2975.17192789 1.00013517913
2975.19235952 0.999931545628
2975.21279126 1.00007235437
2975.25365442 0.999622136147
2975.27408616 1.00009290185
2975.29451769 0.999830976435
2975.31494933 1.00021887241
2975.33538106 1.00005185311
2975.35581269 1.0000552737
2975.37624423 1.00003688673
2975.39667596 0.999858315378
2975.56012905 1.0002191866
2975.58056069 1.00020439845
2975.60099223 0.999996414935
2975.62142397 0.999698900297
2975.64185561 0.999943931317
2975.66228734 1.00017262622
2975.68271888 0.999978984307
2975.70315052 1.00026278441
2975.72358226 1.00049796614
2975.7440138 1.00005769508
2975.76444544 0.999984259307
2975.78487718 1.00017294622
2975.80530882 1.0000246673
2975.82574036 1.00031506605
2975.8461721 1.00002406026
2975.86660374 1.00006384231
2975.88703539 1.00005279282
2976.05048853 0.999890535685
2976.07092017 1.00000535904
2976.09135181 0.999995398554
2976.11178356 1.00014025649
2976.1322151 1.00020595336
2976.15264675 1.00000630322
2976.17307849 0.999983640777
2976.25480498 1.00020183249
2976.27523662 1.00001877272
2976.29566837 1.00002034459
2976.31609992 0.999899490819
2976.33653166 0.999865577224
2976.35696331 1.00000893018
2976.37739496 0.999740650053
2976.39782661 1.00004298059
2976.41825826 1.0001288886
2976.4386899 0.999848270362
2976.4795532 1.00000178012
2976.49998485 0.999995925007
2976.5204166 1.00002190053
2976.54084815 0.999970360253
2976.5612799 0.999760560702
2976.58171155 0.999700511613
2976.6021431 0.999872092503
2976.62257485 0.999728322875
2976.78602807 0.99976054281
2976.80645973 1.00013927813
2976.82689138 1.00013875406
2976.84732303 1.00004709129
2976.88818634 1.00006142921
2976.908618 0.999898196262
2976.92904965 0.999880464882
2976.96991307 1.00020953227
2976.99034462 1.00006505853
2977.01077638 1.00029827483
2977.03120803 0.999914760174
2977.05163959 1.00008604566
2977.07207135 1.00004016471
2977.09250301 1.00006560596
2977.11293456 1.00020561146
2977.13336632 0.999993055728
2977.15379798 1.00014093394
2977.17422954 0.999879523539
2977.21509296 1.00022840241
2977.23552472 1.00011764902
2977.25595628 1.00013971401
2977.27638794 0.999862350314
2977.2968197 1.00001539208
2977.31725126 1.00000039727
2977.33768292 1.00011719609
2977.35811458 1.00028538804
2977.52156798 0.999996848732
2977.54199964 1.00004685092
2977.56243121 0.999856665878
2977.58286297 0.999917106033
2977.60329463 1.00005474521
2977.6237262 0.999979981133
2977.64415796 0.999967901937
2977.66458963 0.999849452539
2977.70545296 0.999790193489
2977.72588463 0.99983565343
2977.74631639 0.999763916608
2977.76674796 0.999737541299
2977.78717963 1.00003052779
2977.8076114 0.999614714913
2977.82804296 0.999732562024
2977.84847463 0.999762559171
2978.03235976 0.999975796627
2978.05279143 1.00000462861
2978.073223 0.999826317007
2978.09365477 0.999951694131
2978.11408644 0.9998007904
2978.13451811 0.999988202512
2978.15494979 0.999970647164
2978.17538146 0.999955107842
2978.19581323 1.00020237612
2978.21624481 1.00008041899
2978.23667648 1.00002491637
2978.25710825 0.999907607303
2978.27753983 1.00007663768
2978.2979715 1.00012624859
2978.31840328 1.00004647214
2978.33883485 0.99994023363
2978.35926663 0.999790615758
2978.48185668 1.00028079223
2978.50228836 1.00018429747
2978.52272004 1.00008823042
2978.54315172 1.00024764235
2978.5635834 1.00019684562
2978.58401517 1.0000986341
2978.60444675 1.00011909797
2978.62487843 0.999948624713
2978.64531021 0.999936130987
2978.68617347 1.00010220144
2978.70660525 1.00011992313
2978.72703683 1.00026633022
2978.74746851 1.0001412494
2978.76790029 0.999930833245
2978.78833188 1.00016673405
2978.80876366 1.00000862907
2978.82919534 0.999930306495
2978.99264881 1.00009430969
2979.01308049 1.00002407029
2979.03351228 0.999962253027
2979.05394386 1.00017326208
2979.07437555 1.0001562319
2979.09480734 0.999970334778
2979.11523892 0.999973637629
2979.13567061 1.00009485724
2979.17653408 1.00023780681
2979.19696567 0.999840283519
2979.21739746 1.00005943369
2979.23782915 1.00010411163
2979.25826084 0.999968848635
2979.27869253 0.999888291792
2979.29912421 0.999635493022
2979.319556 0.999821894422
2979.33998759 1.00008078775
2979.36041928 0.999749049022
2979.38085097 1.0001644102
2979.42171436 1.00015584648
2979.44214615 1.00034792858
2979.46257774 0.999805234797
2979.48300953 1.00007346342
2979.50344112 1.00002599133
2979.52387282 1.00030078134
2979.54430461 1.00003169845
2979.5647362 1.00009899186
2979.72818986 1.00022240294
2979.74862155 0.999969410286
2979.76905325 1.00023241334
2979.78948495 1.00032981396
2979.80991664 1.0002872633
2979.99380203 1.00030975523
2980.01423373 1.00011089068
2980.03466533 1.0001085188
2980.05509713 1.00020132152
2980.07552883 1.00018668444
2980.09596043 0.9999543457
2980.11639224 1.00050959509
2980.13682384 0.99994451983
2980.15725564 0.999708942292
2980.17768734 1.00009722107
2980.19811895 0.999964707315
2980.21855075 1.00009084267
2980.23898245 0.999972194329
2980.25941416 0.999730068243
2980.27984586 0.999551566153
2980.30027756 0.999992177101
2980.32070927 0.999978435549
2980.4432996 0.999581502747
2980.46373131 1.00006415688
2980.48416292 0.999443243019
2980.50459473 1.00002077752
2980.52502644 0.999974759467
2980.54545804 1.00001856089
2980.56588985 1.00012028333
2980.68848011 0.99975904351
2980.70891182 0.999858274631
2980.72934363 0.999841629773
2980.74977524 0.999649605234
2980.77020696 0.999766545117
2980.79063867 0.999708350573
2980.81107038 1.00009373112
2980.83150219 0.999994231165
2980.91322905 0.99990445333
2980.93366066 0.99980162404
2980.95409248 0.999969245331
2980.97452419 0.999977702064
2980.99495581 0.99981716826
2981.01538762 1.0000322916
2981.03581934 0.999994966535
2981.05625116 0.999941790938
2981.07668277 1.00007936906
2981.09711449 1.00005603217
2981.13797793 0.999862062587
2981.15840964 0.999984447813
2981.19927308 1.00008567454
2981.2197048 1.00000531429
2981.24013662 0.999886924907
2981.26056824 1.00011451631
2981.28100006 1.00000612604
2981.30143178 0.999998538155
2981.3218635 1.00013237346
2981.34229522 1.00040206485
2981.38315867 1.00014901706
2981.40359039 1.00007479768
2981.42402211 0.999818736901
2981.44445383 1.00014799325
2981.46488556 1.0000046488
2981.48531728 1.00007926257
2981.505749 1.00040239012
2981.52618073 1.00021084144
2981.68963463 1.00023286432
2981.71006626 1.00021171058
2981.73049809 1.00013739769
2981.75092981 1.00021631276
2981.77136144 1.00020866782
2981.93481538 0.999990833611
2981.95524721 0.999999564716
2981.97567884 0.999746892879
2981.99611057 0.999761100157
2982.01654241 0.999966421863
2982.03697414 1.00011526932
2982.05740577 1.00015815705
2982.07783761 1.00028193559
2982.11870097 1.0001583241
2982.13913281 1.0000269381
2982.15956444 0.999791176533
2982.17999628 0.999746971445
2982.20042801 1.00003391398
2982.22085965 0.999990276548
2982.24129148 0.999952192117
2982.26172322 1.00003380085
2982.42517712 1.00007572843
2982.44560886 1.00004043973
2982.4660407 0.999826464924
2982.48647234 1.00011789276
2982.50690408 0.999493805189
2982.52733592 0.999762450196
2982.54776766 0.999929737151
2982.5681993 0.999911058017
2982.58863115 0.999924160327
2982.60906289 0.999792012753
2982.62949463 0.999808518625
2982.64992637 1.00001582416
2982.67035812 0.999943027948
2982.69078996 1.00012046362
2982.7112216 1.00022478209
2982.73165335 1.00017686414
2982.75208519 1.00033273456
2982.91553916 0.999825066715
2982.93597081 1.00028243264
2982.95640256 1.00008495165
2982.97683441 0.999774265867
2982.99726605 1.00020372139
2983.0176978 0.999914617902
2983.03812965 1.00008727636
2983.0585613 0.999928783441
2983.0994249 1.00043867548
2983.11985665 0.999921135932
2983.14028841 1.0002021106
2983.16072016 1.00016936013
2983.18115191 1.00027875364
2983.20158376 1.00008189051
2983.22201541 1.00010888281
2983.24244717 1.00032558733
2983.4059012 1.00030134692
2983.42633306 1.00010207232
2983.44676482 0.999889444434
2983.46719647 0.999821364228
2983.48762833 1.0000248814
2983.6510824 1.0000288287
2983.67151416 1.00009308242
2983.69194602 0.999942306975
2983.71237778 1.00014912874
2983.73280945 0.999952328761
2983.89626365 0.998543193537
2983.91669552 0.999033196502
2983.93712718 0.998981364068
2983.95755895 0.999269704442
2983.97799081 0.998989096301
2984.14144495 0.99760639314
2984.16187672 0.99798430296
2984.18230849 0.997610981205
2984.20274026 0.997737939538
2984.22317193 0.997753853644
2984.2436037 0.997399990681
