# #0 time, 1 flux
2306.69233038 1.05615023176
2306.71276238 1.02230342611
2306.73319457 1.05974191128
2306.75362657 1.04882145055
2306.77405866 1.05727554274
2306.79449085 1.08343958803
2306.81492285 1.05661842174
2306.83535494 1.00857000005
2306.85578713 1.01133058179
2306.87621912 0.994779996652
2306.89665121 1.07893525402
2306.9170834 1.01137121041
2306.93751549 1.05634823648
2306.95794758 1.05732916723
2306.97837967 1.0194814732
2306.99881176 0.979982646781
2307.01924385 0.986321040836
2307.03967593 0.977390371092
2307.06010802 0.99652221996
2307.08054021 0.973488596116
2307.1009722 1.0100175214
2307.12140428 1.00199565049
2307.14183647 1.04313333592
2307.16226845 0.993367984472
2307.20313272 0.957528904082
2307.2235647 0.977611677109
2307.24399689 1.01629206428
2307.26442897 0.929479658914
2307.28486095 0.983043041422
2307.30529314 1.01939090475
2307.32572522 0.948397064622
2307.3461572 0.9414837166
2307.38702146 0.915953345624
2307.40745354 0.922891320863
2307.42788562 0.922143653284
2307.4483177 1.00032012045
2307.46874978 0.967000023202
2307.59134234 1.03698677698
2307.61177432 1.02673681866
2307.63220639 1.00849886893
2307.65263857 0.995782402917
2307.67307054 1.00080415635
2307.69350261 0.993141914465
2307.71393479 0.99310528069
2307.73436676 0.989039814677
2307.75479893 0.980672313342
2307.77523101 0.984808223252
2307.79566298 1.00913279172
2307.81609515 0.97552774863
2307.83652722 0.962985157708
2307.85695919 0.982842591142
2307.87739136 0.979420946844
2307.89782343 0.969196146454
2307.9182555 0.987383653427
2307.93868757 0.997248645484
2307.95911964 0.954313981677
2307.97955171 0.99360434399
2307.99998377 0.979224102395
2308.02041584 0.950422098843
2308.04084791 0.958166671219
2308.06128007 0.962695734403
2308.08171204 1.00576075168
2308.10214421 0.988740204072
2308.12257617 1.0116978279
2308.14300824 0.970176303448
2308.1634404 0.968363575645
2308.18387236 0.998591491462
2308.20430443 0.965839014142
2308.22473659 0.965855871637
2308.24516855 0.973660072241
2308.26560061 1.00255760771
2308.28603278 0.990991339422
2308.30646474 0.982567276293
2308.3268968 0.963852245515
2308.34732896 1.00891129529
2308.36776092 0.975106774055
2308.38819298 1.00344903677
2308.40862514 1.003484117
2308.4290572 0.969769166773
2308.44948916 0.991313662952
2308.46992131 0.975346039712
2308.49035337 1.01271836485
2308.53121748 1.01587247473
2308.55164954 1.02092881098
2308.5720816 1.01241540962
2308.59251365 1.00222831816
2308.61294571 1.00627853349
2308.63337786 1.01478263749
2308.65380982 1.00374208344
2308.67424187 0.98057302973
2308.69467402 0.996255939077
2308.71510598 0.990536824377
2308.73553803 1.01454136585
2308.75597018 0.987896072972
2308.77640213 1.00234151893
2308.79683418 0.97876090644
2308.81726633 0.973727657471
2308.83769829 1.04211625775
2308.85813034 0.989360389315
2308.87856248 0.987104792011
2308.89899443 1.01439757884
2308.91942658 1.02486407432
2308.93985853 0.964116062061
2308.96029058 0.930677909739
2308.98072273 0.966236580652
2309.00115477 0.998890302881
2309.02158672 1.02729646951
2309.04201887 0.995498275182
2309.06245091 1.01971721432
2309.08288286 0.978162863297
2309.103315 1.02804025092
2309.12374705 0.97753677448
2309.14417899 0.998005807989
2309.22590727 1.02458821901
2309.24633931 0.942765427712
2309.26677135 0.955560251201
2309.28720339 0.957188242908
2309.30763543 0.918422284905
2309.32806747 0.943689979318
2309.34849951 1.01593291563
2309.36893155 0.964957189229
2309.38936369 1.07288856206
2309.40979563 0.994560731031
2309.43022767 1.0274171585
2309.45065981 0.93611708891
2309.47109184 0.905805835833
2309.51195592 1.01313311577
2309.53238796 1.01180148173
2309.55281989 1.00803787814
2309.57325203 0.992090080802
2309.59368406 1.0193236871
2309.614116 0.983638771841
2309.63454813 0.992781137672
2309.65498007 0.984515600365
2309.6754121 1.02400174018
2309.69584423 1.01240557801
2309.71627617 0.989655913794
2309.7367082 0.962643432496
2309.75714033 0.996030035401
2309.77757226 0.981140905235
2309.79800429 1.05888838308
2309.81843642 0.99030624898
2309.85930048 0.999922497122
2309.87973251 1.02615578036
2309.90016454 0.955452462189
2309.92059667 0.975865983085
2309.9410286 0.988538071433
2309.96146063 0.963261723424
2309.98189276 0.98254806731
2310.00232468 0.884038611909
2310.02275671 0.991314172588
2310.04318884 0.995859184089
2310.06362076 0.966029839725
2310.10448491 1.04285159962
2310.12491684 1.00935475567
2310.14534886 1.00837803733
2310.16578099 1.0617053528
2310.18621291 0.946218419381
2310.20664493 0.958437454911
2310.22707706 0.948179031432
2310.267941 1.02325167777
2310.28837312 0.945665576423
2310.30880514 0.960963285732
2310.32923716 0.868226501564
2310.34966918 0.955719909739
2310.3701011 0.857695147253
2310.39053322 1.0346309341
2310.41096524 0.977087567922
2310.53355735 0.974022169533
2310.55398926 0.950671067511
2310.57442138 0.901894899738
2310.5948534 0.824676524172
2310.67658145 1.02522440818
2310.77874152 1.0277898903
2310.79917353 1.03176390084
2310.81960564 1.02956161504
2310.84003755 1.07543413945
2310.86046966 0.997118234837
2310.88090167 1.04095621449
2310.90133358 1.01581770253
2310.92176569 1.02955647861
2310.9421977 1.01697657463
2310.96262961 1.01495786606
2310.98306172 1.00148038077
2311.00349372 0.993758807393
2311.02392563 1.057363238
2311.04435774 1.00971383152
2311.06478974 0.994261682512
2311.08522165 1.08506249836
2311.10565376 1.04254607789
2311.12608576 0.972543370176
2311.14651767 0.973641257294
2311.18738177 1.04458298221
2311.22824578 1.05591304625
2311.24867779 1.01139611624
2311.26910969 1.00563943258
2311.35083779 1.0371869361
2311.37126979 1.02443963346
2311.39170189 1.03226662721
2311.41213379 1.04777043028
2311.43256579 0.987832690326
2311.47342979 1.02859689559
2311.49386179 1.00742036712
2311.51429389 0.879017835264
2311.53472579 1.02511188221
2311.55515778 0.962438840891
2311.57558988 0.878482947628
2311.59602188 1.01397510743
2311.61645377 0.993049751178
2311.63688587 0.967596340823
2311.75947783 0.995943343181
2311.77990982 0.973230000124
2311.8412058 0.946352974546
2311.86163779 1.03169324568
2311.88206978 0.953339477825
2311.90250167 1.02299253265
2311.92293376 1.02690111195
2311.94336575 0.966409418524
2311.96379764 0.940405658445
2311.98422973 0.959989379016
2312.00466172 1.04042303324
2312.02509371 0.898969400816
2312.0455257 0.970075577049
2312.06595768 0.883568818343
2312.08638967 0.967334093854
2312.10682166 1.00177624446
2312.29070962 0.995480026924
2312.3111415 0.969047316487
2312.33157349 1.01183613484
2312.35200557 0.943474290239
2312.37243745 1.00218493369
2312.39286953 1.00787867124
2312.41330151 0.924450165607
2312.45416547 1.05806602337
2312.47459745 1.07472756492
2312.49502943 1.05927627376
2312.51546141 1.05244575999
2312.53589339 1.06299513277
2312.55632537 1.03970548639
2312.57675735 1.03616260318
2312.59718932 1.05118044638
2312.6176212 1.03521510468
2312.63805328 1.02342771457
2312.65848525 1.04016335164
2312.67891713 1.07395223895
2312.71978118 1.07255356512
2312.74021306 1.03464089595
2312.76064513 0.951158461446
2312.80150898 0.976865090899
2312.82194105 1.00480916527
2312.84237303 1.0393398068
2312.862805 1.01640622797
2312.88323697 1.00721669588
2312.90366894 1.00092972911
2312.92410101 0.896721200261
2312.94453289 0.960879019905
2312.96496486 0.976192710025
2312.98539693 0.943402567379
2313.0058289 0.982196916512
2313.06712481 0.855401070701
2313.08755667 0.862211005267
2313.10798874 0.912491766424
2313.12842071 0.947947331741
2313.21014848 0.971798339428
2313.23058054 1.02778573421
2313.25101251 0.951703152804
2313.27144447 0.932972798139
2313.29187644 0.96820618746
2313.3123084 0.979196147322
2313.33274037 0.947997217311
2313.35317233 0.991911904193
2313.3736043 1.02068896731
2313.45533215 1.0382664653
2313.47576411 1.01570867164
2313.49619607 1.02640869126
2313.51662813 1.03545987321
2313.53705999 1.02838945525
2313.55749195 1.04105189786
2313.57792401 1.02853065599
2313.59835587 1.0316752083
2313.61878783 1.03499693566
2313.63921989 0.98993269406
2313.65965174 1.04627805529
2313.6800837 1.01011921608
2313.70051576 0.979689193792
2313.72094762 1.01052036282
2313.74137957 1.02931097155
2313.76181163 0.946612400735
2313.78224349 1.02338731163
2313.80267544 0.965523358452
2313.8231075 1.00464759415
2313.84353945 0.951554418772
2313.86397131 1.04235828262
2313.88440336 0.883696948072
2313.90483531 0.940629316822
2313.92526727 1.05143702945
2313.94569922 0.950797507949
2314.00699508 0.983762242037
2314.02742703 1.05798749059
2314.04785898 0.973064561249
2314.23174653 0.987435554946
2314.25217847 0.955361037564
2314.27261042 1.04803322688
2314.29304237 0.987398582545
2314.31347432 0.988367641999
2314.37477015 0.976150808267
2314.41563414 0.991053878886
2314.43606599 1.06980373164
2314.45649803 1.03318391283
2314.47692998 1.03791023728
2314.49736182 1.04694946397
2314.5382258 0.97745922054
2314.55865765 0.959601748788
2314.57908969 1.04639373414
2314.59952163 0.951280778022
2314.61995347 1.01446441418
2314.64038551 0.991086638284
2314.66081745 1.07368067906
2314.68124939 0.937494564452
2314.70168133 1.02586342297
2314.72211327 0.974722797704
2314.74254521 1.00739253857
2314.76297715 0.921715590722
2314.78340909 0.998964733887
2314.80384103 0.937555818867
2314.82427296 1.01094734614
2314.8447049 0.95957112279
2314.92643275 1.0334612101
2314.94686458 0.950258633039
2314.96729652 1.03888355989
2314.98772855 1.07323043044
2315.00816039 1.02863699933
2315.02859232 0.993710309115
2315.04902436 1.01275052007
2315.06945619 1.04126722051
2315.08988812 0.979685212498
2315.11032016 1.0056191084
2315.13075199 1.02376267124
2315.15118392 1.00143065591
2315.17161595 0.964596900979
2315.21247971 1.0008198793
2315.23291174 1.00389240852
2315.2737755 1.00221021654
2315.29420753 0.96120966828
2315.33507129 0.863184203783
2315.4167991 1.00577649247
2315.43723103 1.05202914317
2315.45766306 0.972931437237
2315.47809488 0.971096659341
2315.49852681 0.981863662873
2315.51895874 1.00162618007
2315.53939066 0.973759241245
2315.55982259 0.995898556122
2315.58025451 1.02042981144
2315.60068644 1.00985101648
2315.62111836 1.06113987776
2315.64155028 1.03170613525
2315.66198221 0.951137741903
2315.68241413 0.920354805524
2315.70284615 0.992180142268
2315.72327797 1.00487719934
2315.7437099 1.01506478135
2315.76414192 0.929846892645
2315.78457374 0.985117527824
2315.80500566 1.0000505148
2315.9480292 1.03527984469
2315.96846102 0.996332562353
2315.98889303 0.961963916764
2316.00932495 0.975772101689
2316.02975687 1.0310087157
2316.05018878 1.04921147782
2316.0706207 1.03775051895
2316.09105262 1.03392704278
2316.11148453 1.02710806529
2316.13191645 0.976967735651
2316.15234836 0.965049333129
2316.17278038 0.992289618717
2316.19321219 0.974787373882
2316.21364411 0.980362008001
2316.23407602 0.982508361337
2316.25450793 1.01280668266
2316.27493975 0.990724069775
2316.29537176 1.0072186835
2316.31580367 1.01047995653
2316.33623568 0.992869548113
2316.37709941 0.995755296205
2316.39753142 0.991857415843
2316.41796323 1.03592862359
2316.43839514 0.9999517126
2316.45882715 0.991211841125
2316.47925896 0.997265342966
2316.49969087 0.963387561392
2316.52012288 1.03166549344
2316.54055478 0.999636885335
2316.56098659 0.970241103364
2316.5814186 0.979975094595
2316.60185051 1.03085563033
2316.62228232 0.97158806562
2316.66314623 1.0164744292
2316.68357804 1.03422840929
2316.70401004 0.988407626344
2316.72444195 0.94621306477
2316.74487375 0.995636804897
2316.76530576 1.01138646527
2316.78573766 0.857561613071
2316.80616967 1.00977936367
2316.82660147 1.02770981167
2316.86746538 1.0648511944
2316.94919289 1.02581885781
2316.96962479 1.03906699327
2316.99005679 0.954921897836
2317.01048859 1.03459015493
2317.03092049 0.995190501388
2317.05135239 0.968236165352
2317.07178429 1.01245866508
2317.09221619 0.943122860085
2317.11264819 0.980545500434
2317.13307999 0.934221577887
2317.15351189 1.04470154127
2317.17394389 0.953438208565
2317.19437568 0.980704093944
2317.23523958 0.963323845991
2317.25567138 1.00473626219
2317.27610337 0.917663842928
2317.39869475 0.980743259908
2317.41912664 1.02795446224
2317.43955853 1.00437112019
2317.45999043 1.04872221873
2317.48042232 0.984485598626
2317.50085421 0.998514975306
2317.52128611 1.01739438016
2317.541718 1.0773405016
2317.56214989 1.01235952723
2317.58258188 1.06264297103
2317.60301367 1.02130729138
2317.62344557 0.967319365267
2317.64387756 0.924661734877
2317.66430935 0.995365618057
2317.68474134 1.05992696828
2317.70517323 1.03399757212
2317.72560502 1.0585380377
2317.746037 0.999566969237
2317.92992399 0.96576920131
2317.95035588 0.998120975773
2317.97078766 1.00309787378
2317.99121965 0.96889676583
2318.01165153 0.968797792698
2318.15467482 1.05045294515
2318.1751066 1.02850565288
2318.19553848 1.00565827632
2318.21597046 1.0070292235
2318.23640225 1.04142963849
2318.25683413 0.983214030741
2318.27726611 0.818916463771
2318.29769789 0.888041671878
2318.35899353 0.968783392382
2318.37942541 1.05223067373
2318.39985739 1.07178828217
2318.42028926 1.01158542978
2318.50201668 0.91435649036
2318.52244865 0.881337051474
2318.60417606 0.987724164443
2318.62460803 1.00864011196
2318.64503991 1.04578648392
2318.66547168 1.03230667048
2318.68590366 1.04803969175
2318.70633553 1.00136497622
2318.7267673 0.986006376097
2318.74719928 1.02686927729
2318.76763115 0.954152374399
2318.78806302 1.02674198231
2318.82892677 0.97960698823
2318.84935864 0.930607747576
2318.86979061 0.985092501212
2318.89022238 0.920491654678
2318.91065425 0.950731401914
2318.95151799 1.00831472246
2318.97194986 0.985167997243
2318.99238183 0.996484763806
2319.0128136 0.933364783208
2319.07410921 1.06746288914
2319.09454118 1.04252984315
2319.11497305 1.07947370132
2319.13540481 0.988678998974
2319.15583678 1.07245552751
2319.19670041 1.01065230716
2319.21713238 1.01732630973
2319.23756415 1.02679488254
2319.25799601 0.957569982331
2319.27842798 1.07268711995
2319.29885984 0.966572522997
2319.31929161 1.05337446604
2319.33972357 0.93636252033
2319.36015544 0.986866762371
2319.40101916 0.916874184632
2319.42145103 1.0148244746
2319.44188299 0.908562594464
2319.46231475 0.809011456512
2319.48274661 0.898754627468
2319.50317858 0.639973483272
2319.58490592 0.943156972929
2319.60533778 0.978377792526
2319.6462015 1.01418768672
2319.66663336 1.04361615266
2319.68706532 1.06461067928
2319.70749718 1.04376574254
2319.87095204 1.05605209972
2319.8913838 1.01736304883
2319.93224761 0.999403437424
2319.95267946 1.0328117215
2319.97311132 1.06297680807
2319.99354317 1.00622118471
2320.01397493 1.0057534215
2320.05483873 0.999670040686
2320.07527049 0.887033774509
2320.09570244 0.965598850914
2320.11613429 0.959103683294
2320.13656615 0.915074878716
2320.156998 0.895827725448
2320.17742985 0.882481755344
2320.1978617 0.859387718044
2320.36131651 1.00641519742
2320.38174845 1.04270789811
2320.4021803 0.931073063693
2320.42261205 0.983077377733
2320.443044 1.07163808039
2320.48390759 0.951676453342
2320.50433954 1.03188380901
2320.52477139 1.02567471889
2320.54520324 0.949619431559
2320.56563508 1.02894742518
2320.58606693 1.02828375133
2320.60649877 0.996556889759
2320.64736246 0.985619188586
2320.66779431 1.01283884856
2320.68822615 1.05804640959
2320.708658 0.979878418412
2320.72908984 0.940107645319
2320.83124906 1.05814345918
2320.851681 1.04166425957
2320.87211274 1.06913550888
2320.89254458 0.952848132634
2320.91297652 1.02140896954
2320.93340827 0.999050239979
2320.95384011 0.947113275093
2320.97427205 0.978517725787
2320.99470379 1.00570825743
2321.01513563 0.966398354437
2321.03556757 0.998214460132
2321.05599931 0.992437382874
2321.07643125 0.965162955118
2321.09686308 0.978115556506
2321.11729492 1.0621615887
2321.13772676 0.93369162449
2321.1581586 0.975097559522
2321.17859044 0.95567078062
2321.34204513 1.03128170921
2321.3829088 0.987479339576
2321.40334063 0.931267944514
2321.42377236 0.982337814022
2321.4442043 1.04619515049
2321.46463613 0.982724191276
2321.48506807 0.989330602391
2321.5054998 1.00753011733
2321.52593163 1.07407959776
2321.58722713 0.993290565409
2321.60765906 0.992699119457
2321.62809089 1.05651754281
2321.64852262 1.05249985781
2321.66895455 1.05416902697
2321.85284102 1.03120538341
2321.87327284 1.03611778024
2321.89370477 1.0787503484
2321.9141365 1.05862706319
2321.93456833 0.979817673661
2321.95500025 0.968538496943
2321.97543198 0.930466509415
2322.01629573 0.986674536911
2322.03672746 1.04411113037
2322.05715928 1.00496407837
2322.07759111 0.922245961842
2322.09802293 1.01112243192
2322.11845476 0.942345452929
2322.13888668 0.866699715801
2322.1593184 0.979691202511
2322.17975023 0.887381260416
2322.20018215 0.925295517607
2322.34320481 0.949793521917
2322.36363673 0.9622962554
2322.38406855 1.01632176543
2322.40450027 0.96367262501
2322.42493219 0.949211393941
2322.44536401 0.940909787515
2322.46579583 1.01762765112
2322.48622765 1.04204448691
2322.50665947 0.956208288211
2322.52709129 1.00857088361
2322.54752311 0.979124106783
2322.56795493 0.956293159109
2322.58838674 0.855632162059
2322.60881866 0.905352658339
2322.62925038 0.957303712307
2322.6496823 0.841025430794
2322.81313673 1.01400278962
2322.83356864 0.975399506926
2322.85400036 1.03133848093
2322.87443217 0.998931247265
2322.89486408 1.02166501504
2322.9152958 1.02378947943
2322.93572761 1.08182239612
2322.95615952 0.95772111065
2322.97659134 0.983166086953
2322.99702305 1.04075084009
2323.01745496 1.0860614292
2323.03788678 1.08497414728
2323.05831859 1.06218135315
2323.0787504 0.920401520196
2323.09918221 0.981776076664
2323.11961402 0.927745245907
2323.14004583 0.94488548632
2323.16047764 0.929295291877
2323.18090955 0.92578048702
2323.26263669 1.02175265661
2323.2830685 1.02736902219
2323.30350041 1.00505604423
2323.32393212 0.987886470003
2323.36479583 1.04781883671
2323.38522754 1.00367471533
2323.40565935 0.975406933063
2323.42609126 1.04463687894
2323.44652306 0.991131653277
2323.46695487 0.991203110323
2323.48738668 0.977653847431
2323.50781838 1.02806162379
2323.52825029 0.963815133377
2323.5691138 0.963476473412
2323.5895457 0.992456511924
2323.60997751 1.03385321668
2323.63040921 0.860689507225
2323.79386374 1.02135978493
2323.81429564 1.02916665383
2323.83472734 1.03996246256
2323.85515915 0.994765840453
2323.89602275 1.01418106977
2323.91645455 0.961174452404
2323.93688645 1.05545640674
2323.95731815 1.03809446906
2323.97774995 1.0062478306
2323.99818185 0.973081008012
2324.01861365 0.923770313529
2324.03904535 0.979640540298
2324.05947725 0.942467351423
2324.07990905 1.02535339183
2324.10034074 1.02588266577
2324.12077264 0.942383565627
2324.14120444 1.00319939122
2324.32509051 0.8902682314
2324.34552241 1.007850064
2324.3659542 1.01132094196
2324.386386 1.03712630421
2324.40681779 0.969336608252
2324.42724959 0.962061097253
2324.44768138 1.00333833053
2324.46811327 0.94306646329
2324.48854497 0.954969088444
2324.50897676 0.998988147655
2324.52940865 1.00562958944
2324.54984035 0.99151115913
2324.57027224 0.899614809271
2324.59070403 0.996258089155
2324.61113572 1.01776092164
2324.63156762 1.01027131811
2324.75415836 1.0650167706
2324.77459015 0.990861689443
2324.79502184 1.03544376454
2324.81545373 0.998323723411
2324.83588552 0.988076002623
2324.85631731 1.00351226282
2324.89718089 1.01717266127
2324.91761268 1.0172623753
2324.93804456 0.961400684599
2324.95847625 1.00032976534
2324.99933983 0.982822149225
2325.01977161 0.97922098764
2325.0402035 0.962900171902
2325.06063519 0.962865769294
2325.08106697 0.913674971088
2325.10149886 0.96473761139
2325.12193055 0.954409904992
2325.14236233 0.997502044179
2325.22408957 1.01506035473
2325.24452126 1.04260977231
2325.26495304 1.05206385273
2325.28538492 1.06255077277
2325.30581671 1.01444836802
2325.32624849 1.01278675689
2325.34668057 0.980774445511
2325.36711236 0.9915314566
2325.38754414 0.992317872514
2325.40797592 1.01071897643
2325.42840761 0.986219768561
2325.44883949 1.0037792333
2325.46927127 0.978054640179
2325.48970295 1.00071349038
2325.51013483 1.06777635965
2325.53056661 1.00386875024
2325.55099829 0.994615919288
2325.57143017 0.892081417953
2325.59186195 0.972403067918
2325.75531619 1.06383445695
2325.77574797 1.06214802009
2325.79617984 1.01751833269
2325.81661152 1.04761213416
2325.87790695 1.0782804678
2325.91877051 0.961304016625
2325.93920228 1.03217648137
2325.95963396 0.939494879222
2325.98006583 0.956334661411
2326.00049761 1.04467642009
2326.02092928 0.982620896156
2326.04136116 0.966455602149
2326.06179293 0.95713371207
2326.22524712 0.980081613167
2326.2456789 0.984331224686
2326.26611067 0.998528301314
2326.28654244 0.978999319125
2326.30697421 0.949339185234
2326.32740599 0.996945201769
2326.34783776 1.01997240926
2326.36826953 0.930440408704
2326.3887014 1.02455517591
2326.40913307 0.99087459881
2326.42956494 0.962598519468
2326.44999671 0.991873447529
2326.47042838 1.02014933982
2326.49086025 1.02517507868
2326.51129202 0.999993172014
2326.53172369 0.963861800499
2326.55215556 1.02899753723
2326.57258733 1.03108864899
2326.593019 0.916267596006
2326.61345086 1.00522282951
2326.63388263 0.841593211154
2326.6543143 1.03166649619
2326.67474617 1.0018363959
2326.69517794 0.993257114041
2326.7156097 0.880737085475
2333.88714864 0.891793872113
2333.90758044 0.954060638408
2334.05060233 1.04586606354
2334.07103413 1.05598929982
2334.09146583 1.06089055925
2334.11189743 1.02594351501
2334.13232923 1.01929554404
2334.15276093 1.04442521785
2334.17319252 0.982934538121
2334.19362432 1.01041222557
2334.21405592 1.01881301556
2334.23448762 0.994711434302
2334.25491942 0.99851566813
2334.27535101 0.981505856379
2334.29578281 1.00619619514
2334.31621451 1.02806923205
2334.3366461 0.966905166395
2334.3570779 0.994142030307
2334.3775096 1.02889981253
2334.39794119 1.06320408056
2334.45923638 0.984156745822
2334.47966808 1.02712652659
2334.50009977 1.01952883814
2334.52053147 0.957156470467
2334.56139486 0.960711418098
2334.58182666 1.05249610896
2334.60225835 1.05249435747
2334.62268995 1.01270565477
2334.64312174 1.06351084857
2334.66355344 0.900569392409
2334.68398503 0.957845344967
2334.70441682 0.997910383095
2334.72484852 0.982309641111
2334.74528011 0.970321098778
2334.76571191 0.891242794398
2334.82700699 0.88221082175
2334.84743868 0.936265804446
2334.86787027 0.97459929327
2334.88830207 0.93382277235
2334.90873376 0.958146396621
2335.0721873 1.03436042364
2335.09261899 1.01203227013
2335.11305068 1.0400925523
2335.13348237 1.02421496123
2335.15391406 1.02330883863
2335.17434586 1.01883320593
2335.19477745 0.96823035374
2335.21520924 0.995037533441
2335.23564093 1.03445157835
2335.25607252 0.966950664486
2335.27650431 1.01825115496
2335.296936 1.03078465962
2335.31736759 1.00854341563
2335.33779938 1.00687862636
2335.35823107 1.06218145799
2335.37866266 0.993635802821
2335.39909445 0.955002415883
2335.41952614 1.03476545492
2335.43995783 0.956189998564
2335.46038952 0.958643582077
2335.48082121 1.00981905746
2335.501253 1.03910917886
2335.54211627 1.02729911434
2335.56254806 0.988374983676
2335.58297975 0.993963634931
2335.60341134 0.967410045588
2335.62384313 0.994514072101
2335.64427481 1.03600859044
2335.6647064 1.00527774419
2335.68513819 1.02719368595
2335.70556978 1.00941458775
2335.72600146 0.971484582649
2335.74643325 0.869679624137
2335.76686484 0.896772463666
2335.78729653 0.899860060378
2335.80772831 1.04475153049
2335.8281599 0.998436207492
2335.84859169 0.95590158292
2335.86902337 0.985200476068
2335.88945496 0.932193175429
2336.05290855 1.02402879725
2336.07334023 0.997459818838
2336.09377192 1.02741363488
2336.1142036 0.994148239774
2336.13463539 1.03206358135
2336.15506707 0.994905133304
2336.17549866 1.01084769008
2336.19593044 1.0370734323
2336.21636212 1.0186254704
2336.23679371 0.996372325276
2336.25722549 1.05826480447
2336.27765718 1.01544161279
2336.29808876 0.982132607209
2336.31852054 1.01821823123
2336.33895223 0.976499783689
2336.35938381 0.994851088898
2336.37981559 0.965776136887
2336.40024728 1.04179387095
2336.42067896 0.976256854365
2336.44111064 1.00898213241
2336.46154223 0.93051277204
2336.48197401 1.01061428241
2336.50240569 1.01858771457
2336.52283737 0.97657236549
2336.54326906 1.03479268559
2336.56370074 0.994508372118
2336.58413242 1.06635678842
2336.6045641 0.974921019802
2336.62499579 0.979426277185
2336.64542747 1.02686063019
2336.66585925 1.02209900902
2336.70672261 1.00816824934
2336.72715429 0.96414740199
2336.74758587 1.0708376152
2336.76801765 0.992167467483
2336.80888092 0.842343342073
2336.8293127 0.949603870616
2336.84974438 0.994620905938
2336.87017596 1.02484495675
2336.89060774 1.0009578296
2336.91103942 1.01862855616
2336.931471 0.883892606078
2336.97233446 1.03801727037
2336.99276624 1.04886174182
2337.01319782 0.99906993428
2337.0336295 1.00847640996
2337.05406128 1.02326678305
2337.07449296 1.00292202484
2337.09492453 1.06183606223
2337.11535621 0.968668396652
2337.13578799 1.00283599038
2337.15621957 0.981487099149
2337.17665135 1.07897270451
2337.19708293 0.996874608132
2337.21751461 1.01874791942
2337.23794638 1.01398647812
2337.25837796 0.984437442467
2337.27880974 1.04184342077
2337.29924142 1.0011249637
2337.319673 0.861646523289
2337.34010477 0.993302244532
2337.36053645 1.06758382711
2337.38096803 0.958104034689
2337.48312652 1.01397440217
2337.50355819 0.928667066191
2337.52398987 0.970827422228
2337.54442155 0.97752335023
2337.56485322 0.953298916367
2337.5852849 0.864839471205
2337.60571657 0.941849991921
2337.85089668 1.05083851288
2337.9121918 1.04963815825
2337.97348683 0.936460108241
2337.9939185 1.01872664321
2338.01435018 1.00005473221
2338.0756452 1.05776821258
2338.15737199 1.03553822228
2338.21866701 1.05400401449
2338.23909858 0.892900215921
2338.25953036 0.999307116538
2338.27996203 1.03530361819
2338.34125705 0.996227007227
2338.50471042 0.893441529974
2338.52514209 1.04545964081
2338.54557386 1.05200998625
2338.56600543 1.03930473749
2338.58643711 1.02184918332
2338.60686878 1.06536104188
2338.62730045 1.00543801823
2338.66816389 0.994052470504
2338.68859546 0.907478964226
2338.70902713 1.01407285589
2338.7294589 1.01419333186
2338.74989047 0.993233150803
2338.77032224 1.05457722456
2338.79075391 1.00413037682
2338.81118548 0.9683084417
2338.83161725 1.02236307025
2338.85204892 0.966921243119
2338.87248049 0.896588660097
2338.89291226 0.881953440942
2338.91334393 0.970785517876
2338.9337755 0.921131963051
2338.95420727 0.907614380724
2338.97463894 0.826203957559
2338.99507071 0.924121318244
2339.01550228 0.988512473139
2339.03593394 0.919530602256
2339.05636571 0.929210207719
2339.07679728 0.931443979672
2339.24025073 1.02598852123
2339.2606824 1.02928425155
2339.28111406 1.01696901093
2339.36284073 0.981498691753
2339.3832723 0.983812718885
2339.40370407 1.00299950242
2339.42413574 1.00298025463
2339.4445673 0.992238587166
2339.46499907 0.968915764144
2339.48543074 0.977500285481
2339.5058624 1.00031940832
2339.52629407 1.0087564734
2339.54672574 0.98536602696
2339.5671575 0.979803465721
2339.58758907 0.977271098665
2339.60802074 0.990496504512
2339.6284525 0.968198860239
2339.64888407 1.0074341948
2339.66931573 0.992365834723
2339.6897475 0.973450655679
2339.71017917 0.993678588385
2339.73061073 0.992744838531
2339.7510425 0.985910764981
2339.77147416 1.00799493038
2339.81233749 0.997751471043
2339.83276916 1.05376198325
2339.85320093 0.959664777085
2339.87363249 1.01901362513
2339.91449592 1.03235562455
2339.93492749 0.855754383609
2339.95535915 0.952431683954
2339.97579091 1.00859647299
2339.99622248 1.01771281846
2340.01665414 1.04249986227
2340.03708581 0.800252318126
2340.05751747 0.8675727648
2340.22097089 0.968393438843
2340.24140245 0.97612910175
2340.26183421 0.943117077875
2340.28226588 0.951827740117
2340.30269744 0.963783710552
2340.3231292 0.964632961644
2340.34356087 0.955964061462
2340.36399263 0.958822338896
2340.38442419 0.948827822498
2340.40485585 0.978767567734
2340.42528762 0.929980188822
2340.44571918 1.00110705974
2340.46615084 0.953566772056
2340.48658261 0.975101007838
2340.50701417 1.04140291298
2340.52744583 1.0115933925
2340.54787759 1.01582630059
2340.56830916 1.03969111396
2340.58874082 1.01838813293
2340.60917258 1.00986954178
2340.62960424 1.01502775822
2340.6500359 0.999466343315
2340.67046757 1.01538201805
2340.69089923 1.00021189408
2340.71133089 1.0125200707
2340.73176255 1.06348383055
2340.75219421 0.995892260664
2340.77262587 1.00973844556
2340.79305754 1.01080933597
2340.8134891 1.01644198751
2340.83392086 1.01085210455
2340.85435252 1.01886745196
2340.87478408 1.02163162945
2340.89521584 0.988827470668
2340.9156475 1.03612170855
2340.93607926 1.00082585407
2340.95651082 0.988975029738
2340.97694249 1.01562729314
2340.99737425 1.02737654868
2341.01780581 1.03942036893
2341.03823747 1.02205623238
2341.05866923 1.03567590192
2341.07910079 1.02385834343
2341.09953245 1.0249436626
2341.11996421 1.02828002131
2341.14039587 1.00595447654
2341.16082753 1.06171327684
2341.18125919 1.02655679336
2341.20169085 1.03730048461
2341.22212251 1.01344025431
2341.24255417 1.02634982988
2341.26298583 1.02583585701
2341.28341749 1.02497231328
2341.30384915 1.01791031495
2341.32428081 1.00778861022
2341.34471257 1.03368711422
2341.36514413 1.04006275991
2341.38557579 1.02637759893
2341.40600744 1.02268522018
2341.4264391 1.03775343789
2341.44687086 0.993393139204
2341.46730242 1.00460163156
2341.48773408 0.989968967734
2341.50816584 0.996769815834
2341.5285974 0.957458123815
2341.54902906 0.981995508715
2341.56946082 1.01272870423
2341.58989237 0.954080178053
2341.61032403 0.97466967048
2341.63075579 0.973300199607
2341.65118735 0.933529749116
2341.67161911 0.918780659115
2341.69205077 0.94562734036
2341.71248242 0.906777840304
2341.73291408 0.91099046264
2341.75334574 0.898801969321
2341.7737774 0.909557670185
2341.79420906 0.908841410091
2341.81464071 0.87700080524
2341.9167991 1.0721323067
2341.93723066 1.07118809271
2341.97809408 1.04668982145
2341.99852563 1.02820684677
2342.01895739 1.01562227117
2342.03938905 1.02397273935
2342.0598206 1.01570740476
2342.08025236 1.001500879
2342.10068402 1.01573451072
2342.12111557 1.0126324246
2342.14154733 0.972687696943
2342.16197899 1.00165178542
2342.18241065 0.991819417643
2342.2028423 1.00483357179
2342.22327396 0.983208611422
2342.24370561 0.995366139688
2342.26413727 0.997099496199
2342.28456893 0.997743698244
2342.30500058 0.995381389767
2342.32543224 1.00156554628
2342.3458639 0.999575719324
2342.36629565 1.00211319354
2342.38672721 1.00394103711
2342.40715886 1.03818775248
2342.42759062 1.02623773967
2342.44802218 1.00696785385
2342.46845393 1.02933123734
2342.48888559 1.00122978274
2342.50931714 1.04399132451
2342.5297489 1.02527648019
2342.55018056 1.01941031216
2342.57061211 1.03260507594
2342.59104387 1.05828070543
2342.61147552 1.01495676868
2342.63190708 1.01811773324
2342.65233883 1.00821702938
2342.67277049 1.03028147952
2342.69320224 1.04394454923
2342.7136338 0.995401236403
2342.73406545 1.07361141764
2342.75449721 1.0515812887
2342.77492876 1.01610007562
2342.79536042 1.04112035479
2342.81579207 1.06070077945
2342.83622383 1.02378815038
2342.85665538 1.00808782071
2342.87708714 1.06244987447
2342.89751869 1.03552901988
2342.91795045 1.00695606108
2342.9383821 1.00738642771
2342.95881366 1.02179033188
2343.02010862 1.04034923506
2343.04054037 1.05958977521
2343.06097203 1.04176576899
2343.08140358 1.0166150822
2343.10183534 1.04436391137
2343.12226699 1.06340009539
2343.14269854 1.03979503229
2343.1631303 1.07967326882
2343.18356195 0.991200335673
2343.20399371 1.00740462872
2343.22442526 0.984883516266
2343.24485691 1.01029761806
2343.28572022 0.974863345071
2343.30615187 0.914806236918
2343.32658363 0.964027122917
2343.34701528 1.00295762137
2343.36744683 1.04684261482
2343.38787859 1.01150055148
2343.40831024 1.02971824421
2343.42874189 0.860477314641
2343.44917355 0.947964792723
2343.4696052 0.930098165341
2343.49003695 1.05110525473
2343.51046851 1.00083566776
2343.53090016 0.896862365742
2343.55133181 0.931651709074
2343.57176347 0.863493005332
2343.59219512 0.972749382263
2343.61262677 0.995635450302
2343.63305842 0.97499798511
2343.65349018 0.887374290603
2343.67392173 0.965781839688
2343.69435338 0.863437951984
2343.71478514 0.90229462222
2343.73521669 0.885001870225
2343.75564834 0.888604313908
2343.77608009 0.862898462624
2343.79651165 0.834496194326
2343.83737505 1.0709839802
2343.8578067 1.03434089728
2343.87823826 1.03601660675
2343.89867001 1.0312303252
2343.91910166 1.0145641412
2343.93953331 1.0012300032
2343.95996496 1.01747037216
2343.98039662 1.02150574049
2344.00082837 1.04022498127
2344.02125992 1.00973007264
2344.04169157 1.01237662542
2344.06212332 1.02756579263
2344.08255488 1.00579376859
2344.10298653 1.00423941621
2344.12341828 0.995413649266
2344.14384983 1.00420761605
2344.16428158 1.01566374124
2344.18471323 1.02210996466
2344.20514479 1.01132075348
2344.22557654 0.990077784474
2344.24600819 1.01851109122
2344.26643974 0.99203506168
2344.28687149 1.0096821521
2344.32773479 1.00735290397
2344.34816645 1.01195929673
2344.368598 1.00267160773
2344.38902975 1.01684237922
2344.4094614 1.01228490951
2344.42989305 1.0195637675
2344.4503247 1.02718516979
2344.47075635 1.03402122907
2344.491188 1.02707790944
2344.51161966 1.02777168375
2344.53205131 1.06374928393
2344.55248296 1.0236379109
2344.57291471 1.00425293946
2344.59334626 1.00823567529
2344.61377791 1.0241159507
2344.63420966 1.01122727204
2344.65464121 1.0158054599
2344.67507296 0.991865783338
2344.69550461 1.02378860973
2344.71593616 1.01302265403
2344.73636791 1.00333034983
2344.75679956 0.985540459009
2344.77723111 0.982507618299
2344.81809452 0.909360701255
2344.83852617 0.93347274659
2344.85895782 0.941982827654
2344.87938947 0.962977123725
2344.89982122 0.976525221313
2344.92025277 0.984879332079
2344.94068442 1.00719706897
2344.96111607 1.00888586083
2345.12456937 0.748457737239
2345.14500102 0.77958631111
2345.16543257 0.789628646683
2345.18586432 0.820964129397
2345.20629597 0.805727272068
2345.22672752 0.843644533623
2345.24715927 0.853770432831
2345.26759092 0.876765208059
2345.28802247 0.88448060117
2345.30845422 0.906523307703
2345.32888587 0.915317604577
2345.34931762 0.929773937975
2345.36974917 0.936025743374
2345.39018082 0.960128220739
2345.41061257 0.972542602287
2345.43104412 0.988701385176
2345.45147577 0.985893959871
2345.47190751 1.0017394339
2345.49233916 1.01810449749
2345.51277071 1.03819444484
2345.53320246 1.05747333708
2345.55363411 1.04107181565
2345.57406576 1.02572649118
2345.59449741 1.03888726007
2345.61492906 1.03768673104
2345.63536071 1.04164303894
2345.65579236 1.02763124739
2345.67622401 0.980779449028
2345.69665566 0.920275447557
2345.71708731 0.869275094692
2345.73751896 0.812570792506
2345.81924555 0.936213195384
2345.8396772 0.947732879463
2345.86010895 0.961041228941
2345.8805405 0.959067607664
2345.90097215 0.987439591769
2345.9214039 0.973623540052
2345.94183545 1.00464142714
2345.9622671 1.00183184318
2345.98269884 1.00720263982
2346.00313039 1.01294593005
2346.04399379 0.921135674534
2346.06442544 0.938498128207
2346.08485709 0.950325833967
2346.10528874 0.947974718266
2346.12572039 0.971541551659
2346.14615203 0.97563398232
2346.16658368 0.98202449321
2346.18701533 0.992864294138
2346.20744708 0.998602476782
2346.22787863 1.03997229888
2346.24831028 0.998506341238
2346.28917357 0.980861618474
2346.30960532 1.01773879776
2346.33003697 1.01082780264
2346.35046852 1.01057363199
2346.37090027 1.01676868336
2346.39133192 1.00253779249
2346.41176347 1.03402712769
2346.43219521 1.0013099771
2346.45262676 1.00199644789
2346.47305841 0.993710719859
2346.49349016 0.979834164064
2346.53435346 0.949793106434
2346.55478511 0.968978791636
2346.57521675 0.979494024671
2346.5956484 0.978338487698
2346.61608005 1.00061704716
2346.6365117 0.989900302203
2346.65694335 0.993011531788
2346.67737499 0.986265411469
2346.69780664 0.996441237896
2346.82039663 0.915517469144
2346.84082828 0.933326749693
2346.86125983 1.02881801588
2346.88169158 0.985066739341
2346.90212323 1.00352202526
2346.92255477 0.99203056947
2346.94298652 0.98422551395
2346.96341817 1.01330945677
2346.98384992 0.980320046052
2347.00428147 0.987595556678
2347.02471311 1.02139648248
2347.04514476 0.980460920404
2347.06557641 0.992153169711
2347.08600806 1.01611893029
2347.10643981 1.001480866
2347.12687135 1.00559460554
2347.147303 1.02889428406
2347.16773465 0.996015750444
2347.20859805 1.04873169666
2347.29032464 1.01840705241
2347.33118793 0.998288046723
2347.35161958 1.01203958964
2347.37205113 1.00119301063
2347.39248288 1.00649263584
2347.41291453 1.00623211939
2347.57636771 0.999988818145
2347.59679936 1.01337030371
2347.6172311 0.996767198409
2347.6580944 1.03779550791
2347.67852605 0.985715842735
2347.6989577 1.01416060574
2347.71938934 1.04069942449
2347.76025264 0.984463310184
2347.78068429 1.04781328926
2347.80111594 1.0532044737
2347.82154758 0.957154367602
2347.84197923 1.03024975454
2347.86241088 0.974841628217
2347.88284263 1.00950251591
2347.90327417 0.918917656615
2347.92370582 1.00925411943
2347.94413757 0.99097720029
2347.96456912 0.994696843726
2348.00543251 0.985136849453
2348.02586406 0.983243308046
2348.04629571 1.00177839013
2348.06672746 1.00576365945
2348.087159 1.01705027219
2348.10759075 1.01144137523
2348.1280224 1.01680431063
2348.14845395 0.999698063819
2348.1688857 1.01710710808
2348.18931734 0.985332521968
2348.20974899 1.00241033398
2348.25061229 0.989752092436
2348.27104394 1.02707426198
2348.29147558 1.00080054503
2348.31190723 1.01737981094
2348.33233898 1.0397669882
2348.35277063 0.950454549613
2348.37320217 0.996909249235
2348.39363392 0.993662844354
2348.41406557 0.997464699764
2348.43449712 1.00911020409
2348.45492887 1.00386458075
2348.49579206 0.997493032146
2348.51622381 1.0298502332
2348.55708711 1.00011794964
2348.57751875 0.99523405912
2348.5979503 0.993827173319
2348.61838205 0.994145838739
2348.6388137 1.00124051118
2348.65924525 0.996586529622
2348.67967699 0.975195928087
2348.70010864 0.975700046074
2348.74097194 0.969396432071
2348.76140359 1.02813492493
2348.78183533 1.02977985676
2348.80226688 0.978721874705
2348.82269853 1.02900122
2348.84313028 0.989399336469
2348.86356183 1.02019362985
2348.88399347 1.01353798264
2348.92485687 1.00343443586
2348.94528852 0.994084700059
2348.98615181 0.97205925868
2349.00658346 0.962555579056
2349.02701511 1.01356060203
2349.04744676 1.00669239083
2349.06787851 0.985513064577
2349.08831005 1.01356221978
2349.1087417 1.01031850747
2349.12917345 0.99743818654
2349.149605 1.00770648946
2349.17003675 0.967925649332
2349.19046829 0.984508351111
2349.23133169 1.01192198912
2349.25176324 1.00148256905
2349.27219489 0.962088439433
2349.29262664 1.01657033358
2349.31305818 1.01443515045
2349.33348983 0.998539150363
2349.35392158 1.00228829541
2349.37435313 1.01045215398
2349.39478488 0.987059998699
2349.53780642 0.988900396289
2349.55823806 0.975890710208
2349.57866981 0.947018110439
2349.59910136 1.06836666588
2349.61953311 0.980270733725
2349.63996476 1.0255882653
2349.66039631 1.03132146646
2349.68082806 1.01777154982
2349.742123 0.978794453148
2349.76255465 1.00804829777
2349.7829864 1.02247280256
2349.80341795 0.993158265966
2349.8238496 0.970585050558
2349.84428135 0.969139000595
2349.86471289 1.0681371122
2349.90557619 1.01850104457
2349.94643949 0.984397592064
2349.96687114 0.955732325073
2349.98730279 1.06545938601
2350.00773454 0.998187404213
2350.02816608 1.00266813156
2350.04859773 0.996283388385
2350.06902948 1.0094543533
2350.08946113 1.01380402714
2350.10989268 1.01352955515
2350.13032443 1.00213865239
2350.25291432 0.984977109598
2350.27334597 0.923463365379
2350.29377772 1.0157997891
2350.31420927 1.02171303915
2350.33464092 0.969213531812
2350.35507267 1.00879011768
2350.37550422 1.01822518025
2350.49809412 0.956885186587
2350.51852586 1.02207798235
2350.53895751 0.945276465433
2350.55938916 0.969391505356
2350.57982081 0.973334863575
2350.60025246 1.01144598926
2350.62068411 0.985275409716
2350.64111576 1.07266438318
2350.66154741 0.97158683263
2350.68197906 1.00720939175
2350.70241071 0.999875110992
2350.72284236 1.00058200512
2350.74327411 0.997630058545
2350.76370566 1.00364046319
2350.78413741 1.00122682712
2350.80456906 0.994432164915
2350.82500061 0.977534534323
2350.84543236 0.997799128831
2350.86586401 0.96547813191
2350.88629556 0.938140393825
2350.94759051 0.967294446869
2350.96802226 0.986642500619
2350.98845391 0.988462965604
2351.00888566 1.0178612177
2351.02931721 1.00794212351
2351.04974886 0.996176437672
2351.07018061 1.01682597858
2351.09061216 1.01062933977
2351.11104381 0.987061023868
2351.23363381 1.06340833232
2351.25406547 1.01087404385
2351.27449702 1.00456598023
2351.29492877 1.0129026446
2351.31536042 1.01304090758
2351.33579207 1.0096089171
2351.35622372 0.995945751021
2351.37665537 0.996486025305
2351.45838207 1.0031331945
2351.47881362 0.928791915273
2351.49924528 0.983231546897
2351.51967703 1.01011299314
2351.54010858 0.998183457474
2351.56054023 1.00292852701
2351.58097198 1.00998131449
2351.76485684 1.03107434463
2351.78528859 1.01494524485
2351.80572014 0.963015575195
2351.8261518 0.997210286408
2351.84658355 0.980859955301
2351.8670152 0.990013574912
2351.88744675 1.01259176178
2351.9078785 1.02492330427
2351.92831016 1.00305307208
2351.94874171 1.01912170729
2351.96917346 0.999474966691
2351.98960511 1.00445409204
2352.01003676 1.01423557732
2352.03046841 0.999644508431
2352.05089997 1.00222841771
2352.07133172 1.00877459632
2352.09176337 1.02222856303
2352.21435329 1.01250557473
2352.23478504 0.974262352898
2352.25521659 0.992668470429
2352.27564824 0.987745105716
2352.29608 0.957362220357
2352.31651155 0.989012523519
2352.3369432 0.977841320522
2352.35737495 0.994913496687
2352.37780661 1.02468972011
2352.41866991 0.958406386783
2352.43910156 1.01596256538
2352.45953322 0.972911552729
2352.47996487 0.989198636712
2352.50039652 1.01097462
2352.52082818 1.0008756312
2352.54125983 1.01486232462
2352.56169158 0.994251650525
2352.58212324 1.00012485874
2352.60255479 1.00263371982
2352.62298654 0.979307872795
2352.66384975 0.978792085967
2352.6842815 0.997469439015
2352.72514481 1.00377906987
2352.74557646 0.998382885079
2352.76600802 1.01762707717
2352.78643977 1.02563833475
2352.97032466 0.889693838611
2352.99075631 0.991711165659
2353.01118807 1.0047437319
2353.03161962 0.940037723349
2353.09291468 1.05454221944
2353.11334634 1.01170131617
2353.13377799 1.01760299717
2353.15420965 0.972671102
2353.1746413 0.960759536288
2353.19507296 1.00231260965
2353.21550461 0.985755489811
2353.23593637 0.955185758216
2353.25636792 1.01493383143
2353.27679958 0.979923543017
2353.29723133 1.00280103068
2353.31766289 1.00137669435
2353.33809464 1.01061409755
2353.3585263 1.00001744116
2353.39938961 0.960716763476
2353.41982116 0.979037521011
2353.44025282 1.02618705958
2353.46068458 1.02075446816
2353.48111613 1.00393623827
2353.50154789 1.01873750358
2353.52197954 0.99379201329
2353.5424111 1.00624616824
2353.7262962 1.00591112751
2353.74672786 1.01680805078
2353.76715942 1.01331165404
2353.78759117 1.03464258322
2353.80802283 1.06999048096
2353.82845439 0.959233554173
2353.8693178 0.941038593203
2353.88974956 1.03655946817
2353.91018111 1.04702408719
2353.93061277 1.05379680637
2353.95104453 1.00226715294
2353.97147608 1.02189332364
2353.99190774 1.01769860215
2354.0123395 1.02394003543
2354.03277106 1.06309688753
2354.05320281 1.01156041692
2354.07363437 1.02235995967
2354.09406603 1.00317659242
2354.13492934 1.02620825124
2354.155361 0.907877957369
2354.17579276 0.96794125163
2354.19622432 1.02215178813
2354.21665597 0.968513339932
2354.23708773 1.01344006941
2354.25751939 1.0253491167
2354.27795105 1.01210349119
2354.29838271 1.02414335566
2354.42097266 0.956298762087
2354.44140441 0.956026870544
2354.46183607 0.989743317171
2354.48226763 1.02574091822
2354.50269939 1.0049910611
2354.52313105 0.983663606388
2354.54356261 0.988792647084
2354.56399437 0.974277812228
2354.58442603 0.958362731912
2354.60485778 0.971071573159
2354.62528934 1.01244471714
2354.645721 0.978127021082
2354.66615266 0.979969417511
2354.68658432 0.983659845888
2354.70701598 0.993254842099
2354.72744764 0.969754329744
2354.7478793 0.970598053715
2354.76831096 0.968597136677
2354.78874262 0.975790186825
2354.80917428 0.976168965943
2354.82960604 1.05275444131
2354.87046926 1.01189628982
2354.89090102 1.01388850689
2354.91133258 0.98090195933
2354.93176424 0.982575205923
2354.952196 0.980668589015
2354.97262766 0.965955691077
2354.99305932 1.00814660652
2355.01349098 1.0033146277
2355.03392264 1.02661692348
2355.13608095 0.996282432989
2355.15651271 0.977585824753
2355.17694437 0.97328798977
2355.19737593 0.983560750784
2355.21780769 1.00250331583
2355.23823935 0.999698324041
2355.25867091 1.00109635217
2355.27910268 1.00900681954
2355.29953434 1.00101539153
2355.3199659 1.03438475762
2355.36082932 1.02152642314
2355.38126108 1.02250618806
2355.40169265 1.01248459206
2355.42212431 1.01825471204
2355.44255597 1.0115392969
2355.46298763 0.997462568608
2355.4834193 0.984732146896
2355.50385096 0.948823429206
2355.6468726 1.01136794037
2355.66730436 0.983333360527
2355.68773602 0.986647204336
2355.70816769 1.04015802298
2355.72859935 0.990632895185
2355.74903101 0.982413836182
2355.89205276 0.955964416153
2355.91248432 0.983344260374
2355.93291609 0.983181242174
2355.95334775 1.05095875844
2355.97377931 1.01598092166
2355.99421108 0.987893905657
2356.01464274 1.02506101551
2356.03507441 1.08132256894
2356.05550607 1.07827478839
2356.0963694 0.951425079954
2356.11680107 1.00021449154
2356.13723273 1.02189329054
2356.1576644 1.00339090474
2356.17809606 1.01233966255
2356.19852773 1.02687802683
2356.21895939 1.03013415388
2356.23939106 1.0094702842
2356.28025449 1.01342931529
2356.36198105 1.01633967741
2356.38241282 1.02865253766
2356.40284448 1.000631953
2356.42327605 1.03000041395
2356.44370782 1.00675690216
2356.46413948 0.978477608248
2356.48457125 1.00497343136
2356.50500281 1.00291467901
2356.52543448 1.00573870183
2356.62759282 0.917359377019
2356.64802458 0.982077886389
2356.66845625 0.991936164889
2356.68888782 0.98223892721
2356.72975125 0.961678720447
2356.75018292 0.967942122999
2356.77061459 0.984034905636
2356.79104626 0.986632533401
2356.83190959 1.00972247558
2356.85234126 0.970177559083
2356.87277293 0.990788738133
2356.8932046 0.977751513662
2356.91363626 0.99204260443
2356.93406803 0.98160386283
2356.9544996 0.992756719298
2356.97493127 0.99753698126
2357.13838462 0.905245481562
2357.15881639 0.934813184728
2357.17924806 1.00121401148
2357.19967983 0.954738879941
2357.2201114 0.985706239119
2357.24054307 0.976384808694
2357.26097484 0.992435347072
2357.34270142 0.984557153593
2357.36313319 1.00413076188
2357.38356486 0.938916624716
2357.40399653 0.976794146596
2357.4244282 0.975417792275
2357.44485987 1.01031055576
2357.46529154 1.01300620362
2357.48572322 1.0026527019
2357.50615489 1.00059293948
2357.52658646 1.00147968349
2357.58788157 0.959962517381
2357.60831324 0.96990277327
2357.62874492 1.00516266533
2357.64917669 1.0189210004
2357.66960826 1.02119496309
2357.69003993 1.03587665771
2357.7104717 1.02890536401
2357.73090328 1.03590083671
2357.75133505 1.02601721253
2357.77176672 1.02735980813
2357.81263007 0.968380225749
2357.83306174 1.0346999479
2357.85349331 1.02439570492
2357.87392508 0.96005825348
2357.89435676 1.03452511831
2357.91478853 1.00659589064
2357.9352201 1.02756185995
2357.95565178 1.04132918453
2357.97608355 1.033592875
2357.99651512 1.04898515766
2358.07824192 0.986917941347
2358.09867359 0.979627524184
2358.11910527 0.953372337694
2358.13953694 0.987954685097
2358.15996862 1.00160507482
2358.18040019 1.03959113749
2358.20083197 1.00439005922
2358.22126364 1.02072918889
2358.24169522 1.03545210958
2358.32342202 1.02331927442
2358.34385369 0.997129261457
2358.36428547 1.03267239138
2358.38471704 1.01471489664
2358.40514872 0.993953443676
2358.42558049 1.03869411229
2358.44601207 0.998022200399
2358.46644385 1.03912408785
2358.48687552 1.01888145234
2358.56860213 0.982495584998
2358.5890339 0.996561420953
2358.60946558 1.01063654077
2358.62989736 0.937861761901
2358.65032893 0.996694969975
2358.67076061 1.0664570289
2358.69119239 1.00002780469
2358.71162407 1.0012752764
2358.73205564 1.00091575622
2358.81378245 1.01290465445
2358.83421403 1.04286377802
2358.85464581 0.96018209649
2358.87507749 0.971823154733
2358.89550907 1.00154358883
2358.91594085 0.976072493422
2358.93637252 1.04364864648
2358.9568041 1.00888455
2358.97723588 1.03157773537
2359.0589626 1.00661495844
2359.07939438 1.00727409913
2359.09982596 1.01943594814
2359.12025764 1.03135400282
2359.14068942 0.987898592373
2359.161121 1.029473498
2359.18155278 0.992350996605
2359.20198446 1.01062827665
2359.22241604 1.00123216517
2359.24284782 1.01163345803
2359.28371118 1.04176541234
2359.30414286 1.00224751052
2359.32457454 0.998786799632
2359.34500622 1.0056984887
2359.3654379 1.00967640455
2359.38586958 0.972166712576
2359.40630136 1.00975147393
2359.5901865 0.877876612341
2359.61061808 0.92888518289
2359.63104987 0.947344501772
2359.65148155 1.0068420529
2359.67191313 0.927005526596
2359.69234492 0.976278158569
2359.7127766 0.993545597702
2359.73320838 1.05751179036
2359.75363996 0.974319956004
2359.77407165 0.925538364382
2359.79450343 0.893003220391
2359.81493502 0.956172779507
2359.8353667 0.994305014639
2359.85579848 0.987316599145
2359.87623007 1.00464951012
2359.89666185 1.00720197917
2359.91709354 1.00441008347
2359.93752522 1.01113976319
2359.9579569 0.991813988987
2359.97838859 0.976009501467
2360.01925196 0.985082821342
2360.1009787 0.980391132459
2360.12141049 0.979321516709
2360.14184217 0.947580520745
2360.18270554 1.00710304404
2360.20313713 0.996771458632
2360.22356882 1.02316794283
2360.26443219 0.941734541428
2360.28486398 0.966986606667
2360.30529566 1.04562337026
2360.32572725 1.03474609084
2360.34615904 0.980026973989
2360.36659072 1.05218988057
2360.38702231 1.00531793154
2360.4074541 1.00569020457
2360.42788578 1.0019176505
2360.44831757 1.01617340506
2360.53004422 0.872540514484
2360.5709077 0.997671481227
2360.59133939 0.981588417004
2360.63220277 1.04999075024
2360.65263446 1.0355593213
2360.67306614 0.985201661436
2360.69349783 0.958082997428
2360.71392952 1.02115665358
2360.73436131 1.01416465008
2360.7547929 0.992180001781
2360.77522459 1.0224826421
2360.81608797 1.02257433773
2360.83651976 0.994333139303
2360.85695145 0.971305358647
2360.87738304 0.999534342803
2360.89781483 0.968252353071
2360.91824642 1.05531532141
2361.06126836 1.02029676236
2361.08170005 1.01016698061
2361.10213175 1.01501259016
2361.12256344 1.01777014755
2361.14299513 1.01187711801
2361.16342692 0.99174707255
2361.18385851 0.995472662908
2361.20429021 0.984167355994
2361.24515359 1.01512624068
2361.26558529 1.01028772411
2361.28601708 1.01545387441
2361.30644877 1.02428835689
2361.32688047 0.992707750832
2361.34731216 0.99208060435
2361.36774385 0.987450865083
2361.5720608 0.937066721109
2361.59249249 0.974823533565
2361.61292429 0.988090944118
2361.63335588 1.00214815477
2361.65378758 1.00044589802
2361.67421937 0.975648779694
2361.69465097 1.03416831196
2361.73551446 0.807154765479
2361.75594606 0.959148310684
2361.77637786 0.899125686167
2361.79680955 1.03465062888
2361.81724125 0.936106380965
2361.83767295 1.00152587618
2361.85810464 0.99339316042
2361.87853644 1.01997085589
2361.91939973 1.02883788885
2362.02155832 0.988955142642
2362.04199002 0.944780943579
2362.06242172 1.04954318801
2362.10328522 1.05826540256
2362.12371682 0.995114392489
2362.14414852 1.00682876649
2362.16458032 1.02104254705
2362.24630701 1.06557750898
2362.26673881 1.02883615003
2362.28717041 1.00491800265
2362.30760211 0.874914568519
2362.32803391 0.974419150345
2362.34846552 0.999704544953
2362.38932902 1.01425523144
2362.51191923 0.981731029511
2362.53235093 1.03940664393
2362.55278263 1.04053810108
2362.57321433 1.03027412919
2362.59364613 1.0223074632
2362.61407784 0.988630276332
2362.77753146 0.987351655997
2362.79796317 0.976517030104
2362.81839497 0.96131208171
2362.83882657 1.01573872991
2362.85925828 1.02254159081
2362.87969008 0.993082875562
2362.90012169 1.00641114682
2362.92055349 1.0255088394
2362.9409851 0.997255493592
2362.9614168 1.01369731913
2362.98184861 1.03208920701
2363.00228021 1.01438880743
2363.02271192 1.02222407345
2363.04314372 1.02656467818
2363.06357533 0.99565128007
2363.08400714 0.986146520926
2363.10443884 0.953420246785
2363.24746089 1.03305077777
2363.2678925 1.05762587013
2363.28832421 1.02558948369
2363.30875601 0.979786042167
2363.32918772 1.01966024894
2363.34961933 1.02353663141
2363.5130731 0.991838291331
2363.53350491 0.958274061501
2363.55393652 0.98125324017
2363.57436823 0.963424351064
2363.59479994 0.950243884605
2363.61523165 0.996927167123
2363.63566346 0.97168056146
2363.65609507 0.999782827349
2363.67652678 1.00500874205
2363.69695859 1.06802480399
2363.7173902 0.980963353955
2363.73782191 0.970403266157
2363.75825372 1.04483545994
2363.77868544 0.987334140029
2363.79911715 0.983530467346
2363.81954886 0.969948797137
2363.83998057 1.01525455198
2364.00343427 0.982379770249
2364.02386609 1.03462695174
2364.0442978 1.02747701315
2364.06472941 1.04888676259
2364.08516123 1.03926036101
2364.10559294 0.978333952407
2364.12602476 1.0435592652
2364.14645637 0.975053515706
2364.16688809 1.00801071029
2364.1873198 0.97991665137
2364.20775152 1.00597263696
2364.22818323 1.01237281528
2364.24861495 1.01344769936
2364.26904666 0.995583079827
2364.30991009 1.03181274943
2364.33034181 1.01153227822
2364.35077362 1.07476179273
2364.37120524 0.980343215995
2364.39163696 1.00433633697
2364.43250039 0.91132576518
2364.45293211 0.9581138897
2364.47336392 0.952120499774
2364.49379564 1.00688335329
2364.51422736 0.978952913336
2364.53465908 1.00635197559
2364.55509079 1.00608026433
2364.57552251 1.01860501505
2364.59595423 1.01181463832
2364.61638595 1.01377413428
2364.63681777 0.983450491194
2364.67768121 0.982760940122
2364.69811292 1.00419981785
2364.71854454 1.0127329945
2364.73897636 1.01685843728
2364.75940808 1.00980409946
2364.7798397 1.00515754877
2364.80027152 1.0007412751
2364.82070324 0.9707412488
2364.98415701 0.989146264518
2365.00458883 1.01230685814
2365.02502045 0.871659291779
2365.04545217 1.02635016568
2365.065884 0.971334141
2365.08631562 0.984823145064
2365.22933778 0.948771496259
2365.2497695 0.982625435054
2365.27020123 0.988371548103
2365.29063305 0.966093744248
2365.31106468 0.962496804493
2365.3314965 1.04129894396
2365.35192822 1.00086757307
2365.37235985 0.985289758495
2365.4132234 0.984459780291
2365.43365502 1.04736872237
2365.45408685 0.994032758601
2365.47451858 0.998992001613
2365.4949502 1.01129112856
2365.51538203 1.03435887829
2365.53581375 1.01964503798
2365.55624558 1.00168968258
2365.78099458 0.966172218828
2365.80142631 1.01153607778
2365.82185794 0.972574668794
2365.84228977 1.01099434924
2365.8627215 0.94015648483
2365.88315323 0.897953809338
2365.90358496 0.998630273416
2365.92401669 1.00917693775
2365.94444852 1.01103443817
2365.96488015 1.003807416
2366.00574371 1.00819638676
2366.02617534 1.0073347214
2366.04660717 1.00356893383
2366.0670389 1.01222296881
2366.18962929 1.02492418632
2366.21006102 1.03673604912
2366.23049275 1.01682747711
2366.25092449 1.00812400376
2366.27135622 1.00871939964
2366.29178795 0.968205868387
2366.33265142 0.993900458805
2366.35308315 1.0007207985
2366.39394662 0.934804035578
2366.41437835 0.952916796703
2366.43481019 0.950282234145
2366.45524182 1.0088527829
2366.47567356 0.932006702763
2366.49610539 1.01790845928
2366.51653713 1.01525314508
2366.53696886 0.957465264754
2366.5574006 1.00521834006
2366.57783233 1.00174388087
2366.59826417 0.980218949943
2366.63912754 1.01216032125
2366.65955938 1.01280360274
2366.67999102 1.00222534312
2366.70042285 1.00482781522
2366.72085459 1.02301475019
2366.74128623 0.99341079956
2366.76171806 0.969150418997
2366.7821498 1.02954669381
2366.80258144 0.970293402744
2366.92517207 0.979184723847
2366.94560371 1.00109296872
2366.96603545 1.01031865656
2366.98646719 1.00794521667
2367.00689893 1.00226908903
2367.02733067 1.00148420778
2367.21121644 0.997788378267
2367.23164818 1.00791719384
2367.25207992 0.991714769667
2367.39510212 1.01919169935
2367.41553396 1.04150053278
2367.43596571 0.934425938293
2367.45639735 1.00693125744
2367.49726094 1.02387086577
2367.51769259 0.94704262381
2367.53812443 0.977954809747
2367.55855618 1.02880107505
2367.57898792 0.9481825148
2367.59941967 0.971375710386
2367.61985141 1.01130159719
2367.64028316 0.986227392384
2367.6607149 0.995698081991
2367.68114665 1.01687149929
2367.7015784 1.00276357125
2367.72201014 1.00707394561
2367.74244199 1.0004813157
2367.76287364 0.99916841257
2367.92632772 1.01760695404
2367.94675947 0.952318116933
2367.96719132 0.959633800796
2367.98762297 0.977490444944
2368.00805472 0.982780802991
2368.02848657 1.0120976024
2368.04891822 1.0149765614
2368.06935007 0.96977292397
2368.08978182 0.972338113461
2368.11021347 0.979427853408
2368.13064532 0.992744160055
2368.15107707 1.02948686891
2368.17150872 0.996381125256
2368.19194057 1.006395102
2368.21237232 1.01084395149
2368.23280408 0.997906535955
2368.25323583 0.989005142052
2368.27366758 0.969355995041
2368.29409933 1.03901849043
2368.31453108 0.953931511
2368.35539459 0.967800765495
2368.37582634 1.00370902454
2368.41668985 0.993592575676
2368.4371216 0.998959014335
2368.45755346 1.01382002896
2368.47798521 1.02053128553
2368.49841687 1.01893463336
2368.51884872 1.00691055476
2368.64143925 1.01139152311
2368.66187101 0.989664665886
2368.68230287 0.985291632217
2368.70273452 0.986712969783
2368.72316628 0.986047735465
2368.74359814 0.988021303123
2368.9070522 0.96830671066
2368.92748396 0.921708880159
2368.94791582 0.944587977785
2368.96834748 1.03710956433
2368.98877924 0.992530250681
2369.009211 1.02409092989
2369.02964276 1.02042903357
2369.05007452 0.958789183036
2369.07050628 1.017829118
2369.1113699 0.978269201587
2369.13180156 1.0001985012
2369.15223332 1.02808206011
2369.17266518 1.0404272366
2369.19309694 1.01691231922
2369.21352861 1.01184686872
2369.23396047 1.03303274575
2369.25439223 0.949485850583
2369.27482399 0.973575061818
2369.37698281 0.980919355247
2369.39741467 0.99723835846
2369.41784634 0.967900903133
2369.4382782 1.01978314701
2369.45870997 1.01862319745
2369.47914163 1.00485242847
2369.4995735 1.04669228564
2369.52000526 1.02516004226
2369.54043693 1.0153427641
2369.58130056 1.03931680387
2369.66302762 0.995332241906
2369.68345939 0.950859028589
2369.70389116 1.00328054608
2369.72432292 0.992865779777
2369.74475469 1.01332099968
2369.76518656 1.02518025919
2369.78561823 1.01780948583
2369.82648186 1.01901588835
2369.84691363 0.995363949839
2369.8673453 0.963763540588
2369.88777717 0.978375591283
2369.90820894 1.0207225632
2369.92864071 1.0036629147
2369.94907248 0.965292418939
2369.96950425 0.99869401713
2369.98993612 0.999235473638
2370.11252675 0.989218793581
2370.13295842 0.916474060138
2370.15339029 0.932859793539
2370.23511738 0.993638427642
2370.25554915 0.968469229515
2370.27598093 1.0566726553
2370.2964127 1.00337390675
2370.31684458 1.00252556759
2370.33727625 1.02436684242
2370.35770802 1.01700545691
2370.3781398 1.03782918136
2370.39857157 1.02571136556
2370.41900335 1.02318005898
2370.43943512 1.01313201083
2370.4598669 1.0018140851
2370.48029877 0.993127300923
2370.58245756 0.957896778506
2370.60288943 0.963498382889
2370.62332121 1.01001677088
2370.64375309 1.00173442547
2370.66418477 1.00297894516
2370.68461654 1.03259361508
2370.70504842 1.02224074457
2370.7254801 1.02897074636
2370.8276391 0.957143210027
2370.84807078 1.01021877074
2370.86850266 0.975129422354
2370.88893444 0.964711215089
2370.929798 0.99238709648
2370.95022978 1.02382441074
2370.97066156 1.01048410179
2370.99109334 1.03218643131
2371.01152512 1.01853282739
2371.05238869 0.976410131295
2371.07282047 0.973166149605
2371.09325225 0.962092271901
2371.11368403 0.978001653699
2371.13411592 1.03536609389
2371.1545476 1.01610454863
2371.17497938 1.00321330038
2371.19541127 0.989753806391
2371.21584305 1.00705634519
2371.31800197 0.998728943917
2371.33843376 0.903176447258
2371.35886565 0.962235187753
2371.37929733 1.01640345066
2371.39972912 0.940737274901
2371.420161 1.00116228393
2371.44059269 0.98739721682
2371.46102458 1.01624257302
2371.48145636 1.00230925952
2371.50189381 0.974872838504
2371.52231991 0.986360099515
2371.5427517 1.00101078608
2371.56318339 0.97415528822
2371.58361528 1.00530300879
2371.60404707 1.02261764429
2371.62447895 1.00964570364
2371.64491064 1.00238400096
2371.66534243 1.05918335059
2371.68577432 1.03259093649
2371.70620601 1.00679287662
2371.7266378 0.983537890736
2371.74706969 0.976303465011
2371.78793317 0.996639617985
2371.80836506 0.960228799291
2371.82879686 0.999816145867
2371.84922865 1.01995113722
2371.86966044 1.01360199297
2371.89009223 1.01687051692
2371.91052412 0.993214607149
2371.93095581 0.991799668969
2371.95138761 1.00731461136
2371.9718195 1.02123800697
2371.99225119 1.01092155699
2372.03311488 0.961136545407
2372.05354657 0.969426671452
2372.07397847 0.995228915392
2372.09441016 0.969627456124
2372.11484196 1.02061748267
2372.13527385 0.983614590658
2372.15570555 0.987771749281
2372.17613744 1.00234556144
2372.19656924 1.01515201564
2372.21700093 1.02991062753
2372.29872822 0.982128350563
2372.31916002 0.992266544062
2372.33959191 0.917638408022
2372.36002361 1.00530553743
2372.38045541 0.947171746539
2372.40088731 1.00721330033
2372.4213191 0.999371907692
2372.4417508 1.03183118581
2372.4621827 1.01492220357
2372.4826145 0.960977701788
2372.5030463 1.00623146624
2372.5234781 1.00621922139
2372.5439099 0.989245008616
2372.5643417 1.02247109028
2372.6052053 1.00612017022
2372.6256372 1.0154768563
2372.6460689 1.02645981821
2372.6665008 1.00560488591
2372.82995522 1.03663085172
2372.85038702 0.982715463711
2372.87081873 1.00970127266
2372.89125063 0.995156172074
2372.91168243 0.949099337325
2372.93211414 0.970387769899
2372.99340975 1.00402986423
2373.01384146 1.02025316848
2373.03427327 0.980565106845
2373.05470517 1.02028592201
2373.07513698 1.01599191071
2373.11600059 1.0046589098
2373.1364324 0.999342567783
2373.1568642 0.983001359084
2373.34075048 1.01036402673
2373.36118229 0.992969856814
2373.3816142 0.988567399688
2373.40204591 0.922771818998
2373.42247772 1.01301562852
2373.44290963 0.99157750909
2373.46334134 1.02816258867
2373.48377325 1.02175287468
2373.50420507 0.989806158662
2373.52463678 1.05478072311
2373.54506869 1.0134353728
2373.5655005 1.03545711032
2373.58593221 1.01836188703
2373.60636413 1.01270589053
2373.62679594 1.07071301871
2373.64722785 0.993789085899
2373.66765957 1.00359444865
2373.68809138 1.06014900468
2373.70852329 1.00325530014
2373.72895501 1.02606796809
2373.74938682 0.979182620284
2373.76981874 1.02355639877
2373.79025055 0.990449340931
2373.81068227 1.00135020881
2373.83111418 1.00398261495
2373.851546 0.978016879348
2373.87197782 0.996732416153
2373.89240963 0.980346245408
2373.91284145 0.974002847901
2373.93327337 0.966229393941
2373.95370508 0.934681536897
2373.99456882 1.02037272078
2374.01500054 0.98376774244
2374.03543246 1.00320468531
2374.05586417 1.00015940175
2374.07629599 1.00952535624
2374.09672791 1.01630008008
2374.11715963 0.992140934108
2374.13759145 0.993703719824
2374.30104612 0.977332040564
2374.32147794 0.959640616854
2374.34190976 0.958638988347
2374.36234168 1.00116894106
2374.38277341 0.987716655185
2374.40320523 1.02546098741
2374.42363715 1.0050434757
2374.44406898 1.01510110831
2374.4645007 1.04873654722
2374.48493262 0.98023589884
2374.50536445 0.933025497475
2374.52579627 1.0515625085
2374.5462281 1.00568819299
2374.56665992 1.04350247144
2374.58709185 1.01916122474
2374.60752357 1.00486476628
2374.6279554 0.991708956626
2374.64838733 0.982509389861
2374.66881905 1.00063783481
2374.68925098 0.984759368737
2374.73011453 1.01921165108
2374.75054646 1.00042854505
2374.77097819 0.977133980524
2374.79141002 1.0104227366
2374.81184194 0.955388690874
2374.83227367 1.01139811511
2374.8527056 1.01276157475
2374.87313743 1.00893434034
2374.89356916 0.994877977162
2374.91400109 0.984675919385
2374.93443292 0.960218489386
2374.97529658 0.997992939966
2374.99572841 1.01360450827
2375.01616034 0.997379296609
2375.03659207 1.00493418591
2375.0570239 1.00204793506
2375.07745584 0.990765178598
2375.09788767 0.981165480793
2375.1183195 0.986996895072
2375.3022061 0.97998978647
2375.32263784 1.0135284397
2375.34306977 1.00202476991
2375.36350151 1.004842295
2375.38393335 1.01331214573
2375.40436528 0.980713321873
2375.42479712 0.972519049924
2375.44522896 0.987642868331
2375.46566079 1.00542699355
2375.48609253 0.99354733182
2375.50652447 0.999504393199
2375.52695631 1.00148397612
2375.54738804 1.00690790113
2375.56781998 1.01748350365
2375.58825182 1.00333646348
2375.60868376 0.991422108628
2375.6291155 0.983397474858
2375.64954734 0.989151757052
2375.66997928 0.989753273539
2375.71084286 0.981872334744
2375.7312748 0.979909825431
2375.75170654 1.06057066142
2375.77213848 1.00465714727
2375.79257032 1.01150030294
2375.81300216 0.994189545131
2375.83343401 1.00486334841
2375.85386585 1.00134975179
2375.87429769 1.00294213456
2375.89472963 1.02072278036
2375.91516138 0.987171540187
2375.95602516 1.00581029544
2375.97645691 0.978718353107
2375.99688885 0.992842459279
2376.0173207 1.01092887988
2376.03775244 0.981612465414
2376.05818439 1.0003615486
2376.07861613 1.00676197832
2376.09904798 0.997589508845
2376.11947992 0.993052246439
2376.13991167 1.0215145734
2376.16034361 1.0062121547
2376.20120721 0.973569773462
2376.22163916 1.00232808041
2376.242071 1.04691735749
2376.26250275 1.04017744183
2376.2829347 0.993360164884
2376.30336655 1.00760805538
2376.3237985 0.995986867526
2376.34423025 1.00685757686
2376.36466209 1.00627703261
2376.38509404 0.999865398506
2376.40552579 0.998080085207
2376.44638959 1.01643276243
2376.46682145 0.996176086416
2376.4872533 0.99965993414
2376.50768515 1.00130209896
2376.528117 0.981337884091
2376.54854885 0.990744210878
2376.5689807 0.994271931076
2376.58941256 0.97093587984
2376.60984451 0.999949727898
2376.63027626 0.989322870874
2376.65070821 0.919141652961
2376.69157182 0.878813837061
2376.73243553 0.969523878815
2376.75286738 0.992868619508
2376.77329934 1.00782783432
2376.79373109 1.05208926915
2376.81416305 1.01163711696
2376.83459491 1.00123316209
2376.85502666 1.00897513411
2376.87545862 1.03146616603
2376.89589047 1.01676703822
2376.93675419 1.01126582924
2376.95718605 0.985924863559
2376.977618 1.01307933517
2376.99804976 0.996200656994
2377.01848162 1.01536673089
2377.03891358 1.01043438663
2377.05934534 1.0106747402
2377.0797772 0.988237157681
2377.10020916 1.01683843883
2377.12064102 0.965858820149
2377.20236846 0.960056105196
2377.22280032 1.01688946292
2377.24323218 0.994440054377
2377.26366414 0.977644559146
2377.28409591 1.03098437909
2377.30452787 1.02499388625
2377.32495973 0.945426503003
2377.34539149 0.973148100686
2377.36582346 1.0201080939
2377.38625532 0.991642504475
2377.40668708 1.04864077138
2377.42711905 0.995867348792
2377.44755081 1.01683382413
2377.46798278 1.01389507602
2377.48841464 1.02884585016
2377.50884641 1.01226717895
2377.52927837 1.01951279557
2377.54971024 1.00982623829
2377.57014201 1.00431850041
2377.59057397 0.998092779283
2377.61100584 0.984473029265
2377.63143781 0.986721111557
2377.67230144 0.996610350835
2377.69273341 0.936109236968
2377.71316518 0.988331508305
2377.73359705 1.02223094828
2377.75402902 1.00050750474
2377.77446088 1.01148010825
2377.79489275 1.02010474017
2377.81532462 1.00455402306
2377.83575649 1.00127606177
2377.85618836 0.999253451968
2377.93791585 0.901505216622
2377.95834782 0.908801334742
2377.97877969 0.960892981206
2377.99921147 0.958828620245
2378.01964344 0.957500104003
2378.04007531 1.0103674975
2378.06050708 0.954646963742
2378.08093906 0.98963077199
2378.10137083 0.980204836996
2378.12180281 0.988946196682
2378.14223468 0.984750859302
2378.16266646 1.01603295197
2378.18309843 0.985667906974
2378.20353031 1.00774392679
2378.22396208 1.01085808652
2378.24439406 1.0007817355
2378.26482593 1.026872508
2378.28525791 1.00757827196
2378.30568969 0.993482108054
2378.32612156 0.988770518493
2378.34655354 0.997268006305
2378.36698532 0.992104185072
2378.40784918 0.988468434667
2378.42828096 0.951638873822
2378.46914481 0.985918933754
2378.48957669 1.00205064144
2378.51000857 1.01030936009
2378.53044045 0.962605425724
2378.55087233 1.00037339515
2378.57130421 0.998734483885
2378.5917361 1.00209940435
2378.61216808 1.00656054236
2378.65303174 1.03583217249
2378.67346372 1.04250770168
2378.69389561 1.00662964418
2378.71432739 1.00880383723
2378.73475937 1.00859478056
2378.75519116 1.0220683387
2378.77562314 1.02104630057
2378.79605502 1.03300274425
2378.81648681 1.07911232415
2378.83691879 1.01659071185
2378.85735068 0.98647487168
2378.89821445 0.977297864989
2378.91864634 1.0086320625
2378.93907832 1.01074013519
2378.95951011 1.03178425805
2378.979942 1.00082394409
2379.00037398 1.04058890794
2379.02080577 0.991912310913
2379.04123766 1.00299901889
2379.06166965 1.00509168774
2379.08210143 1.00560390905
2379.10253342 1.01089191428
2379.1433972 0.983848784026
2379.16382909 0.968405323894
2379.18426098 0.981208538878
2379.20469287 0.980712847333
2379.22512476 0.985052915951
2379.24555665 0.955221043438
2379.26598864 0.979930127816
2379.28642054 0.997531450886
2379.30685233 0.99270412279
2379.32728432 1.05334518612
2379.34771621 1.00341284552
2379.368148 0.983836141987
2379.38858 0.989717969315
2379.40901189 0.99800894373
2379.42944368 0.993657689184
2379.44987568 1.01473588364
2379.47030747 1.00913861722
2379.49073947 1.00731450158
2379.51117136 1.01190185674
2379.53160316 1.01012674241
2379.55203515 1.00866035049
2379.57246705 1.00801634779
2379.59289885 0.997071621528
2379.63376274 0.951938350271
2379.65419474 0.971449615787
2379.67462653 0.954178454928
2379.69505843 0.994779095683
2379.71549043 1.01518409921
2379.73592223 1.00400253513
2379.75635413 1.02184376324
2379.77678612 0.983055307341
2379.79721802 1.00438272856
2379.81764992 1.00365462482
2379.83808182 0.999211854867
2379.87894562 0.980998881334
2379.89937753 1.00753842985
2379.91980943 0.983177033808
2379.94024143 0.95546647046
2379.96067323 1.01248207395
2379.98110523 0.978694446104
2380.00153713 1.01319282093
2380.02196894 1.02680551272
2380.04240094 0.981645095775
2380.06283284 1.00085947613
2380.08326465 0.995977195617
2380.12412846 1.04071370093
2380.14456046 1.00329805497
2380.16499237 0.983318592204
2380.18542417 1.00329201528
2380.20585618 0.980393131168
2380.22628808 0.998695911382
2380.24671989 1.00229072719
2380.2875838 1.00284650577
2380.30801581 0.995270816304
2380.32844762 0.988127931061
2380.36931153 1.00023584584
2380.38974334 1.04510237204
2380.41017525 0.986341275302
2380.43060726 1.00593535856
2380.45103907 1.00518517874
2380.47147108 1.03280294013
2380.49190299 0.979123935355
2380.5123349 0.980734302368
2380.53276681 0.981535645763
2380.55319872 0.992521975427
2380.57363063 0.993545842846
2380.61449445 0.971009093505
2380.63492647 0.980848661378
2380.65535838 1.01832684944
2380.67579019 1.00538395623
2380.69622221 1.00870401154
2380.71665412 1.00042438277
2380.73708593 1.01917815659
2380.75751795 0.987461716282
2380.77794976 0.992382874018
2380.79838178 0.98882106245
2380.81881369 1.01196607619
2380.88010944 0.946353167797
2380.90054126 0.974151946021
2380.92097327 0.989014715417
2380.94140519 1.01323389393
2380.96183721 0.980245663514
2380.98226902 1.01462535923
2381.00270094 0.995074077058
2381.02313296 1.00090152259
2381.04356478 0.994230827647
2381.0639967 1.04553386188
2381.10486064 0.999311720146
2381.12529256 0.982377120887
2381.14572448 1.0025298848
2381.1661564 1.01674179408
2381.18658832 1.01132414892
2381.20702024 1.00363588716
2381.22745216 1.00669407921
2381.24788408 0.999683088718
2381.26831601 1.01169692238
2381.28874803 1.01530483465
2381.37047572 1.01159715705
2381.39090755 1.05798547199
2381.41133957 1.02661903179
