# #0 time, 1 flux
2905.41758624 0.985616052203
2905.43801834 1.02607818565
2905.45845043 0.996680704292
2905.47888253 1.00238069915
2905.49931462 0.999115178126
2905.51974672 0.998849835556
2905.54017881 1.01769722382
2905.581043 0.998458489132
2905.60147509 1.00718978291
2905.62190729 0.988488892728
2905.64233928 1.0120367301
2905.66277137 1.01002205291
2905.68320356 1.00472441945
2905.70363555 0.99044457656
2905.72406774 0.990650975816
2905.74449983 0.984830775271
2905.76493182 1.01237448924
2905.78536401 0.993438576697
2905.82622808 1.01698043135
2905.84666027 1.0215496663
2905.86709226 0.97676573116
2905.88752444 0.988690068766
2905.90795653 1.02427629916
2905.92838851 0.99480074898
2905.9488206 1.01986966648
2905.96925278 0.99087246855
2905.98968486 1.01754077369
2906.01011695 1.00200083009
2906.03054903 0.97430692798
2906.07141319 0.994436529919
2906.09184527 1.00191055107
2906.11227735 1.01045849591
2906.13270953 1.02716771976
2906.17357359 1.00588141667
2906.19400577 0.993342006686
2906.21443775 0.99978844714
2906.23486982 1.00767770804
2906.255302 0.993673753154
2906.27573398 0.986671248709
2906.31659823 1.00683821779
2906.3370302 1.00139378786
2906.35746228 0.998395239077
2906.37789445 0.998235793158
2906.39832652 0.997958138379
2906.4187586 0.99054178711
2906.43919067 0.983780226737
2906.45962274 1.00114798672
2906.48005481 0.992750087189
2906.50048688 0.978604586798
2906.52091895 1.01352335424
2906.56178309 0.985915859745
2906.58221516 0.983408525012
2906.60264723 1.02067785925
2906.6230793 0.962667218978
2906.64351126 1.01780349725
2906.66394343 0.965139881667
2906.6843755 0.991371580342
2906.70480746 1.0204297588
2906.72523963 1.00655063495
2906.74567169 0.990538276945
2906.76610366 0.958570094051
2906.80696788 1.00964592599
2906.82739995 1.01123399361
2906.84783201 1.00955032009
2906.86826407 1.00589772337
2906.88869623 1.00366550479
2906.90912819 0.988092849343
2906.92956025 1.00487500414
2906.94999241 1.01399668707
2906.99085643 1.02995246454
2907.01128859 0.975098026559
2907.0521526 0.971552697391
2907.07258476 1.00240029804
2907.09301682 1.00871043191
2907.11344877 1.00176408978
2907.13388093 0.972242663781
2907.15431298 1.01002592191
2907.17474494 1.01435819703
2907.19517709 0.993406212886
2907.33820145 1.00109666565
2907.3586334 1.00309705713
2907.37906555 1.0073263954
2907.3994976 0.995334168176
2907.41992965 1.01228817238
2907.4403617 1.01973438037
2907.46079375 0.986349009301
2907.48122589 1.00028287183
2907.50165784 1.00310531932
2907.52208989 0.99404383564
2907.54252203 0.994969481999
2907.56295398 1.00470687926
2907.58338602 1.00130281484
2907.60381816 0.976797672062
2907.62425011 1.01327626129
2907.64468215 1.00363317115
2907.66511429 0.99770075902
2907.68554624 0.991428006516
2907.70597828 0.990843526541
2907.72641042 0.980382462893
2907.74684236 0.965371995908
2907.78770654 0.979760005919
2907.80813858 1.00237421975
2907.82857052 0.990467941141
2907.84900265 1.04270084002
2907.86943469 1.00823022997
2907.88986663 1.02099658863
2907.91029877 1.02373312231
2907.9307308 0.987839179916
2907.95116274 0.999199198866
2907.97159487 1.00808367779
2908.05332301 1.01947370091
2908.07375494 0.99964190448
2908.09418707 1.00788540051
2908.11461901 0.988955884685
2908.13505104 0.992843235894
2908.15548317 0.991114219152
2908.1759152 1.01475282464
2908.19634723 1.00179245385
2908.21677926 1.00224598597
2908.23721129 0.990830099493
2908.27807534 0.985474179174
2908.29850737 0.98964481627
2908.3189395 1.0147200322
2908.33937142 0.998511023672
2908.35980345 1.00121121333
2908.38023558 0.974666254766
2908.4006675 1.00116765191
2908.42109953 1.01359337605
2908.44153165 0.969340262754
2908.46196357 1.01318765127
2908.4823956 0.986440281288
2908.52325964 1.0038494948
2908.54369166 0.989190981215
2908.56412378 1.01802386297
2908.5845557 0.977055498214
2908.60498772 0.989063736538
2908.62541984 1.02846826229
2908.64585186 0.996984668611
2908.66628378 1.06752029279
2908.6867159 1.01416081803
2908.70714792 0.996293211142
2908.72757984 0.978426511536
2908.74801195 1.01541678809
2908.76844397 0.98032602074
2908.78887589 1.00521829541
2908.809308 1.01243574309
2908.82974002 0.99896304901
2908.85017193 0.958326765456
2908.87060404 0.977064708306
2908.89103596 1.0240970073
2908.91146797 0.976081012239
2908.93190008 1.00489046534
2909.05449215 1.00756316351
2909.07492416 0.987601532299
2909.09535617 1.00714228865
2909.11578817 0.993710753378
2909.13622018 1.01312789346
2909.15665229 0.971363579324
2909.1770842 1.01047981567
2909.1975162 1.00263060165
2909.21794831 0.989792878951
2909.25881222 0.99478525939
2909.32010823 0.970984452995
2909.34054033 1.00652124574
2909.36097224 0.984320789351
2909.38140424 0.998030196724
2909.40183634 1.00043651702
2909.42226824 0.999700362166
2909.44270024 0.998388443308
2909.46313234 0.978444965432
2909.50399624 0.978811119648
2909.52442834 0.981612887989
2909.54486034 0.985993467135
2909.56529224 1.00519509923
2909.58572433 1.03115627644
2909.60615623 0.999574041174
2909.68788421 1.01313931941
2909.70831631 0.997915065153
2909.7491802 1.02930691753
2909.76961229 1.02082510029
2909.79004418 1.03385219619
2909.81047617 1.02269959498
2909.83090827 0.989091941289
2909.85134026 1.00402261374
2909.87177215 1.01384706632
2909.89220424 1.01651820186
2909.91263623 0.994875193634
2909.93306812 1.00641998339
2909.95350021 1.00445024521
2909.97393219 0.986732751492
2909.99436408 0.984705609858
2910.01479617 0.983059470464
2910.03522816 1.02395179792
2910.05566024 1.01988359133
2910.07609213 0.99701548522
2910.09652412 1.02491857524
2910.1169562 1.01581399252
2910.13738808 0.980430922343
2910.15782007 0.995165897169
2910.17825215 0.976985314004
2910.19868404 1.0114733932
2910.2395481 0.988593083509
2910.25997998 0.999740724228
2910.28041196 0.995443278543
2910.30084405 0.99875145633
2910.32127593 0.96807063206
2910.34170791 0.984113373057
2910.36213999 1.01646935666
2910.38257186 0.989582326135
2910.40300384 1.01511207789
2910.42343592 0.992464513315
2910.4438678 0.976607323745
2910.48473185 1.02637752923
2910.50516373 1.00593907148
2910.52559571 1.00111500931
2910.54602778 1.01229156997
2910.56645966 0.996675335555
2910.58689163 1.01091532766
2910.6073237 0.997529476099
2910.62775558 1.00029963689
2910.64818755 1.00099840104
2910.66861962 1.01533212797
2910.6890516 1.02630487941
2910.72991554 1.01128887077
2910.75034751 0.993623919426
2910.81164342 1.00564662381
2910.83207529 1.01123685028
2910.85250736 1.02359698867
2910.87293932 0.972631780039
2910.89337119 1.01777840547
2910.91380326 0.990991813674
2910.93423523 0.969966098018
2910.97509916 1.0165594806
2910.99553112 1.01646755209
2911.01596309 1.00247931561
2911.03639505 1.00405102605
2911.05682702 1.00349981614
2911.07725898 1.0253845069
2911.09769094 0.99983400068
2911.1181229 1.00115842337
2911.13855487 1.00007543358
2911.15898683 0.964530119184
2911.17941879 1.00589696736
2911.22028271 0.993904338737
2911.24071467 1.01261743391
2911.26114673 0.999680725295
2911.28157859 1.00734767567
2911.30201055 0.989724326636
2911.3224426 1.03272671223
2911.34287446 0.983242658499
2911.36330642 0.992596142484
2911.38373848 0.999363766483
2911.40417033 0.997628447702
2911.42460229 1.04546716671
2911.44503434 0.997352341771
2911.4654662 1.0128565274
2911.48589815 0.99013299908
2911.50633021 1.00877287096
2911.52676216 1.00648628943
2911.54719401 0.993508517222
2911.56762606 1.00397210839
2911.58805802 1.00571537211
2911.60848987 0.99822276018
2911.62892192 0.989440551812
2911.64935387 1.0103159508
2911.66978572 1.00587720836
2911.71064972 0.990588396831
2911.73108157 1.01455088401
2911.75151362 0.975611793818
2911.77194556 0.995809438121
2911.79237741 0.980249691079
2911.81280946 0.980638147223
2911.83324141 1.01121942836
2911.85367325 0.995059256146
2911.8741053 0.988581850683
2911.89453724 0.970851014197
2911.91496919 0.98887803677
2911.99669696 0.998191929129
2912.0171289 0.98467818989
2912.03756075 1.00031960922
2912.05799279 1.02061702593
2912.07842473 0.9968482382
2912.09885657 1.02479631762
2912.11928861 0.99961182734
2912.13972055 1.01949956225
2912.16015239 0.990398849925
2912.18058443 1.01184189744
2912.20101637 1.02009362937
2912.22144831 0.988831404125
2912.24188024 1.00963513018
2912.26231218 0.977852138524
2912.28274412 1.01806369122
2912.30317605 1.01733242556
2912.32360799 0.988761415376
2912.34403992 0.996088427366
2912.36447196 0.98635599621
2912.38490379 0.98632447034
2912.40533573 0.999520320103
2912.44619959 1.0052096526
2912.46663163 0.986330666551
2912.48706356 1.01449829681
2912.50749539 0.999478202991
2912.52792742 1.0011935009
2912.54835935 1.02058273157
2912.56879118 0.997641183313
2912.58922321 1.0184031456
2912.60965504 0.998264417191
2912.63008697 1.00719564233
2912.650519 1.00914454256
2912.67095083 1.00007920491
2912.69138276 1.00217329177
2912.71181479 1.00607550367
2912.73224671 0.999791112632
2912.75267854 1.00887313552
2912.77311056 1.00832659741
2912.79354249 0.980415582264
2912.81397432 0.980826113325
2912.83440634 1.01489058016
2912.85483826 0.977322632292
2912.87527009 1.01413375212
2912.89570211 1.03066263628
2912.91613403 0.990669888318
2912.93656586 0.981732763948
2912.95699788 1.0228099634
2912.9774298 1.00240896621
2912.99786162 0.982931607394
2913.01829364 0.975104120889
2913.03872556 1.01984131074
2913.05915748 0.971849565032
2913.0795894 1.01077405896
2913.10002132 0.983975380775
2913.12045324 0.995932012605
2913.14088516 0.970906414493
2913.18174899 1.00193806868
2913.20218101 0.999420730187
2913.22261283 0.998419392179
2913.24304474 0.999331900736
2913.26347676 0.999587645564
2913.28390857 0.988475552195
2913.3247725 0.988118564507
2913.34520432 1.01194431367
2913.36563623 1.00408482937
2913.38606814 0.99367693566
2913.40650005 0.999167542404
2913.42693197 1.01371923909
2913.44736388 1.00028353791
2913.46779579 0.978442755972
2913.4882277 1.03928120251
2913.50865961 1.01057518407
2913.52909152 1.00051239721
2913.54952343 0.997998281984
2913.56995544 0.973674982957
2913.59038725 1.00034322205
2913.61081926 1.01024616515
2913.63125116 1.02765349513
2913.67211498 1.03228308549
2913.69254688 0.975001777144
2913.71297869 0.999514492136
2913.7334107 0.981817153569
2913.7538426 1.004420452
2913.77427441 0.984150590803
2913.79470641 0.998562356846
2913.81513831 1.01070129704
2913.85600212 1.00109939577
2913.87643402 1.00480812441
2913.89686592 1.01955710014
2913.91729783 0.999036804749
2913.93772973 0.986000214992
2913.95816163 0.97926120548
2913.97859353 1.02495084548
2913.99902543 1.04376473221
2914.01945733 0.996449842367
2914.03988933 1.02405747501
2914.06032113 0.999298562175
2914.08075302 0.985816253583
2914.10118492 0.994768355215
2914.12161682 1.00565550497
2914.14204872 1.00705153433
2914.16248061 1.04507909548
2914.18291251 0.997146823305
2914.2033443 0.984451234672
2914.2237763 1.00318453437
2914.24420819 0.968820867978
2914.26464009 0.973514312655
2914.28507198 1.01474155737
2914.30550388 0.999835076302
2914.32593577 0.993635395368
2914.34636766 1.00021397473
2914.36679955 1.00963770632
2914.38723144 1.05241029326
2914.40766344 0.998586212669
2914.42809523 1.00047818242
2914.44852712 0.987503336318
2914.46895911 0.997800741689
2914.4893909 1.00260974886
2914.50982279 1.00186233473
2914.53025478 1.00448051702
2914.55068656 0.983585276909
2914.57111845 0.992577911812
2914.59155044 0.976515942221
2914.61198223 0.98686877038
2914.6528461 1.00914457787
2914.67327789 1.01926676238
2914.69370977 0.992696701291
2914.71414176 1.01074877243
2914.73457364 0.993142981571
2914.75500552 1.00932601412
2914.77543741 1.0108962516
2914.79586929 1.00603997662
2914.81630117 1.01500596811
2914.83673306 1.01054970541
2914.85716494 0.985288048008
2914.87759682 0.99473725093
2914.8980287 1.00345709207
2914.91846058 0.986143745587
2914.93889246 1.01026877548
2914.95932434 0.97141454957
2914.97975612 0.982230010912
2915.0001881 0.993009945693
2915.02061998 1.02793689737
2915.04105176 1.00069754862
2915.06148374 0.989196372066
2915.08191561 1.01523038794
2915.10234749 1.01291406342
2915.16364312 0.98799851375
2915.184075 0.995792131043
2915.20450687 0.978875203669
2915.22493874 1.0035468592
2915.24537072 0.987502792989
2915.26580249 0.990933487761
2915.28623437 1.01467797253
2915.30666634 0.975145546052
2915.32709811 0.988049827793
2915.34752998 0.987267965856
2915.36796195 1.00193256748
2915.38839373 1.0078562663
2915.4088256 1.01807386946
2915.42925757 1.00595255743
2915.44968934 1.01713881495
2915.47012121 0.98488486543
2915.49055318 0.991375316467
2915.51098494 0.997653538498
2915.53141681 0.996714988831
2915.55184878 0.989560837525
2915.57228065 1.00601377641
2915.59271241 1.03161002201
2915.61314438 1.00939372912
2915.63357625 0.975445494231
2915.71530361 0.998826801103
2915.75616734 1.00497012266
2915.7765992 1.00252801165
2915.79703116 0.990998442419
2915.81746292 0.979221278888
2915.83789479 0.996008938243
2915.85832675 1.01594252566
2915.87875851 1.00290682017
2915.89919047 1.00943709039
2915.91962233 0.998288963431
2915.94005419 0.989417067707
2915.96048605 1.01382948163
2915.98091791 1.00224429261
2916.00134977 1.00084947383
2916.02178163 1.01564846636
2916.04221348 1.02476487474
2916.0830773 0.988962515144
2916.10350906 0.999014150812
2916.12394091 1.0141140607
2916.14437287 0.98730092726
2916.16480462 0.99002473676
2916.18523648 1.03089789316
2916.20566843 0.995413078285
2916.22610019 0.999156473447
2916.24653204 0.999740956464
2916.266964 0.994786208208
2916.28739575 1.00476999469
2916.3078276 1.03982595603
2916.32825955 1.01329664698
2916.34869131 1.01679316708
2916.36912316 0.982987318517
2916.38955501 0.986395058338
2916.40998696 0.999237027208
2916.43041871 1.0185860977
2916.45085066 0.999230700414
2916.47128241 1.04769982558
2916.49171426 0.965539311666
2916.51214621 1.0128195238
2916.53257795 1.0381380228
2916.5530098 1.00109223519
2916.57344175 1.00907694253
2916.5938735 1.00085661335
2916.61430534 0.995380391748
2916.63473729 0.990640018036
2916.65516904 1.00466572765
2916.67560088 1.0260918265
2916.69603283 1.015069399
2916.71646457 1.00150134639
2916.73689641 0.992652398304
2916.75732836 1.0379337865
2916.7777602 0.989860329532
2916.79819195 1.01796002384
2916.81862389 0.988834639486
2916.83905573 0.963005097507
2916.85948747 0.97652200203
2916.87991941 0.998179730272
2916.90035125 0.99753627269
2916.92078319 1.0006902817
2916.94121493 1.03290020875
2916.96164677 1.0073147098
2916.98207871 1.02232972477
2917.00251045 1.01989872114
2917.02294229 0.984225867269
2917.04337423 0.983467069408
2917.06380597 0.987442298724
2917.10466964 0.987118560732
2917.12510148 0.991653770239
2917.14553331 0.979427120112
2917.16596515 0.97964100339
2917.18639699 0.983247906263
2917.20682882 1.00324250755
2917.22726066 0.986750566125
2917.24769249 1.00391522423
2917.26812432 1.00504622565
2917.28855626 1.01270074017
2917.30898799 0.991970693259
2917.32941982 1.02151205582
2917.34985176 1.00060694459
2917.37028349 0.992189351729
2917.39071532 1.01722866244
2917.41114725 0.980668190326
2917.43157898 1.01433037428
2917.45201081 1.00325095894
2917.47244274 0.979797130349
2917.49287447 1.00473952063
2917.5133063 1.01983852907
2917.53373823 1.00028183002
2917.55416996 0.998811477669
2917.57460178 0.993477742117
2917.59503371 0.993539823856
2917.61546554 0.999508939786
2917.63589727 1.01884004231
2917.65632919 1.00354273215
2917.67676102 1.00438694074
2917.69719274 0.97290847095
2917.71762467 0.994684005494
2917.73805649 1.01226601344
2917.75848822 0.980958891685
2917.77892014 1.01541771833
2917.79935197 0.996718648211
2917.81978369 0.997967387267
2917.84021561 1.00189590959
2917.86064743 1.0139624507
2917.88107916 1.00447805837
2917.90151108 0.971746466308
2917.9219429 1.00400649538
2917.94237472 0.958903979694
2917.96280654 0.988079029223
2917.98323836 1.01181911192
2918.00367018 0.970987718782
2918.024102 1.01208393552
2918.04453382 0.969552850865
2918.08539745 0.998832348683
2918.10582927 1.00477194148
2918.12626119 0.99275852045
2918.14669291 1.00750433428
2918.16712472 1.0303172017
2918.18755664 0.981753013673
2918.20798836 0.983358388322
2918.22842017 1.02004973107
2918.24885209 0.982346531007
2918.2692838 0.976255412106
2918.28971561 0.99533256829
2918.31014753 1.00194125486
2918.33057924 0.993221155969
2918.35101106 0.98387447396
2918.37144297 0.9888515611
2918.39187468 1.01233161776
2918.41230649 0.99104521289
2918.4327384 1.00731295438
2918.49403384 0.990107360607
2918.57576107 1.04042461264
2918.59619278 1.02320641426
2918.61662469 1.02061614327
2918.6370565 1.01958839697
2918.65748821 1.02243819135
2918.67792011 1.00217910202
2918.69835182 1.03548119206
2918.71878363 1.00644359784
2918.73921553 1.031515856
2918.75964724 1.02625576097
2918.78007904 1.01388828391
2918.80051095 0.993871569719
2918.82094275 1.04341422201
2918.84137446 1.02237681438
2918.86180636 1.01625023181
2918.88223816 0.997703906252
2918.90266987 1.00196762485
2918.92310177 0.983959229401
2918.94353357 0.972362557708
2918.96396527 0.986978755636
2918.98439717 0.98168418979
2919.00482897 0.988699840299
2919.02526087 1.01233368293
2919.06612437 0.988669949455
2919.10698797 1.00377079143
2919.12741977 0.997579275029
2919.14785167 1.00410118621
2919.16828337 0.997034035525
2919.18871517 0.997134271172
2919.20914706 0.999084762799
2919.22957876 0.984125026238
2919.25001056 0.974821420769
2919.27044245 0.984021807077
2919.37260133 0.990608741535
2919.39303322 1.02292536449
2919.41346501 0.989944669189
2919.43389671 0.995827942041
2919.4543286 0.97744578067
2919.47476029 1.01257299088
2919.49519208 1.00823365545
2919.51562398 0.998228708487
2919.53605567 1.01521106502
2919.55648746 1.00254062227
2919.57691935 1.04583498952
2919.59735104 1.01829448602
2919.61778283 1.00921026008
2919.63821472 0.998948884888
2919.65864651 0.992712675867
2919.67907819 0.994144285707
2919.69951008 1.0068425761
2919.71994187 1.0060366254
2919.74037356 1.02265504118
2919.76080545 0.98335475846
2919.78123723 1.00828527006
2919.80166892 1.01624605885
2919.8221008 1.02230405086
2919.84253259 1.01419495423
2919.86296428 0.999432788286
2919.88339616 1.0291640923
2919.90382794 0.988315429753
2919.92425963 0.99932723814
2919.94469151 1.00739854828
2919.9651233 1.01663017313
2919.98555498 0.989002986837
2920.00598686 0.98918511515
2920.02641864 0.981240673731
2920.04685053 1.02982795145
2920.06728221 0.974987851839
2920.08771399 1.02456740335
2920.10814577 0.993300054692
2920.12857765 0.981255326141
2920.14900933 0.998528140063
2920.16944111 0.98775491359
2920.18987289 0.970835300405
2920.21030467 0.97275611624
2920.23073655 0.993938712471
2920.25116823 0.975780326281
2920.29203188 1.00316695536
2920.31246356 0.968895016087
2920.33289534 1.04458676581
2920.35332721 1.00883288366
2920.37375889 0.97907861035
2920.39419066 0.985095262227
2920.41462254 1.0181688738
2920.43505421 0.967335767147
2920.45548599 0.964482206993
2920.47591786 0.959956660638
2920.49634964 0.978798982029
2920.53721318 0.998399162387
2920.55764496 1.0031205386
2920.57807663 0.989723114114
2920.5985085 1.00219683383
2920.61894027 1.00859005763
2920.63937194 0.991657182066
2920.65980382 1.00911470326
2920.68023559 0.978962157113
2920.70066726 1.02889836721
2920.72109913 0.994936619784
2920.7415309 0.99911421895
2920.76196257 1.01353393336
2920.78239443 0.992057348697
2920.8028262 1.00986482551
2920.82325787 0.988057042273
2920.84368974 1.00334547971
2920.86412151 1.00255181356
2920.88455327 0.987504468722
2920.90498504 1.01070678037
2920.92541681 1.03673125205
2920.94584847 1.00708222601
2920.96628034 1.01658982474
2920.9867121 0.993362757515
2921.02757563 0.995603553665
2921.0480074 0.984930722128
2921.06843906 1.00538538634
2921.08887093 0.988997171224
2921.10930269 1.01185557233
2921.12973435 1.03867542555
2921.15016621 1.00872169144
2921.17059798 1.01113647898
2921.19102984 0.989230707745
2921.2114615 0.995662691988
2921.23189326 1.02449533401
2921.25232512 1.00280156544
2921.27275678 0.997120434126
2921.3136204 1.00053145128
2921.33405216 0.996796925922
2921.35448382 1.00471421878
2921.37491568 1.03248397297
2921.39534744 0.987363127411
2921.41577909 1.02012795079
2921.43621095 1.01164252496
2921.45664271 1.01301802002
2921.47707437 1.00285508518
2921.49750041 0.997362668364
2921.51793795 1.00420565589
2921.53836961 0.99915490544
2921.55880146 0.98372691456
2921.57923322 1.0052618879
2921.59966487 1.00371638452
2921.62009673 0.981929622641
2921.64052848 0.982351309259
2921.66096014 1.03195602313
2921.68139199 1.01399462131
2921.70182374 0.987737765088
2921.7222555 1.00666150085
2921.763119 0.994650981843
2921.78355075 0.997912981802
2921.8039826 1.03916853637
2921.82441425 1.01614864035
2921.844846 0.991154536434
2921.86527785 0.981936166931
2921.8857095 0.98306182749
2921.90614125 0.999251318907
2921.9265731 0.993659473821
2921.94700475 0.954265038858
2921.9674365 1.00170268055
2922.0083 0.989451274718
2922.02873174 0.992086564385
2922.04916349 0.993657395378
2922.06959524 1.00898790955
2922.11045873 1.01584888595
2922.13089048 0.993581953187
2922.15132222 1.00227428874
2922.17175407 0.995903692736
2922.19218571 0.95370982757
2922.21261756 0.984362526164
2922.25348094 1.01205253606
2922.27391279 1.00907049599
2922.29434453 1.00529594214
2922.31477617 1.01330809204
2922.33520802 0.995620248344
2922.35563976 1.02535209266
2922.3760714 1.00875221276
2922.39650324 1.00717564262
2922.41693498 1.02201600712
2922.43736662 1.03504391173
2922.45779846 1.00140087653
2922.4782302 0.994889221625
2922.49866184 1.01274603307
2922.51909368 1.01256893714
2922.53952542 0.996276062572
2922.55995716 1.00798719743
2922.5803889 0.997480425887
2922.60082063 0.976176870362
2922.62125237 0.999505995532
2922.64168421 1.00125300292
2922.66211585 0.999549019418
2922.68254758 0.991390932506
2922.70297942 0.982503804209
2922.74384279 1.0167497716
2922.76427463 1.03365108398
2922.78470626 0.999104204499
2922.805138 0.989705649762
2922.82556973 0.962257199168
2922.84600146 0.975909715873
2922.8664332 0.968692919667
2922.88686493 0.977791256916
2922.90729666 0.995061719163
2922.9277284 0.963634234849
2922.94816013 0.955872923087
2923.00945542 1.00534005994
2923.02988705 0.988501276717
2923.05031878 1.00152270819
2923.07075061 1.00331379315
2923.09118224 1.02373337734
2923.11161397 1.01111672702
2923.1320458 0.978544798996
2923.15247743 0.991936319
2923.19334099 0.99831546017
2923.23420444 0.996789362407
2923.25463617 0.991426539624
2923.2750678 1.01021516058
2923.29549963 0.996188890619
2923.31593135 0.988149709728
2923.33636298 0.993175225938
2923.3567948 0.981727145267
2923.37722653 0.999293468335
2923.39765825 0.989918007501
2923.41808998 0.992839775169
2923.4385217 1.0551532394
2923.45895343 0.989235214146
2923.47938525 1.01411457179
2923.49981687 1.01502697433
2923.5202486 1.02427268824
2923.54068032 1.04141839783
2923.56111204 1.00239633458
2923.58154376 0.99013155427
2923.60197548 1.00667331294
2923.62240721 1.00389704582
2923.64283893 0.999855586986
2923.66327065 0.974786160964
2923.68370237 1.052308869
2923.72456581 1.00716655166
2923.74499753 0.992780023502
2923.76542925 0.999795383038
2923.78586096 1.0013882432
2923.80629268 1.00768815347
2923.8267244 1.00916053637
2923.84715622 1.01355321767
2923.86758784 1.02282342009
2923.88801955 0.990788264887
2923.90845137 1.0001655727
2923.92888299 0.99907474869
2923.9493147 1.00813554614
2923.96974652 1.00243058597
2923.99017813 1.03031307102
2924.01060985 0.998332866146
2924.03104166 0.980568553663
2924.05147328 0.990102924403
2924.07190499 0.995356391961
2924.09233681 0.9860488348
2924.11276842 0.991942403039
2924.13320023 0.994272302214
2924.15363195 0.948947010827
2924.17406356 0.898270744573
2924.21492708 0.990765208266
2924.2353588 1.00935851954
2924.25579051 1.02351016445
2924.27622222 1.00363163784
2924.29665393 1.00372539611
2924.31708564 1.01987768961
2924.37838077 1.00370039782
2924.39881248 0.977757436924
2924.41924409 1.00714711846
2924.4601076 1.00267005096
2924.48053921 1.03642081161
2924.50097102 1.00035264004
2924.52140272 1.03082047745
2924.54183433 0.989357995309
2924.56226614 0.983468069125
2924.58269784 0.989661598312
2924.60312955 0.977002361078
2924.62356126 0.992894631274
2924.64399296 0.999628224124
2924.66442467 1.01595339674
2924.68485647 1.01402578874
2924.70528808 0.995204311595
2924.72571978 0.998712588363
2924.74615158 0.98807157327
2924.76658319 0.997729578392
2924.78701489 0.998178449126
2924.80744669 1.01216220232
2924.8278783 1.03681951256
2924.84831 0.995454327957
2924.8687418 1.0018571688
2924.8891734 0.959489528078
2924.9096051 0.966565699787
2924.9504685 1.00680378456
2924.9709002 1.01283837852
2924.991332 1.06608294816
2925.0117636 1.02113259107
2925.0321954 1.04641892564
2925.0526271 0.985490722185
2925.0730588 0.996439362923
2925.0934905 0.985844981554
2925.1139222 0.988754756572
2925.1343538 0.996109640954
2925.15478559 1.01486418082
2925.19564889 0.998902296679
2925.21608068 1.0120623161
2925.23651238 0.984652209253
2925.25694398 1.00023072135
2925.27737577 0.994596931827
2925.29780747 1.00118208405
2925.31823906 0.995337250453
2925.33867086 1.00900561305
2925.35910255 0.999977539812
2925.37953415 1.01348101865
2925.39996594 1.02990939754
2925.42039763 0.999324085454
2925.44082933 0.991282598072
2925.46126102 0.98506473519
2925.48169271 1.00162957351
2925.5021244 0.999745600569
2925.5225562 1.00079220758
2925.54298779 0.995656718793
2925.56341948 0.991921237691
2925.58385127 0.976902862989
2925.60428286 0.974782302453
2925.62471455 0.970412008633
2925.64514634 1.00764992235
2925.68600962 1.01154357731
2925.70644141 0.999611082472
2925.726873 1.00779061747
2925.74730469 1.01822660561
2925.76773648 1.02308831639
2925.78816806 0.990825406954
2925.80859975 1.00792248875
2925.82903144 1.02607526279
2925.84946313 0.98177279108
2925.86989481 1.0007453209
2925.8903265 1.00326809539
2925.93118997 1.01266678553
2925.95162166 1.01951291531
2925.97205324 1.03308572588
2925.99248503 1.0146085559
2926.01291671 1.02233427105
2926.0333483 1.00848902109
2926.05378008 1.06885484
2926.07421177 0.964521755616
2926.09464335 0.999650251108
2926.11507513 1.03214582805
2926.13550682 1.02224332085
2926.1559384 1.04923287557
2926.17637018 0.98435909382
2926.19680186 0.98714066393
2926.21723344 0.992779607178
2926.23766523 1.00443067544
2926.25809691 0.979460687714
2926.27852859 0.998677655085
2926.29896027 0.992154348946
2926.31939195 0.955989391673
2926.33982363 0.973331106421
2926.36025541 0.946698249601
2926.38068699 0.896425471414
2926.42155045 1.05407176355
2926.44198202 1.00759099845
2926.4624137 0.991665932204
2926.48284548 1.01714147914
2926.50327706 1.06624632174
2926.52370874 0.982306834084
2926.54414041 0.992953796592
2926.56457209 1.01848252108
2926.58500377 1.00194395449
2926.60543544 0.984386846607
2926.68716214 0.993156929301
2926.72802549 0.990776243951
2926.74845717 0.952809018432
2926.76888884 0.996210564944
2926.78932062 1.00427021967
2926.80975219 0.993067837364
2926.83018396 0.979930887835
2926.85061563 1.01330589009
2926.87104721 0.979981323884
2926.91191065 1.01763729551
2926.93234222 1.00350794303
2926.95277399 0.99599550942
2926.97320566 1.00424466224
2926.99363724 1.01793934706
2927.01406901 0.987996840013
2927.03450068 1.01619136014
2927.05493225 1.00009433373
2927.07536402 0.995381481522
2927.09579569 1.00541633138
2927.11622735 1.06740754711
2927.13665902 1.02285865269
2927.19795413 1.01524947067
2927.21838569 0.992152116962
2927.23881736 0.97768928157
2927.25924913 1.05547960614
2927.2796807 0.99185938069
2927.30011236 0.97525569601
2927.32054403 0.98245267817
2927.34097569 1.00141533405
2927.36140736 0.967245622855
2927.40227069 1.0007097529
2927.42270225 1.00065523529
2927.44313402 0.986037843985
2927.46356568 1.01612862215
2927.48399735 1.01196507717
2927.52486067 1.00195671234
2927.54529234 0.982661146268
2927.565724 0.990390663464
2927.58615566 0.994230223286
2927.60658733 1.00763945486
2927.62701909 0.997015219051
2927.64745065 0.997210043252
2927.66788241 1.00014745526
2927.68831407 0.978937266603
2927.70874563 1.0195933476
2927.72917739 0.979203940142
2927.74960905 0.999588027143
2927.77004061 1.00437052908
2927.79047237 1.00140107349
2927.81090403 0.993327985701
2927.83133559 1.0105911312
2927.85176735 1.02883646222
2927.89263057 0.984939962735
2927.91306233 0.975765919622
2927.93349398 1.00043232919
2927.95392564 0.991040668895
2927.9743573 0.979701877531
2927.99478895 1.00515401452
2928.01522061 1.00358039655
2928.03565227 0.988857696907
2928.05608392 1.0226174707
2928.07651558 0.984325160988
2928.09694724 1.01568055247
2928.11737889 1.00901425656
2928.13781045 1.02370260268
2928.1582422 1.01647200234
2928.17867385 1.01041685255
2928.19910541 0.985897423727
2928.21953716 1.03158107879
2928.23996882 0.999930654196
2928.26040037 1.05099954338
2928.28083212 1.01719205563
2928.30126378 1.01092460308
2928.32169543 0.977171834716
2928.34212708 0.975020487464
2928.38299038 1.00201419593
2928.40342204 0.991331982652
2928.42385369 1.01810194958
2928.44428534 0.976311893326
2928.46471709 1.0093180823
2928.48514864 0.992183092627
2928.50558039 1.0109758551
2928.52601204 0.988264517587
2928.54644359 1.02093775682
2928.56687534 1.00763863196
2928.58730699 1.02608749324
2928.60773854 0.998829833686
2928.62817029 1.04151302752
2928.64860193 0.996277770755
2928.66903348 0.986122314334
2928.68946523 1.02083195786
2928.70989688 0.998044678466
2928.73032842 0.999527243173
2928.75076017 0.992743234747
2928.77119182 1.00144800462
2928.79162346 0.952776309594
2928.81205511 0.937712075024
2928.83248676 0.946185913818
2928.87335005 1.00877966722
2928.89378169 1.00942679787
2928.91421324 0.995592114268
2928.97550817 0.991129237693
2928.99593991 1.04656321427
2929.01637156 1.00646875912
2929.0368031 0.997277137495
2929.05723484 0.993080392727
2929.07766649 1.02738364927
2929.11852977 0.993481635976
2929.13896141 0.980251214389
2929.15939305 0.995621768572
2929.1798247 1.01083360836
2929.20025634 1.00782188299
2929.22068798 1.00516414534
2929.24111962 0.989104757217
2929.26155126 0.990735448853
2929.2819829 0.974854581922
2929.30241464 0.977454285007
2929.32284618 1.01948037146
2929.36370956 0.983258399305
2929.3841411 1.00819113045
2929.40457283 1.00523419987
2929.42500447 0.970040523484
2929.44543601 1.02666973826
2929.46586775 0.984222044636
2929.48629939 1.01480978672
2929.50673092 0.976243981657
2929.52716266 1.00311243966
2929.5475942 0.990117883723
2929.56802583 0.983864827549
2929.58845757 1.0106946045
2929.60888911 0.997250599271
2929.62932074 0.997465442642
2929.64975248 0.99868904773
2929.67018411 1.00549375854
2929.69061565 1.02212758375
2929.71104738 0.999842325985
2929.73147902 1.01554600041
2929.75191055 1.0034094901
2929.77234229 1.01343320027
2929.79277392 0.980157573904
2929.81320545 1.00230735167
2929.85406882 0.992115579891
2929.87450035 0.998408775323
2929.89493208 0.987146876181
2929.91536372 1.01749349356
2929.93579525 0.971224764404
2929.95622698 1.02613227605
2929.97665861 1.02288363373
2929.99709024 1.00196944639
2930.01752187 1.0000902595
2930.0379535 1.0323408894
2930.05838513 0.954367319898
2930.09924839 0.992202120366
2930.11968012 0.996192166971
2930.18097501 1.00288325933
2930.20140664 1.0085220873
2930.22183817 1.0345884115
2930.2422699 1.01210914186
2930.26270152 0.995034695152
2930.28313305 0.989635863054
2930.30356478 1.01609975178
2930.34442793 0.985626545466
2930.36485966 1.00079304869
2930.38529119 1.01802139927
2930.40572281 0.991716565197
2930.42615454 0.998214853717
2930.44658607 0.993430262699
2930.46701769 1.00031002568
2930.50788104 1.00186388362
2930.52831257 1.01777935296
2930.54874429 1.01631676245
2930.56917591 1.01656596757
2930.58960744 1.00382687494
2930.61003916 0.985054625005
2930.63047079 0.995339881103
2930.65090231 1.01806858127
2930.67133403 0.982396107047
2930.69176566 0.967561459252
2930.71219718 0.998209674253
2930.7326289 0.924826168424
2930.75306052 1.04529552866
2930.77349204 0.985803118335
2930.79392377 0.903076096851
2930.83478701 1.02631975202
2930.85521863 1.00730274873
2930.87565025 1.01041444801
2930.89608187 0.995208950522
2930.91651349 1.00728991669
2930.93694511 1.0054321742
2930.95737683 1.00442632839
2930.97780845 1.02817154042
2930.99823997 1.04178069507
2931.01867169 0.995495652728
2931.03910321 0.997724652044
2931.07996654 0.999042321857
2931.10039806 1.00995366849
2931.12082968 0.98641009709
2931.1412614 0.969958082439
2931.16169291 0.996693672732
2931.18212453 1.00198228419
2931.20255625 1.00459061735
2931.22298777 0.98967609451
2931.24341938 0.990590028492
2931.2638511 1.02941392293
2931.28428261 1.01215390616
2931.30471423 1.01859888982
2931.32514594 1.03918722687
2931.34557756 0.981339835482
2931.36600907 1.02603233569
2931.38644079 1.01435974627
2931.4068724 0.992624305291
2931.42730392 0.935341397854
2931.44773563 0.950071036769
2931.46816725 1.0077464
2931.48859876 0.902321885315
2931.50903047 0.913879147106
2931.52946209 0.985558804558
2931.57032531 0.995033408286
2931.59075692 1.00823914729
2931.61118844 1.01448268456
2931.63162015 0.99721443228
2931.65205176 1.00492571339
2931.67248337 0.997307606222
2931.69291498 1.02517691497
2931.7337782 1.00753347932
2931.75420982 1.01366501141
2931.77464143 1.0072795086
2931.81550465 1.01116121964
2931.83593626 1.03457246175
2931.85636796 0.99789580191
2931.87679947 1.00060430499
2931.89723108 0.996923753912
2931.91766279 0.997723360587
2931.9380943 0.977272604581
2931.95852591 0.99748012808
2931.97895762 1.00406891351
2931.99938912 0.985617930131
2932.01982073 0.980296952702
2932.06068395 1.00778049439
2932.08111555 0.974278199217
2932.10154726 1.00022080408
2932.12197877 1.01292347521
2932.14241037 1.01787667545
2932.16284208 0.974206232398
2932.18327368 1.02588294083
2932.20370519 0.995250535117
2932.2241369 1.00390210113
2932.2445685 0.996224010585
2932.26500001 0.995106799626
2932.28543171 1.03562049998
2932.30586332 1.02323200148
2932.32629482 1.02008540673
2932.34672652 0.956285945824
2932.36715813 0.978598642589
2932.38758963 0.98521170628
2932.40802133 0.974659656037
2932.42845294 0.957804007096
2932.44888444 1.0087537856
2932.46931614 0.96344498163
2932.48974775 0.974271390365
2932.51017935 0.961313345821
2932.55104255 0.995626387275
2932.57147415 0.993442991909
2932.59190576 1.0038492386
2932.61233736 1.00213019423
2932.63276896 0.975292732143
2932.65320056 1.0010682822
2932.67363216 1.02434945666
2932.69406386 0.999272123466
2932.71449536 0.999454038361
2932.73492696 1.03634771449
2932.75535866 1.04148733872
2932.81665346 1.00350637874
2932.83708495 1.00724166729
2932.85751655 0.995400771353
2932.87794825 1.02843729686
2932.89837975 1.00099878642
2932.91881135 0.994592897569
2932.93924305 1.0227703167
2932.95967454 0.977323580078
2932.98010614 1.01923943766
2933.00053784 1.01538585206
2933.02096943 1.00706049604
2933.04140093 1.01571330294
2933.06183263 0.982573956677
2933.08226422 1.01655865492
2933.10269572 1.01284781179
2933.12312742 0.981358331533
2933.14355901 1.01006518823
2933.16399051 0.988507524614
2933.1844222 0.982826034564
2933.2048538 0.99165203595
2933.22528529 1.03264373671
2933.24571699 0.989034433984
2933.28658007 1.00581804016
2933.30701177 1.00311700822
2933.32744326 1.00863930414
2933.34787496 0.983373053342
2933.36830655 1.00985158511
2933.38873814 1.02860793547
2933.40916974 0.992181211952
2933.42960133 1.01160945729
2933.45003292 0.991517675625
2933.47046451 0.98543447627
2933.4908961 1.01942632941
2933.53175939 0.980635289773
2933.55219088 0.990231996364
2933.57262247 0.989006934875
2933.59305416 1.00050834919
2933.61348565 1.00550014963
2933.63391724 1.01301938405
2933.65434893 0.989299455827
2933.67478042 0.989359135684
2933.69521201 0.997573682441
2933.7156437 0.980161626818
2933.73607519 1.01906632185
2933.77693847 0.982031686284
2933.79736996 1.0028415664
2933.81780155 0.999427204235
2933.83823324 0.973026292652
2933.85866483 1.00419207397
2933.87909631 1.00645561599
2933.899528 1.00926323319
2933.91995959 0.994801867133
2933.94039108 0.988228470393
2933.96082277 1.00948679049
2933.98125435 0.990855584942
2934.02211753 1.00536413935
2934.04254901 1.02640073181
2934.0629806 1.009410953
2934.08341229 1.00796616755
2934.10384377 1.01418652227
2934.12427546 1.00421691605
2934.14470704 0.989168531995
2934.16513853 1.00978194032
2934.18557021 0.985345842216
2934.2060018 0.99826935222
2934.22643328 0.979472195135
2934.26729655 1.00950311995
2934.28772814 1.01155240763
2934.30815972 1.00590253458
2934.3285913 1.04212405323
2934.34902289 1.0048194856
2934.36945457 1.00414382895
2934.38988605 1.03769065085
2934.41031764 1.00899791995
2934.43074932 1.00847982521
2934.4511808 1.02086678692
2934.47161238 1.0236323199
2934.49204407 1.00353728646
2934.51247555 1.02346063095
2934.55333881 0.995634379082
2934.57377029 0.988383997813
2934.59420187 0.962351974593
2934.61463356 0.989408302278
2934.63506504 0.949321081123
2934.65549662 0.994538345501
2934.6759283 0.901674438561
2934.69635988 0.992238686598
2934.71679136 0.90833375178
2934.75765462 0.986458956568
2934.7780861 1.01832592323
2934.79851778 1.00167444086
2934.81894926 1.00142639605
2934.83938093 0.988443830984
2934.85981251 1.00072555952
2934.88024399 1.0236743551
2934.90067567 1.00301034161
2934.92110725 0.999232450517
2934.94153873 1.00067314837
2934.9619704 0.982897854138
2935.00283346 1.00369130834
2935.02326514 0.986577482729
2935.04369671 1.01982952182
2935.06412819 0.99053545945
2935.08455987 0.990838746569
2935.10499144 0.997158443241
2935.12542302 0.985997738413
2935.1458546 1.00222945559
2935.16628617 0.991120503666
2935.18671775 0.979964132968
2935.24801247 1.00190669044
2935.26844415 0.979709980913
2935.28887562 1.04395193372
2935.3093072 1.0090521807
2935.32973887 1.02100460991
2935.3910336 0.998320279556
2935.41146507 0.984414540981
2935.43189664 1.01710135101
2935.45232832 1.00009681952
2935.49319136 0.964479070584
2935.51362304 0.986493953813
2935.53405451 1.00404718978
2935.55448618 0.998258249865
2935.57491775 0.980030476626
2935.59534922 0.998254888864
2935.6157809 0.998874404511
2935.65664394 0.983554386352
2935.67707561 1.01029534066
2935.69750718 0.992567900264
2935.71793865 1.00094073499
2935.73837032 0.984634171906
2935.75880189 1.00846183695
2935.77923337 1.01016884634
2935.79966504 0.996980319146
2935.82009661 1.01176326921
2935.84052808 1.00462424256
2935.86095975 1.00856275495
2935.88139131 0.984466369456
2935.90182278 1.00517780831
2935.92225445 1.00618946779
2936.00398073 0.988469744111
2936.0244123 0.993167347891
2936.04484397 1.01600378047
2936.06527543 0.983657617393
2936.085707 1.03656279278
2936.10613867 1.02011878233
2936.12657014 0.992774869455
2936.1470017 1.00039694971
2936.16743337 0.990604492167
2936.18786484 0.997972520605
2936.22872807 0.997203706848
2936.24915954 1.00703861141
2936.2695912 0.997251683705
2936.29002267 1.00655308569
2936.31045424 1.01797010046
2936.3308859 1.04367639426
2936.35131737 1.00523062054
2936.37174893 1.03779409162
2936.3921806 1.00279246262
2936.41261216 1.00664418008
2936.43304363 1.0040767526
2936.45347529 0.995032284029
2936.47390686 1.01740309103
2936.49433832 1.00775821412
2936.51476999 0.9992323078
2936.53520155 1.00315965545
2936.55563301 0.968142847355
2936.57606468 0.97972658816
2936.59649624 0.968820417635
2936.6169277 1.01235198224
2936.63735937 0.985627920698
2936.75994874 0.975586364342
2936.78038031 0.984598155173
2936.80081187 0.970803699262
2936.82124343 1.01435127931
2936.84167499 0.9740152891
2936.86210655 0.991978381514
2936.88253821 0.993018967053
2936.90296967 0.996537472275
2936.92340134 1.0128192313
2936.9438329 1.01255821905
2936.96426436 1.03737367546
2936.98469602 0.99672541506
2937.00512758 0.990930605664
2937.0459907 1.00027737532
2937.06642216 0.989358022957
2937.08685372 0.992557654101
2937.10728538 1.01280108321
2937.12771684 1.0005313043
2937.1481484 1.01598901079
2937.16858005 1.00237119223
2937.18901151 0.966655780041
2937.20944307 1.00341755893
2937.22987473 0.985311979827
2937.25030629 0.973608179603
2937.27073775 0.978596056466
2937.2911694 1.01486453508
2937.31160096 0.999287850693
2937.33203242 1.00442940588
2937.35246408 1.00179927724
2937.37289564 0.995716190247
2937.39332709 0.986864767451
2937.41375875 0.975691358934
2937.45462176 0.991827283825
2937.49548498 1.02856441568
2937.51591643 0.992262030971
2937.53634809 0.998934228954
2937.55677965 1.01501026831
2937.5772113 1.02399322101
2937.59764276 1.03292077924
2937.61807431 1.01652306962
2937.63850597 1.01247671371
2937.65893742 0.989463588767
2937.69980063 0.986493880914
2937.72023219 0.90062228775
2937.74066364 1.01224296992
2937.7610953 1.01233451238
2937.78152675 1.01932335652
2937.8019583 1.05902425247
2937.82238996 1.00868698101
2937.84282141 1.0078177819
2937.86325297 1.03104156292
2937.88368462 1.02763181369
2937.90411607 1.03713509864
2937.94497928 1.02590224713
2937.96541073 1.01475011753
2937.98584229 1.00460631924
2938.00627394 0.992944134653
2938.02670539 0.97669457896
2938.04713694 0.94407388755
2938.0675686 0.966556913284
2938.08800015 0.939605455854
2938.1084316 0.955601821746
2938.12886325 0.94576919111
2938.1492948 0.961035037386
2938.19015791 1.00754743556
2938.21058946 0.943822573123
2938.23102111 0.998597414628
2938.25145256 0.993424837124
2938.27188411 1.04332611824
2938.29231576 1.01888159447
2938.31274721 0.963994392045
2938.33317876 0.986862850942
2938.35361041 0.967983190414
2938.39447341 0.999902926789
2938.49663116 1.0017924369
2938.51706271 0.995496462731
2938.53749426 1.00734828074
2938.5579258 1.01688126563
2938.57835735 0.978085404676
2938.5987889 0.99539894537
2938.639652 0.980976995278
2938.68051509 0.976307482827
2938.70094664 0.978931601306
2938.72137829 0.999847710116
2938.74180974 0.979556525885
2938.76224138 0.996831920511
2938.78267293 1.00527169113
2938.80310438 1.00249162669
2938.82353602 1.00468005355
2938.84396757 0.995783186583
2938.86439902 0.995790622721
2938.88483066 0.986838751927
2938.90526221 0.995185416861
2938.92569376 0.991215254023
2938.9461253 1.00454642914
2938.96655685 1.02769635694
2938.98698839 1.03490555608
2939.00741994 1.00845533679
2939.02785149 0.987027689539
2939.04828303 0.993680929814
2939.06871468 1.00347368252
2939.08914612 1.00133840042
2939.10957767 1.01338000498
2939.13000931 1.02436940687
2939.1708723 0.995462319443
2939.19130394 0.968603615119
2939.21173539 0.937925785555
2939.23216693 1.03662541672
2939.25259858 0.997212248191
2939.27303002 0.997752314703
2939.29346157 0.986514321609
2939.31389311 0.99548783563
2939.33432465 1.01064663932
2939.3547563 1.02835492993
2939.37518774 0.9980862968
2939.39561928 1.05491031682
2939.41605092 0.986930831211
2939.43648237 1.01419649426
2939.45691391 0.972407202192
2939.47734555 1.003977262
2939.4977771 1.00638334522
2939.51820854 0.993679502239
2939.53864018 1.01129403709
2939.55907172 1.00958442113
2939.57950316 0.99826343325
2939.59993481 1.01926931102
2939.62036635 1.02346718142
2939.66122943 0.995608520177
2939.68166097 0.991778931885
2939.70209241 0.978679093872
2939.72252405 0.999994298352
2939.7429556 1.02295835087
2939.76338714 1.01260916371
2939.78381868 1.0167349912
2939.80425022 0.979902202665
2939.82468176 1.01700548295
2939.8451133 0.99708716923
2939.86554484 0.979764671897
2939.90640792 1.01481884328
2939.92683946 1.02715808308
2939.947271 1.0551245879
2939.96770264 0.996297117876
2939.98813408 1.02524878091
2940.00856572 1.00037914456
2940.02899715 0.992259613622
2940.04942869 0.948349788362
2940.06986033 0.979782691864
2940.09029177 0.969473730564
2940.11072331 0.995396218739
2940.13115495 1.00518891921
2940.15158639 0.983611570965
2940.17201793 0.994237110648
2940.19244956 0.99157100126
2940.212881 1.01683968701
2940.23331254 1.03159223529
2940.25374418 1.00592794537
2940.27417562 0.989446764878
2940.29460715 1.01194307392
2940.39676494 1.02048165043
2940.41719638 0.982988979535
2940.43762801 1.02003618812
2940.45805955 1.0516563296
2940.47849119 1.05730937741
2940.49892262 1.06052525006
2940.51935416 1.01192429729
2940.5397858 0.979495327953
2940.56021723 0.959694698293
2940.58064877 0.972803493782
2940.6010804 0.883743017941
2940.64194337 0.996113020843
2941.09143723 1.05660754892
2941.1323003 0.803256112398
2941.15273183 0.968210469715
2941.17316336 1.02782694788
2941.19359489 1.01970191342
2941.21402643 1.04551877408
2941.25488949 1.03251061052
2941.37747878 0.979475162354
2941.39791021 0.982514979665
2941.41834175 0.974879290599
2941.43877328 0.968891560258
2941.45920481 0.992916083361
2941.47963634 1.00518246623
2941.50006787 0.995049947081
2941.5204994 0.992911465851
2941.54093093 0.978265107774
2941.56136246 1.01221401492
2941.58179399 0.99026849475
2941.60222562 0.995355212274
2941.62265705 1.01365636782
2941.64308858 0.987478245735
2941.66352021 1.00216909958
2941.68395174 0.97779757693
2941.70438317 1.02888692897
2941.7248148 1.03696570648
2941.74524633 1.02655209468
2941.76567776 0.918237342618
2941.86783551 1.04678810609
2941.88826694 1.01308448162
2941.90869857 1.00540368869
2941.9291301 0.990737980777
2941.94956153 1.00162370029
2941.96999316 1.01647740402
2941.99042468 0.989741575942
2942.01085621 0.980692579982
2942.03128774 1.00985787514
2942.05171927 0.996498172637
2942.0721508 0.999101411494
2942.11301385 1.00284271819
2942.13344548 0.992762685521
2942.15387691 0.982242813313
2942.17430844 1.00070807797
2942.19474007 0.995147418862
2942.21517149 1.02246852162
2942.23560302 0.988705218593
2942.25603465 1.00025376431
2942.27646608 1.01362190333
2942.2968976 1.00613941708
2942.31732923 1.01801312132
2942.33776066 1.01325796185
2942.35819218 1.0009343857
2942.37862381 0.981358846608
2942.39905524 1.01090037775
2942.41948676 0.975780363009
2942.43991839 0.99532124565
2942.46034982 0.990530472475
2942.48078134 0.976213588087
2942.50121297 0.973371194041
2942.5216445 1.02206035385
2942.54207592 0.993655601545
2942.56250755 0.93934709931
2942.62380213 1.02724627219
2942.64423365 0.993378154218
2942.66466528 1.02333456385
2942.6850967 0.997945202713
2942.70552823 1.02852176808
2942.72595985 0.998097587892
2942.74639128 0.996248210396
2942.7668228 1.0334221049
2942.78725443 1.01966699385
2942.80768585 0.985012649232
2942.848549 1.00998457113
2942.86898043 1.00063118053
2942.88941195 1.00852960437
2942.90984358 1.00087002487
2942.930275 0.993627172197
2942.95070653 1.00637415158
2942.97113805 1.01122805273
2942.99156957 0.981172243163
2943.0120011 1.01542950851
2943.03243272 0.987185395476
2943.05286415 1.01050576611
2943.09372729 0.99841480902
2943.11415872 0.999409279231
2943.13459024 0.998377157204
2943.15502187 1.03298042963
2943.17545329 0.987625726984
2943.19588491 0.990050601003
2943.21631644 0.993981662269
2943.23674786 1.0124648228
2943.25717948 0.986917148733
2943.277611 0.997794053136
2943.29804243 1.01048635808
2943.33890557 0.999863795393
2943.3593371 0.985751902568
2943.37976862 0.992387226652
2943.40020014 1.00816716929
2943.42063166 1.04640953946
2943.44106319 0.997342769954
2943.46149471 0.989461202869
2943.48192623 1.01148716652
2943.50235785 0.995990809551
2943.52278928 1.00928534727
2943.5432208 1.01392014656
2943.56365242 1.00378807795
2943.58408384 0.987215104979
2943.60451536 0.993878847351
2943.62494698 1.00957942215
2943.64537841 0.997023283303
2943.66581003 1.01223828581
2943.68624145 0.991003030132
2943.70667297 0.981509710826
2943.72710459 0.981833340359
2943.74753601 0.980501166457
2943.76796754 0.99356695722
2943.8292621 0.985016061899
2943.84969372 1.00568554116
2943.87012524 0.982710383788
2943.89055666 1.04804799633
2943.91098828 1.00589136508
2943.9314198 1.00108926117
2943.95185122 0.997635050007
2943.97228284 0.97270290308
2943.99271436 1.01531586715
2944.01314578 1.00556476348
2944.0335774 1.00533295839
2944.07444035 1.01476969679
2944.09487197 1.00252542238
2944.11530349 1.0296840775
2944.13573491 0.990408474918
2944.15616652 1.00575459755
2944.17659804 1.01423321174
2944.19702966 0.994533713052
2944.21746108 1.01219186781
2944.2378926 0.979024308526
2944.25832422 1.00010288526
2944.27875564 0.99995020538
2944.29918716 1.01960425523
2944.31961878 0.99862511009
2944.3400503 0.984859468136
2944.36048172 0.991098114313
2944.38091324 1.01285761504
2944.40134476 0.985427617011
2944.42177628 0.970540316417
2944.4422079 0.964949563805
2944.46263932 0.917390660442
2944.48307083 0.938496455621
2944.50350245 0.935795367664
2944.58522843 1.0159985771
2944.60565995 1.0056235315
2944.62609156 1.01559258673
2944.64652298 1.01395194161
2944.6669546 0.987465624844
2944.68738612 0.990690142794
2944.70781764 1.01185399949
2944.72824916 1.00502488638
2944.74868067 0.989357124149
2944.76911219 0.998275382634
2944.80997523 1.01053183542
2944.83040674 1.00700071
2944.85083826 1.00831458107
2944.87126978 1.00990123153
2944.8917013 1.00716955023
2944.91213292 0.983750296325
2944.93256433 0.993596637223
2944.95299585 1.00048843226
2944.97342747 1.00455607631
2944.99385889 1.01761840513
2945.0142904 0.979462039939
2945.05515344 1.00459971991
2945.07558495 1.00347975297
2945.09601647 0.988045341786
2945.11644799 0.996774280282
2945.1368796 0.978451182236
2945.15731102 1.01517140405
2945.17774254 0.972531564004
2945.19817416 0.986861930624
2945.21860557 0.98220622891
2945.23903709 1.00783989787
2945.25946871 1.00080954341
2945.27990022 1.00585808942
2945.30033164 0.964178918931
2945.32076325 0.995493462013
2945.36162619 0.986323020052
2945.3820578 0.997766110104
2945.40248932 0.99405131392
2945.42292074 0.982005103458
2945.44335235 1.01309073277
2945.46378387 1.0029325294
2945.48421528 1.00322373745
2945.5046469 0.959313677131
2945.54550993 1.00872906015
2945.56594145 0.986410899992
2945.58637296 0.994945004234
2945.60680458 1.02008934657
2945.627236 1.00866407585
2945.64766751 1.0054665031
2945.66809913 1.01153526789
2945.68853054 0.999571376267
2945.70896206 1.02119175067
2945.72939367 0.995206866667
2945.74982519 0.98420911406
2945.79068822 0.987773841927
2945.81111963 1.00063098411
2945.85198277 1.00057263462
2945.87241418 1.00742449604
2945.91327731 1.02470186871
2945.93370873 1.01345049097
2945.95414024 0.994110674907
2945.97457186 1.00638538843
2945.99500327 1.0146524652
2946.01543479 1.00146622601
2946.0358664 1.0180331629
2946.05629781 1.03121038687
2946.07672943 0.970978744501
2946.09716094 1.00211363296
2946.11759246 0.977938611649
2946.13802397 0.976693455279
2946.15845549 0.967279083293
2946.178887 0.973123264103
2946.19931862 0.972572228927
2946.21975003 0.971987061701
2946.24018155 0.939320006319
2946.28104457 0.988866812049
2946.30147609 1.00563233293
2946.3219077 0.997963686683
2946.34233912 0.990096622573
2946.36277063 1.04634723756
2946.38320225 1.00837905157
2946.40363366 0.983635402423
2946.42406517 0.996875573305
2946.44449679 1.01250343308
2946.4649282 1.00353913443
2946.48535972 1.00003190938
2946.52622274 1.00507585059
2946.54665436 1.00129563228
2946.56708587 0.998316389788
2946.58751728 0.991839439845
2946.6079489 0.991541983959
2946.62838041 1.01408898703
2946.64881183 1.00295343412
2946.66924344 1.01249484358
2946.68967495 0.992638935713
2946.71010637 1.00803387347
2946.73053798 1.05756569452
2946.75096949 1.02194168501
2946.77140091 1.01439528535
2946.79183252 1.04020404756
2946.81226403 1.00045943546
2946.83269545 0.998182758194
2946.85312706 0.991223522571
2946.87355857 1.01471563654
2946.89398999 0.979190965905
2946.9144216 1.00681136792
2946.93485311 1.0279728678
2946.95528473 1.0050821146
2946.97571614 0.967440711032
2947.01657926 0.98359730157
2947.03701078 1.00015294063
2947.05744219 0.995669860564
2947.0778738 1.00207834031
2947.09830532 1.02445352973
2947.11873673 1.01024433775
2947.13916834 1.02837534777
2947.15959986 0.997272195732
2947.18003127 1.07130903011
2947.20046288 1.00083222312
2947.28218893 0.990111288699
2947.30262034 0.994853767677
2947.32305196 0.981254602624
2947.34348337 0.989304023395
2947.36391488 0.970229315066
2947.38434649 1.00631045238
2947.40477791 0.969327822836
2947.42520952 0.970533731433
2947.44564103 1.00072619425
2947.46607254 1.00695923854
2947.50693557 0.99844982166
2947.52736708 0.982206203557
2947.54779859 1.01558720074
2947.56823011 0.994113690497
2947.58866162 0.990051082239
2947.60909323 0.996597371869
2947.62952464 0.991814988021
2947.64995616 0.996355171972
2947.67038777 1.02024908692
2947.69081918 1.02400148488
2947.71125069 0.999175307969
2947.7316823 1.03312271487
2947.75211372 1.01269178099
2947.77254523 1.00836600595
2947.81340825 1.0040594451
2947.83383987 0.996982622218
2947.85427138 1.02693586352
2947.87470289 1.02767535435
2947.8951344 0.997759261798
2948.16074406 1.00566671673
2948.28333313 0.983290031651
2948.30376474 0.962811479946
2948.32419615 1.01831538959
2948.34462766 1.00743707957
2948.36505927 1.02766374879
2948.38549069 1.02558687938
2948.4059222 1.016016442
2948.42635381 1.04650886448
2948.48764834 0.984174544219
2948.50807986 0.968885624262
2948.52851127 0.974419809377
2948.54894288 0.964611571088
2948.56937439 0.970322926419
2948.5898058 0.966832167669
2948.61023741 0.972835350187
2948.63066892 1.00320120469
2948.65110054 0.973984676481
2948.67153195 1.00825700181
2948.69196346 1.00496438713
2948.71239497 0.991647449379
2948.73282648 0.985709460413
2948.75325799 1.00046757241
2948.77368951 1.01497768434
2948.79412102 0.981084863265
2948.81455253 1.00037018225
2948.83498404 0.986525317861
2948.85541555 1.01695428719
2948.87584706 0.996710614498
2948.89627857 0.983972101784
2948.91671009 1.0053220335
2948.9371416 1.00721414314
2948.95757321 1.0102911064
2948.97800462 0.995734954324
2948.99843613 0.972009192965
2949.01886774 1.00438037628
2949.03929915 1.01660856724
2949.05973077 1.03184664562
2949.08016228 0.97331653481
2949.10059369 1.01849065659
2949.1210253 1.00787673834
2949.14145681 0.999200269191
2949.16188822 1.0110118493
2949.24361437 1.05398726675
2949.26404588 0.98881967707
2949.28447739 0.991711787553
2949.3049089 1.02185470738
2949.32534042 0.986490192969
2949.34577193 1.00879300171
2949.36620344 1.00531748705
2949.38663495 1.00658410764
2949.40706646 1.0068230104
2949.42749797 0.988371089368
2949.44792948 1.01077662294
2949.4683611 1.03359911036
2949.48879251 0.95263721772
2949.50922402 0.987113608311
2949.52965563 1.01603469077
2949.55008704 1.00244671353
2949.57051855 0.996821987636
2949.59095016 1.01100676474
2949.61138158 1.0095118259
2949.63181309 0.993095339024
2949.6522447 0.98645631133
2949.67267611 1.01755531928
2949.69310762 0.985919537249
2949.71353923 1.02199261263
2949.73397065 1.00048884645
2949.75440216 0.997864417204
2949.77483377 0.9622441577
2949.79526528 0.995588111498
2949.81569679 1.00432903826
2949.8361283 0.972754066346
2949.85655981 0.984379614008
2949.87699133 0.997674646013
2949.89742284 1.00039245819
2949.91785435 0.976887605426
2949.95871737 0.976749469385
2949.97914888 1.00723927309
2949.9995805 0.98824456685
2950.02001191 0.994941008494
2950.04044342 1.0178164239
2950.06087503 1.02035354741
2950.08130644 1.00439570724
2950.10173795 0.997489436357
2950.12216957 0.995843800765
2950.14260098 0.987237178163
2950.22432712 0.990426033173
2950.24475854 1.01509191653
2950.26519005 0.993089980786
2950.28562166 1.00016433625
2950.30605317 0.98608118538
2950.32648458 1.0066983649
2950.3469162 0.997296484992
2950.36734771 0.978705614298
2950.38777912 1.01388626503
2950.40821073 0.998856439736
2950.44907366 1.01018877736
2950.46950527 0.994527066086
2950.48993678 0.986204957005
2950.51036819 1.02523850735
2950.5307998 0.99086578235
2950.55123132 0.989102859365
2950.57166293 0.998874560925
2950.59209434 0.999283146005
2950.61252585 0.99867750023
2950.63295746 0.997523213155
2950.65338888 1.0185379802
2950.67382039 0.998858679924
2950.694252 0.997667330431
2950.71468341 1.02149251291
2950.75554654 1.00852705856
2950.77597805 0.989462305352
2950.79640946 0.998589584717
2950.81684107 1.01282929836
2950.83727259 1.00890060328
2950.857704 1.01503336393
2950.87813561 1.02019800018
2950.95986156 1.00946714394
2950.98029317 0.998970638509
2951.00072469 1.01215424683
2951.0211561 1.0080969564
2951.04158771 1.00200627354
2951.06201922 0.998177996924
2951.08245064 1.00376179222
2951.10288225 1.0087974074
2951.12331376 0.997443412404
2951.14374527 0.991495293786
2951.16417679 0.985616476591
2951.1846083 0.978953326472
2951.20503981 1.01069560023
2951.22547132 0.971933334413
2951.26633435 0.990963710237
2951.28676586 0.980395835908
2951.30719738 1.00867346254
2951.32762899 1.00129601341
2951.3480605 0.998398699088
2951.36849191 0.985420039349
2951.38892353 1.0104251403
2951.40935504 1.00987362356
2951.42978645 0.982140710089
2951.45021807 0.987090252034
2951.47064958 0.989875343574
2951.49108099 0.985260861846
2951.51151261 1.00650724949
2951.53194412 1.00535325467
2951.55237553 0.977022585414
2951.57280715 1.01430971502
2951.59323866 0.957053636206
2951.61367017 0.974080168377
2951.63410169 0.927002143176
2951.6545331 1.00913320777
2951.67496471 0.979896832995
2951.69539623 0.997384087018
2951.71582774 1.00260726586
2951.73625925 0.990976266255
2951.75669077 0.985226721698
2951.77712228 1.01666024025
2951.79755389 1.01653389644
2951.81798531 0.989522255849
2951.83841682 1.00563462157
2951.85884844 1.00970676412
2951.87927985 0.963216555529
2951.89971136 0.984141336034
2951.92014298 0.981089074113
2951.94057439 0.986147422759
2951.9610059 1.0279550732
2951.98143752 0.995900834494
2952.00186893 1.00806847779
2952.02230055 0.970342417483
2952.04273206 1.00498336862
2952.06316348 0.996373625259
2952.08359509 0.976416905991
2952.1040266 1.01814547476
2952.12445802 0.980670157274
2952.16532115 1.03791290284
2952.18575266 1.01184870162
2952.20618418 0.998348438522
2952.26747882 1.00605774864
2952.28791023 0.989486301635
2952.30834175 0.991915771184
2952.32877326 1.00954158217
2952.34920478 1.00142167274
2952.36963639 1.01277687958
2952.41049932 0.928016223605
2952.43093094 0.996765834209
2952.45136235 0.974980359945
2952.47179387 0.990929050424
2952.49222548 1.04432299393
2952.5126569 1.01282386157
2952.53308841 0.983788101673
2952.55352003 1.00516818868
2952.57395144 1.01805800845
2952.59438296 1.00622262868
2952.61481457 0.994374023524
2952.63524609 0.989643430831
2952.6556775 1.01063661449
2952.67610912 1.00485969131
2952.69654063 0.994868313415
2952.71697215 1.00803571663
2952.73740366 0.985287540759
2952.75783518 0.999895003054
2952.90085589 1.02937566246
2952.98258186 0.99215386972
2953.00301347 1.03496852369
2953.02344489 1.0201033082
2953.06430802 0.998179512884
2953.08473944 1.01652508464
2953.10517095 0.994945191253
2958.37649535 0.985816978998
2958.39692699 0.993029114006
2958.41735853 0.999007455755
2958.43778996 0.989705544558
2958.4582216 0.984052009122
2958.47865314 0.997358954603
2958.49908468 0.981727028329
2958.51951622 0.981961267998
2958.53994776 0.997051214961
2958.5603793 0.99021325463
2958.58081094 1.00984416836
2958.60124239 1.01213147828
2958.62167403 1.04254857391
2958.66253701 0.975083291205
2958.68296865 0.968366960482
2958.70340019 1.00154202082
2958.72383163 0.997550307996
2958.74426327 1.01108952953
2958.76469481 1.00296759977
2958.78512626 0.981656109272
2958.82598944 1.02091375845
2958.84642088 1.0295050179
2958.86685252 0.984724516494
2958.88728397 0.994990647141
2958.90771551 0.99433970198
2958.92814715 1.00720853994
2958.94857859 0.977139336093
2958.96901024 1.01557322576
2958.98944178 1.0142912498
2959.00987332 1.00760027644
2959.0915995 1.0022724046
2959.17332567 0.998642183609
2959.19375722 0.997885701152
2959.21418886 1.00088590435
2959.23462031 1.00897733349
2959.25505195 0.984552372089
2959.2754835 1.01290573482
2959.29591494 0.995272240686
2959.31634659 1.00166421574
2959.33677813 0.98984959369
2959.35720958 0.998386272157
2959.37764122 0.984395198632
2959.39807277 0.99939613379
2959.41850431 1.00244972116
2959.43893586 0.996504236262
2959.45936741 0.986506422865
2959.47979895 0.980269369384
2959.5002305 0.983233025218
2959.58195669 0.999461069613
2959.60238823 1.01215548056
2959.64325133 0.983397445622
2959.66368297 1.005805276
2959.68411442 0.996449124163
2959.70454597 0.986685612602
2959.72497762 0.998183024554
2959.74540907 0.988539027601
2959.76584061 0.995348237214
2959.78627226 0.984908454895
2959.80670371 0.999191406547
2959.82713526 1.00406698955
2959.84756691 0.968629155223
2959.86799836 1.00068471496
2959.88843001 1.00931508137
2959.90886156 0.950279213248
2959.92929301 0.971811799382
2959.94972465 1.03381554251
2959.9701562 0.964517621269
2959.99058775 0.957399520286
2960.0110193 0.924764175151
2960.0518824 0.988006756392
2960.07231395 0.986156618833
2960.09274551 1.00605467081
2960.11317706 1.02205884844
2960.13360871 1.04702858575
2960.15404016 0.968555550113
2960.17447181 0.986199118254
2960.19490336 0.986348899619
2960.21533481 0.999757485776
2960.41965043 0.999360400576
2960.44008189 1.00504729207
2960.46051354 1.0224758039
2960.48094509 0.992166561067
2960.50137665 0.992374107741
2960.54223975 1.02960918636
2960.56267131 0.980716106396
2960.58310286 0.990095853999
2960.60353442 1.02427907676
2960.62396597 1.03029312441
2960.64439763 1.01441917618
2960.66482908 0.997403133446
2960.68526063 0.986837388086
2960.70569229 1.00829665065
2960.72612374 1.014385124
2960.7465554 0.989897514748
2960.76698696 1.04034499161
2960.78741841 1.01321579516
2960.80785007 1.01806155624
2960.82828162 1.01609561136
2960.84871308 0.9748321021
2960.88957629 1.02907543803
2960.91000775 0.989587716249
2960.93043941 0.978026746788
2960.95087096 0.968124468604
2960.97130252 0.99297853445
2960.99173408 0.988696984807
2961.03259719 1.0266338397
2961.05302875 1.00902559235
2961.11432342 1.00309738903
2961.13475498 1.00412133748
2961.15518654 1.0182718993
2961.1756181 1.02549145099
2961.19604966 0.981337524694
2961.21648132 0.991924287941
2961.23691278 1.00067912304
2961.27777599 0.994289152812
2961.29820745 0.998284685392
2961.31863911 0.98362122033
2961.33907067 0.99606503382
2961.35950213 0.998457304966
2961.37993379 0.992964627722
2961.40036535 1.00236275651
2961.42079681 0.99679613427
2961.44122848 0.992645048663
2961.46166004 0.96468076511
2961.54338638 1.00348592853
2961.56381784 1.02498092568
2961.58424941 1.00126555975
2961.60468107 1.0076837736
2961.62511253 1.03631215019
2961.64554409 0.989707176084
2961.66597575 0.981148170285
2961.68640722 0.996602364516
2961.70683878 0.97338837245
2961.72727044 1.00127122538
2961.76813357 0.987713728534
2961.78856513 1.0021866555
2961.8089966 1.00631315654
2961.82942826 1.01915095663
2961.84985983 1.00147588043
2961.87029129 1.04951728634
2961.89072295 1.05374150898
2961.91115452 1.01658712618
2961.93158598 1.00438850846
2961.95201765 1.02686577469
2961.97244921 1.02954233251
2961.99288068 1.01013949548
2962.01331234 1.00883236224
2962.03374391 0.99651873822
2962.07460704 1.00814012878
2962.11547027 0.970374737815
2962.13590184 0.997513018108
2962.15633331 0.977881633303
2962.17676497 0.970173005598
2962.31978595 0.995723453452
2962.34021752 0.995681529839
2962.36064908 1.00057982296
2962.38108055 1.02658897872
2962.40151222 0.997538564026
2962.42194379 0.96531842427
2962.44237526 1.01468716183
2962.46280693 0.981986688299
2962.52410164 0.994621805271
2962.54453321 1.01329643523
2962.56496488 1.00324945565
2962.58539635 0.995222313806
2962.60582792 0.994789797175
2962.62625959 0.977590397727
2962.64669116 0.994410253545
2962.66712263 0.991926850652
2962.6875543 0.986187952871
2962.70798587 1.01066412403
2962.74884902 1.00407866721
2962.76928059 0.989775977819
2962.78971216 0.983590731048
2962.81014374 1.00855631449
2962.83057531 1.04165487054
2962.85100698 0.995174845175
2962.87143845 1.00188282061
2962.89187003 1.00938347784
2962.9123017 1.00697070312
2962.95316475 1.00754413484
2962.9940279 1.00108805438
2963.01445947 1.01074484286
2963.03489104 1.01462686778
2963.05532262 1.01599498349
2963.07575429 1.05010561367
2963.09618577 1.02761819954
2963.11661734 1.0206307644
2963.13704902 1.00485709162
2963.15748049 0.993233290456
2963.17791207 0.989786302934
2963.25963848 0.983671279278
2963.28007005 1.00386905181
2963.30050163 1.01739235598
2963.32093321 1.01196657416
2963.34136478 0.9716268052
2963.36179646 0.992791315604
2963.38222794 0.990431250404
2963.40265952 0.997402013825
2963.42309119 0.998864250587
2963.44352267 0.985653074625
2963.46395425 0.979755497701
2963.48438593 0.980702802049
2963.50481741 0.95918343492
2963.52524899 0.993717320175
2963.54568067 1.01603141106
2963.56611214 1.03319173905
2963.58654382 0.981466042179
2963.62740688 1.0242843091
2963.64783856 0.983431442749
2963.77042805 0.99612517196
2963.79085963 1.00458875286
2963.81129121 0.987007614295
2963.83172279 1.01431181665
2963.85215437 0.969740605047
2963.87258606 1.00527409797
2963.89301754 1.00081349096
2964.01560704 0.997768328605
2964.03603872 0.961528531469
2964.05647031 1.0142764238
2964.07690179 1.0004363273
2964.09733347 1.01275900672
2964.11776506 1.04284760401
2964.13819654 1.01746115577
2964.26078616 0.990310236795
2964.28121774 0.977166329305
2964.30164933 1.03293520176
2964.32208092 0.987825865536
2964.3425126 0.997162986281
2964.36294409 1.0008163177
2964.38337578 0.98892921892
2964.40380726 1.00311331409
2964.42423885 1.01543144326
2964.44467054 0.999079104852
2964.46510203 1.01040565065
2964.48553362 1.01557775869
2964.5059653 1.00969054404
2964.52639679 1.01046972003
2964.54682848 1.00948958347
2964.56726007 0.963289953533
2964.58769156 0.99169858975
2964.60812325 1.00008107096
2964.64898633 1.0165051213
2964.73071279 0.977895462438
2964.75114438 1.00049296311
2964.77157597 0.987715389072
2964.79200756 0.989495912115
2964.81243916 0.982646723742
2964.83287085 0.993721480707
2964.85330244 1.02136711928
2964.87373393 1.00195397981
2964.89416562 0.994541849686
2964.91459722 1.00540473347
2964.9554604 0.976790122773
2964.975892 0.991968996639
2964.99632349 1.01393752262
2965.01675518 1.01895320936
2965.03718678 1.00017208575
2965.05761837 1.01220529961
2965.07804996 0.994086782774
2965.09848146 1.00375890153
2965.30279752 0.983492640819
2965.32322911 0.998538105867
2965.34366081 1.01247094118
2965.36409241 0.99327389123
2965.3845239 1.00037347039
2965.4049556 0.979476510103
2965.4458187 1.00480011723
2965.4662504 0.984138577728
2965.486682 1.00414201609
2965.50711349 1.0016127269
2965.52754519 1.02185653298
2965.54797679 0.990712154981
2965.56840849 1.01238584867
2965.58883999 1.00807488808
2965.60927159 0.988630421865
2965.73186119 0.998403890119
2965.7522929 1.00870293608
2965.7727244 0.999273742667
2965.793156 1.00001195464
2965.8135876 0.999842626201
2965.8340192 1.01178695731
2965.85445091 1.03258278852
2965.87488241 0.976861424696
2965.95660882 0.995638495521
2965.97704053 0.993390351445
2965.99747213 0.997154603015
2966.01790363 0.985060058023
2966.09963015 1.02452257728
2966.12006176 0.978798335649
2966.14049347 1.00921079197
2966.20178828 1.00160874677
2966.22221979 1.02576839747
2966.2426514 0.982505912995
2966.2630831 1.01594583085
2966.28351461 0.975060618529
2966.30394632 0.981598822162
2966.32437793 0.979795190227
2966.34480953 1.00126575035
2966.36524114 1.00662860212
2966.44696758 1.02352368789
2966.46739909 0.970713768022
2966.4878308 0.98415498765
2966.50826241 1.01997605909
2966.52869402 0.989696465221
2966.56955724 0.943758787234
2966.58998895 0.984235599848
2966.61042046 1.01278396534
2966.6921469 0.993253872986
2966.71257862 1.00799453217
2966.73301013 0.973901675501
2966.77387345 1.00673208875
2966.79430497 1.01397107883
2966.81473668 1.00962328691
2966.83516829 0.995567607034
2966.99862131 0.983935061011
2967.01905283 0.987277897907
2967.03948444 1.015153525
2967.05991616 1.00582002541
2967.08034767 0.995346639211
2967.10077939 1.01677695041
2967.12121101 1.02809466632
2967.14164252 0.994024990944
2967.16207424 0.970188814546
2967.18250576 1.00325844854
2967.20293738 0.987971794424
2967.22336909 1.00193102695
2967.24380061 1.0120980456
2967.26423223 0.990318208292
2967.28466395 0.996126709548
2967.30509547 0.991033672323
2967.32552719 0.995998411269
2967.34595881 0.998740322152
2967.42768529 0.988349544433
2967.44811691 0.991181140355
2967.46854853 0.974459740966
2967.48898015 0.99694952843
2967.50941177 0.967359882525
2967.52984339 0.994440731193
2967.55027512 1.03316875911
2967.57070674 0.984129358838
2967.59113826 0.998001417274
2967.75459135 1.00052907096
2967.77502287 1.00316908505
2967.7954546 0.989927697755
2967.81588622 1.00446405178
2967.83631785 0.988785045612
2967.91804435 1.00998730611
2967.93847598 1.00658466961
2967.9589076 1.01340928718
2967.97933923 1.01486767935
2967.99977086 1.0027709154
2968.02020249 0.99275584198
2968.04063411 1.02646158095
2968.06106584 1.01780266298
2968.08149747 0.996960150338
2968.101929 1.02421666345
2968.14279236 1.01360162661
2968.16322389 1.01188267846
2968.18365562 1.03026611918
2968.22451878 1.04964813783
2968.24495051 1.03145668089
2968.26538214 0.987884839892
2968.28581387 1.0154344015
2968.3062454 1.01987273098
2968.42883519 0.982123593228
2968.44926682 1.01897054101
2968.46969856 1.00517528826
2968.49013009 0.997490668106
2968.51056172 0.970450709942
2968.53099336 1.00825527455
2968.55142499 0.982840839624
2968.57185673 0.991256399688
2968.59228836 1.02240330899
2968.61271989 0.992349839601
2968.63315163 0.985509007863
2968.65358327 0.972220391652
2968.6740148 1.00407146944
2968.69444654 0.986212095927
2968.71487817 1.01915842598
2968.73530971 1.02434623809
2968.75574145 0.994376976586
2968.77617308 0.970521664934
2968.79660482 1.06466144043
2968.81703636 0.986607146757
2968.837468 1.01254575584
2968.87833127 0.98491775416
2968.89876291 1.01602386998
2968.91919465 0.995613176875
2968.93962619 1.00524712021
2968.96005783 1.01970570807
2968.98048957 0.978589101518
2969.00092111 0.984139500585
2969.02135285 1.00370169262
2969.04178449 0.998619814787
2969.16437434 1.00318810137
2969.18480598 0.96274772974
2969.20523762 1.00072418251
2969.22566926 0.988481251464
2969.24610101 1.00137033249
2969.26653255 0.996149082396
2969.28696419 1.02264455825
2969.30739594 1.01041184665
2969.32782748 1.01260132389
2969.34825912 1.00638945183
2969.36869087 0.991998844462
2969.38912241 0.974644295401
2969.40955406 0.981415527414
2969.4299858 0.995865075647
2969.45041735 0.987858822977
2969.470849 0.985250682096
2969.49128074 1.00080901775
2969.51171229 0.996596158347
2969.53214404 1.02844828198
2969.55257568 0.975129403095
2969.65473392 0.973880914268
2969.67516557 0.998960039711
2969.69559722 1.0025313524
2969.71602897 0.994808973061
2969.73646052 0.998824192532
2969.75689227 1.02099088254
2969.92034538 0.991227260244
2969.94077713 1.00403182403
2969.96120868 0.97269228688
2969.98164043 1.00217523366
2970.00207209 0.996014690004
2970.02250364 1.01804392821
2970.04293539 1.00720015562
2970.12466201 0.998894704168
2970.14509367 1.00650215288
2970.16552532 1.0218721071
2970.18595698 0.986994023821
2970.20638873 1.00493320747
2970.22682039 1.01374416135
2970.24725194 0.994240115833
2970.2676837 0.988979203978
2970.28811536 1.01233293746
2970.30854691 1.00301299802
2970.32897867 0.993910862643
2970.34941033 1.00122048936
2970.36984189 1.02169668495
2970.39027365 1.03399339205
2970.4107053 1.00127284865
2970.43113706 1.00629031139
2970.45156862 1.00732187116
2970.47200028 1.00378684743
2970.49243194 0.992370326814
2970.5128636 0.965259604123
2970.53329526 1.01799918795
2970.55372702 0.991464551148
2970.59459024 1.0133455674
2970.61502191 0.99114705719
2970.63545357 0.992816988595
2970.65588523 0.982030663367
2970.67631689 1.01777359055
2970.69674855 0.979787156958
2970.71718032 0.99001577771
2970.73761188 0.975996396964
2970.75804354 1.00239721945
2970.88063353 1.00014450891
2970.90106529 0.993336680198
2970.92149696 1.00030083694
2970.94192873 1.01704237626
2970.96236029 1.0080384376
2970.98279196 1.00827381247
2971.00322373 1.01041290366
2971.02365529 0.987812198897
2971.04408696 1.01287259724
2971.06451873 1.03540220977
2971.0849503 0.991517208995
2971.10538196 0.997270741577
2971.12581373 0.99625232839
2971.1462453 1.0087509681
2971.16667707 1.00759899138
2971.18710874 0.986075629213
2971.20754031 0.95269193985
2971.22797208 1.0253059535
2971.24840375 0.968672658632
2971.26883542 0.991617418316
2971.28926709 0.960815764794
2971.33013033 1.02731538892
2971.35056211 1.00178863833
2971.39142545 1.02110736775
2971.41185712 0.995277696741
2971.4322888 1.00513054335
2971.45272057 1.05566830316
2971.47315214 1.01076076891
2971.49358382 0.928047334017
2971.51401559 0.971944767523
2971.53444716 1.04476960623
2971.57531061 0.992009337494
2971.59574219 1.01655906495
2971.61617396 1.02243027583
2971.63660564 1.01751730918
2971.65703722 0.990568850574
2971.67746899 0.991549283506
2971.69790067 1.01845765782
2971.71833225 1.01983088259
2971.73876402 1.01028234038
2971.86135409 1.01113412911
2971.88178577 0.994074370063
2971.90221745 1.00334122057
2971.92264923 0.985007930409
2971.94308081 0.998355313497
2971.96351259 1.01651497193
2971.98394418 0.977143487258
2972.00437586 0.993091458197
2972.02480764 0.987140446919
2972.08610268 0.99229258992
2972.10653427 0.984212454032
2972.12696605 0.992301133242
2972.14739773 1.00444852064
2972.16782932 1.01224962454
2972.1882611 1.00017333599
2972.20869278 1.02013264252
2972.22912437 0.995398202339
2972.24955615 0.983154759481
2972.26998784 1.0324902465
2972.29041962 0.998680440928
2972.31085121 0.998983626299
2972.3312829 1.02469681957
2972.35171468 0.995413770241
2972.37214627 0.99195682089
2972.39257796 1.02209344998
2972.41300974 0.991130741381
2972.43344143 0.972407989783
2972.4947365 1.02192203942
2972.51516818 0.982991023558
2972.55603156 1.00513687667
2972.57646335 1.00242263937
2972.59689494 0.981711207132
2972.61732663 1.03496840591
2972.63775832 1.02712645102
2972.65819001 1.00283147884
2972.67862161 0.993750060735
2972.6990534 0.986897140384
2972.71948509 0.959781078565
2972.73991688 1.02658186444
2972.82164355 1.01456775328
2972.84207525 1.00013135125
2972.86250704 0.994480400127
2972.88293863 0.996343138558
2972.90337033 0.992735748966
2972.92380212 0.999805502945
2972.94423382 0.985277480388
2972.96466552 1.00781287781
2973.0872558 1.00222442794
2973.10768739 1.00529645965
2973.12811909 0.995382070838
2973.14855089 1.01044688253
2973.16898249 1.02129866386
2973.18941429 0.973233858997
2973.20984599 1.00710586599
2973.23027759 0.97521154428
2973.25070939 0.989808221849
2973.27114109 1.02176657977
2973.29157269 1.0165964692
2973.31200449 0.990054774472
2973.33243609 1.02341039453
2973.35286779 0.989994276495
2973.37329959 0.984771223002
2973.39373119 1.02631960774
2973.414163 1.06197613676
2973.4345947 1.00773910035
2973.4550263 0.995359730197
2973.57761663 0.983488266523
2973.61848004 0.978023373094
2973.63891185 0.984261983167
2973.65934355 0.986365423283
2973.67977516 1.00431050585
2973.70020697 0.991993779275
2973.72063867 1.02700187167
2973.74107028 0.999116167704
2973.76150209 1.02899713796
2973.7819338 1.0088361818
2973.80236541 0.965891224496
2973.82279721 1.00139357074
2973.84322892 1.00902453518
2973.86366073 0.988346994405
2973.88409234 0.997055741725
2973.90452405 0.969435625528
2973.92495576 0.974479413589
2973.94538747 0.951587508581
2974.06797775 0.967787643047
2974.08840956 1.01901144888
2974.10884117 1.0022928617
2974.12927289 1.0300512562
2974.1497047 0.99972281627
2974.17013641 1.02604683428
2974.19056803 0.988336196898
2974.21099984 0.985092319852
2974.29272671 1.00129629357
2974.31315852 1.01373589729
2974.33359014 0.987760643191
2974.35402186 1.0068761304
2974.37445368 0.997703129493
2974.39488529 1.0060330817
2974.41531701 1.01188179739
2974.43574883 0.987691276676
2974.45618045 1.02946727285
2974.47661217 0.99841897521
2974.49704399 1.02101577174
2974.51747561 0.986049747437
2974.53790743 1.03456953314
2974.55833915 0.987525936295
2974.57877087 1.02822213053
2974.59920259 1.01310206478
2974.61963431 1.02266033847
2974.66049776 0.988000226346
2974.7013611 1.01243168653
2974.7830881 1.00506276778
2974.80351982 1.00828595263
2974.82395165 0.99422125645
2974.84438327 1.01583191337
2974.864815 1.03040688989
2974.88524683 1.00820014904
2974.90567845 0.966092179664
2974.92611018 0.992841546557
2975.02826882 0.998322546996
2975.04870065 0.979375452866
2975.06913238 1.0216364172
2975.089564 1.00613965082
2975.10999583 0.995601939471
2975.13042756 1.00742829837
2975.15085929 0.996391773043
2975.17129103 0.993255640654
2975.19172276 1.00014047063
2975.21215459 0.979709834814
2975.25301795 1.01077695091
2975.27344978 0.983030800665
2975.29388142 0.976532301663
2975.31431315 0.999741788701
2975.33474498 0.95981864819
2975.35517672 0.997057531816
2975.37560835 0.983794227482
2975.39604019 0.994137454191
2975.55949407 1.00113382472
2975.57992581 0.984716902082
2975.60035745 0.997688419415
2975.62078929 0.994333693423
2975.64122103 0.991163384445
2975.66165286 0.995563734199
2975.6820845 0.995437337473
2975.70251624 0.998082907026
2975.72294808 1.00527109134
2975.74337972 0.999133842278
2975.76381146 0.993504151759
2975.7842433 0.967593436385
2975.80467505 0.992169839983
2975.82510669 1.0229209588
2975.84553853 1.00721369201
2975.86597027 1.00550341251
2975.88640201 1.02620891007
2975.90683376 0.945105163292
2976.02942422 0.985554994978
2976.04985597 1.01028615503
2976.07028771 0.974926024214
2976.09071946 1.0210449859
2976.11115131 1.03390313558
2976.13158295 1.03841659121
2976.1520147 0.980071775265
2976.1928782 1.00041007009
2976.23374179 0.997682061244
2976.25417344 0.986637559996
2976.27460519 1.02405709277
