# #0 time, 1 flux
2307.1833102 1.1249680362
2307.20374247 1.10028250697
2307.22417463 1.07478427898
2307.32633603 1.07723577147
2307.34676819 1.04786896994
2307.36720055 1.02801975164
2307.38763281 1.0512603389
2307.46936184 0.995430095285
2307.48979409 1.01346393419
2307.57152311 0.995159087832
2307.59195546 0.958631781157
2307.61238762 1.0176893151
2307.63281987 1.03379496659
2307.65325222 0.923154853865
2307.67368437 0.967469068959
2307.69411662 0.987696776413
2307.71454897 0.997044189354
2307.73498112 0.968424922517
2307.75541347 0.973070927403
2307.77584572 0.967473338024
2307.79627787 0.974789449016
2307.81671022 0.973234121708
2307.83714246 0.950132084609
2307.85757461 0.932845683947
2307.87800696 0.953350441311
2307.8984392 0.932569194766
2307.91887145 0.929253861048
2307.93930369 0.984419928187
2307.95973594 0.940841032712
2307.98016818 1.04739739959
2308.00060042 1.00378117006
2308.02103267 0.931451579778
2308.04146491 0.935880990934
2308.06189725 0.953774204439
2308.08232939 1.01687761682
2308.10276173 1.00611058653
2308.16405845 0.999235940135
2308.18449059 1.06280691789
2308.20492283 1.06654887525
2308.22535517 1.00745966618
2308.24578731 1.00803414428
2308.26621954 0.983963378436
2308.28665188 1.00523808641
2308.30708401 0.986555330346
2308.32751625 0.979143163545
2308.36838072 0.959631448837
2308.38881295 0.954457718515
2308.40924529 1.01776539535
2308.42967752 1.07695321838
2308.45010965 0.9948833004
2308.47054198 0.964591717493
2308.49097421 0.978123963067
2308.53183868 0.966980642345
2308.55227091 1.01295741312
2308.57270314 0.99751862407
2308.59313536 1.05193361106
2308.61356759 1.00864131876
2308.63399992 0.968793743502
2308.65443205 1.00199789864
2308.67486428 1.00605054362
2308.6952966 0.974341137579
2308.71572873 0.958156056823
2308.73616095 0.977101707439
2308.75659328 0.985016257696
2308.7770254 1.01542284358
2308.79745763 1.01669132818
2308.81788995 0.980757298952
2308.83832207 0.975626699388
2308.8587543 0.953873293064
2308.87918662 1.02574299011
2308.89961874 1.00240778004
2308.92005106 0.968285774025
2308.94048318 0.9693294325
2308.9609154 0.988486009223
2308.98134772 1.02105843983
2309.00177994 0.990543461959
2309.02221206 0.935810779714
2309.04264438 0.953105095237
2309.06307659 0.988509803183
2309.08350871 0.949946008273
2309.10394103 0.961419802836
2309.12437324 0.961372373876
2309.14480536 0.949927575616
2309.16523768 0.936636245352
2309.18566989 0.974001800968
2309.206102 1.00641557122
2309.22653432 0.981890282951
2309.24696653 1.02888201481
2309.26739874 1.03520333214
2309.28783096 0.993604247293
2309.30826317 1.02753360047
2309.32869538 0.946465704853
2309.34912759 0.993598424974
2309.3695598 1.00104110745
2309.38999211 0.974461807997
2309.41042422 0.990428423928
2309.43085643 0.984506351497
2309.45128874 0.949049007309
2309.47172095 0.934303266897
2309.51258536 0.986939007661
2309.53301757 0.996727723689
2309.55344967 0.946972961404
2309.57388198 0.963196639127
2309.59431418 0.999969276441
2309.61474629 0.992132172914
2309.63517859 0.981771630356
2309.6556107 1.02000589903
2309.6760429 1.0021495926
2309.6964752 1.04252945581
2309.7169073 1.05761422845
2309.73733951 1.08070768464
2309.75777181 1.04030318681
2309.77820391 1.05917755033
2309.79863611 1.05787367497
2309.81906841 1.04812020944
2309.83950061 1.03760673953
2309.85993281 1.03680353935
2309.880365 0.997738114709
2309.9007972 0.987326466316
2309.9212295 1.01531329483
2309.9416616 1.0107852289
2309.96209379 1.00416593226
2309.98252609 0.986107570999
2310.00295818 0.975763256285
2310.02339038 1.0041050276
2310.04382267 0.966617405862
2310.06425477 1.0007054727
2310.08468696 0.990326629482
2310.10511925 1.02052424993
2310.12555135 1.00842395679
2310.14598354 0.970225259088
2310.16641583 0.946677927303
2310.18684792 0.981314693475
2310.20728011 0.988910395277
2310.2277124 1.00729356585
2310.24814449 0.968661093644
2310.26857668 0.941616484767
2310.28900897 0.940179237361
2310.30944116 0.932870375528
2310.32987334 0.906316820671
2310.35030553 0.91907222476
2310.37073762 0.898690091338
2310.39116991 0.901620311813
2310.41160209 0.881174760825
2310.43203418 0.897420768086
2310.45246646 0.815119920135
2310.49333073 0.994692041865
2310.51376301 0.964371211217
2310.5341952 0.967001523831
2310.55462728 0.988096642559
2310.57505956 0.992098918592
2310.59549174 1.02206589173
2310.61592382 1.01546918875
2310.6363561 1.01618745865
2310.67722046 1.10020832975
2310.738517 1.10085844422
2310.79981353 1.09730441374
2310.82024581 1.06939365765
2310.84067789 1.05503515506
2310.86111016 1.03946685695
2310.88154234 1.02810648666
2310.90197441 1.02743764579
2310.92240668 0.979452207131
2310.94283886 1.01376831258
2310.96327093 1.03626820025
2310.9837032 1.04413876476
2311.00413538 0.993432482783
2311.02456745 0.975910466414
2311.04499972 1.00084046482
2311.06543189 1.01121300847
2311.08586396 0.987810996176
2311.10629623 1.00387045107
2311.1267284 0.979697792149
2311.14716047 0.99902169201
2311.16759274 0.965922095326
2311.1880249 0.980853269141
2311.22888924 1.02048705383
2311.2493214 0.993615928422
2311.26975347 0.938976522141
2311.29018574 0.998329750978
2311.3106179 1.00544551216
2311.33104997 0.982043476362
2311.35148223 1.00788873872
2311.37191439 0.940910931555
2311.39234666 0.945564355339
2311.41277872 0.987926339098
2311.43321088 1.01469467297
2311.45364314 0.988585097167
2311.47407521 1.05526681742
2311.49450737 0.98160385936
2311.51493963 1.02649367216
2311.53537169 0.977497624251
2311.55580385 0.973502384181
2311.57623611 0.985287750989
2311.59666826 0.994303135931
2311.61710032 0.993955728886
2311.63753258 0.963926650417
2311.65796474 0.950643641004
2311.67839679 0.946358255745
2311.71926121 1.03204177109
2311.73969326 1.03569898678
2311.76012552 1.03749131902
2311.78055767 0.995871071081
2311.80098972 1.05226370176
2311.82142198 0.986129553769
2311.84185413 1.02002404449
2311.86228628 0.98967631848
2311.88271844 0.974629325306
2311.90315049 0.983479842782
2311.92358274 0.976871083257
2311.94401489 0.996627390507
2311.96444694 0.965066820748
2311.98487919 0.955635880037
2312.00531134 0.957418132087
2312.02574349 0.950421666761
2312.04617564 0.998886642957
2312.06660778 0.920649173049
2312.08703993 0.895131044958
2312.10747208 0.922660500386
2312.12790422 0.902285859483
2312.14833637 0.872672256618
2312.16876862 0.859862892964
2312.20963281 0.990071228312
2312.23006505 0.980009575126
2312.25049709 0.960610632104
2312.27092924 1.01274612891
2312.29136148 1.02253425802
2312.31179352 0.951938155952
2312.33222566 0.995509145163
2312.35265791 0.988276031965
2312.37308995 0.973103712828
2312.39352219 1.00678169118
2312.41395433 0.998104534305
2312.45481861 1.04739768372
2312.47525075 1.0102161988
2312.49568288 1.01942398197
2312.51611502 0.978099823164
2312.53654716 1.07571473379
2312.5569793 1.00173622776
2312.57741143 1.01652892574
2312.59784357 1.00241176613
2312.6182756 1.04909095837
2312.63870784 0.991327391187
2312.65913997 1.02338105335
2312.67957201 1.00568768791
2312.70000424 0.976386486937
2312.72043638 0.977712438354
2312.74086841 1.0073917949
2312.76130064 1.00159028161
2312.78173277 1.02698433492
2312.8021648 0.97317844852
2312.84302917 0.988016598246
2312.8634613 0.988261934148
2312.90432555 0.997250317343
2312.92475778 1.00973144515
2312.94518981 0.993869777141
2312.96562194 1.01254849643
2312.98605417 0.963756676898
2313.00648629 1.02811699191
2313.04735055 0.961356632127
2313.06778267 0.945986973249
2313.0882147 0.947560653689
2313.10864692 0.919951461061
2313.12907905 1.00057868139
2313.14951107 0.95876681021
2313.19037542 1.02656235694
2313.21080744 0.975496254729
2313.23123966 0.996946833704
2313.25167178 1.00043058836
2313.2721039 1.01403762306
2313.29253602 1.01347857911
2313.31296814 1.02876695983
2313.33340026 0.992869569734
2313.35383238 1.0310424358
2313.3742645 1.03553170465
2313.39469652 1.01011439181
2313.43556086 1.06349733765
2313.45599297 1.01625454864
2313.47642509 1.02311749767
2313.51728942 1.02496868346
2313.53772144 1.04608149034
2313.55815355 1.00075026241
2313.57858577 1.0348831011
2313.59901778 1.03662435471
2313.61944989 0.995843419335
2313.63988211 1.04231188074
2313.66031412 1.02476980603
2313.68074623 0.983363037228
2313.70117844 1.04354738584
2313.72161045 1.01795710128
2313.74204256 1.04518036507
2313.76247477 1.00387285257
2313.78290678 1.07229104959
2313.80333889 1.01169525977
2313.8237711 1.01924515116
2313.84420321 1.02632072934
2313.86463522 0.973031570322
2313.88506743 0.992488644515
2313.90549953 0.965177087461
2313.92593164 0.983613102896
2313.94636375 0.983869861033
2313.96679585 0.973172532212
2313.98722796 0.956616811049
2314.00766006 0.947949656103
2314.02809217 0.909765528927
2314.04852427 0.9416445845
2314.06895638 0.946734714776
2314.08938848 0.866642396198
2314.10982058 0.897130916107
2314.13025269 0.895475978019
2314.17111689 1.07271590581
2314.19154899 0.996396776378
2314.21198109 1.01629116424
2314.23241319 0.999228606418
2314.25284529 1.04273327602
2314.27327739 0.997262409431
2314.29370949 1.00112388647
2314.33457368 1.02442432311
2314.35500588 0.976778566696
2314.37543788 0.998209557982
2314.41630217 1.00204460803
2314.43673417 1.0434787315
2314.45716636 1.039419928
2314.47759846 1.02449238355
2314.49803045 1.01063475229
2314.51846265 1.00848394602
2314.53889474 1.05926366269
2314.55932673 0.997668862649
2314.57975893 1.01216414899
2314.60019102 1.00842754287
2314.62062301 1.00579971185
2314.6410552 1.00523148766
2314.66148729 0.942406103906
2314.68191938 1.01624965296
2314.70235147 0.99665653618
2314.72278356 1.00368859485
2314.74321565 0.981993182
2314.76364774 0.962947629532
2314.78407983 0.973766035059
2314.80451192 0.954995633014
2314.824944 0.95272098701
2314.84537609 1.02809055435
2314.86580808 1.0032663143
2314.90667235 0.969454850477
2314.92710454 1.0162836425
2314.94753652 0.987430224688
2314.96796861 0.97686822676
2314.98840079 0.978198105459
2315.00883277 1.01919228636
2315.02926486 0.970939415861
2315.04969704 1.05799628784
2315.07012902 1.00183714084
2315.0905611 0.973795202228
2315.11099328 0.947585615238
2315.13142527 0.964504128968
2315.15185735 1.02314694278
2315.17228953 1.00578428687
2315.19272161 1.00331263318
2315.21315359 1.01445238541
2315.23358576 1.01587035263
2315.25401784 0.95213632763
2315.27444982 1.00353087606
2315.294882 1.03878657849
2315.31531407 1.00825717904
2315.33574605 1.00253207296
2315.35617823 0.976143611925
2315.39704248 1.01529984009
2315.41747445 0.999892799376
2315.43790653 1.02966727258
2315.4583387 0.978994054582
2315.47877068 1.0224184136
2315.49920275 0.965178528548
2315.51963482 1.00896660919
2315.54006689 1.01237401706
2315.56049897 1.00523167285
2315.58093104 0.998017759545
2315.60136311 0.97256269409
2315.62179518 0.996870519416
2315.64222725 1.02301905638
2315.66265932 1.01808535095
2315.68309139 0.971990901263
2315.70352356 1.02849616405
2315.72395553 0.996302024415
2315.74438759 0.947585820342
2315.76481976 1.01191587289
2315.78525173 0.983411876941
2315.8056838 0.936705106317
2315.82611596 0.965862232484
2315.84654793 0.957117075998
2315.88741216 1.02365021357
2315.90784412 1.0050792065
2315.92827629 1.02074669311
2315.94870835 1.01790152749
2315.98957248 1.04762731324
2316.01000454 1.00076593155
2316.0304366 0.994052990199
2316.05086867 0.985245912828
2316.07130073 1.00993707039
2316.09173279 0.967412167279
2316.11216485 0.994282463201
2316.13259691 1.02605222875
2316.15302897 0.997176508391
2316.17346113 1.01010257196
2316.19389309 1.02652097747
2316.21432514 1.0185924618
2316.2347572 0.97844163735
2316.25518926 0.977993165492
2316.27562122 0.988991836979
2316.29605337 1.06074454526
2316.31648543 1.02489115084
2316.33691759 1.01117974217
2316.3777816 0.981827383022
2316.39821375 0.963286780487
2316.41864571 0.97142273014
2316.50037392 1.00637078644
2316.52080607 0.997247319186
2316.54123812 0.999221840109
2316.56167007 1.01966413507
2316.58210222 0.96651564198
2316.60253427 1.03763596795
2316.62296622 0.994346871821
2316.64339837 1.0521670068
2316.66383042 0.983726700288
2316.68426237 0.996291083423
2316.70469452 1.00288601816
2316.72512657 1.00616081412
2316.74555851 0.960467972086
2316.76599066 0.996699988884
2316.78642271 0.964911539393
2316.80685485 0.991493001852
2316.8272868 0.942595563171
2316.86815099 1.00977157086
2316.94987907 0.975476798042
2316.97031111 1.0457193818
2316.99074325 1.0130823487
2317.01117519 1.01206887205
2317.03160724 1.01587345936
2317.05203928 1.01352427005
2317.07247132 1.01171966013
2317.09290336 1.01787873262
2317.1133355 0.9870715084
2317.13376744 1.03533462849
2317.15419948 0.972067941817
2317.17463162 1.0554829584
2317.19506355 1.02125047003
2317.21549569 0.992358116097
2317.23592773 1.02604357624
2317.25635967 1.00482341944
2317.2767918 0.968754173915
2317.29722384 1.0304508216
2317.31765578 1.05060799351
2317.35851995 1.05748653879
2317.37895198 0.977019777277
2317.39938402 1.02592814494
2317.41981605 0.978929376106
2317.44024808 1.0201485281
2317.46068012 1.0276108753
2317.48111215 0.970546801388
2317.50154418 1.0413062789
2317.52197621 1.01138305638
2317.54240824 1.01544663341
2317.62413637 0.986926466845
2317.64456849 1.04714105028
2317.66500042 1.00914139782
2317.68543255 1.00733591709
2317.70586458 0.970494416308
2317.72629651 0.999900395805
2317.74672863 0.951579540873
2317.76716056 0.901991712603
2317.78759259 0.899284426052
2317.80802471 0.913608851388
2317.84888867 1.01523857034
2317.86932079 1.00185205113
2317.88975272 0.995323197946
2317.91018474 0.994082080737
2317.93061686 1.03231571908
2317.95104889 0.959595246865
2317.97148081 1.01876745197
2317.99191293 0.997274909269
2318.01234495 0.947081372502
2318.03277687 0.970609582688
2318.053209 0.937050022841
2318.09407294 0.989603116807
2318.11450506 1.00333462601
2318.13493708 1.04392244741
2318.1553692 1.04247135251
2318.17580112 0.989776582443
2318.19623313 1.04827289184
2318.21666525 1.00153303135
2318.23709717 1.00234185746
2318.25752919 0.988302071685
2318.2779613 0.96599560271
2318.29839322 0.976898086918
2318.35968927 1.03966327149
2318.38012128 1.0050701372
2318.4005534 1.06825750684
2318.42098541 1.0403754235
2318.44141732 1.02049187105
2318.46184944 0.990945415952
2318.48228135 0.94530683063
2318.50271336 0.951898919646
2318.52314547 0.979626606365
2318.54357739 0.957725974947
2318.58444151 0.987993199924
2318.60487342 1.02452918506
2318.62530553 1.01665403005
2318.64573754 1.04106621247
2318.66616945 1.00648487353
2318.68660156 1.00235912401
2318.70703356 1.0090780473
2318.72746547 1.03047597894
2318.74789758 0.969320982043
2318.76832959 1.00539640615
2318.85005761 0.97325841623
2318.87048972 1.03284541557
2318.89092162 0.990847670592
2318.91135363 0.947979350794
2318.93178573 0.974595097793
2318.95221763 1.00227690328
2318.97264964 1.00306327568
2318.99308174 0.95582317889
2319.01351364 0.928358183429
2319.03394574 0.954578136755
2319.07480965 1.04998182529
2319.09524175 1.01882842449
2319.11567375 1.03652305833
2319.13610565 1.00414913429
2319.21783375 1.01626751618
2319.23826564 0.981489387653
2319.25869764 1.00476725596
2319.27912974 1.03790197334
2319.29956174 1.00355398313
2319.31999363 1.00194274539
2319.34042573 0.999914069209
2319.36085772 1.00026363953
2319.38128962 0.998352518092
2319.40172171 0.969779108185
2319.42215371 0.953481589392
2319.4630177 0.956227753648
2319.48344969 0.898830675289
2319.50388178 0.893163589215
2319.52431368 0.87144393786
2319.56517776 0.998687678737
2319.58560965 0.994750858937
2319.60604164 1.0160590638
2319.62647373 1.00895796863
2319.64690562 0.977787172983
2319.66733761 0.995557529302
2319.6877697 0.971915244325
2319.70820169 0.988539331737
2319.76949766 0.938448315868
2319.81036163 1.05568468163
2319.83079362 1.06589234691
2319.85122561 1.01521027967
2319.87165759 1.01440223054
2319.89208948 1.01354286741
2319.91252156 0.996378650819
2319.93295355 1.00559619473
2319.95338553 0.980851880493
2319.97381752 1.0188394342
2319.9942495 1.03855233415
2320.01468138 1.02168301286
2320.03511347 1.00179631201
2320.05554545 0.995283843954
2320.07597733 1.03340806019
2320.09640941 0.998479542058
2320.1168414 1.01394568727
2320.13727338 0.964915176358
2320.15770536 0.985907204031
2320.17813734 0.948222443265
2320.19856932 0.935089516012
2320.23943328 0.875198669852
2320.25986536 0.938002864937
2320.30072921 0.989234908524
2320.32116129 0.9946250063
2320.34159327 0.975999375029
2320.36202514 0.993658873881
2320.38245722 1.03343268007
2320.4028892 1.02154189304
2320.42332107 1.00014355671
2320.44375315 0.985063060491
2320.46418512 0.983823917066
2320.484617 1.01053818454
2320.50504907 1.02276815351
2320.52548105 0.984468921251
2320.54591302 1.03415892554
2320.56634499 1.0069253328
2320.58677696 0.988934365726
2320.60720894 0.993035206151
2320.62764091 1.00576337872
2320.64807288 1.00371700762
2320.66850485 0.977424630022
2320.68893682 1.02062983089
2320.70936879 1.00223975021
2320.72980076 0.96527318647
2320.75023273 0.922893591268
2320.79109677 1.00625697942
2320.81152864 1.07187373708
2320.83196061 1.04610239482
2320.85239268 1.02066097471
2320.87282454 0.989308942475
2320.89325651 1.01656487544
2320.91368858 1.01092192127
2320.93412044 1.00907734735
2320.95455241 0.970410136898
2320.97498448 0.949567917907
2320.99541634 1.00016263574
2321.0158483 1.00089760407
2321.03628037 1.00757903841
2321.05671223 1.00138763112
2321.0771443 0.992415626528
2321.09757626 1.03196774902
2321.11800822 0.986045326988
2321.13844019 0.984359967759
2321.15887215 0.9542505104
2321.17930411 0.925507936076
2321.19973607 0.951605527482
2321.22016803 0.999525993055
2321.24059999 0.930812436307
2321.28146391 1.02653148319
2321.30189587 0.998959519204
2321.32232793 1.01067809562
2321.34275979 1.00786016323
2321.36319175 0.979096383531
2321.38362371 1.04870201956
2321.40405567 1.02958996082
2321.42448752 0.95946448496
2321.44491958 1.01017972905
2321.46535154 0.985861329292
2321.48578359 0.987179099224
2321.50621545 1.00907130378
2321.5266474 1.03133120543
2321.54707946 0.996676948172
2321.58794327 0.994709544219
2321.60837532 1.00661423371
2321.62880728 0.9639675756
2321.64923913 0.988551692903
2321.66967118 0.985627230021
2321.69010314 0.999735265524
2321.71053499 0.961824686031
2321.73096704 0.958729214806
2321.77183084 1.00102319742
2321.79226289 0.996303864352
2321.81269484 0.994892428507
2321.83312669 1.02139183846
2321.85355874 1.0186827694
2321.87399069 1.01829953619
2321.89442274 1.03301055332
2321.91485459 1.03885723353
2321.93528654 1.00261572482
2321.95571859 1.00038478832
2321.97615043 0.997194549503
2321.99658238 1.01831830836
2322.01701443 1.01287130387
2322.03744627 1.01283547933
2322.05787822 0.971409696484
2322.07831016 1.0071986261
2322.09874211 1.00857523586
2322.11917405 1.01067855946
2322.1396061 0.999639234649
2322.16003794 0.99495855471
2322.18046989 1.04541681448
2322.20090193 0.943791505238
2322.22133377 0.975860384827
2322.26219776 1.01128003386
2322.2826296 0.98128485881
2322.30306164 1.0070072372
2322.32349358 0.989596494614
2322.34392542 1.04400582892
2322.36435746 0.963553835117
2322.40522124 0.976335833254
2322.42565328 1.02404691942
2322.44608522 1.02913800162
2322.46651716 1.02791637241
2322.4869491 1.02616472075
2322.50738104 1.02465494801
2322.54824491 0.997614117705
2322.56867685 0.999483387409
2322.58910879 0.975962086568
2322.60954082 1.00622623707
2322.62997266 0.958271196913
2322.65040469 1.00102875281
2322.67083663 0.920456577512
2322.69126846 0.918757929619
2322.7117005 0.961490348656
2322.75256427 0.970526599745
2322.7729963 1.03282807727
2322.79342813 0.992197350998
2322.81386007 0.956794070038
2322.89558789 0.999396119241
2322.93645165 1.01996335405
2322.95688368 1.00751855873
2322.97731561 0.980791693386
2322.99774744 0.979434250775
2323.01817947 1.05414226068
2323.0386114 1.03210075689
2323.09990719 0.970605972628
2323.12033911 0.974307117452
2323.14077104 0.99814054931
2323.16120297 1.02498350581
2323.18163499 0.980101602462
2323.20206682 0.997326401444
2323.24293077 1.0185330123
2323.26336259 0.996110369598
2323.28379452 0.998613769855
2323.30422654 1.00133545457
2323.32465837 1.01780284072
2323.34509029 0.976753498246
2323.36552231 0.971433717757
2323.38595414 1.04594095447
2323.40638606 1.06364301362
2323.42681808 1.01288355025
2323.44725 1.01867737158
2323.50854567 1.00804541287
2323.52897769 1.0005201383
2323.54940961 0.963587198159
2323.56984143 1.00173780367
2323.59027344 0.983489943654
2323.61070536 1.02395712408
2323.63113718 1.01773273338
2323.6515692 0.983545727829
2323.67200112 0.971628153552
2323.69243294 0.990966599361
2323.73329687 0.999737454968
2323.75372869 1.00806275258
2323.7741607 1.00094669848
2323.79459262 0.997563220377
2323.81502463 0.956330856428
2323.83545645 1.03071026935
2323.85588836 0.999533019882
2323.87632038 0.981505463199
2323.89675219 1.02138802881
2323.91718411 1.00313066292
2323.93761612 0.975861689032
2323.95804793 0.961084998097
2323.97847984 1.05835776886
2323.99891186 0.987344768063
2324.01934377 1.00438290995
2324.03977558 1.00675287772
2324.06020759 0.957900371149
2324.0806395 0.963941859438
2324.10107131 0.953374953171
2324.12150332 0.988275320335
2324.14193523 0.995757720694
2324.16236704 0.984089543305
2324.18279905 0.943303412989
2324.24409478 0.990385409568
2324.26452669 1.01068509783
2324.28495859 1.00980700349
2324.3053905 1.00852434645
2324.32582231 0.999347976058
2324.34625431 1.00314317557
2324.36668622 0.990385152358
2324.38711813 0.943474295781
2324.40755003 1.0012503763
2324.42798194 0.993342695147
2324.44841384 0.998908195742
2324.46884585 0.999641887984
2324.48927765 1.00895488076
2324.50970955 1.00680184495
2324.53014156 0.977174351767
2324.55057336 0.999495567492
2324.57100536 1.02068288394
2324.59143727 0.986903824145
2324.61186907 0.979746760864
2324.63230107 1.02677164554
2324.65273297 0.985406260864
2324.67316477 1.02440621931
2324.71402867 1.02785816157
2324.75489247 1.02109843842
2324.77532437 0.962698635842
2324.87748386 1.03448212034
2324.89791576 1.03054552869
2324.91834766 0.951866039237
2324.93877966 0.999154719248
2324.95921145 1.02599205191
2324.97964335 1.04359051419
2325.00007524 0.99427978616
2325.02050714 1.03603249502
2325.04093913 1.01869675732
2325.06137093 1.01862327777
2325.08180282 1.01711436718
2325.10223482 1.02508626922
2325.20439418 1.02960725612
2325.22482617 0.991610292306
2325.24525797 1.00028424018
2325.26568986 0.985202765246
2325.28612185 0.981537788027
2325.30655374 1.03660850384
2325.32698563 1.0269246143
2325.34741782 1.03997673459
2325.36784971 0.953149762517
2325.3882816 1.03246307082
2325.40871349 1.03548156432
2325.42914528 0.987807504628
2325.44957726 1.02695512681
2325.47000915 0.992243719886
2325.49044094 1.02879687057
2325.51087293 0.965318898934
2325.53130482 1.01801598333
2325.5517366 0.997821540658
2325.57216859 1.00292331185
2325.59260047 0.980895831545
2325.61303226 0.9464371414
2325.63346425 0.989028777625
2325.65389613 0.998950580708
2325.6947599 1.0245639963
2325.71519178 1.06587245626
2325.73562377 1.01413702897
2325.75605555 0.97586143425
2325.77648743 0.990071515099
2325.79691942 0.951848492345
2325.8173512 0.999952384293
2325.83778308 1.01870994032
2325.85821506 0.993698636534
2325.87864695 0.993478272824
2325.89907873 0.988796454136
2325.93994259 0.995898102507
2325.96037437 0.988386112623
2325.98080635 0.993126575706
2326.00123823 0.991170981971
2326.02167001 0.96571457137
2326.04210199 1.0037463128
2326.06253386 1.03233400393
2326.08296584 1.01904853665
2326.10339762 1.00346497837
2326.1238295 1.01381867335
2326.14426138 0.987617874809
2326.20555701 0.986446867387
2326.22598888 0.990727512854
2326.24642076 0.996148963119
2326.28728451 1.01857487491
2326.30771638 0.99520795131
2326.32814826 0.994890287735
2326.34858013 1.00596099639
2326.36901201 0.98264572847
2326.38944398 0.97556329521
2326.40987575 1.01497881802
2326.4507396 1.00352653071
2326.47117137 1.02859115302
2326.49160334 1.01810857692
2326.51203521 1.00649325983
2326.53246698 1.01540473773
2326.55289896 1.07213835286
2326.57333083 1.02413600104
2326.5937626 0.997724857251
2326.61419457 0.975198053762
2326.63462644 0.973334082154
2326.65505821 1.00710089339
2326.67549017 0.997601735499
2326.69592204 1.02583775348
2326.71635391 1.02766148793
2326.73678578 0.993995008314
2326.75721765 0.997773296188
2326.77764951 0.97026106054
2326.79808138 0.979306700085
2326.81851325 1.00179956844
2326.83894521 0.978551038133
2326.85937698 0.942083848225
2326.87980885 0.975708420024
2326.92067258 1.01630859218
2326.94110444 1.01220287579
2326.96153641 1.00302272999
2326.98196817 1.02334182156
2327.00240004 0.996533862047
2327.022832 0.991954845408
2327.04326376 1.01551727445
2327.06369563 1.03081508976
2327.08412759 1.02008238984
2327.10455935 1.01644597433
2327.12499121 1.06197146865
2327.14542317 0.973668450878
2327.16585494 1.04541804566
2327.1862869 0.980590475375
2327.20671876 0.989049732749
2327.22715062 1.01235932066
2327.24758248 1.02058599823
2327.26801434 0.957795169761
2327.2884462 0.973800468879
2327.30887806 0.99006203568
2327.32930992 0.954209264616
2327.34974177 1.0020825781
2327.37017373 0.916662964857
2327.41103735 1.02242940097
2327.43146931 0.964825283133
2327.45190106 1.0104827544
2327.47233292 1.00017455509
2327.49276488 0.976880954845
2327.51319663 1.07021406094
2327.53362859 1.00146334927
2327.55406044 0.988378038833
2327.5744922 1.00030804511
2327.59492415 1.00404667634
2327.61535601 1.00073423274
2327.63578776 1.01893269422
2327.65621972 0.985527537139
2327.67665147 0.979702887478
2327.69708332 1.00876780425
2327.71751528 0.99268891072
2327.73794713 1.03738875718
2327.75837888 0.982334184035
2327.81967444 1.02068808453
2327.84010639 0.997963636273
2327.86053824 0.954183954474
2327.90140194 0.997201708909
2327.92183379 0.984785863423
2327.94226574 1.02784933347
2327.96269749 1.02785678995
2327.98312934 1.01982622851
2328.00356129 1.01064631993
2328.02399304 1.01873743718
2328.04442489 1.01207804649
2328.06485683 1.05810807663
2328.08528858 1.01215574216
2328.10572043 0.995798561874
2328.14658412 0.981721527726
2328.16701597 1.00046440428
2328.18744792 1.03622421061
2328.20787976 0.995909603921
2328.22831151 0.973581586088
2328.24874345 0.955863774647
2328.2691753 0.974135196557
2328.28960714 0.991974178755
2328.31003899 1.00402264189
2328.33047083 0.984446790224
2328.35090267 0.983462517599
2328.39176626 0.951075379205
2328.4121982 0.988864250953
2328.43263005 1.00949274051
2328.45306179 0.987917060176
2328.47349373 0.983532769832
2328.49392557 1.01251411057
2328.51435731 0.99122490898
2328.55522109 1.00307437811
2328.57565294 0.971746528384
2328.59608478 1.00710455654
2328.61651662 1.00501970526
2328.63694855 1.00605924746
2328.65738029 0.99890614049
2328.67781213 1.03657406251
2328.69824407 0.974226538859
2328.71867581 0.96223089207
2328.73910765 1.01973478429
2328.75953959 1.03209623866
2328.77997142 0.976165648473
2328.80040316 0.99876439657
2328.8208351 0.962779275634
2328.84126693 1.01751944295
2328.88213061 0.992309229721
2328.90256244 0.980458831898
2328.92299418 0.959455413727
2328.94342611 1.05165759493
2328.96385795 1.03751383037
2328.98428988 0.996160422407
2329.00472162 1.02366283311
2329.02515345 0.989559318394
2329.04558528 1.02223874717
2329.06601712 0.981529032346
2329.08644895 1.00385590004
2329.10688078 0.955843622815
2329.12731262 1.02447204037
2329.14774445 0.993410497996
2329.16817628 0.982356931171
2329.18860811 1.02302909698
2329.20903994 0.99431178658
2329.22947187 1.04775156482
2329.2499036 1.00597987052
2329.27033544 1.01644879537
2329.29076737 0.989454656343
2329.3111991 0.979679610448
2329.33163102 0.968245834002
2329.37249458 0.999478899922
2329.39292651 0.969188650539
2329.41335834 1.02451384424
2329.43379007 1.03439989388
2329.454222 1.03350170977
2329.47465382 1.04823750314
2329.51551748 0.995324669176
2329.5359493 0.99953515175
2329.55638103 1.00544159501
2329.57681296 1.02348818076
2329.59724478 0.994313647251
2329.61767661 0.997402562997
2329.63810843 1.00896607521
2329.65854026 1.0200286279
2329.67897218 1.00136921518
2329.69940401 1.03413743494
2329.71983573 0.981109407723
2329.74026766 1.03428616528
2329.76069948 0.994838705144
2329.7811312 0.994971766894
2329.80156313 0.989113420311
2329.82199495 0.982020769253
2329.86285859 1.04520820911
2329.88329032 0.99424166513
2329.90372214 0.983056584426
2329.92415406 0.998936154067
2329.94458578 0.98984065573
2329.9650176 1.00025416623
2329.98544952 0.989750046318
2330.00588124 0.99058012722
2330.02631316 0.952518624707
2330.04674498 0.957551988344
2330.0671768 0.924372240189
2330.10804044 1.05366245895
2330.12847226 0.991318629507
2330.21019963 1.0536618751
2330.23063134 1.01260787816
2330.25106316 1.01499060843
2330.27149508 1.02597156023
2330.29192679 1.00006351793
2330.31235861 1.0202623351
2330.33279052 1.03150154103
2330.35322224 1.01163812183
2330.37365416 1.00404757563
2330.39408597 1.0250594165
2330.41451768 0.990230039243
2330.4349496 0.985222523393
2330.47581313 1.01029078852
2330.51667685 0.98937306297
2330.53710867 1.01358262785
2330.55754048 1.01411160529
2330.57797229 1.02149653147
2330.598404 0.973819709438
2330.61883591 0.992130628482
2330.63926773 1.00025214935
2330.65969944 1.03542672583
2330.68013135 0.995900568996
2330.70056316 1.00661259183
2330.72099497 0.961220440055
2330.74142678 0.986987335416
2330.76185859 0.979037445467
2330.7822905 0.979716150642
2330.80272221 1.01189175354
2330.84358593 1.07600149096
2330.86401763 1.04290814368
2330.88444944 0.999718421851
2330.90488135 1.01493509629
2330.92531306 0.969932033064
2330.94574487 0.997280711791
2330.96617677 1.03215927149
2330.98660848 0.99231284287
2331.00704029 1.02498944709
2331.02747219 1.01157811783
2331.047904 0.968188500164
2331.0683358 0.979234055878
2331.08876761 0.9769867691
2331.10919942 0.997771085318
2331.12963122 0.974702370654
2331.15006302 1.00674187211
2331.17049483 0.982863653587
2331.19092663 1.00374784592
2331.21135844 0.995022992997
2331.23179024 1.01717000602
2331.25222204 1.01951593351
2331.27265385 1.01801388996
2331.29308565 0.972539098098
2331.31351745 1.01456227919
2331.33394925 0.98858708937
2331.35438096 1.00908311659
2331.37481286 1.01543970231
2331.39524466 1.01754060137
2331.41567656 1.00041317409
2331.43610826 0.988232487265
2331.45654006 1.02949338042
2331.47697196 1.01222869098
2331.49740366 0.970531186262
2331.51783546 1.00287869785
2331.53826736 1.00046533148
2331.57913086 0.988432935767
2331.59956276 1.00880301593
2331.61999456 1.02092379087
2331.64042626 0.978217217383
2331.66085815 0.977726057255
2331.68128995 0.9550235567
2331.76301724 0.941459413188
2331.78344894 0.957337400292
2331.82431263 0.988124657437
2331.84474432 1.00696806159
2331.86517612 1.035386372
2331.88560802 0.974615202623
2331.90603971 0.983449225279
2331.9264715 1.05651550084
2331.9469034 0.970853695092
2331.96733509 0.997643528392
2332.00819868 0.964084465081
2332.02863047 1.01537559571
2332.06949406 0.987193429196
2332.08992585 1.0254001549
2332.11035774 1.02076549074
2332.13078954 1.01186515938
2332.15122123 1.00931969593
2332.23294849 1.04046863073
2332.25338028 0.95987915203
2332.27381197 1.04679075358
2332.29424386 0.988164463091
2332.31467565 0.978356314037
2332.33510734 1.00189888379
2332.35553923 1.00304089072
2332.37597102 1.00208810377
2332.39640291 1.02375139481
2332.4168346 1.00909602879
2332.43726638 0.995303642573
2332.49856175 0.987910672659
2332.51899363 1.03145837655
2332.53942532 0.980653421596
2332.55985711 1.01819350045
2332.58028899 0.978368335031
2332.60072078 0.978147715314
2332.62115247 1.00306875129
2332.64158435 0.996987382644
2332.66201614 1.02267919278
2332.68244782 0.998367368219
2332.70287971 0.984165819435
2332.72331149 1.01542537576
2332.74374327 1.00004585354
2332.76417506 1.00918137897
2332.78460684 0.988989603243
2332.80503863 0.951496421425
2332.82547041 1.02442459602
2332.84590209 0.982356982611
2332.86633397 1.03370102731
2332.88676576 1.06538492804
2332.90719744 0.96740639854
2332.92762932 1.02906740881
2332.9480611 0.97437056302
2332.96849288 0.997746779474
2332.98892467 0.983133847274
2333.00935645 0.971465452443
2333.05022001 0.994795252167
2333.07065179 1.04423873191
2333.09108367 0.999513537067
2333.11151545 1.02491953433
2333.13194713 1.0102884906
2333.15237901 0.986437040336
2333.17281079 1.01939426679
2333.19324246 1.00051477958
2333.21367434 1.00872488819
2333.23410612 1.07110861695
2333.2545378 0.964839107703
2333.27496968 0.994797559938
2333.29540145 1.00331573804
2333.31583313 0.977247162625
2333.33626501 1.03404870198
2333.35669679 0.974580174588
2333.37712866 0.987790891813
2333.39756034 1.02098385231
2333.41799211 1.02363945659
2333.43842399 1.05090053358
2333.45885567 1.01748751172
2333.47928744 0.993474524645
2333.49971922 0.992336165468
2333.52015099 0.99308772829
2333.54058276 1.00308712295
2333.56101454 1.00012736442
2333.58144631 1.01891610714
2333.60187809 0.999867419058
2333.62230996 0.97631348669
2333.64274163 0.952598122795
2333.66317351 1.0417084411
2333.68360528 1.0544736991
2333.70403695 0.992518310995
2333.72446882 1.00583468813
2333.7449006 1.03450934815
2333.76533227 0.9990207759
2333.78576414 0.987953920213
2333.80619591 1.02368993995
2333.82662758 0.988223159501
2333.84705945 0.992618737663
2333.86749122 0.976731839814
2333.88792289 1.03891362425
2333.90835476 1.00847274375
2333.92878653 0.961746371308
2333.96965007 0.995448994686
2334.05137715 1.00514027038
2334.07180902 0.992979362467
2334.09224078 1.0067517
2334.11267245 0.990859727351
2334.13310432 1.01322974088
2334.15353609 1.01372379404
2334.17396775 0.990818220614
2334.19439962 0.956724840548
2334.21483129 1.00585411605
2334.23526305 1.02570425065
2334.25569492 0.981672197745
2334.27612659 1.0190268791
2334.29655845 1.00230415937
2334.31699022 0.977196279749
2334.33742188 1.05674742171
2334.35785375 0.988544876108
2334.37828551 0.997603381158
2334.39871718 0.956351093376
2334.41914904 1.02158704081
2334.4395808 1.01322612444
2334.46001257 0.993850261945
2334.48044433 0.989154239159
2334.50087609 1.02437355309
2334.52130786 0.988261534762
2334.54173962 0.96746769553
2334.56217138 0.980799700759
2334.58260325 1.02667163328
2334.60303501 0.972589434006
2334.62346667 0.998877056587
2334.64389853 1.01216187044
2334.66433029 1.01864086722
2334.68476195 1.00060958687
2334.70519381 0.978411742685
2334.72562557 0.979525754877
2334.74605724 1.00596652152
2334.7664891 0.97418501467
2334.78692086 0.997757495064
2334.80735251 0.993120910816
2334.82778437 0.983856639093
2334.84821613 1.00545786983
2334.86864779 0.995895834962
2334.88907965 1.00825070069
2335.03210196 1.0398360028
2335.05253371 1.00155542911
2335.07296547 1.02221133591
2335.09339723 0.988249526936
2335.11382898 1.00313536266
2335.13426074 0.990772300592
2335.1546925 1.02513346177
2335.17512435 1.00630684421
2335.19555601 1.01608654708
2335.21598786 0.96896700559
2335.23641962 1.00323325538
2335.25685127 0.998497224332
2335.27728313 0.994618047791
2335.29771488 0.932895013083
2335.31814653 1.0185770559
2335.37944179 1.00401346312
2335.39987365 0.99798189683
2335.4203054 1.01814415713
2335.44073715 0.997934427798
2335.46116891 0.977964259656
2335.48160066 1.05680398667
2335.50203251 0.997770122817
2335.58375952 0.98780108602
2335.60419117 1.02070422192
2335.62462302 0.992950650795
2335.64505477 1.00611526161
2335.66548642 1.04096492397
2335.68591827 0.988570239865
2335.70634992 1.0006573758
2335.72678167 1.03024125719
2335.74721352 1.0161289532
2335.76764517 0.988091647157
2335.78807691 1.01004449489
2335.80850876 0.969191335112
2335.82894041 0.985213636843
2335.84937226 0.993521698497
2335.86980401 0.985185066734
2335.89023566 0.975562565564
2335.9106675 0.968433400005
2335.9515309 0.919912626717
2336.01282624 0.992408467633
2336.03325798 1.00872299193
2336.05368973 0.99941194478
2336.07412148 0.980556665982
2336.09455322 1.03284176683
2336.11498497 1.0055725971
2336.13541681 1.03809661825
2336.15584856 0.998689339694
2336.1762802 1.01303410786
2336.19671205 0.981773187787
2336.21714379 1.03289503336
2336.23757543 1.00019374292
2336.25800728 0.992006696326
2336.27843902 0.990252161265
2336.29887066 0.987246154377
2336.31930251 1.0195418119
2336.33973425 1.02209075686
2336.36016589 1.02306825498
2336.38059774 0.988335869611
2336.40102948 1.0339307179
2336.42146122 1.00546228974
2336.44189296 0.989904760111
2336.4623246 0.95029624948
2336.48275645 1.01315389914
2336.50318819 1.01970280599
2336.52361993 0.973057624536
2336.54405167 1.01331291822
2336.56448341 0.96047823752
2336.58491515 0.97036769168
2336.60534689 1.01047529384
2336.62577863 0.999796534906
2336.64621037 1.01503670725
2336.68707385 0.991107474014
2336.70750569 1.00713327886
2336.72793743 1.04234437426
2336.74836907 0.971694420803
2336.7688009 0.983687826996
2336.78923264 0.999028590961
2336.80966428 0.999211947335
2336.83009612 1.01498634502
2336.85052786 0.985178945467
2336.87095949 0.97878714192
2336.89139133 1.00404322692
2336.91182307 0.981950332979
2336.9322547 0.954476669378
2336.97311828 0.975430818756
2336.99355011 0.956388713842
2337.01398175 0.981826274144
2337.03441348 1.01312668822
2337.07527706 0.983258924738
2337.09570869 0.992499277905
2337.11614043 0.98180032288
2337.13657226 1.02508447504
2337.1570039 0.966078409963
2337.17743573 1.02494442766
2337.19786736 1.00529759845
2337.2182991 1.02336926988
2337.23873093 1.01200990599
2337.25916256 1.01065790824
2337.2795944 1.00410960219
2337.30002613 0.998859211325
2337.32045776 1.0233538642
2337.3408896 0.978953916669
2337.36132133 1.02107407122
2337.38175296 0.999322573503
2337.40218479 1.02182083032
2337.42261653 1.02623303599
2337.44304816 0.984312791445
2337.46347999 0.967092735227
2337.48391172 0.987445280591
2337.50434345 0.974404869299
2337.52477518 0.954523439421
2337.54520691 0.999655772097
2337.56563864 1.06048064704
2337.64736566 0.932638865093
2337.66779729 0.938723299173
2337.70866085 0.982634282913
2337.72909248 0.980458543006
2337.74952431 1.02596769448
2337.76995604 1.00398999893
2337.79038766 1.04891863639
2337.87211467 0.978272246543
2337.8925464 0.985140765787
2337.91297813 0.998407860276
2337.97427331 1.01020188008
2337.99470504 1.01885178084
2338.01513676 0.981130683204
2338.03556849 0.999426609589
2338.05600021 1.03444277017
2338.07643194 1.00036162084
2338.09686366 1.01162710558
2338.11729539 1.01851095172
2338.13772711 1.02940550282
2338.15815894 0.995017075428
2338.17859056 0.981857185494
2338.19902239 1.00319124874
2338.21945411 0.98019333652
2338.23988574 0.995933913682
2338.26031756 1.01003197831
2338.28074928 1.03269193404
2338.30118091 1.00429873472
2338.32161273 0.983747639045
2338.34204445 0.977650347204
2338.36247607 0.951219260725
2338.3829079 0.940073122055
2338.40333962 0.969608223935
2338.44420306 1.00971046352
2338.46463478 0.992952040836
2338.48506661 0.99570509754
2338.50549823 0.999568667003
2338.52592995 0.940926855018
2338.54636177 0.996083584557
2338.56679339 0.992704048582
2338.58722511 0.980701244817
2338.60765683 1.00730747063
2338.62808855 0.985022510176
2338.64852027 1.00244462738
2338.66895209 1.04399492899
2338.68938371 1.02864411048
2338.70981543 0.994852483577
2338.73024725 1.03517099752
2338.75067887 1.02266276523
2338.77111069 1.08831049218
2338.79154241 1.01247386446
2338.81197403 0.991383180416
2338.83240584 1.03908797917
2338.85283756 0.993235773617
2338.893701 1.00305020925
2338.91413271 1.01954093591
2338.93456433 1.04974102158
2338.95499615 0.984009099975
2338.97542787 1.00706372579
2338.99585968 1.0140889265
2339.0162913 0.95633494809
2339.03672302 0.988397190713
2339.05715483 1.00566875468
2339.07758645 0.993983199084
2339.09801816 1.00667351856
2339.11844998 0.959913965187
2339.1388817 0.963588476488
2339.17974513 1.00688966456
2339.20017684 0.994626654836
2339.22060846 0.989651326427
2339.24104027 1.00102964356
2339.26147198 1.0771176232
2339.2819037 1.03169194172
2339.30233541 0.986623176783
2339.32276703 1.01299215518
2339.34319884 1.01050159259
2339.36363055 0.964754723291
2339.38406217 1.01568290787
2339.40449398 1.01151086085
2339.42492569 1.00468945908
2339.44535731 0.99068797682
2339.46578912 1.02444623339
2339.48622083 0.991304188941
2339.50665254 0.977565031947
2339.52708426 0.997606246566
2339.54751597 1.03205314942
2339.56794778 0.993040427247
2339.58837939 1.0062570515
2339.6088111 1.02226677635
2339.62924291 1.04823584836
2339.64967452 1.00601690271
2339.67010623 0.977230162575
2339.69053804 1.0235711025
2339.71096976 1.00022366163
2339.73140137 0.995883749973
2339.75183318 1.02716854656
2339.77226489 0.9887713157
2339.79269649 0.983715098519
2339.8131283 0.973533304168
2339.83356001 0.95370116281
2339.85399182 0.992754099687
2339.87442343 1.01727151195
2339.91528695 0.987971283292
2339.93571856 1.05307738075
2339.95615027 0.967824049097
2340.01744539 0.974363339754
2340.0378771 1.00131359856
2340.0583088 0.988430464355
2340.07874051 0.973061660137
2340.09917222 0.969699623056
2340.11960393 0.999310555917
2340.16046744 1.00215242934
2340.18089905 1.02822233237
2340.20133085 0.995763121588
2340.22176256 1.01536946744
2340.24219416 1.03311933576
2340.26262597 1.07631002281
2340.28305767 1.01928407168
2340.30348928 0.969249123865
2340.34435279 1.0144000737
2340.36478459 0.997691135727
2340.3852162 1.02846692015
2340.4056479 0.990036322961
2340.42607971 1.00994036616
2340.44651131 0.998643550179
2340.46694302 1.0204633792
2340.48737482 1.00173550628
2340.50780642 1.00393169395
2340.52823813 0.982882464278
2340.54866993 0.9955543914
2340.56910153 0.995002294222
2340.58953324 1.01735708355
2340.60996504 1.01887760011
2340.63039674 0.96344072635
2340.65082844 0.99534484035
2340.67126015 1.0217908578
2340.69169185 0.996777306675
2340.71212355 1.00498521942
2340.73255525 0.979899497597
2340.75298695 0.997723308062
2340.77341865 1.05744252322
2340.79385035 1.02041499442
2340.81428196 0.971093072385
2340.83471376 1.00800881273
2340.85514546 1.01107362604
2340.87557706 1.01199363934
2340.89600886 1.01555926555
2340.91644056 0.981627645398
2340.93687236 1.03852146718
2340.95730396 0.96684665826
2340.97773566 0.968901690271
2340.99816746 0.985098797822
2341.01859906 0.933153092799
2341.03903076 1.01737372587
2341.05946256 1.02834208592
2341.07989415 0.998824981936
2341.12075765 1.02532669849
2341.14118935 1.02547948762
2341.16162105 0.993465444562
2341.20248444 0.992902996278
2341.22291614 0.999692794415
2341.24334784 0.98569464868
2341.26377954 1.02655050709
2341.28421123 1.00287473532
2341.30464293 1.00953871829
2341.32507463 0.990658293399
2341.34550642 1.03749535451
2341.36593802 1.02370858209
2341.38636972 1.00176116512
2341.40680141 0.979927337091
2341.42723311 1.01541904149
2341.44766491 0.988731151558
2341.4680965 0.974211922432
2341.4885282 0.990811750574
2341.50895999 1.01050944924
2341.52939159 1.00215572101
2341.54982328 0.996526985186
2341.57025508 1.01646974301
2341.59068667 0.975754206272
2341.61111837 0.969577780581
2341.63155016 0.971211539635
2341.65198176 0.989173520987
2341.69284524 1.02199846478
2341.71327694 1.01310640877
2341.73370863 0.991357255923
2341.75414033 0.985699412603
2341.77457202 0.998420478016
2341.79500371 1.00639585844
2341.81543541 1.00188282689
2341.8358671 0.966532752516
2341.91759397 0.972206927134
2341.93802556 0.977543107185
2341.95845735 1.00651226915
2341.97888904 1.02053884273
2341.99932064 1.02475603891
2342.01975243 1.01289400373
2342.04018412 1.01971301227
2342.06061571 0.983484956796
2342.0810475 1.03615872324
2342.10147919 0.982314643497
2342.12191078 1.01506818259
2342.14234257 0.992642917685
2342.16277426 0.984355555612
2342.18320595 1.0017275269
2342.20363764 0.9959586658
2342.22406933 0.982445667843
2342.24450102 1.02537954051
2342.26493271 1.00546906541
2342.2853644 0.98376544696
2342.30579609 1.00303817693
2342.32622778 0.990348365858
2342.34665947 0.997737823092
2342.36709126 1.01475791666
2342.38752285 1.02875823518
2342.40795454 0.935543513393
2342.42838633 1.04201450907
2342.44881791 1.04725797964
2342.4692497 0.999934686211
2342.48968139 0.994111809906
2342.51011298 0.999146598316
2342.53054477 0.964568343809
2342.55097645 0.990870237367
2342.57140804 1.01959795755
2342.59183983 1.01575258658
2342.61227152 1.00014622832
2342.6327031 0.988766241898
2342.65313489 1.01962275718
2342.67356658 0.943470048787
2342.69399836 0.977145122121
2342.71442995 0.996282129398
2342.73486164 0.979533957124
2342.75529342 1.00358336077
2342.77572501 1.0228495845
2342.79615669 1.04165617488
2342.81658838 1.02392752659
2342.89831512 1.01445504897
2342.9187469 1.00648084456
2342.93917859 0.962161199942
2342.95961017 0.961352493341
2342.98004196 1.01980839304
2343.00047364 1.0322726022
2343.02090523 0.978116333462
2343.04133701 1.01709017808
2343.0617687 0.977435525691
2343.08220028 0.980196897546
2343.10263206 0.950973704326
2343.12306375 0.989614999185
2343.14349533 0.973647148393
2343.16392711 0.987946072388
2343.1843588 0.979172404446
2343.22522216 0.958424314494
2343.24565384 1.00786132132
2343.26608563 1.01290820954
2343.28651721 0.984004031387
2343.30694889 0.995239612013
2343.32738067 0.978639983197
2343.34781236 1.01829349339
2343.36824394 1.01251284272
2343.38867572 1.06172137137
2343.4091074 0.977738928905
2343.42953908 1.01258399976
2343.44997076 1.01356893889
2343.47040244 0.999806690413
2343.49083422 1.03588579045
2343.51126581 1.00579623649
2343.53169749 0.96621555635
2343.55212917 0.972467177084
2343.57256085 0.970070992576
2343.59299253 1.0202819513
2343.61342421 1.00585791172
2343.63385589 0.983385733656
2343.65428767 1.00079621704
2343.67471925 0.984339523369
2343.69515093 0.997191120632
2343.71558271 1.02703248279
2343.73601429 1.00479015918
2343.75644596 1.00099659844
2343.77687774 0.970250114896
2343.79730932 1.04505259368
2343.83817278 0.975781773939
2343.85860446 0.979943398911
2343.87903604 1.00429602644
2343.89946782 0.999902393456
2343.91989949 0.980881086811
2343.96076285 0.992586320703
2343.98119453 1.0174135181
2344.0016263 1.00596496684
2344.02205788 1.01580091122
2344.04248956 0.945747224982
2344.06292134 0.971128821801
2344.08335291 1.00753553758
2344.10378459 0.976541044332
2344.12421637 0.99306048402
2344.14464794 1.0152215631
2344.16507972 0.997329844413
2344.1855114 1.00945503851
2344.20594297 1.01175828163
2344.22637475 0.977444663706
2344.267238 0.998446046619
2344.28766978 1.00903340772
2344.30810135 1.01288048287
2344.32853313 0.992342885899
2344.3489648 0.971662552661
2344.36939638 0.979952812242
2344.38982815 1.01153469151
2344.41025983 1.02487584029
2344.4306915 1.02852129016
2344.45112318 1.00158918813
2344.47155485 0.985479016777
2344.49198653 0.998269310412
2344.5124182 0.975090753061
2344.53284987 1.02342406563
2344.55328155 1.00330955937
2344.57371332 1.01480803003
2344.5941449 0.980558523661
2344.61457657 0.97829807614
2344.63500834 1.01442014563
2344.65543992 1.00098256021
2344.67587169 0.995613311063
2344.69630336 1.00070234696
2344.71673494 1.00499646927
2344.73716671 0.987474451703
2344.75759838 1.00145246816
2344.77802995 0.968689571744
2344.8188934 0.979198000075
2344.83932507 0.962573572712
2344.85975674 1.01241452266
2344.88018842 0.991492692412
2344.90062019 1.01146285503
2344.92105176 1.0061299623
2344.94148343 1.04644706722
2344.9619151 0.988907835709
2344.98234677 1.0382946553
2345.1049368 0.976277154884
2345.12536857 1.00506078553
2345.14580024 0.983326841407
2345.16623181 0.982577630209
2345.18666358 1.02234631015
2345.20709525 1.00990156882
2345.22752682 0.948801346232
2345.24795859 0.979660442512
2345.26839026 0.993189040821
2345.28882183 0.977827757945
2345.3092536 0.988675549896
2345.32968527 1.00918315708
2345.35011704 0.989756271331
2345.37054861 0.992526893722
2345.39098028 1.00428330063
2345.41141205 1.00180631463
2345.43184361 1.01705793534
2345.45227528 1.02185464862
2345.47270705 0.976963656038
2345.49313872 1.00037302322
2345.51357029 0.992120707095
2345.53400206 1.0202881853
2345.55443372 1.04995085971
2345.57486539 1.02630516039
2345.59529706 1.01058431216
2345.61572873 0.984608674123
2345.65659206 1.00918326551
2345.67702373 0.996520377515
2345.6974554 1.01818326828
2345.71788706 0.983668959693
2345.73831873 0.981961786531
2345.7587504 0.942017011071
2345.79961363 0.994105817917
2345.8200454 1.03612734793
2345.84047707 1.01941704648
2345.86090883 0.983169702682
2345.8813404 0.990601965504
2345.90177206 0.983966582227
2345.92220383 0.999849670505
2345.9426354 0.981048801514
2345.96306706 1.04062870252
2345.98349883 1.02387471949
2346.00393039 1.02708623549
2346.04479382 0.990197863411
2346.06522549 0.996168008058
2346.08565715 0.985974250302
2346.10608882 1.01370474287
2346.12652048 1.00904855447
2346.14695215 1.04723612721
2346.18781548 1.00019795245
2346.20824724 1.03405008842
2346.22867881 0.969053878275
2346.24911047 0.970099722774
2346.2899738 1.00588802844
2346.31040556 1.01260856187
2346.33083723 1.00636001826
2346.35126879 0.978571645919
2346.37170055 1.01948617722
2346.39213222 0.99958986091
2346.41256378 1.02012080408
2346.43299554 0.98536148168
2346.45342711 0.994592811746
2346.57601718 0.982855949499
2346.59644885 0.987234617039
2346.61688051 1.03209697829
2346.63731217 1.03155074725
2346.65774383 1.01209424457
2346.67817549 1.00799449848
2346.84162889 0.967895737679
2346.86206045 0.992931886076
2346.88249221 0.987547956099
2346.90292387 0.987718047239
2346.92335543 0.992720289231
2346.94378719 1.01479904662
2346.96421885 1.0061939318
2346.98465061 0.996061891916
2347.00508217 1.00293384203
2347.02551383 1.00244083666
2347.04594549 0.999268415674
2347.06637715 0.996022506721
2347.08680881 0.965014006322
2347.10724057 1.00012506034
2347.12767213 1.02056332855
2347.14810379 1.03152754801
2347.16853545 0.975594288616
2347.18896711 1.00989278853
2347.31155706 1.00136292549
2347.33198882 0.978759130922
2347.41371546 0.959152465449
2347.43414722 1.00611230207
2347.55673716 0.963828378615
2347.57716872 1.04789480902
2347.59760038 0.999670514909
2347.61803214 1.00052555527
2347.63846369 1.02421030707
2347.65889545 0.98086654429
2347.67932711 0.980565074366
2347.69975876 1.02113632743
2347.72019042 0.954869441481
2347.76105373 0.995832974701
2347.78148539 1.03512579114
2347.80191705 0.980091504669
2347.8223487 0.996178026951
2347.84278036 1.04162902359
2347.86321202 0.971990646623
2347.88364377 1.00277057284
2347.90407533 0.997762670713
2347.92450699 0.993146505617
2347.94493874 0.965684228081
2347.9653703 0.998755469327
2348.00623371 1.01573331718
2348.02666526 1.00731738361
2348.04709692 1.00019930604
2348.06752867 1.02695792538
2348.08796023 1.05045491701
2348.10839199 0.993430653441
2348.12882364 1.01768903202
2348.1492552 1.01193607181
2348.16968695 0.966297464153
2348.1901186 0.967341612615
2348.21055026 1.00127767157
2348.25141357 0.981687598037
2348.27184522 1.02996669615
2348.29227688 1.01926003479
2348.31270853 1.01582518227
2348.33314029 1.0130599846
2348.35357194 1.02642811252
2348.37400349 1.01688778195
2348.39443525 0.961936018397
2348.4148669 1.02198623875
2348.43529846 1.01723544685
2348.45573021 0.957356245914
2348.49659342 0.990953640747
2348.51702517 0.995509153076
2348.53745672 0.991039591434
2348.55788848 0.983833346838
2348.57832013 1.03231664717
2348.59875168 1.00400838687
2348.61918344 0.981096521299
2348.63961509 0.980126927514
2348.66004664 1.06511923217
2348.68047839 0.965602604645
2348.74177335 1.02430574738
2348.76220501 1.04477557357
2348.78263676 1.0635459126
2348.80306831 0.960918029681
2348.82349996 1.00128480598
2348.84393171 0.968698621195
2348.86436327 0.993932367672
2348.88479492 0.983292640255
2348.90522667 0.999377205142
2348.92565832 0.980976402128
2349.00738493 0.999219512405
2349.02781658 1.00247474001
2349.04824823 0.98016300713
2349.06867998 1.00008142584
2349.08911153 0.956403044323
2349.10954318 1.03277994313
2349.12997494 1.05416970651
2349.15040649 0.999905805466
2349.17083824 1.01706861148
2349.25256474 1.0230801813
2349.27299639 0.999195475908
2349.29342814 0.986858182614
2349.31385969 0.987921964624
2349.33429134 1.02368616341
2349.35472309 0.990143675636
2349.37515464 0.996086524765
2349.39558639 1.00188682005
2349.51817629 1.01587005165
2349.53860794 1.06598115953
2349.55903959 1.02884013463
2349.57947134 1.02415695722
2349.59990289 1.00826849796
2349.62033464 1.00522902675
2349.64076629 0.999068397516
2349.66119783 1.00532136096
2349.76335618 1.01916658878
2349.78378793 1.04451322691
2349.80421948 0.990149561771
2349.82465112 0.958196791746
2349.84508287 1.02211783655
2349.86551442 1.03324215358
2349.88594607 0.985917782457
2349.90637772 1.01381474802
2349.92680937 1.0123497394
2349.94724101 0.997239320665
2349.96767266 0.993498580708
2349.98810431 1.05819428648
2350.00853606 1.00447620707
2350.02896761 0.981947700604
2350.04939925 0.993819718205
2350.09026265 0.986231789063
2350.1106942 1.030153624
2350.13112594 1.02782027955
2350.25371583 1.01983413998
2350.27414747 1.03205463065
2350.29457922 0.986374280319
2350.31501077 0.999943067107
2350.33544241 1.01358702923
2350.35587416 1.01236588298
2350.37630571 0.970686443337
2350.39673745 0.962247796339
2350.47846404 0.959252150709
2350.49889559 1.00325789246
2350.51932733 0.994680859814
2350.53975898 0.984179529207
2350.56019062 1.00325278351
2350.58062227 1.01074300191
2350.60105392 1.01671731782
2350.62148556 0.984024175869
2350.64191721 0.982566667048
2350.66234885 1.00958436294
2350.6827805 0.957832674236
2350.70321214 1.00298387451
2350.72364379 0.970154646101
2350.78493883 0.985498430717
2350.80537047 1.01629661275
2350.82580202 1.03126390933
2350.84623376 1.01446581785
2350.86666541 0.961971376239
2350.98925528 1.01551818584
2351.00968702 0.972182745428
2351.03011857 1.03152210727
2351.05055021 0.957182942366
2351.0914135 0.953647207708
2351.11184514 0.986707696412
2351.23443511 0.979363650369
2351.25486675 1.0086657151
2351.2752983 1.00579635221
2351.29573004 0.96791087559
2351.31616169 1.02577888722
2351.33659333 1.00535399813
2351.35702497 0.970743810636
2351.37745662 1.03049933705
2351.50004648 1.01664096395
2351.52047822 0.990407088051
2351.54090976 0.973653796342
2351.56134141 0.976328547222
2351.58177315 1.01207391178
2351.60220469 1.01924990579
2351.78608968 1.01315829223
2351.80652122 1.01753504838
2351.82695287 0.989312816166
2351.84738461 0.985232070367
2351.86781625 0.968836551957
2351.88824779 1.02091629487
2351.90867954 1.01153655523
2351.92911118 0.998380648324
2351.94954272 1.03101780057
2351.96997446 0.983953255071
2351.9904061 0.999757703646
2352.01083775 1.01354138474
2352.03126939 0.989930957803
2352.05170093 0.973912515004
2352.07213267 0.998185884538
2352.09256431 1.00249220842
2352.11299586 0.995234637214
2352.1334276 0.997786115532
2352.17429098 0.955676230636
2352.23558591 1.00043574708
2352.25601745 1.00952996523
2352.27644909 1.02710332038
2352.29688083 0.988710290629
2352.31731237 1.00902607306
2352.33774401 0.97038085541
2352.35817576 0.964867935284
2352.3786074 0.957510782963
2352.4807656 1.06549397551
2352.50119724 0.96041276965
2352.52162889 1.00221113807
2352.54206053 1.00544593219
2352.56249227 1.0031498309
2352.58292391 0.999226528623
2352.60335545 1.00604884594
2352.62378719 1.01033802075
2352.66465037 0.998921318605
2352.68508211 0.992204101127
2352.70551365 0.974937468697
2352.72594539 0.977821324183
2352.74637703 0.980525751782
2352.76680857 0.985217399504
2352.78724031 1.04197187328
2352.80767196 0.990627525383
2352.97112508 0.970589312992
2352.99155672 0.983608050904
2353.01198846 0.987459734638
2353.03242 1.00044270644
2353.07328338 1.02914612287
2353.09371502 1.0844224138
2353.11414666 0.986179469662
2353.1345783 0.993884030905
2353.15500994 0.982335444164
2353.17544158 1.00608073473
2353.19587322 0.977925152857
2353.21630486 1.04083830792
2353.2367366 1.01651772789
2353.25716814 0.958751471889
2353.27759978 0.970582883224
2353.29803152 1.00315400881
2353.31846305 0.933232676757
2353.33889479 0.986814742087
2353.40018971 0.992172373252
2353.42062125 1.01646282198
2353.44105289 1.00217081579
2353.46148463 0.981948472256
2353.48191617 0.981142657801
2353.50234791 0.985708971789
2353.52277955 1.00212869792
2353.54321109 0.966757860363
2353.72709604 0.931821174804
2353.74752768 0.965377237216
2353.76795922 0.984817863499
2353.78839096 1.01676866151
2353.80882259 0.961399395124
2353.82925413 0.945265020175
2353.84968587 1.01586161691
2353.87011751 0.958789428868
2353.89054925 1.00233212986
2353.91098079 0.997606886989
2353.93141243 0.95377091536
2353.95184417 0.991621617185
2353.9722757 0.980795486344
2354.01313908 0.974932420417
2354.03357062 1.0030230064
2354.05400236 0.963991453717
2354.0744339 0.989042570256
2354.09486553 0.989920695361
2354.13572881 1.01870049044
2354.17659219 1.07556284222
2354.19702373 1.01047797538
2354.21745536 1.02270291636
2354.2378871 1.0111465298
2354.25831874 1.03013861137
2354.27875038 1.04650781443
2354.29918202 1.04645094679
2354.31961366 1.09223079337
2354.38090857 1.04182838905
2354.40134031 1.08166951024
2354.42177185 1.06333910942
2354.44220358 1.06140133519
2354.46263522 1.06546918641
2354.48306676 1.0422755962
2354.5034985 1.03975878279
2354.52393014 1.00856956053
2354.54436167 1.02976479182
2354.58522505 1.00165176355
2354.60565679 0.97613350169
2354.62608833 0.974543199527
2354.64651996 0.990730456659
2354.6669516 0.986364384863
2354.68738324 0.96968726401
2354.70781488 0.945148669787
2354.72824652 0.955252163985
2354.74867815 0.987360604767
2354.76910979 0.963221818877
2354.78954143 0.962981530549
2354.80997307 0.982524254239
2354.89169972 0.979551206561
2354.91213125 0.956590094026
2354.97342627 0.950484607837
2354.9938579 0.937550001021
2355.01428954 0.993042692226
2355.03472118 1.01104747514
2355.1573111 0.966040720189
2355.17774274 1.01880356324
2355.19817428 0.987605492395
2355.21860602 1.05421553558
2355.23903765 1.01209525278
2355.25946919 1.03290182534
2355.27990093 1.01686968052
2355.30033257 1.06657031711
2355.3207641 1.03078501604
2355.36162748 1.02908345702
2355.38205922 1.05606717221
2355.40249075 1.00888100838
2355.42292239 1.0034939424
2355.44335403 0.937619776437
2355.46378566 0.979427245397
2355.4842173 0.980762181015
2355.74982868 0.997261462455
2355.77026042 1.00919306405
2355.79069196 1.03182680048
2355.8111236 1.04702842523
2355.85198687 0.935551143421
2355.87241851 0.976231804692
2355.89285024 0.983652426585
2355.91328178 0.987081534114
2355.93371352 0.985211404305
2355.95414516 0.97316750337
2355.97457669 0.992666933696
2355.99500843 0.976754234312
2356.01544007 1.03556886062
2356.0358717 0.958355363295
2356.05630334 1.02196219709
2356.07673498 0.993877953118
2356.09716661 0.986337985028
2356.11759825 0.951688069313
2356.13802989 1.00162706694
2356.15846153 1.03325434595
2356.1993248 1.01107067915
2356.21975644 0.947468312924
2356.24018807 0.993372946252
2356.26061981 0.951454433619
2356.3627779 0.985924393296
2356.38320963 0.992074736255
2356.42407281 1.08668126164
2356.44450454 1.01182269893
2356.46493618 1.05766518592
2356.48536792 1.05133806445
2356.50579945 0.962264053674
2356.52623109 0.999899217124
2356.60795774 1.03152152671
2356.62838928 1.0464749498
2356.64882101 0.994115813412
2356.66925265 1.01583046967
2356.68968419 1.05268164215
2356.71011592 1.03627415699
2356.73054756 0.988913404451
2356.7509792 1.043470501
2356.77141083 1.03885041792
2356.79184247 1.0074516188
2356.83270575 1.03654234643
2356.85313738 1.04269001144
2356.87356902 1.06824151916
2356.89400066 1.05280110689
2356.91443229 1.04867909097
2356.93486403 1.06545567712
2356.95529557 1.03880178196
2356.97572721 1.02957697494
2356.99615894 1.02664299446
2357.01659048 1.03752770032
2357.03702222 0.979167718965
2357.07788539 0.932995377222
2357.09831713 0.935901977363
2357.11874876 0.981803077117
2357.20047541 0.997766293873
2357.22090695 0.98143458808
2357.24133859 0.998372355944
2357.26177032 0.96404381018
2357.34349677 0.998287817246
2357.36392851 0.984009999695
2357.40479178 1.0052278914
2357.42522342 0.97216926646
2357.44565506 1.00372997963
2357.4660867 0.995975231442
2357.48651833 1.02299026703
2357.50694997 1.01889704296
2357.52738151 0.948874523368
2357.58867652 0.946329163615
2357.60910816 0.992463381515
2357.62953979 0.980131317168
2357.64997153 0.998861961591
2357.67040307 0.961101280852
2357.69083471 1.03393522607
2357.71126644 0.983392016408
2357.73169798 0.986146126717
2357.75212972 0.993527146192
2357.77256136 0.961131126255
2357.85428781 0.994377740666
2357.87471954 0.982111256341
2357.89515118 0.972017197072
2357.91558292 0.994360105897
2357.93601446 0.972630148708
2357.95644609 1.00261968614
2357.97687783 0.986905903505
2358.09946766 1.01070893946
2358.11989929 0.983769286037
2358.14033093 1.00477610102
2358.16076257 0.992432925911
2358.18119411 0.984975823995
2358.20162585 1.01746015891
2358.22205748 0.933440924511
2358.24248902 1.00154189341
2358.26292076 1.00649750578
2358.30378413 0.98684655843
2358.32421567 0.988559033762
2358.34464731 1.02854369566
2358.36507905 0.994616382035
2358.38551059 1.03896553698
2358.40594222 1.00233943786
2358.42637396 0.978769271083
2358.4468055 1.01038089294
2358.46723724 1.00126798205
2358.48766888 1.00430737349
2358.50810041 0.988199462186
2358.54896379 0.997112154564
2358.56939533 1.02031869012
2358.63069044 0.991884841703
2358.65112198 1.03132251896
2358.67155362 0.996365259123
2358.69198536 0.983588941395
2358.712417 1.01655764439
2358.73284853 1.00454101546
2358.75328027 0.993716856594
2358.79414345 0.970347637397
2358.81457519 1.00943660099
2358.83500673 1.01356805919
2358.85543846 0.984834525781
2358.8758701 0.981359541254
2358.89630164 1.05261013875
2358.91673338 0.998297072376
2358.93716502 1.00401070533
2358.95759656 1.00550116987
2358.9780283 1.02210119733
2359.05975485 1.02713397559
2359.08018659 0.989378946407
2359.10061813 0.988299017703
2359.12104977 0.959376229894
2359.14148151 0.990209747454
2359.16191304 0.992829917286
2359.18234478 1.01824142717
2359.20277642 0.984997921872
2359.22320796 1.02186861581
2359.2436397 1.01701783203
2359.28450298 0.994832678112
2359.30493462 0.976341173296
2359.32536626 0.997545059302
2359.3457979 1.03871723518
2359.36622953 0.954661425473
2359.38666117 0.995130920017
2359.40709291 0.995149450562
2359.42752455 1.02621354224
2359.59097767 1.00268431682
2359.61140921 1.00094301658
2359.63184095 1.02794983677
2359.65227259 0.997215875518
2359.67270413 0.985367464686
2359.69313587 0.979486700632
2359.71356751 1.00845746973
2359.73399925 1.01608699098
2359.75443078 1.00705053099
2359.77486242 0.989390324296
2359.79529416 1.00253261258
2359.8157257 1.0533483449
2359.83615734 0.996034148885
2359.85658908 1.02550626687
2359.87702062 0.997603394731
2359.89745236 1.01988795087
2359.917884 0.986556800804
2359.93831564 1.01004602772
2359.95874728 1.02997336502
2359.97917892 0.985531130447
2360.02004221 1.0204896645
2360.10176877 0.974630543664
2360.12220051 0.993865819309
2360.14263215 1.0487571489
2360.16306369 1.01689100313
2360.18349543 0.985614416999
2360.20392697 1.03158902282
2360.28565363 0.989798642849
2360.30608527 0.977902732588
2360.32651681 1.02778148652
2360.34694855 0.991102719703
2360.3673802 1.01874899407
2360.38781174 1.01639112163
2360.40824348 0.973813119887
2360.42867512 1.02905479671
2360.44910686 0.999971081378
2360.4695384 1.01360019822
2360.51040178 0.982434222467
2360.53083332 0.999870511051
2360.55126497 1.01109119731
2360.57169671 0.96546822417
2360.59212835 0.962964222704
2360.61255999 0.990654857328
2360.63299163 1.00271582039
2360.65342327 0.986904514014
2360.73514994 1.00101896635
2360.75558148 1.00317291794
2360.83730815 0.979273045666
2360.85773979 0.98605477766
2360.87817133 0.987854677732
2360.89860307 1.0144912041
2360.91903462 1.06724147731
2360.93946626 0.965760067306
2361.02119293 1.04538210594
2361.04162447 1.02792345714
2361.06205621 0.975927877995
2361.08248785 0.991994715983
2361.16421452 0.95671174191
2361.18464607 1.00778981682
2361.20507771 0.972030701033
2361.245941 0.998514029243
2361.26637264 0.948208724156
2361.28680438 0.96341191141
2361.30723602 0.979669472223
2361.32766767 0.977902792433
2361.34809931 0.965872836317
2361.36853095 1.04768513505
2361.3889626 1.00072814053
2361.57284739 0.995454876796
2361.59327903 1.00406355656
2361.61371078 0.983992148476
2361.63414232 1.00571341252
2361.65457396 1.01725069514
2361.67500571 0.994978294033
2361.75673218 0.980098499402
2361.87932225 1.02043285394
2361.8997538 1.00210193798
2361.92018544 0.981247384171
2361.94061718 0.99365869579
2361.98148037 1.05707931809
2362.00191212 1.03868873073
2362.02234376 1.0615555873
2362.04277541 1.0810817997
2362.0836387 1.02264204841
2362.10407044 1.02335473683
2362.12450199 0.998370783259
2362.14493364 1.01290740608
2362.16536538 1.0018250107
2362.18579693 0.942346855263
2362.22666022 1.03027923336
2362.24709186 0.991099579771
2362.28795515 0.953334079988
2362.3083868 1.03551851582
2362.34925009 1.00272054692
2362.39011348 1.02078435845
2362.41054503 1.01988803933
2362.43097678 1.0239602536
2362.47184007 1.03619984044
2362.49227171 1.02051976777
2362.51270336 0.986401688308
2362.5739983 1.01852546983
2362.59443005 0.961952912196
2362.61486169 1.02640083765
2362.63529324 1.00118362909
2362.75788332 0.975656333538
2362.77831487 0.966384755646
2362.79874652 0.996861841676
2362.81917826 0.996609904945
2362.83960981 1.01923432051
2362.86004146 0.966597386849
2362.88047321 1.01089089131
2362.90090475 0.996873330086
2362.9213365 0.997759977946
2362.94176805 0.996420246067
2362.9621997 0.977275138432
2362.98263145 0.97476883061
2363.00306299 1.0318691057
2363.02349464 0.954360232381
2363.04392639 0.956770739826
2363.06435794 1.00054804301
2363.08478969 1.06430987524
2363.10522133 1.02344737272
2363.12565298 0.978072079246
2363.24824297 0.972962556989
2363.26867452 0.994454160592
2363.30953792 0.990038994594
2363.32996957 1.00475343825
2363.35040112 1.02265213269
2363.37083287 1.00637428176
2363.53428617 0.990760154221
2363.55471772 1.04857598491
2363.57514937 0.991220968868
2363.59558102 1.0078633237
2363.61601267 1.00401570222
2363.63644442 1.01231899408
2363.65687597 0.995262065618
2363.67730762 0.993946125172
2363.75903432 1.00498309556
2363.77946597 0.964283738382
2363.79989762 1.01188958413
2363.82032927 0.995346618876
2363.84076092 1.0430860029
2363.86119257 0.996437736391
2363.88162423 0.98291855648
2363.90205588 0.981429356667
2363.94291918 1.01625800248
2363.96335093 0.979342559835
2363.98378258 0.997135312401
2364.00421413 1.0064301795
2364.02464589 0.997640744629
2364.04507754 0.992977741743
2364.06550909 0.980244752035
2364.08594084 1.00367259161
2364.10637249 1.02330442408
2364.12680424 1.02828657052
2364.1472358 1.00675771767
2364.16766745 1.0484535715
2364.20853075 1.03444426549
2364.22896241 1.02751614418
2364.24939406 1.02618599084
2364.26982571 1.00054380105
2364.29025746 1.05476567673
2364.31068902 0.999607360276
2364.33112067 0.953924671959
2364.35155242 0.991911275473
2364.37198398 0.990983873207
2364.39241563 0.978076136067
2364.43327894 0.991280698254
2364.45371059 1.00488511411
2364.47414234 1.02071925049
2364.494574 0.996368081553
2364.51500565 1.01489018978
2364.5354373 0.964433736343
2364.55586896 1.00051604543
2364.57630061 0.983825609894
2364.59673226 1.01674668884
2364.69889064 1.00026002688
2364.71932219 0.996616401568
2364.73975395 1.02014027089
2364.7601856 0.964481644764
2364.78061715 1.00316659817
2364.80104891 1.01826708335
2364.84191232 0.99183646247
2364.96450215 0.997902828996
2364.98493381 1.05155492814
2365.00536556 1.0093100834
2365.02579712 0.994055453301
2365.04622877 1.02259550551
2365.06666053 0.993286236828
2365.08709209 1.02610213526
2365.10752374 1.00409931074
2365.18925047 0.986446016729
2365.20968212 1.00497347483
2365.23011378 1.02503444901
2365.25054544 0.97414589512
2365.27097709 1.04028707487
2365.29140885 0.99455661191
2365.31184041 0.970166592604
2365.33227217 1.0036587744
2365.35270382 1.01068061958
2365.37313538 0.974292005476
2365.4139988 1.00620864783
2365.43443035 1.02218217969
2365.45486211 0.971103335068
2365.47529377 0.992620574802
2365.5570205 0.989645016738
2365.57745206 0.994066116774
2365.59788372 0.991586806405
2365.67961035 0.996722390986
2365.70004201 0.986804359806
2365.72047377 1.01187507066
2365.74090533 0.999065617833
2365.76133699 1.03695617085
2365.78176875 0.996549619321
2365.80220041 0.99921285842
2365.82263197 1.00787930436
2365.84306373 0.998921995353
2365.86349539 0.98464984311
2365.88392705 1.02995916746
2365.90435871 1.04568732671
2365.92479037 1.05683593491
2365.94522213 0.963091922583
2365.96565369 1.01449319939
2365.98608535 0.954938201321
2366.00651711 1.0324610806
2366.02694867 0.998857097192
2366.04738043 1.0205154888
2366.06781209 0.99682380653
2366.19040205 0.980232999545
2366.21083371 0.962581884229
2366.25169704 1.00172857562
2366.2721287 1.03706672651
2366.29256036 0.979301613581
2366.33342369 0.980453898679
2366.35385535 1.00725709876
2366.4355821 1.03816946148
2366.45601366 0.97712645667
2366.47644532 1.01221802798
2366.49687708 1.05032345159
2366.51730875 1.01536935482
2366.53774041 0.99785797221
2366.55817207 0.994505108942
2366.57860374 0.99399478078
2366.5990355 0.96024747166
2366.61946706 0.992180616998
2366.63989873 1.00210558713
2366.66033049 0.98100260642
2366.68076205 0.993611799958
2366.70119382 1.00506952296
2366.72162548 0.990102358374
2366.74205705 0.989226635928
2366.76248881 0.951835188237
2366.78292047 0.980805334325
2366.8237838 0.995761965502
2366.84421547 0.981413323505
2366.90551046 0.987934893397
2366.92594223 0.9938087568
2366.94637379 1.00187619635
2366.96680546 1.00424326175
2366.98723712 1.00066904376
2367.00766879 1.01454299413
2367.02810045 0.995157717407
2367.04853212 0.985803757589
2367.17112222 1.02709391783
2367.19155378 0.992960212321
2367.21198555 1.00150929557
2367.23241722 1.02267029649
2367.25284888 0.982086495481
2367.27328055 1.02757129148
2367.29371222 1.0408037814
2367.31414398 1.06648457784
2367.33457555 0.997899341756
2367.39587055 0.985243554991
2367.41630232 0.99818378587
2367.43673399 1.01843568089
2367.45716556 0.976042135759
2367.47759733 0.983632490409
2367.49802899 1.0166771017
2367.51846056 1.00272332227
2367.53889233 0.972235291267
2367.559324 0.998716756089
2367.57975567 1.0303869788
2367.60018734 0.998444957448
2367.620619 1.0047211372
2367.64105067 0.979840987546
2367.66148234 0.990521736355
2367.68191401 1.0230281257
2367.70234568 0.999783606089
2367.72277735 1.01547418865
2367.74320912 0.987275259358
2367.76364069 1.00238601872
2367.78407236 1.02215081707
2367.80450413 0.972994192693
2367.8249358 0.970272275783
2367.86579914 0.938640819386
2367.88623081 0.990847661121
2367.90666248 0.948118640885
2367.92709415 1.00109454117
2367.94752582 1.01294102465
2367.98838916 0.978018888845
2368.00882084 1.02149754123
2368.02925261 1.00444148212
2368.07011595 1.02359006706
2368.09054762 1.00074861597
2368.11097919 1.01824302437
2368.13141096 1.02153850177
2368.15184264 0.996269903032
2368.17227421 1.00721004309
2368.19270598 1.01001953482
2368.21313765 0.994780661634
2368.23356933 0.998635165608
2368.254001 0.993157171929
2368.27443267 1.08524706583
2368.29486434 0.965080616508
2368.37659104 1.00170747812
2368.39702281 0.979518511722
2368.41745438 0.971169615653
2368.43788606 1.00194432832
2368.45831783 0.995237566581
2368.4787495 0.990138455164
2368.49918108 1.00370870164
2368.51961285 0.999201284072
2368.6422029 1.0040718557
2368.66263458 1.00040659741
2368.7239296 0.960050589509
2368.74436138 1.05150183744
2368.76479295 0.978240051885
2368.78522473 1.00262716887
2368.8056564 0.977839133197
2368.84651976 0.993209415503
2368.86695143 1.0088767433
2368.88738301 1.0042646262
2368.90781479 0.9442582089
2368.92824646 0.986404008975
2368.94867824 0.998561728733
2368.96910982 0.970052270071
2368.98954149 1.00685738049
2369.00997317 0.997597376445
2369.03040485 1.0286214415
2369.05083653 0.998796283969
2369.0712682 0.98460570257
2369.09169988 1.00697505032
2369.11213166 0.994979222048
2369.13256324 1.00231646776
2369.15299491 1.00339688179
2369.17342669 0.996261646741
2369.19385837 0.982024605883
2369.21428995 1.00763231761
2369.23472173 1.03996016913
2369.25515341 0.99921023661
2369.27558509 0.978641868901
2369.29601677 0.944217629854
2369.3573118 1.00287758488
2369.37774348 1.04339852413
2369.39817526 0.963700030387
2369.41860684 1.03535091733
2369.43903862 1.00716550273
2369.4594703 0.995201561667
2369.47990188 1.01113372757
2369.50033366 0.971220999006
2369.52076534 0.968067078395
2369.54119692 1.00319681692
2369.58206039 0.965837912221
2369.60249207 1.00993144655
2369.62292375 1.01937440557
2369.64335543 0.978227616132
2369.66378711 1.00689542308
2369.68421879 1.01991254959
2369.70465047 0.991359446773
2369.72508216 1.01282710605
2369.74551384 0.99885105371
2369.76594562 1.02374451837
2369.7863772 0.999421354992
2369.82724067 0.968954509694
2369.84767235 1.01416339694
2369.86810393 0.985788293201
2369.88853572 0.98310819797
2369.9089674 0.981401881942
2369.92939908 1.02728717305
2369.94983077 1.00967514604
2369.97026245 0.993971041613
2369.99069423 1.02716937221
2370.01112582 1.03241119085
2370.0315575 1.03281412587
2370.07242087 1.0078884213
2370.09285255 0.990878599257
2370.11328434 0.997623197591
2370.13371592 1.00982929514
2370.15414771 0.987931143888
2370.17457939 1.02537800067
2370.19501098 0.995327989909
2370.21544276 1.00529076549
2370.23587445 0.982742701766
2370.25630613 1.0064924309
2370.27673782 0.993087099043
2370.29716951 0.997449653101
2370.31760129 0.994533530862
2370.33803288 1.02256787873
2370.35846456 1.00416368077
2370.37889625 1.01620423031
2370.39932794 0.990369061537
2370.41975962 1.0724521945
2370.44019131 0.986286227352
2370.460623 0.981480211006
2370.48105479 0.99444548172
2370.50148647 0.986133453566
2370.58321312 0.999718533403
2370.60364491 0.999055972056
2370.6240766 0.979501588681
2370.64450839 1.00206615871
2370.66493998 1.01992037468
2370.68537166 1.0245199476
2370.70580345 0.999864132534
2370.72623504 0.990358396328
2370.74666673 1.04151298054
2370.82839359 0.998712071872
2370.84882518 0.997253266525
2370.86925697 1.06334027261
2370.88968866 1.00199662698
2370.91012025 0.982546322218
2370.93055204 0.979590635223
2370.95098373 0.98772859586
2370.97141542 0.98902864265
2370.99184711 0.972246799405
2371.0122788 0.978883215811
2371.05314218 0.973450130291
2371.07357388 0.987576642574
2371.09400557 1.0192491716
2371.11443726 1.00663225179
2371.13486905 1.01528772202
2371.15530064 1.00741521768
2371.17573234 1.043740691
2371.19616413 1.0318814996
2371.21659582 0.983157737436
2371.23702741 0.970782006155
2371.25745921 1.05798095568
2371.29832269 1.00044928823
2371.31875428 0.974827897307
2371.33918598 1.00008491253
2371.35961777 0.969425323105
2371.38004937 1.01487125418
2371.40048106 0.98789843892
2371.42091285 1.01656143409
2371.44134445 1.02613630852
2371.46177624 1.02924580015
2371.48220794 0.998321274602
2371.50264529 1.04146914898
2371.5230713 0.978220036047
2371.54350299 0.987633813089
2371.56393459 1.03646928656
2371.58436638 1.01979668239
2371.60479808 0.993872167417
2371.62522988 1.02354104228
2371.64566147 1.03034541784
2371.66609317 1.01645379042
2371.68652496 0.970599560352
2371.70695656 0.986322081187
2371.72738826 1.03192958598
2371.74782005 0.994133496233
2371.78868335 1.03742097957
2371.80911514 1.00272358106
2371.82954684 0.991767239959
2371.84997854 0.998880727823
2371.87041023 0.962742854403
2371.89084193 0.992100540718
2371.91127373 0.963432383695
2371.93170533 0.992562458424
2371.95213703 0.979745788332
2371.97256882 0.979148121935
2371.99300042 1.00365701315
2372.09515892 0.986203615393
2372.11559062 1.00253496066
2372.13602242 1.03198655214
2372.15645402 1.00026205731
2372.17688582 1.0248563886
2372.19731752 0.999114958286
2372.21774912 1.01023801943
2372.29947602 1.05226883044
2372.31990772 0.983867513005
2372.34033952 0.96021933456
2372.36077112 0.990233891904
2372.38120282 0.963997034989
2372.40163462 1.03730749102
2372.44249793 1.00303480638
2372.46292973 0.977309239712
2372.48336143 0.968808819818
2372.50379314 1.01863185004
2372.52422484 1.00101926759
2372.54465654 0.999978272096
2372.56508824 0.996522573414
2372.58551995 1.00692579094
2372.60595165 1.01421764494
2372.62638345 1.0420118012
2372.64681506 0.995404555218
2372.66724686 0.990889799136
2372.68767847 1.00843557024
2372.8307005 1.03440557265
2372.8511322 1.02497133062
2372.87156381 1.03383901267
2372.89199561 0.975689817609
2372.91242732 0.996930975816
2372.93285893 1.00211895759
2372.95329073 1.03524282939
2372.97372244 0.998601645451
2372.99415424 1.01599638132
2373.01458585 0.966768704375
2373.03501756 1.00307275831
2373.05544937 1.01567822062
2373.09631268 0.988856475858
2373.3823568 1.01158364683
2373.40278841 0.995034880483
2373.42322012 0.978289477935
2373.44365193 0.993322349403
2373.46408354 1.05330034948
2373.48451535 1.03378453107
2373.50494706 1.00187505979
2373.52537867 0.997465008837
2373.54581049 1.01644091432
2373.5662422 0.994387153034
2373.58667381 1.06076111908
2373.60710562 0.999997554776
2373.62753733 0.985535096704
2373.64796914 1.01432844277
2373.66840076 0.998543415945
2373.68883247 1.00792307115
2373.70926428 0.999339001957
2373.72969589 1.00673321662
2373.75012761 0.979655563571
2373.77055942 0.981364655278
2373.79099113 0.947966777876
2373.81142275 0.986609300834
2373.83185456 0.981355249061
2373.85228627 1.02815324249
2373.87271799 0.982231479937
2373.8931497 1.00175402743
2373.91358142 0.999140982446
2373.93401323 0.968351116606
2373.99530838 1.01932089601
2374.01573999 1.0096127843
2374.09746695 0.980356152111
2374.11789857 0.997255382963
2374.13833029 1.00926733708
2374.1587621 0.956920939056
2374.28135241 0.980535054722
2374.30178412 0.959806711679
2374.32221584 1.00885117948
2374.34264756 1.02012814795
2374.36307938 1.02071594993
2374.383511 0.985421939008
2374.40394271 0.983159237605
2374.42437453 0.981189333232
2374.44480625 1.02361308374
2374.46523787 0.99858210718
2374.48566969 1.04536995576
2374.50610141 0.991865926528
2374.52653313 0.993583480053
2374.54696485 1.07340582934
2374.60826001 0.982763952596
2374.62869173 0.996347827657
2374.64912355 1.0122841754
2374.66955517 0.985078619883
2374.689987 1.03825867162
2374.73085034 0.99444265309
2374.75128216 1.00727882995
2374.77171378 1.0159517023
2374.79214551 1.02948936732
2374.81257733 1.03068639068
2374.83300895 1.01534780047
2374.85344077 0.987562320962
2374.8738725 1.01322730484
2374.89430412 0.983848502215
2374.91473594 0.967277664695
2374.93516767 0.95573152158
2374.97603111 0.946982796816
2374.99646284 1.01121996635
2375.01689466 1.00700525927
2375.03732629 0.969240348794
2375.05775801 1.0013351496
2375.07818984 1.01843178097
2375.09862156 0.994548034214
2375.11905329 0.973777775425
2375.13948501 0.968169354359
2375.32337055 0.996917393241
2375.34380238 0.979660692065
2375.364234 0.939727039252
2375.38466573 0.999754293198
2375.40509756 1.01309073125
2375.42552929 0.998012160976
2375.44596102 0.986683154802
2375.46639275 1.03546989981
2375.48682437 1.02054203727
2375.54811956 1.03416315414
2375.56855139 0.997180132235
2375.58898312 1.00129745134
2375.60941495 0.988493364241
2375.62984658 0.995302790804
2375.65027831 1.03091790879
2375.67071014 0.985498411228
2375.7115735 0.988275759551
2375.73200533 0.978023036929
2375.75243697 1.05259697703
2375.7728688 0.989893773655
2375.81373226 1.02344140921
2375.83416399 0.984293548159
2375.85459572 1.00059169188
2375.87502746 0.960250560101
2375.89545929 1.01612211789
2375.91589092 1.0055820647
2375.95675449 1.01889319473
2375.97718612 0.999587889649
2375.99761796 1.04355208689
2376.01804969 1.01615775217
2376.03848132 0.984105997701
2376.05891316 0.977355921166
2376.07934479 1.01088382613
2376.09977653 0.986002706796
2376.12020836 0.99432790878
2376.14064 1.03182964265
2376.22236704 0.952059367965
2376.30409398 1.01521986017
2376.32452582 0.999430330377
2376.34495746 1.0039483295
2376.38582103 0.985876854523
2376.40625267 0.977520225421
2376.44711625 0.99170566674
2376.46754799 1.02783093847
2376.48797972 1.00729355898
2376.50841146 0.99822311875
2376.5288432 0.976537668794
2376.54927494 1.01735565605
2376.56970668 0.984253473651
2376.59013842 0.996606811074
2376.75359234 1.02699616752
2376.77402418 1.00204479627
2376.79445583 0.973618602635
2376.81488767 0.964526887956
2376.83531941 0.977052649234
2376.85575105 0.967125387861
2377.0192051 0.997172034977
2377.03963694 0.976649368958
2377.06006858 1.01416536563
2377.08050033 0.993991302137
2377.10093217 1.03565005581
2377.22352265 1.0031015491
2377.24395439 1.04467393672
2377.26438624 1.01854438429
2377.28481789 1.05731578343
2377.30524973 1.04765518315
2377.32568148 1.01732967632
2377.34611313 0.983697983294
2377.36654497 1.02538888313
2377.38697672 1.02155173274
2377.40740837 1.00722770251
2377.42784022 1.03958926927
2377.44827187 1.00603087802
2377.46870371 0.987510778199
2377.48913546 0.970507191723
2377.50956711 1.01877730083
2377.52999896 1.00111742788
2377.55043071 0.978325587039
2377.57086236 0.986730940163
2377.59129421 0.969615407961
2377.61172596 0.948144193202
2377.63215781 0.993513759428
2377.67302121 1.01385046297
2377.69345306 1.05514198258
2377.71388471 0.967947832384
2377.73431646 1.03257416568
2377.75474832 0.99005246453
2377.77518007 1.00219513812
2377.79561182 1.0345668795
2377.81604357 0.98264533977
2377.83647532 1.05841037731
2377.85690708 0.980067827116
2377.87733883 0.981651558492
2377.91820244 0.990857748319
2377.93863409 0.991796447503
2377.95906594 0.983790370368
2377.9794977 1.01556661848
2377.99992935 0.983848161596
2378.02036121 0.996442144936
2378.08165647 1.0326293707
2378.10208813 0.988560473813
2378.12251998 0.996610009514
2378.14295174 1.00833558565
2378.16338339 1.02210307894
2378.18381525 1.02434409997
2378.204247 1.02877039513
2378.22467866 1.0192530414
2378.24511052 1.05930034217
2378.26554228 0.975008405137
2378.28597413 1.00522916466
2378.30640579 1.00828996087
2378.32683755 1.0266389932
2378.46985996 1.0020238227
2378.49029172 1.00964191903
2378.51072348 0.980886532665
2378.53115524 0.990085473712
2378.551587 0.972081701256
2378.57201876 1.00982988507
2378.59245052 0.986905937498
2378.61288238 0.999248946986
2378.6537458 1.02803421228
2378.67417766 0.986831546265
2378.69460942 1.01957515317
2378.71504109 0.998768784854
2378.73547295 0.989535203213
2378.75590461 0.999230692017
2378.77633647 1.01220343494
2378.79676824 1.02733835114
2378.8171999 0.98574196535
2378.83763176 0.989602154795
2378.85806353 1.00931782625
2378.89892705 0.954743562108
2378.91935882 1.05074497739
2378.93979068 0.989703629083
2378.96022235 1.00671428857
2378.98065411 0.979776668244
2379.00108598 0.984660077047
2379.02151764 0.989343184261
2379.04194941 0.994002409142
2379.06238127 1.01523955493
2379.08281294 1.01739792209
2379.1032448 0.989014354089
2379.14410834 0.989772526201
2379.1645401 1.0253239756
2379.20540364 1.01888496612
2379.22583541 0.941020767206
2379.24626717 1.00512660682
2379.26669904 0.977799505011
2379.28713081 0.979326093079
2379.30756248 0.992452671239
2379.32799435 1.01903467115
2379.34842612 1.0294093128
2379.36885779 0.9625504773
2379.38928966 0.996508667151
2379.40972143 1.03156903624
2379.4301531 1.03493114495
2379.45058497 1.04735408946
2379.47101664 0.986956098693
2379.49144851 0.982269207042
2379.51188028 1.04135581583
2379.53231195 1.01788637271
2379.55274382 1.0272390351
2379.57317559 0.991473050579
2379.59360726 1.03880996219
2379.63447091 0.990352391572
2379.65490278 0.992578010236
2379.67533445 0.973599220501
2379.69576623 1.01918164097
2379.7161981 1.00927073766
2379.73662977 0.960109405045
2379.75706155 0.998110414897
2379.77749342 0.973181121091
2379.79792519 0.992929998941
2379.81835697 1.01348372493
2379.92051584 1.06029198575
2379.98181127 0.996925847972
2380.00224305 0.989916582434
2380.02267473 0.993093308044
2380.0431066 1.09339101482
2380.06353838 0.997293586568
2380.08397006 0.990037805002
2380.12483361 1.00104805037
2380.14526549 0.991872772622
2380.16569727 1.00718578477
2380.18612895 0.983134513524
2380.20656083 0.999474787058
2380.22699261 0.999706931959
2380.24742429 1.01124397797
2380.26785617 1.01639827754
2380.28828794 0.96649230788
2380.30871982 1.00090918254
2380.37001517 0.971702197728
2380.39044685 0.977519650049
2380.41087863 0.982165201407
2380.43131051 0.983554749642
2380.45174219 1.00013757046
2380.47217407 0.948221150886
2380.49260586 1.00273878989
2380.51303764 0.988204703229
2380.53346942 0.99878798624
2380.5539012 0.98847278097
2380.63562844 0.960424684314
2380.65606022 1.08431707896
2380.67649191 0.996525241701
2380.69692379 1.00390789909
2380.71735558 1.02531923163
2380.73778726 1.02205263988
2380.75821915 1.01543738316
2380.77865083 1.00289639168
2380.79908272 0.987414371049
2380.81951451 0.977610764525
2380.86037808 1.01270798322
2380.88080987 1.03989357933
2380.90124155 1.02521089646
2380.92167344 0.972735440679
2380.94210523 0.984167423536
2380.96253712 1.00952718008
2380.9829688 0.985189469402
2381.00340059 1.03918608167
2381.04426417 1.01609991023
2381.12599143 0.975495246569
2381.14642322 0.999991433378
2381.16685501 0.997756695868
2381.1872868 1.02420445121
2381.20771859 1.01791415572
2381.22815038 1.04364936205
2381.24858217 0.98682047407
2381.26901396 0.996006151876
2381.41203661 1.01189143969
