# #0 time, 1 flux
1977.36469101 1.00050409341
1977.38512328 1.00260973757
1977.40555555 0.999241906617
1977.42598782 1.00149920384
1977.44642019 1.0023102096
1977.46685236 0.998640429075
1977.48728473 1.00010599077
1977.50771699 0.999416639373
1977.52814916 0.998426657825
1977.54858153 1.00080746931
1977.56901379 1.00002598332
1977.58944596 1.00165847081
1977.60987833 0.998617446788
1977.63031059 0.999637951234
1977.65074276 1.00393936054
1977.67117512 0.999354711139
1977.69160738 0.999922258589
1977.71203955 1.00025318698
1977.73247191 0.999133716028
1977.75290417 1.00080175577
1977.77333633 1.00223209222
1977.7937687 1.00030093198
1977.81420096 1.00142397866
1977.83463322 1.00123428635
1977.85506548 1.00370728046
1977.87549774 0.99961403909
1977.89593 0.99938610606
1977.91636225 0.996990800725
1977.93679451 0.99936227333
1977.95722687 1.0006569669
1977.97765903 1.00101583094
1977.99809128 0.999856583553
1978.01852364 0.999215520832
1978.0389558 0.999058228057
1978.05938805 0.997879072597
1978.07982041 1.00130152236
1978.10025256 0.999318736678
1978.12068481 1.00055836099
1978.14111717 0.998363141395
1978.16154932 1.00013556001
1978.18198157 1.00095445021
1978.20241392 1.00065895101
1978.22284608 0.99986258891
1978.24327843 0.998348059389
1978.26371068 0.998396431431
1978.28414293 1.00063894591
1978.30457518 1.00018169819
1978.32500743 0.999621247278
1978.34543967 1.00067481483
1978.36587192 0.999681558758
1978.38630417 0.9996910916
1978.40673642 0.999922642762
1978.42716866 1.00106948844
1978.44760091 0.999952059936
1978.46803316 0.998693813161
1978.4884654 1.00025243579
1978.57019438 0.999263277412
1978.59062652 1.00067571783
1978.61105886 1.00050690548
1978.6314911 0.999714917671
1978.65192345 1.00096295908
1978.67235559 0.999441612273
1978.69278783 0.998700740213
1978.71322017 1.00042043129
1978.73365231 1.00069520718
1978.75408455 0.997323738891
1978.77451689 0.999308557154
1978.79494912 0.998660307172
1978.81538126 1.00055256549
1978.8358136 0.999480399678
1978.85624584 0.9990011369
1978.87667797 0.999766496079
1978.91754254 0.999183843599
1978.93797468 1.00018577935
1978.95840701 0.998319936756
1978.97883925 1.00012104662
1978.99927138 1.00131113228
1979.01970371 1.00192741026
1979.06056808 1.00013634441
1979.08100041 1.00043433131
1979.10143264 1.0018360011
1979.12186497 0.998991942059
1979.1422971 1.00245218233
1979.16272933 1.00151201555
1979.18316156 0.999648119233
1979.20359379 1.00046081283
1979.24445825 0.998676917413
1979.26489048 1.00163089702
1979.2853227 0.99796787555
1979.32618716 1.00027004955
1979.34661938 0.998217393058
1979.36705171 1.00000668511
1979.38748383 1.00058022238
1979.40791606 0.998816364245
1979.42834838 0.998376350435
1979.4487805 0.999237831991
1979.46921273 0.999991489259
1979.48964505 1.00066015844
1979.51007717 0.998613112672
1979.53050939 1.00008446613
1979.55094171 1.00058147399
1979.57137383 1.000914693
1979.59180615 1.00037238763
1979.61223837 0.997890022561
1979.63267059 0.999994921639
1979.65310281 0.999589308486
1979.67353503 1.00000905866
1979.69396725 0.999507500863
1979.71439947 0.99882018566
1979.73483168 0.999927644204
1979.7552639 0.999389897359
1979.77569612 0.998785121951
1979.79612833 1.00051230934
1979.81656055 1.00071058445
1979.83699286 0.999253920166
1979.85742497 1.00049496429
1979.87785719 0.999736952175
1979.8982894 1.0022831326
1979.91872161 1.00061032245
1979.93915383 0.997127931899
1979.95958604 1.00011161827
1979.98001825 0.999468179598
1980.00045046 1.00037381139
1980.02088267 0.998191316087
1980.04131488 1.00039814522
1980.06174719 0.99862141908
1980.0821793 0.999385105107
1980.10261151 0.999258472101
1980.12304382 0.999962347424
1980.14347593 1.0014761621
1980.16390813 1.00264454141
1980.18434044 0.999026512441
1980.20477265 0.999971006326
1980.22520475 1.00233899545
1980.26606926 1.00031492582
1980.28650137 0.99986879423
1980.30693367 1.00026241809
1980.32736588 1.00043138831
1980.34779798 1.00327010875
1980.36823028 0.999973656968
1980.40909459 0.999506277096
1980.42952689 1.00037673587
1980.44995909 1.00101285023
1980.47039129 0.999482744119
1980.49082349 1.00026696878
1980.51125569 1.00347541119
1980.53168799 0.99899709524
1980.55212009 0.998500930866
1980.57255228 1.00035989273
1980.59298458 0.998754705571
1980.61341668 0.999104566199
1980.63384888 1.00185155471
1980.65428117 1.001154298
1980.67471327 1.00004710925
1980.69514546 0.99752787331
1980.71557776 1.00192697866
1980.73600985 1.00128349858
1980.75644205 0.999231090026
1980.77687434 1.00077381347
1980.79730643 1.00165274776
1980.81773863 0.998708207914
1980.83817092 0.999768762026
1980.85860301 1.00061623945
1980.8790352 0.998487630576
1980.89946749 0.999890535661
1980.91989958 0.99960954417
1980.94033177 0.999773540147
1980.96076406 0.998027413641
1980.98119615 0.998057727532
1981.02206063 1.00232816951
1981.04249282 0.997505889526
1981.06292501 0.997861472457
1981.08335719 1.00123013074
1981.10378938 1.00005584045
1981.12422157 0.999845114239
1981.14465375 1.00013409522
1981.16508594 0.99876532975
1981.18551822 0.999738852051
1981.20595031 0.999739906349
1981.22638249 1.00315216115
1981.24681477 0.999625637368
1981.26724686 0.999158830059
1981.28767904 0.998943841837
1981.30811132 1.00057003313
1981.3285434 0.998901728249
1981.34897558 0.997483273614
1981.36940786 1.00261820229
1981.38983994 1.00097049094
1981.41027212 0.999637395745
1981.4307043 0.999854719877
1981.45113648 1.0014574351
1981.49200084 0.995436723049
1981.51243302 1.00090326491
1981.59416182 0.999921337507
1981.614594 1.00025688418
1981.63502607 1.0002743211
1981.65545835 0.99940442358
1981.67589052 1.00142260902
1981.69632259 0.999810533044
1981.71675487 1.00096266009
1981.73718704 1.00197158226
1981.75761911 0.999964048159
1981.77805138 1.00104523741
1981.79848356 1.00118532416
1981.81891563 0.998833831624
1981.8393479 1.00044128416
1981.85978007 1.00049511363
1981.88021224 1.0001942991
1981.90064441 1.00064011193
1981.92107657 0.999828745706
1981.94150884 1.00028861294
1981.96194091 0.999469205766
1981.98237308 0.998896979508
1982.00280535 1.00096664783
1982.02323751 0.998286654107
1982.04366958 0.999163059165
1982.06410184 0.998589202692
1982.08453401 1.00020256955
1982.10496607 1.00106388394
1982.12539834 0.99800650087
1982.1458304 0.998454424651
1982.16626256 1.00118556706
1982.18669483 1.00065497356
1982.20712689 0.999834070805
1982.28885554 0.998792901681
1982.3092878 0.999843718642
1982.32971986 1.00172619862
1982.35015202 0.997738392156
1982.39101643 1.00327425252
1982.41144859 1.00051147273
1982.43188075 1.00277946042
1982.45231291 0.998904160642
1982.47274506 0.999358403879
1982.49317722 1.00232436846
1982.51360938 0.998334899356
1982.53404163 0.999531499171
1982.55447369 0.999953947845
1982.57490584 0.999003317825
1982.5953381 0.999173017692
1982.61577015 1.00022743901
1982.6362023 1.00229894481
1982.65663456 1.00013688954
1982.67706661 0.999282585421
1982.69749876 1.00092912384
1982.71793101 1.00228598027
1982.73836306 0.998193965944
1982.75879521 0.999809007172
1982.77922746 1.00000508318
1982.79965951 0.999223319177
1982.82009166 0.998990890085
1982.84052391 0.997964331691
1982.86095606 0.998550733646
1982.88138821 1.00001898317
1982.90182036 0.999818568848
1982.9222524 1.00135157607
1982.94268465 1.00037546639
1982.98354884 1.00084712538
1983.00398109 1.00225293575
1983.02441323 1.0009928765
1983.04484528 0.998862724521
1983.06527752 1.00135285961
1983.08570967 0.997744663048
1983.10614171 1.00070307481
1983.12657395 0.998923061453
1983.14700609 1.00018736247
1983.16743814 0.999255048584
1983.18787038 1.00004473866
1983.20830252 1.00013241164
1983.22873466 0.999019742389
1983.2491668 0.998513366528
1983.26959894 1.00296647356
1983.29003108 0.999575035489
1983.31046322 0.997853233537
1983.33089536 1.00042005608
1983.3513276 1.00112777296
1983.37175973 1.00036680278
1983.39219177 0.999702610579
1983.41262401 0.999037609022
1983.47392042 0.998505987747
1983.49435255 1.00014841593
1983.51478459 0.999930067744
1983.53521682 1.00200867477
1983.55564895 0.998644686764
1983.57608099 1.00113433285
1983.59651322 0.999197202211
1983.61694535 1.0009605294
1983.63737739 1.00040782087
1983.65780962 1.00037297368
1983.67824165 1.00079838845
1983.69867388 1.00071400828
1983.71910601 1.00126069155
1983.73953804 1.00251053725
1983.75997017 1.00082453078
1983.7804024 0.999152438516
1983.80083453 0.999480479506
1983.82126666 0.998707492027
1983.84169878 1.00074486444
1983.86213091 0.998293266786
1983.88256314 0.999975603167
1983.90299517 0.999430483219
1983.92342729 1.00011125806
1983.94385952 1.00012094315
1983.96429154 0.999416822169
1984.00515589 0.998370345999
1984.02558792 0.999437383109
1984.04602004 0.999417399965
1984.06645226 1.00043957368
1984.08688429 0.998838519721
1984.12774863 0.998301684311
1984.14818065 0.997495079588
1984.22990913 0.996707679455
1984.25034135 1.00113013279
1984.27077347 1.00026842322
1984.29120559 0.999764632427
1984.31163771 0.998727553173
1984.33206983 0.999909612169
1984.35250205 0.999230591474
1984.37293406 1.00118495122
1984.39336608 1.00080891092
1984.41379829 1.00124917816
1984.43423041 0.994401855282
1984.45466243 1.00015096254
1984.47509464 1.00027219173
1984.49552675 0.998060138736
1984.51595877 0.999336128886
1984.53639098 0.998958485234
1984.5568231 1.00059062585
1984.57725511 0.99981030444
1984.59768732 0.998617835294
1984.61811943 1.00031066087
1984.63855154 1.00085208248
1984.65898365 0.999643981502
1984.67941577 1.00040498643
1984.69984788 1.00254315773
1984.72028008 1.00017082926
1984.74071209 1.00024449919
1984.7611443 1.00021957151
1984.78157641 1.0013491602
1984.80200842 0.99934719857
1984.82244063 1.00091166502
1984.84287273 1.00008057713
1984.86330474 0.998842646672
1984.88373695 0.999631881184
1984.96546537 0.999221453986
1984.98589737 0.99954179542
1985.00632958 1.00139120202
1985.02676168 1.00071891455
1985.04719378 0.999720094115
1985.06762589 1.00047354213
1985.08805799 0.998789473793
1985.10849009 1.00217008185
1985.12892219 0.999863826322
1985.14935429 1.00182581827
1985.16978629 1.00097981231
1985.19021849 0.99713839353
1985.21065059 0.999357089802
1985.25151479 1.00128524617
1985.27194689 0.99974846447
1985.29237909 1.00079705945
1985.31281109 0.997824076372
1985.33324318 0.998138440986
1985.35367538 0.997991672752
1985.37410738 0.999678408351
1985.41497167 0.994765928591
1985.43540367 1.00141408426
1985.45583576 0.999128187641
1985.47626795 0.999179845521
1985.49669995 1.00026111107
1985.51713204 0.998795436335
1985.53756424 1.00000607221
1985.55799633 0.999912846261
1985.57842832 0.997899620091
1985.59886051 0.99900672108
1985.6192926 0.998921554523
1985.6397246 0.999855551232
1985.66015679 0.999813001066
1985.68058888 1.00092559056
1985.70102107 0.99828056382
1985.72145306 1.00101854956
1985.74188514 1.00364949406
1985.76231733 1.00029553247
1985.78274932 1.00043115659
1985.80318141 0.998781102096
1985.8236136 1.00142042045
1985.84404558 1.00127513979
1985.90534184 0.993826091768
1985.92577393 1.00036369165
1985.94620601 1.00091550626
1985.9666381 0.999705710877
1985.98707018 0.999058659609
1986.00750227 1.0026703876
1986.02793435 1.00133621305
1986.04836643 0.998713649691
1986.06879861 1.00136151741
1986.0892306 0.997967290441
1986.10966268 1.00243526036
1986.13009486 0.998957685846
1986.15052684 0.999917258617
1986.17095902 1.00099211845
1986.1913911 0.99829546622
1986.21182308 1.00006462417
1986.23225526 1.00102586936
1986.25268734 0.999643834621
1986.27311932 1.0014950252
1986.2935515 1.00007217737
1986.31398357 0.999549843945
1986.33441555 1.00125870828
1986.35484773 0.999753084508
1986.3752798 0.99887931987
1986.39571188 0.999260819381
1986.41614396 0.998228209212
1986.43657603 1.00038157996
1986.47744018 0.997384040805
1986.51830433 0.999771495717
1986.5387365 1.00054353685
1986.55916847 1.00022658994
1986.57960055 0.998178251926
1986.60003262 1.00055503578
1986.64089686 0.994803094613
1986.66132883 0.999411838205
1986.6817609 0.998184323267
1986.70219307 0.999214256588
1986.72262504 1.00156218562
1986.74305711 1.00109473748
1986.76348928 0.997620555164
1986.78392125 1.00042211416
1986.80435332 1.00074420852
1986.82478548 1.00075201937
1986.84521745 0.999139388925
1986.86564952 1.00156548284
1986.90651375 1.00040926154
1986.92694572 1.00130008899
1986.94737788 0.999549365031
1986.96780995 1.00078564066
1986.98824191 0.999243612213
1987.00867408 1.00012469166
1987.02910614 1.00079885864
1987.0495381 0.999317191094
1987.06997026 0.999874564108
1987.09040233 0.99905876585
1987.11083449 0.996549086258
1987.13126645 0.993839149287
1987.15169851 1.00025318261
1987.17213067 1.00176969951
1987.19256263 1.00008585735
1987.21299469 0.999234904194
1987.23342685 1.00176750728
1987.25385881 1.00156120455
1987.27429087 1.00005196977
1987.29472303 1.00085098002
1987.31515499 0.99901264807
1987.33558705 1.00194690676
1987.3560192 1.00198654977
1987.37645116 1.00305691844
1987.39688322 0.99823612508
1987.41731527 0.999929841654
1987.43774733 0.999402411535
1987.45817938 1.00051499141
1987.47861154 0.997049274049
1987.49904349 0.997971590713
1987.56033965 0.999371775996
1987.58077181 0.997907916138
1987.62163581 0.995045914036
1987.64206796 1.00139004078
1987.66250001 1.00101777457
1987.68293197 1.00032656613
1987.70336412 1.00075792554
1987.72379617 0.99707447416
1987.74422822 0.999977577877
1987.76466027 0.99765405537
1987.78509232 0.998137175212
1987.80552436 0.999725654995
1987.82595641 1.00060719193
1987.84638846 0.998955806971
1987.86682051 0.993825694533
1987.88725255 0.99764534334
1987.9076846 1.00029173341
1987.92811665 1.00122467436
1987.94854879 0.999904063703
1987.98941288 1.00065447546
1988.00984493 1.00078327226
1988.03027687 0.998837495038
1988.05070902 1.00122291716
1988.07114106 0.999372538731
1988.091573 1.00190543148
1988.11200515 0.999508269699
1988.13243709 0.998691932759
1988.15286913 1.00090645062
1988.17330127 0.999227207709
1988.19373321 1.00217603075
1988.21416525 1.00010453251
1988.23459739 0.999609639758
1988.25502933 1.00062877644
1988.27546137 1.00035072442
1988.29589351 0.999971016461
1988.33675749 0.998448875339
1988.35718963 0.996175652677
1988.37762167 0.998312502518
1988.3980536 0.998644005507
1988.41848574 1.00008767269
1988.43891778 0.999979213632
1988.45934991 0.998615738272
1988.47978185 0.997394635641
1988.50021389 0.999393759442
1988.52064602 1.0003485145
1988.54107795 1.00343924769
1988.56150999 0.996313328167
1988.60237406 0.995658908725
1988.62280609 1.00172640748
1988.64323822 0.999109338067
1988.66367015 0.999918291154
1988.68410219 0.999429076703
1988.70453432 0.999343315196
1988.76583041 0.999045614736
1988.78626244 1.00002722762
1988.80669437 1.00043654519
1988.8271265 1.00077448708
1988.90885451 0.998530396511
1988.92928664 1.00020881625
1988.94971867 0.999906369053
1988.97015059 0.999069890167
1988.99058272 1.00073146169
1989.01101475 1.00047219585
1989.03144667 0.999784968081
1989.0518788 0.999489884403
1989.07231082 1.00168219843
1989.09274275 1.0008053826
1989.11317487 1.00059600583
1989.13360689 1.00204027265
1989.15403892 0.999845531259
1989.17447094 1.00134378249
1989.19490296 1.00201808037
1989.21533498 0.999670729549
1989.235767 1.00070031537
1989.25619903 0.999052699768
1989.29706317 0.999419928649
1989.31749509 0.99845404613
1989.33792711 0.99616335186
1989.35835923 0.99947044282
1989.37879115 0.999924774268
1989.39922326 1.00107802939
1989.41965528 0.999099552547
1989.4400872 0.999627901335
1989.46051932 0.999105978197
1989.48095134 1.00148018642
1989.64440746 1.00232016665
1989.66483947 1.00071981666
1989.68527139 0.999916174737
1989.7057035 1.00105727673
1989.72613551 0.999544496431
1989.74656742 0.998389684893
1989.76699954 0.999945249703
1989.78743155 0.999716322949
1989.80786346 1.00110394701
1989.82829557 0.99388212598
1989.84872758 1.0005230321
1989.86915969 0.999704059965
1989.8895916 1.0001719621
1989.91002361 0.999344900138
1989.93045572 0.999628306913
1989.95088763 0.998900536008
1989.97131963 1.00202583863
1989.99175174 0.999238059563
1990.01218365 1.00213346835
1990.03261566 1.00210243356
1990.05304776 0.999053715185
1990.07347967 1.00207995133
1990.09391167 1.00295788859
1990.11434378 1.00203336327
1990.13477579 0.99873920727
1990.15520769 0.999738579409
1990.1960718 0.999816766069
1990.2165037 0.997925752483
1990.23693581 1.00128936774
1990.25736781 0.998984195329
1990.27779981 0.999937820929
1990.29823181 0.996849640368
1990.31866381 0.994683826866
1990.33909582 1.00084506957
1990.35952782 1.00208760092
1990.37995972 1.00054281089
1990.40039182 1.00203067502
1990.42082382 0.999104442282
1990.44125572 1.00084254042
1990.46168782 0.999941119181
1990.48211982 0.999796944004
1990.50255181 0.998060640043
1990.56384781 0.994599221648
1990.58427981 0.999130133192
1990.6047118 1.00012191259
1990.6251438 1.00113857563
1990.64557589 0.999348338041
1990.66600779 0.999163539592
1990.68643978 1.00076010156
1990.70687188 1.00147196732
1990.74773587 1.00010844991
1990.76816786 0.999604813
1990.84989573 0.999744913162
1990.87032783 1.00015104902
1990.89075982 1.00202207277
1990.91119171 1.00102624048
1990.9316238 0.999901853626
1990.95205579 0.999078869432
1990.97248778 0.998360994392
1990.99291977 0.999790456808
1991.09507961 1.0007361174
1991.1155117 1.00018998266
1991.13594369 1.00051634154
1991.15637577 0.999770805934
1991.17680766 1.00046939537
1991.19723965 0.999191426173
1991.21767173 1.00115347124
1991.23810362 0.999796253771
1991.29939957 0.993240642853
1991.31983156 1.00095226652
1991.34026364 0.99924433921
1991.36069552 1.00095717371
1991.38112751 1.00254134193
1991.40155959 0.998992150479
1991.42199147 0.999631578237
1991.44242345 1.0000696059
1991.46285553 1.00140447494
1991.48328751 0.999953308266
1991.5037194 1.00105135062
1991.52415148 0.999983242413
1991.54458346 0.998053710819
1991.56501534 1.00075903212
1991.58544741 0.999411106873
1991.60587939 1.00142459507
1991.62631147 1.00048756091
1991.64674335 0.999687291243
1991.66717533 0.999243290332
1991.68760741 1.00099613231
1991.70803928 0.999963799847
1991.72847126 1.00058186532
1991.74890324 1.00095021365
1991.76933521 1.00292571637
1991.78976719 0.999584864581
1991.81019916 1.00118044323
1991.85106311 0.999717407908
1991.87149509 0.999933219864
1991.89192706 0.998833433022
1991.91235904 1.00046408779
1991.93279101 1.00000820769
1991.95322298 0.998558748447
1991.97365495 1.00099517669
1991.99408703 0.999668339746
1992.0145189 1.00233277078
1992.03495097 0.99562854401
1992.05538294 1.00076350409
1992.07581481 0.999818669372
1992.09624688 0.997963835962
1992.11667885 1.00109849803
1992.13711072 0.999813686673
1992.15754279 0.998501863648
1992.17797476 1.00099991876
1992.19840663 1.00136370988
1992.2188387 1.00017689671
1992.23927066 1.00209160455
1992.25970253 0.998300796757
1992.2801346 0.995519660656
1992.30056657 1.00009842731
1992.32099853 0.999033096388
1992.36186246 1.00095866056
1992.38229443 1.00053216759
1992.40272639 1.00063558526
1992.42315836 1.00086432648
1992.44359042 1.0000841846
1992.46402239 1.00055351872
1992.48445425 0.999483830869
1992.50488632 1.00366484482
1992.52531818 1.00002913846
1992.54575014 0.999414491294
1992.5661822 1.00213826848
1992.64790995 1.00014029099
1992.66834191 0.999387225576
1992.68877397 0.999354235596
1992.70920583 0.998934387135
1992.72963779 0.998288610936
1992.81136572 1.0012158389
1992.83179768 0.999278241627
1992.85222964 0.999398900318
1992.8726616 1.00137366976
1992.89309355 0.999887606187
1992.91352551 0.998288487662
1992.93395747 1.00065127421
1992.95438942 0.998820129271
1992.97482148 0.999905492282
1992.99525333 0.998643615232
1993.01568529 1.00098042633
1993.03611734 1.00076421432
1993.05654919 0.999527161425
1993.07698115 0.999151919621
1993.0974132 1.00111499731
1993.13827701 1.00158549146
1993.15870906 1.00014083485
1993.17914091 0.998430587846
1993.19957286 0.999440849642
1993.22000491 0.997861873796
1993.24043677 0.999601866354
1993.26086882 0.994216998572
1993.28130067 1.00349363465
1993.30173262 0.998993226554
1993.32216467 1.00265333235
1993.34259661 1.00081688579
1993.36302846 1.00060354244
1993.38346051 0.999479004948
1993.40389246 1.00064346153
1993.42432431 1.00009782033
1993.44475636 0.997971673595
1993.4651883 0.99966749938
1993.5060522 0.998889530406
1993.52648414 1.00157534615
1993.54691599 0.999324687157
1993.56734803 1.00058763187
1993.58777998 1.00126762166
1993.60821182 1.00112015566
1993.62864387 0.999131187171
1993.64907581 0.999665566508
1993.66950786 0.9996126425
1993.6899397 1.00122894778
1993.71037164 1.00167726626
1993.73080368 1.00059887625
1993.75123553 1.00012220257
1993.77166747 0.999467477515
1993.79209951 0.998558249233
1993.81253145 1.00081090028
1993.83296329 1.00102104235
1993.85339533 0.998773350388
1993.87382727 1.0024285657
1993.89425911 1.00103963171
1993.91469115 0.998318914504
1993.93512309 1.00080817452
1993.95555493 0.999260549579
1993.97598697 0.999037520332
1993.99641881 0.994317555756
1994.01685075 1.00026533904
1994.03728279 1.00005720977
1994.05771462 1.00004649191
1994.07814666 0.998883690237
1994.0985786 1.00098973991
1994.11901043 0.998507366227
1994.13944247 0.999176055389
1994.1598744 0.998262257831
1994.18030634 0.999998163332
1994.20073827 0.998828468553
1994.22117021 1.00243093177
1994.24160214 0.995399557868
1994.26203408 1.00074979369
1994.28246601 1.00246483608
1994.30289794 1.00051756489
1994.32332988 0.998187267964
1994.34376181 1.0006659223
1994.36419374 1.00019564143
1994.38462577 1.00086317269
1994.40505761 0.999075788139
1994.42548954 0.999615573257
1994.44592157 1.00096844108
1994.4663534 0.999260889409
1994.48678543 1.00107664846
1994.50721736 0.997820984838
1994.52764919 1.0029754076
1994.54808122 1.00172486805
1994.56851315 1.00076353626
1994.58894498 0.998762204905
1994.60937701 0.99963757823
1994.62980893 1.00045221584
1994.65024086 0.999580714629
1994.75240049 1.00129905335
1994.77283232 1.00171699529
1994.79326435 1.00007916374
1994.81369627 0.999529156619
1994.8341281 0.997701909182
1994.85456012 0.998807440687
1994.87499204 1.00074527067
1994.89542407 0.999102304892
1995.0180156 0.999802683525
1995.03844742 1.00005831922
1995.05887935 1.00183671214
1995.07931137 0.998528905259
1995.09974319 1.00183974746
1995.12017511 1.00220461069
1995.14060713 1.00174469376
1995.16103895 0.99913703498
1995.18147087 1.00037016702
1995.20190288 0.998723944078
1995.2223348 0.992223348826
1995.24276662 1.00124657973
1995.26319864 0.99989887567
1995.28363056 1.0009007705
1995.30406247 1.00024436535
1995.32449439 0.99994047983
1995.34492631 0.999212229089
1995.36535822 1.00102115161
1995.38579014 1.00155014696
1995.40622206 0.998499013966
1995.42665397 0.998217977572
1995.44708589 0.997954932519
1995.4675178 1.00050511558
1995.48794971 1.00160819497
1995.50838163 1.00122908791
1995.52881344 0.997267955777
1995.54924546 1.0007327142
1995.56967737 1.00161218163
1995.59010928 1.00006044013
1995.61054119 0.997437836878
1995.63097311 0.998011576559
1995.65140502 1.00088786303
1995.67183693 0.998404520872
1995.73313276 0.996743880478
1995.75356457 0.999132657277
1995.77399658 1.000443784
1995.79442849 0.998850070524
1995.8148603 0.998846381288
1995.83529231 1.00044580085
1995.85572422 1.00145881299
1995.87615603 1.00036743994
1995.89658803 0.998960408486
1995.91701994 1.00061761441
1995.93745175 0.998880372926
1995.95788376 0.994770574166
1995.97831566 1.00091119544
1995.99874747 1.00023914865
1996.01917948 1.00035089558
1996.03961138 0.999613062633
1996.06004329 0.998050865174
1996.08047519 1.00077420159
1996.1009071 1.00001884531
1996.121339 0.999558638929
1996.1417709 1.00049952791
1996.16220281 1.00249065398
1996.18263471 1.00110475821
1996.20306662 1.00171067904
1996.22349852 0.999760328723
1996.24393052 0.999313528637
1996.26436232 0.999768291922
1996.28479423 1.00056002253
1996.30522623 1.00168034591
1996.32565803 1.00073257795
1996.34608993 0.999601460126
1996.36652193 0.999892047478
1996.38695373 1.0003806325
1996.44824943 0.99310882991
1996.46868133 0.999484384436
1996.48911333 1.00009747121
1996.50954513 0.997766227032
1996.52997712 1.00002260742
1996.55040902 0.998883416751
1996.57084092 1.00025956028
1996.59127282 0.999249460777
1996.63213661 1.00052065062
1996.65256851 1.00083833755
1996.73429609 1.00098868619
1996.75472798 1.00118944387
1996.77515998 0.999487737527
1996.79559177 0.999831348657
1996.81602367 1.00007100792
1996.83645566 0.998599053777
1996.85688745 1.00189290682
1996.87731934 1.00020700233
1996.89775124 0.999500001587
1996.93861512 0.996017363708
1996.95904691 1.00236465445
1996.9794788 1.00080421579
1996.9999108 1.00096586163
1997.02034259 0.998893644621
1997.04077448 1.00003673688
1997.06120647 0.999330470307
1997.10207015 1.00336267829
1997.14293402 1.00064765223
1997.1837978 0.99558670881
1997.20422969 1.00090887755
1997.22466148 1.00099033827
1997.24509346 1.00031932181
1997.26552535 1.00085243941
1997.28595714 1.00091960512
1997.30638912 1.00025470991
1997.32682101 0.999494747687
1997.347253 0.999388122163
1997.36768478 1.00009704399
1997.38811667 0.999474433165
1997.40854865 1.00125266851
1997.42898044 0.998039005768
1997.44941232 1.00080923493
1997.4698443 1.00068363874
1997.49027609 1.00096958841
1997.51070797 0.997861752249
1997.53113995 0.999258542286
1997.55157184 1.00059938074
1997.57200362 0.998117766622
1997.5924356 1.00010717225
1997.61286738 1.00011347258
1997.63329927 0.999982597688
1997.65373125 0.996518914373
1997.67416303 0.997555027547
1997.69459501 0.99950511569
1997.71502689 1.00174451818
1997.73545867 1.00192659901
1997.75589065 1.00334147927
1997.77632253 0.998671419613
1997.79675431 1.00054680885
1997.81718629 0.999938417271
1997.83761816 1.00073865402
1997.85804994 1.00259097399
1997.91934568 0.994090809488
1997.93977755 1.0001782947
1997.96020943 0.999163511627
1997.98064131 1.00001675292
1998.00107318 0.999203887955
1998.02150506 1.000693589
1998.04193693 0.99975500968
1998.06236891 1.00002257213
1998.08280068 1.00058138619
1998.10323266 1.00122893541
1998.12366453 0.998667893006
1998.14409631 0.999116326294
1998.16452828 1.00075588619
1998.18496015 1.00176898593
1998.20539193 1.00158516407
1998.2258239 1.0011308875
1998.24625577 0.99941177375
1998.26668755 1.00050922391
1998.28711952 0.999775637796
1998.34841513 0.99698983014
1998.3688469 0.998258978101
1998.38927887 0.999047567198
1998.40971074 0.993421092126
1998.43014261 0.999919226759
1998.45057438 0.998589077044
1998.47100635 1.00082560593
1998.49143822 1.00088938805
1998.51187009 0.998379828825
1998.53230196 1.00170314655
1998.55273383 0.998441751064
1998.57316579 1.00060508359
1998.59359756 0.997996639911
2005.7651677 0.993411666548
2005.78559948 1.00135063648
2005.82646303 0.997764448049
2005.84689481 1.00008456957
2005.86732648 0.99949619784
2005.88775836 0.999377724567
2005.90819013 1.00096339425
2005.92862181 1.00119768296
2005.94905368 0.99977337701
2005.96948546 0.998599299554
2005.98991723 0.999906038696
2006.01034901 0.998885976614
2006.03078078 1.00118016121
2006.05121255 0.999346616512
2006.07164433 1.00181555896
2006.0920761 1.00023705588
2006.11250797 1.00051515901
2006.13293965 0.999354042891
2006.15337142 0.999851908996
2006.17380329 1.00009476278
2006.19423506 0.999117760251
2006.21466674 0.999357150888
2006.23509861 1.00017942518
2006.25553038 0.998856489638
2006.27596205 0.998371320998
2006.29639392 1.00194542329
2006.31682569 1.00015296804
2006.33725736 0.998443264496
2006.35768923 0.997336678903
2006.3781209 0.998351215295
2006.41898454 0.998459310017
2006.43941621 1.00100616187
2006.45984808 0.999679376613
2006.54157516 0.999703938164
2006.56200692 0.999567336507
2006.58243869 1.00075828301
2006.60287046 0.999082742597
2006.62330223 1.00263164115
2006.6437341 1.00210861546
2006.66416576 1.00041205951
2006.68459753 1.0009217625
2006.7050294 1.00339574713
2006.72546106 1.00006054674
2006.74589283 1.00320223422
2006.7663247 1.00041210385
2006.78675636 0.999959696425
2006.80718823 1.00000911892
2006.82761999 1.00065934506
2006.84805166 1.00122747749
2006.86848352 1.00189444113
2006.88891529 0.999788681107
2006.92977882 0.999236010446
2006.95021058 0.999592530101
2006.97064224 0.998560877331
2006.99107411 0.996060809661
2007.01150587 0.999042242842
2007.03193764 1.00089384755
2007.0523694 1.00178718773
2007.07280116 0.999904298098
2007.09323292 1.00047225435
2007.11366469 1.00005709125
2007.13409645 1.00008238784
2007.15452821 0.998399704114
2007.17495997 1.00067240041
2007.19539173 0.999010220636
2007.2158236 1.00103476128
2007.23625526 1.00068464262
2007.25668702 1.0010939497
2007.27711888 1.00101221233
2007.29755054 1.001084168
2007.3179823 1.00039626606
2007.33841416 1.00055393576
2007.35884582 0.999360816558
2007.37927758 0.99893960456
2007.39970944 1.00047627729
2007.4201411 0.999295716847
2007.44057296 1.00175761578
2007.50186823 0.999904706222
2007.52229999 1.0001177821
2007.54273175 1.00371646076
2007.56316351 1.00151046658
2007.64489054 0.999706859299
2007.66532229 0.999085814805
2007.68575415 0.998628027821
2007.70618581 0.999769787796
2007.72661756 1.00219088919
2007.74704932 0.99966313272
2007.76748108 0.999997436395
2007.78791293 1.0010955444
2007.80834469 0.999924631511
2007.82877634 1.00077836527
2007.8492082 0.999085139931
2007.86963985 1.00187197697
2007.89007161 0.999099747382
2007.91050346 1.00029214994
2007.93093511 0.999679069813
2007.95136687 0.999168582411
2007.97179872 0.999898186144
2007.99223038 1.00169552424
2008.01266213 0.998442782619
2008.03309398 0.998619935412
2008.05352574 0.99760299878
2008.09438924 0.998843356566
2008.11482099 0.999185453294
2008.13525275 1.00015459445
2008.2374115 0.999443983451
2008.25784335 0.998654150696
2008.27827501 1.00096018466
2008.29870676 0.999866086684
2008.31913861 0.998822139493
2008.33957026 0.998512394512
2008.36000201 0.998112641947
2008.38043386 1.00151715402
2008.40086551 0.999639805287
2008.42129726 1.00144327081
2008.4417291 0.999457356981
2008.50302425 0.999819453667
2008.5234561 1.00333099116
2008.54388785 1.00213002707
2008.5643196 0.999428956624
2008.58475124 1.00255889622
2008.60518309 1.00000494762
2008.62561484 1.00182336608
2008.64604649 1.0012061386
2008.66647833 0.997440286106
2008.68691008 0.99944535588
2008.70734173 1.00219661182
2008.72777357 0.999439556424
2008.74820532 1.00150397185
2008.76863717 0.998780064089
2008.78906881 1.00072090487
2008.80950056 0.998227739119
2008.8299324 0.996358927597
2008.85036405 1.00082301275
2008.87079579 1.00167022666
2008.89122764 0.999522826683
2008.91165928 1.00126283251
2008.93209103 1.00245455005
2008.95252287 1.00132757176
2008.97295452 1.00153283149
2008.99338626 1.00178933449
2009.0138181 1.00012932393
2009.05468149 0.999562657662
2009.07511333 1.00067565063
2009.09554508 0.998503966949
2009.13640856 0.999117817667
2009.1568403 0.998415000685
2009.17727215 0.999703957185
2009.19770379 0.994422575597
2009.21813553 1.0004496147
2009.2998625 1.00021505371
2009.32029424 1.00035439473
2009.34072588 1.00030722451
2009.36115772 0.999807439536
2009.38158946 1.00061941631
2009.4020213 0.99978281241
2009.42245294 1.00012094326
2009.44288468 1.00065461252
2009.46331652 0.999721912384
2009.48374816 0.999487008923
2009.5041799 0.998539492019
2009.52461174 0.999552878888
2009.54504347 0.998222606248
2009.56547511 1.00050230703
2009.58590695 1.00005585192
2009.60633869 1.00128671248
2009.62677033 0.999885436538
2009.64720217 0.999596741368
2009.6676339 1.00229504579
2009.68806554 1.00034114145
2009.70849738 0.999289384717
2009.72892912 0.999022109368
2009.74936095 1.00125562015
2009.76979259 1.00219372175
2009.79022433 1.00144696712
2009.8310878 1.00230816343
2009.85151953 0.999323149706
2009.87195127 0.99959501032
2009.89238301 0.997819085733
2009.95367821 0.998700390699
2009.99454168 0.999463741744
2010.01497342 1.00170630932
2010.03540515 0.99992598531
2010.05583689 1.00305218494
2010.07626862 1.00036955336
2010.09670045 0.999916167426
2010.11713219 1.00023667704
2010.13756382 0.998846312239
2010.15799565 0.998774727183
2010.17842739 0.999127071342
2010.19885902 0.997880912576
2010.21929085 1.00102893103
2010.23972259 1.00136231316
2010.26015422 1.00011449449
2010.28058605 1.00092364955
2010.30101778 0.998266093938
2010.32144941 1.00002457361
2010.34188125 1.00125265466
2010.36231298 1.00078628375
2010.38274481 1.0010587765
2010.40317644 0.998816310089
2010.44404 1.00057856823
2010.46447163 0.999847970104
2010.48490336 1.00009406186
2010.50533519 0.999462996495
2010.52576692 1.00067080067
2010.54619855 0.999903150601
2010.56663038 0.998106941423
2010.58706211 0.999885457286
2010.60749374 1.0006392879
2010.62792557 0.99968986267
2010.6483573 1.00052170569
2010.66878893 0.998876009033
2010.68922076 0.999735634393
2010.70965239 0.998705685305
2010.73008421 1.00029146981
2010.75051594 1.00248872568
2010.77094757 0.999122862071
2010.7913794 1.00254768979
2010.81181113 0.998781327124
2010.83224275 0.999097873879
2010.85267458 1.00114831299
2010.87310631 0.998771349366
2010.89353794 0.997724015309
2010.91396976 1.00061371083
2010.93440149 0.999933271657
2010.95483322 1.00246292764
2010.97526494 0.997787583237
2010.99569667 1.00080143634
2011.01612849 0.998287117916
2011.03656022 0.998612398233
2011.05699184 1.00075796919
2011.07742367 1.00070854627
2011.0978554 0.998782305689
2011.11828702 0.99908686279
2011.13871885 1.00109544276
2011.15915057 0.987462661101
2011.17958219 0.999919639736
2011.20001402 0.999415544367
2011.22044574 1.00104722074
2011.24087737 0.99833562979
2011.26130919 1.00009400462
2011.28174091 1.00053496431
2011.30217254 1.00043149288
2011.32260436 1.00144857443
2011.34303609 0.99630369372
2011.36346781 0.998276227546
2011.38389953 0.998964211582
2011.40433125 0.991429253079
2011.42476298 0.998924766429
2011.4451947 0.998835395174
2011.46562642 0.999260674624
2011.48605814 0.999080320645
2011.50648986 0.998506717441
2011.52692159 1.00173061243
2011.54735341 0.999288143515
2011.56778503 1.00101282449
2011.58821675 1.00036224592
2011.60864857 0.999643885535
2011.62908019 1.0003179957
2011.64951201 0.999240707381
2011.66994373 1.00032741992
2011.69037535 0.999121243973
2011.73123889 0.999693456399
2011.75167051 0.999631025626
2011.77210233 1.00047848472
2011.79253405 1.00164669294
2011.81296567 1.00074271211
2011.83339749 1.00051174668
2011.85382921 1.00025928792
2011.87426093 1.00040809146
2011.89469265 1.00115273225
2011.91512437 1.00019401188
2011.93555619 0.998676419907
2011.9559878 1.00137288799
2011.97641952 0.999273450043
2011.99685134 0.999685898981
2012.01728306 0.99868187216
2012.03771467 1.00030514129
2012.05814649 1.00084654315
2012.07857811 0.998958058942
2012.09900983 0.998704129716
2012.11944164 1.00006581123
2012.13987326 1.00123673739
2012.16030498 1.00068981015
2012.18073679 0.998688907427
2012.20116841 1.00027530701
2012.22160013 1.00083919075
2012.24203194 0.998367079408
2012.26246356 1.00071746698
2012.28289537 0.998620510496
2012.30332709 0.999701325271
2012.3237587 1.00005558393
2012.34419052 0.999067597894
2012.36462223 0.998211140399
2012.40548566 1.00160848318
2012.42591738 1.00122937728
2012.44634909 0.999316358161
2012.46678081 1.00004806628
2012.48721252 0.999601446311
2012.50764424 0.999674937037
2012.52807595 0.99763718212
2012.54850766 0.999159136633
2012.56893948 0.998051727233
2012.58937119 0.999850634032
2012.6098028 1.00053088883
2012.63023462 1.00036199041
2012.65066633 0.999822984401
2012.67109794 1.00161868932
2012.69152975 1.00046262523
2012.71196147 0.998435945297
2012.73239308 0.999044040937
2012.75282489 1.00134654416
2012.7732566 1.00122353463
2012.79368821 1.00012196998
2012.83455174 0.999935126348
2012.89584677 0.997828436225
2012.91627858 1.0003575237
2012.93671029 1.0006545505
2012.957142 1.00176090237
2012.97757371 0.999081182732
2012.99800542 1.0014797151
2013.01843713 1.00051766676
2013.03886884 0.99923599632
2013.05930055 1.00007855257
2013.07973226 0.998165406217
2013.10016407 1.0011991593
2013.12059568 0.999564366898
2013.14102749 1.00057538442
2013.1614592 1.00113906446
2013.24318593 1.00014191247
2013.28404945 1.00034843149
2013.30448106 1.00104231455
2013.32491287 1.00006416978
2013.34534457 1.00110336113
2013.36577618 1.00149222091
2013.38620799 0.999737106454
2013.40663969 0.999851481706
2013.4270714 1.00215484146
2013.44750311 0.999948146388
2013.46793482 0.998480162884
2013.48836652 1.00048830894
2013.50879823 0.999940176554
2013.52922994 0.998234817021
2013.54966164 0.999182221095
2013.57009335 0.999273024015
2013.59052505 0.99734985868
2013.61095686 1.00195586824
2013.63138846 1.00121114996
2013.65182017 1.00004098887
2013.67225198 0.999177823413
2013.69268358 0.996958763151
2013.71311529 0.996354547079
2013.73354709 1.00012607371
2013.75397869 0.999652487831
2013.7948422 1.0011952596
2013.81527381 0.998645259451
2013.87656892 0.998445334114
2013.89700072 0.997779001783
2013.91743243 1.0004870929
2013.93786413 0.99953584499
2013.95829583 0.99979624304
2013.97872754 1.00045662624
2013.99915924 1.00059500585
2014.01959094 0.998879695603
2014.04002265 1.00032573027
2014.06045445 0.99752798322
2014.08088615 0.999414457444
2014.10131775 1.00058251933
2014.12174956 0.999511502332
2014.14218126 1.00216097061
2014.16261286 0.999744557851
2014.18304466 0.99972591107
2014.20347636 1.00045614855
2014.22390796 1.00209023428
2014.24433977 0.999211695497
2014.26477137 0.998589169849
2014.28520307 1.00406426945
2014.30563487 1.00137396985
2014.32606647 0.999879327158
2014.34649827 0.999838502187
2014.36692997 1.0014839683
2014.38736157 0.999518045517
2014.40779337 1.00301122933
2014.42822507 1.00064933004
2014.44865677 1.00107446456
2014.46908847 1.00138170206
2014.48952017 1.00050301984
2014.50995187 0.999457296355
2014.53038357 1.00055919011
2014.55081527 0.999028698148
2014.57124697 0.998410693903
2014.59167877 0.998526431017
2014.61211036 1.00059700036
2014.63254216 1.00069000093
2014.65297386 0.998692773621
2014.67340546 1.00249072867
2014.69383726 1.0000684161
2014.71426896 0.998992534639
2014.73470055 0.999490647874
2014.75513235 0.99948811621
2014.77556405 1.00192933037
2014.81642745 0.997332245958
2014.83685914 0.987076151454
2014.85729074 0.999716116244
2014.87772254 0.999215140203
2014.89815423 1.00211893147
2014.91858593 1.00124253673
2014.93901763 1.00377406508
2014.95944932 0.999869044127
2014.97988102 1.00027419387
2017.86074959 0.999028633445
2017.88118136 0.997648791692
2017.90161294 1.00010104746
2017.92204462 1.00070309793
2017.9424764 0.999926317359
2017.96290798 0.998775450554
2017.98333966 1.0002355129
2018.00377144 0.999562398524
2018.02420302 1.0001582593
2018.0446347 0.999719428008
2018.06506648 1.00120834766
2018.08549806 1.00093054172
2018.10592983 0.998364351407
2018.12636151 0.998491054604
2018.14679319 1.00023525998
2018.16722487 1.00078436673
2018.18765655 0.999126288695
2018.20808823 1.00367654708
2018.2285199 0.999431447826
2018.24895158 0.999325543223
2018.26938326 0.999407106272
2018.28981504 0.999269066698
2018.31024661 0.999305673848
2018.33067829 0.998882932661
2018.35111007 0.999187021115
2018.37154165 1.00006273068
2018.39197342 0.99668393618
2018.4124051 0.999972615028
2018.43283668 1.00071957533
2018.45326845 1.00100035292
2018.47370013 0.999328907878
2018.49413171 0.999157430097
2018.51456348 1.00091417649
2018.53499506 1.00206014792
2018.55542674 0.999759403665
2018.57585851 1.00046267718
2018.59629009 0.998841228516
2018.61672187 1.00015335674
2018.63715354 1.0009864595
2018.65758522 1.00002410704
2018.69844857 1.00036882097
2018.71888025 0.998337859723
2018.7597436 0.994955909373
2018.78017527 1.00126788089
2018.80060705 0.997968911578
2018.82103862 1.00014229916
2018.8414704 0.999003354717
2018.86190207 1.00081934902
2018.88233365 0.999766903062
2018.90276542 1.00094292581
2018.9231971 1.00132324496
2018.94362867 0.997021181677
2018.96406045 1.00071782376
2018.98449212 1.00222192276
2019.00492369 0.999402300091
2019.02535547 0.998764635886
2019.04578714 0.998591946575
2019.06621872 1.00225355718
2019.08665049 1.00040255437
2019.10708216 0.999727406692
2019.12751384 1.00064883263
2019.14794551 0.999030152246
2019.16837719 0.999787694289
2019.18880886 1.00139098605
2019.20924053 1.00086113282
2019.22967221 0.998795400231
2019.25010388 1.0009477205
2019.27053555 1.00104668416
2019.29096723 0.998425905904
2019.3113989 1.00164821847
2019.33183057 0.998629049857
2019.35226234 1.00082275968
2019.37269402 0.998983374139
2019.39312559 1.00084771451
2019.41355736 0.99992310233
2019.43398903 0.998954122965
2019.45442061 0.999981069441
2019.47485238 0.999347219638
2019.49528405 0.999737395334
2019.51571562 0.99962214379
2019.5361474 0.998977262263
2019.55657907 1.00124585056
2019.57701064 1.0007029212
2019.59744241 1.0005502717
2019.61787408 0.999299805008
2019.63830585 1.00277313596
2019.65873743 1.0003554427
2019.6791691 0.999414927008
2019.69960087 0.999436184897
2019.72003244 1.00067765207
2019.76089588 0.999326977519
2019.78132755 0.999543089414
2019.80175912 0.999584487169
2019.82219089 1.00093430283
2019.84262257 0.999548310407
2019.86305424 0.999251817153
2019.88348591 1.00008573407
2019.90391748 1.00140071478
2019.92434925 1.00085417761
2019.94478092 1.00074885568
2019.96521249 1.00043397787
2019.98564426 0.999658869929
2020.00607593 0.999350129976
2020.0265075 0.999260340812
2020.04693927 0.999793237386
2020.06737094 1.00085945436
2020.08780251 0.998972511949
2020.10823428 0.998872890538
2020.12866595 0.999569810091
2020.14909772 1.00072468157
2020.16952929 1.00023326092
2020.18996096 0.998870306893
2020.21039272 0.999877349686
2020.23082429 1.00220045335
2020.25125596 0.998156667728
2020.27168773 1.0007943197
2020.2921194 0.999359892244
2020.31255097 1.00189007687
2020.33298274 1.00076191095
2020.35341441 1.00216666703
2020.37384608 0.998554159333
2020.39427774 0.99975226569
2020.41470941 1.0015992322
2020.43514118 0.999113429863
2020.45557275 0.999535512469
2020.47600442 1.00038388634
2020.49643609 0.999377909942
2020.51686775 1.00088362315
2020.53729942 1.00127938458
2020.55773109 1.00214783714
2020.57816276 1.00105306228
2020.59859443 1.00259503907
2020.61902609 0.999569925827
2020.63945776 1.00115744182
2020.65988953 1.00003059462
2020.6803211 1.00034205133
2020.70075276 1.00012160346
2020.72118453 0.999690001247
2020.7416161 1.00152925413
2020.76204777 0.999293311855
2020.78247953 1.00115434511
2020.8029112 0.998878034003
2020.82334277 1.00003170182
2020.84377453 0.998931394359
2020.8642062 1.00073132952
2020.88463787 1.00141932896
2020.96636453 1.00010749607
2020.9867962 0.996858040616
2021.00722797 0.999666724277
2021.02765953 0.998657022724
2021.0480912 1.00115808799
2021.06852297 1.00061048718
2021.08895453 0.999589036002
2021.1093862 1.00013576196
2021.12981796 0.999282294636
2021.15024953 1.0004913094
2021.17068129 0.998291500143
2021.19111296 0.999985829343
2021.21154453 1.00180004525
2021.23197629 0.999915553433
2021.25240796 1.00008846424
2021.27283952 0.999788206039
2021.29327129 0.999564941431
2021.31370285 1.00013584731
2021.33413452 0.99870609257
2021.35456628 0.998711189547
2021.37499795 0.999409001495
2021.39542961 1.00116351038
2021.41586128 1.00022848566
2021.43629294 1.0006005604
2021.45672461 1.00112568801
2021.47715627 0.999241402864
2021.49758794 1.00010783747
2021.5180197 0.999184502061
2021.53845127 0.998690979876
2021.55888293 0.999889510754
2021.5793147 0.998399022496
2021.59974626 0.999624937344
2021.62017802 1.00127590449
2021.64060969 0.999836164378
2021.74276801 0.999205748879
2021.76319967 1.00127077915
2021.78363124 0.998895925209
2021.804063 0.999776402376
2021.82449466 1.00004461635
2021.84492633 0.998594194241
2021.86535799 0.999262045365
2021.88578965 0.999471909037
2021.90622132 0.9994554752
2021.92665298 0.996103439811
2021.94708464 0.998384324016
2021.96751631 1.00091434704
2021.98794797 1.00013106345
2022.00837963 0.999393961659
2022.0288114 0.999445293715
2022.04924296 1.00031535195
2022.06967462 1.00064348863
2022.09010639 1.00003364519
2022.11053795 0.998512165846
2022.13096971 1.00012269284
2022.15140137 1.00090625063
2022.17183294 1.00162773559
2022.1922647 0.999701729833
2022.21269636 0.998936885555
2022.23312792 0.999661955458
2022.25355969 0.99994767619
2022.27399135 1.00213680133
2022.29442291 1.00176568998
2022.31485467 1.00047984386
2022.33528633 1.00069675652
2022.3557181 0.998453536661
2022.37614966 1.00058766198
2022.39658132 1.0000680013
2022.45787631 0.999306350737
2022.47830807 1.00107345933
2022.49873973 0.998513141409
2022.51917129 1.00167298857
2022.53960305 1.0012724431
2022.56003471 0.999859430312
2022.58046628 1.0021016041
2022.60089804 1.00111761163
2022.6213297 0.999383687255
2022.64176136 0.999320253161
2022.66219302 1.00196652408
2022.68262458 1.00106872408
2022.70305634 1.00195792014
2022.723488 0.999881837434
2022.74391957 1.00000352216
2022.76435133 0.99991745896
2022.78478299 0.998562196194
2022.80521455 1.0001844684
2022.82564631 1.00048205874
2022.84607797 0.999845421782
2022.86650973 1.00114682857
2022.88694129 0.998968640783
2022.90737295 1.00082032451
2022.92780471 0.997918955768
2022.94823627 0.999861705314
2022.96866793 1.0011415059
2022.98909969 0.998725264076
2023.00953135 1.00045980075
2023.02996291 0.999319698629
2023.05039467 1.00024029394
2023.07082633 1.0003973769
2023.09125799 1.00081664352
2023.11168965 0.998212909195
2023.13212131 0.999008712811
2023.15255307 1.00030060266
2023.17298463 0.995123814107
2023.19341629 0.998429182311
2023.21384805 1.00131573143
2023.23427961 0.999890171672
2023.25471127 1.0010389296
2023.27514303 0.998964515658
2023.29557459 0.999300866597
2023.33643801 1.00069383245
2023.35686957 0.998575857003
2023.37730133 0.999344129684
2023.39773289 1.00043763328
2023.41816455 0.993071937591
2023.43859631 1.00036824805
2023.45902787 1.00155350538
2023.47945953 1.00270647089
2023.49989129 0.999059525246
2023.52032295 0.999486558598
2023.54075451 1.00139705191
2023.56118626 1.00191003862
2023.58161792 0.998880005594
2023.60204958 1.00085279166
2023.62248124 1.00140147082
2023.70420788 1.0010359773
2023.72463963 0.998991014447
2023.74507119 1.00037372092
2023.76550285 0.999600634607
2023.78593461 0.999928857244
2023.80636617 1.00048023359
2023.82679793 0.997540598446
2023.84722959 0.999987246154
2023.86766114 1.00019148773
2023.90852456 0.999002795393
2023.92895612 0.999988974542
2023.94938788 0.999825996962
2023.96981954 1.00063039261
2023.99025119 1.00044542804
2024.01068285 1.00154582418
2024.03111451 0.998263404183
2024.05154617 1.00048363101
2024.07197783 0.998277779216
2024.09240948 1.00020877195
2024.11284114 1.00143835404
2024.1332728 1.00175936168
2024.15370446 0.994282709199
2024.17413611 0.999549687149
2024.19456777 0.999968783749
2024.21499943 0.99845633146
2024.23543119 0.999799414178
2024.25586275 1.00020803613
2024.2762945 1.00072488045
2024.29672616 0.998634053857
2024.31715772 0.999400746983
2024.33758948 1.00096815215
2024.35802113 0.998876614805
2024.37845269 0.99931571303
2024.39888445 0.994869689384
2024.41931611 1.0012197572
2024.43974766 0.99999332085
2024.46017942 0.999634305435
2024.48061108 0.999922066179
2024.50104283 1.00245359889
2024.52147439 1.00068042468
2024.54190605 1.00054290917
2024.56233781 0.999360537015
2024.58276936 1.0011411823
2024.60320102 0.999460779242
2024.62363278 1.00087679717
2024.64406433 0.996210110456
2024.66449599 0.999811247131
2024.68492775 0.997596319386
2024.7053594 1.00049667085
2024.72579106 1.00150341236
2024.74622272 1.00399588264
2024.76665427 1.00200336005
2024.78708603 0.998908023167
2024.80751769 1.00075744205
2024.82794924 1.00135217942
2024.848381 1.00034058083
2024.86881266 1.00029696323
2024.88924421 0.995221257635
2024.90967597 0.998168809537
2024.95053938 1.00026527642
2024.97097094 0.998955222614
2024.9914026 1.00152134694
2025.01183435 1.00110040963
2025.03226591 0.999511077218
2025.05269756 0.999295496015
2025.07312932 1.00012722305
2025.09356088 1.00034349743
2025.11399253 0.99871545574
2025.13442429 0.99604153391
2025.15485595 0.998920057133
2025.1752876 1.00136859151
2025.19571926 1.00077389974
2025.21615091 0.99947568005
2025.23658257 1.00133179682
2025.25701423 0.999458790811
2025.29787764 0.999178026233
2025.31830919 1.00059463149
2025.33874085 0.999224286031
2025.42046747 1.00290021021
2025.44089913 0.999040595516
2025.46133088 0.99939543293
2025.48176244 0.999567270559
2025.50219409 0.998470281488
2025.52262585 1.00208216865
2025.54305741 0.999596259178
2025.56348906 0.998596848205
2025.58392082 1.0002001624
2025.66564734 1.00017138091
2025.68607909 0.995607240325
2025.70651075 0.999067279706
2025.72694241 0.998854448593
2025.74737406 1.00067839682
2025.76780572 0.999189067512
2025.78823737 1.00054368216
2025.80866903 1.00172433638
2025.82910068 0.999386527156
2025.84953244 1.00098035388
2025.86996409 0.995008339029
2025.89039565 1.00061737372
2025.9108274 1.00006767295
2025.93125906 1.00047290904
2025.95169061 0.998408303723
2025.97212237 1.00169477059
2025.99255402 0.999552279555
2026.01298558 0.998839626241
2026.03341733 0.998449506155
2026.05384899 0.998821710624
2026.07428064 0.999279497874
2026.13557561 1.00086486177
2026.15600726 1.00090557918
2026.17643882 1.00147803778
2026.19687057 1.00037086053
2026.21730223 0.999496693831
2026.23773388 0.998905667595
2026.25816554 1.0013247967
2026.27859719 1.00005972438
2026.29902895 0.999869643112
2026.3194605 1.00088432369
2026.33989216 1.00007991644
2026.36032391 0.996113164814
2026.38075557 0.999349289713
2026.40118712 0.998411494848
2026.42161888 1.00053911328
2026.44205053 0.998415251928
2026.46248208 1.0016928947
2026.48291384 1.0034719253
2026.50334549 0.998256939902
2026.52377725 1.00160059611
2026.5442088 1.00046568811
2026.56464046 0.999385880006
2026.58507221 1.00024841835
2026.60550377 0.999570991253
2026.62593542 1.00057620296
2026.64636718 1.00049382637
2026.66679873 0.99662534481
2026.68723039 0.998809749346
2026.70766214 1.00024717461
2026.72809369 1.00053953886
2026.74852545 0.999899483491
2026.7689571 1.00072724429
2026.78938866 0.998910529311
2026.80982041 1.00326359502
2026.83025197 0.998826514302
2026.85068372 0.995048964609
2026.87111538 0.999028003726
2026.89154693 1.0026577461
2026.91197858 0.999971089281
2026.9937053 1.00160216123
2027.01413696 0.999310626314
2027.03456871 0.998185117976
2027.05500026 0.998300862507
2027.07543192 0.998769830918
2027.09586367 0.995351364993
2027.11629523 1.00091788245
2027.13672688 0.999596169196
2027.15715864 0.998291402471
2027.17759019 1.00180158299
2027.19802194 1.00047929909
2027.23888515 1.00099151895
2027.25931691 1.00111404183
2027.27974856 0.998705370262
2027.30018011 0.998739185904
2027.36147528 1.00002422007
2027.38190683 1.00019483377
2027.40233849 0.999806682047
2027.42277024 0.998198115524
2027.44320179 1.00093336955
2027.46363345 1.00342611469
2027.4840651 1.00134660038
2027.50449686 0.999809299145
2027.52492841 0.998964899512
2027.54536016 0.999758194032
2027.56579172 1.00070033521
2027.60665513 0.999606381503
2027.62708668 0.999903328707
2027.64751844 1.00182434465
2027.66795009 0.999226539462
2027.68838164 1.00105311283
2027.7088134 0.998325722189
2027.72924505 0.99985975831
2027.74967661 0.999642427101
2027.77010836 1.00001723279
2027.79054001 0.999874569676
2027.85183498 1.00065340736
2027.87226673 0.998603612205
2027.89269828 0.999122885326
2027.91312994 1.0003050018
2027.93356169 0.999828436648
2027.95399325 0.999403999651
2027.9744249 1.00101259218
2027.99485665 0.999726619842
2028.01528831 1.00340791711
2028.03571996 1.00156760526
2028.05615162 1.00053322105
2028.07658327 1.00243720942
2028.09701492 0.999152256139
2028.17874154 1.00167929659
2028.19917319 1.00196374516
2028.21960485 1.00065659954
2028.2400365 1.00157998542
2028.26046826 0.999544076736
2028.28089981 1.00003948111
2028.30133147 0.999166089443
2028.32176322 0.999852105002
2028.34219477 1.00051691027
2028.36262643 0.999273133094
2028.38305818 0.999401764672
2028.40348974 1.00094687556
2028.42392149 0.998493487696
2028.44435314 1.0000858517
2028.4647847 0.999394495142
2028.48521645 1.00019789471
2028.50564811 1.00039400255
2028.52607966 1.0008104942
2028.54651141 1.00053788914
2028.56694307 0.994571894563
2028.58737472 0.997512636669
2028.60780638 1.00158094359
2028.62823803 1.00355222477
2028.64866978 1.00024037019
2028.66910134 0.999853442885
2028.68953299 1.00071900022
2028.70996475 0.998684729127
2028.75082796 1.00013012357
2028.77125971 1.00013793653
2028.83255467 1.00028297843
2028.85298633 0.998821862262
2028.87341798 0.998736127356
2028.89384964 0.998959921016
2028.91428119 0.999816000557
2028.93471294 1.00107761588
2028.9551446 0.999671961746
2028.97557615 0.99946409683
2028.99600791 1.00017889752
2029.01643956 0.998957572008
2029.03687112 1.00013716396
2029.05730287 0.997935908004
2029.07773452 0.998778203521
2029.15946124 0.998919718353
2029.1798928 0.999253366562
2029.20032445 0.999792617746
2029.2207562 1.00193886254
2029.26161951 1.00202556264
2029.28205117 0.999605791023
2029.32291448 1.00062329698
2029.34334613 0.999854326558
2029.38420954 0.999277467563
2029.40464109 0.999476440002
2029.42507275 1.00113628101
2029.4455045 0.99831254408
2029.46593606 1.00184443041
2029.50679947 1.00150267196
2029.52723102 0.999650212585
2029.56809433 1.00014574896
2029.58852599 1.00048778263
2029.60895774 1.00231292194
2029.6293893 1.00289963496
2029.64982095 0.998043010664
2029.6702527 1.00100069793
2029.69068426 0.999639669622
2029.71111601 0.999477900222
2029.73154767 0.998524808044
2029.75197932 1.00095696889
2029.77241098 0.999021148984
2029.79284263 0.997950771792
2029.81327429 1.00155603952
2029.83370594 0.998342952971
2029.8541376 1.00160020222
2029.87456935 0.999391321953
2029.89500101 1.00028568969
2029.91543256 0.999239335353
2029.93586432 0.998184880568
2029.95629597 1.00210492836
2029.97672753 1.00121121882
2029.99715928 0.998177149435
2030.01759094 1.0035095197
2030.03802249 1.00015218303
2030.05845425 1.00119027407
2030.0788859 1.00115555864
2030.09931766 1.00156313273
2030.18104418 1.00218192516
2030.20147583 1.00126197873
2030.22190749 0.99987467384
2030.24233914 1.00333082853
2030.2627708 0.999991794728
2030.28320246 0.999514647041
2030.30363411 0.998558497147
2030.32406587 0.999681857866
2030.34449742 0.999516282297
2030.36492908 0.998437108268
2030.38536083 0.998200012553
2030.40579249 1.00014966487
2030.42622404 1.00028655004
2030.4466558 0.999700633894
2030.46708745 1.00109413857
2030.48751911 1.00013118757
2030.50795077 0.998234858314
2030.52838242 0.9964330123
2030.54881408 1.00051718189
2030.56924573 0.999120081445
2030.58967739 1.00100363978
2030.61010914 0.999341632892
2030.6305407 0.998795971742
2030.65097236 0.999583700223
2030.67140411 1.00006983517
2030.69183567 1.00127562982
2030.71226742 1.0016914198
2030.73269908 0.99974798311
2030.79399405 1.00059989999
2030.8144256 0.999122991931
2030.83485736 0.998612944486
2030.85528901 1.00113262908
2030.87572067 1.00061160171
2030.89615233 0.998796326136
2030.91658398 0.998107599468
2030.93701564 1.00044859693
2030.9574473 0.998008014814
2030.97787895 1.00026889172
2030.99831061 1.00259551687
2031.01874226 0.997248401311
2031.03917392 0.998753275939
2031.05960568 1.00001168066
2031.08003723 1.00103947325
2031.10046899 0.999974551655
2031.12090065 1.00181155376
2031.1413322 0.999869360269
2031.16176396 0.997665826199
2031.18219562 0.998925384074
2031.20262717 1.00026824129
2031.22305893 0.998683466355
2031.24349058 0.998973966298
2031.2843539 1.00127361706
2031.30478555 1.00138547492
2031.32521731 0.999218340771
2031.34564887 1.00116025758
2031.36608053 0.999646047793
2031.38651228 1.00086776702
2031.40694384 1.00044264687
2031.4273755 0.998130910946
2031.44780725 1.00058152217
2031.46823881 0.999244301272
2031.48867057 1.00085596829
2031.52953388 1.00109686199
2031.54996554 0.998849493023
2031.5703972 0.999741221082
2031.59082875 1.00261820068
2031.61126051 0.998665550668
2031.63169217 1.00167888347
2031.65212372 0.999416471722
2031.67255548 1.00098279399
2031.69298714 0.999898414772
2031.7134188 1.00012711283
2031.73385045 1.00131087821
2031.75428211 0.995741849088
2031.77471387 1.00223068291
2031.79514543 0.997654139593
2031.81557708 1.00063891792
2031.83600884 0.997141502767
2031.8564404 0.999005577933
2031.87687216 0.998582682991
2031.89730382 0.999624146425
2031.91773537 1.00084522645
2031.93816713 0.999378275637
2031.95859879 0.999753459608
2031.97903035 1.00132867647
2031.9994621 0.998682356611
2032.01989376 0.998028012951
2032.04032542 1.00006617416
2032.06075708 0.998688492261
2032.08118874 0.999957396131
2032.1016205 1.00205778633
2032.12205205 0.999589362942
2032.14248371 0.999803986088
2032.16291547 1.00030959674
2032.18334703 0.999747895281
2032.20377869 0.99928119018
2032.22421045 1.0017174101
2032.2446421 0.999965547757
2032.26507376 0.999023306672
2032.3468004 1.00277719524
2032.36723196 1.00047223431
2032.38766371 1.00036238759
2032.40809537 0.999761653192
2032.42852693 1.0019628553
2032.44895869 0.999546637428
2032.48982211 1.00043649454
2032.51025367 1.00045285131
2032.53068533 1.00183751904
2032.55111709 0.997480375623
2032.57154865 0.998784570872
2032.5919803 0.998561632168
2032.61241206 0.998408669561
2032.63284362 1.00138210494
2032.65327538 1.0015182771
2032.67370704 0.998905929274
2032.6941386 0.999973544326
2032.71457036 0.997264619536
2032.73500202 0.994161212376
2032.75543368 0.998598176705
2032.77586534 1.00208891529
2032.796297 1.00055009833
2032.81672866 1.00017796017
2032.83716032 1.00352391727
2032.85759198 0.998591603628
2032.87802364 1.00131703533
2032.8984554 1.00096104267
2032.91888696 1.00102409473
2032.93931872 0.999965197965
2032.98018194 0.99585945153
2033.0006137 0.997484054129
2033.02104526 1.00200496887
2033.04147702 1.00161327071
2033.06190868 0.999634755792
2033.08234024 0.997954179186
2033.102772 1.00056095762
2033.12320366 0.998926125683
2033.14363522 1.0009991045
2033.16406698 0.998439538431
2033.18449864 1.00116141457
2033.2049302 0.998035575678
2033.22536196 0.99607601722
2033.24579363 1.00261179186
2033.26622539 1.00012148958
2033.28665695 1.00096834112
2033.30708861 0.999409382207
2033.32752037 0.998616773543
2033.34795193 0.997358528951
2033.36838359 0.997991442791
2033.38881535 1.0009101992
2033.40924701 1.00298547909
2033.42967868 0.997342394597
2033.51140532 1.00040772295
2033.53183698 0.999126302864
2033.55226874 0.998533277771
2033.57270031 1.00226058368
2033.59313207 1.00026037343
2033.61356363 1.00151015228
2033.63399529 1.00085710734
2033.65442705 0.999745070702
2033.67485862 1.00110383311
2033.69529028 0.999502405251
2033.71572204 0.997904118834
2033.7361536 0.999872976228
2033.75658526 0.99888502982
2033.77701703 1.00011946624
2033.79744859 1.00169897138
2033.81788035 0.998728714723
2033.83831201 1.00392488883
2033.85874358 0.999622562003
2033.87917534 1.00233551634
2033.92003866 0.999972254359
2033.94047033 0.998636470231
2033.96090199 0.999631430879
2033.98133375 0.999113116305
2034.00176531 1.00020360723
2034.02219698 1.00126589946
2034.04262874 1.00045448331
2034.0630604 1.00215025969
2034.08349197 1.00019790941
2034.10392373 0.999744999563
2034.12435539 0.999919534529
2034.14478696 1.00033330496
2034.16521872 0.999504925909
2034.18565038 0.997952948659
2034.22651371 1.00155669162
2034.24694537 1.00179785198
2034.26737704 0.998349595483
2034.2878087 0.999535192708
2034.30824037 0.998387936869
2034.32867203 1.00063379003
2034.34910369 1.00202257114
2034.36953546 0.999739554042
2034.38996702 0.999959804673
2034.41039869 1.00150640488
2034.43083045 0.998159236101
2034.45126201 0.996299958915
2034.47169368 1.00147871672
2034.49212544 1.00043097691
2034.51255701 1.00115136312
2034.53298867 0.99899555045
2034.55342044 0.999301636655
2034.573852 0.999445349834
2034.59428377 1.00016644345
2034.61471543 1.00129464793
2034.6351471 0.999953653232
2034.65557876 0.999120877334
2034.75773719 1.0000257483
2034.77816885 0.999177273589
2034.79860042 1.00071147187
2034.81903218 0.999817452561
2034.83946385 0.999873850054
2034.85989541 1.00171397235
2034.88032718 0.999842871567
2034.90075885 0.999744311666
2034.92119041 1.00111128331
2034.94162218 0.997797590785
2034.96205384 1.00256118529
2034.98248551 0.998533685662
2035.00291718 1.00192908334
2035.02334874 0.999885164031
2035.04378051 1.00100764045
2035.06421218 0.9983706142
2035.08464374 0.998645559262
2035.10507551 1.00043087051
2035.12550717 1.00183253316
2035.14593894 0.99922289753
2035.16637051 1.00110733948
2035.18680217 0.99697803729
2035.20723394 0.997785850985
2035.22766551 1.00184352392
2035.24809718 1.00125401333
2035.26852894 0.998812451988
2035.28896061 0.999929128935
2035.30939228 0.99852872463
2035.32982394 1.00161950555
2035.35025561 0.999675046151
2035.37068728 1.00036480803
2035.39111895 0.999957548428
2035.41155061 0.999292602063
2035.45241395 1.00024717513
2035.47284562 0.99884179021
2035.49327739 1.00319915623
2035.51370895 1.00105123407
2035.53414072 1.00068571702
2035.55457239 0.999777404278
2035.59543573 1.00062617256
2035.61586739 0.999863173288
2035.63629896 1.00094026305
2035.65673073 0.998002612892
2035.6771623 0.996245839258
2035.69759407 1.00124683475
2035.71802574 0.99998942498
2035.73845731 1.00115278078
2035.75888908 1.00201710646
2035.77932074 1.00151887865
2035.79975241 1.00162809167
2035.82018408 0.999808222717
2035.84061575 0.998553913848
2035.86104752 0.999943351617
2035.88147909 0.998736093342
2035.90191076 0.999848689558
2035.92234253 0.996687014778
2035.9427742 1.00028539751
2035.96320577 1.00349270402
2035.98363754 1.0028786014
2036.00406921 0.999768478334
2036.02450078 0.999847286818
2036.04493255 1.00221291446
2036.06536422 1.00186306306
2036.08579599 0.999344630339
2036.10622756 0.999119297198
2036.12665923 0.999296719714
2036.147091 1.0011642524
2036.16752257 0.996497670707
2036.18795424 0.999278710719
2036.20838601 1.00233191169
2036.22881758 1.00009165587
2036.24924935 1.00013119743
2036.26968092 0.999545362251
2036.29011259 0.999758129301
2036.31054437 0.999843270762
2036.33097604 0.999040218509
2036.35140761 1.00024367398
2036.37183938 1.00080666924
2036.43313439 1.00086103077
2036.45356597 0.998708412664
2036.47399774 0.999693929225
2036.49442941 1.00091427349
2036.51486108 0.998468738094
2036.55572443 0.999773782457
2036.5761561 1.00019161828
2036.59658787 1.00109370569
2036.61701944 0.999705852865
2036.63745121 0.998511299136
2036.65788289 0.997646734196
2036.67831446 1.00338249364
2036.69874623 1.00131943798
2036.71917791 1.00001604424
2036.76004125 0.999595575315
2036.78047292 1.00122370026
2036.8009047 0.999866287608
2036.82133627 0.998995691392
2036.84176794 0.999790297603
2036.86219972 1.00002213873
2036.88263129 0.999306943091
2036.92349474 0.999449267993
2036.94392631 1.00135508382
2036.96435799 1.00006024239
2036.98478976 1.00007286673
2037.00522133 1.00047864522
2037.02565311 0.9989555365
2037.04608468 0.998616785422
2037.06651636 0.99896789185
2037.08694813 1.00153386898
2037.10737981 0.998422787647
2037.16867483 1.00042438557
2037.18910651 1.0032391435
2037.20953818 0.999593212571
2037.22996986 1.00115389828
2037.25040153 1.00245157596
2037.27083321 0.998855993814
2037.29126488 0.999993096268
2037.31169666 1.002152321
2037.33212823 1.00019281539
2037.35256001 1.00139881636
2037.37299168 1.00007860589
2037.41385504 0.9992145398
2037.43428671 1.00131201635
2037.45471829 0.99885619983
2037.47515006 1.00127993416
2037.49558174 1.00088675528
2037.51601332 1.00018865504
2037.53644509 1.00107117011
2037.55687677 1.00078984079
2037.57730855 1.0002788101
2037.59774012 0.998040615392
2037.6181718 0.998954630888
2037.63860348 0.994717114378
2037.65903515 1.00068473019
2037.67946683 1.00215762976
2037.69989851 0.999178125988
2037.72033019 0.999034979976
2037.74076196 0.999566644749
2037.76119354 1.00110246115
2037.84292025 1.00151366713
2037.86335203 0.998871915269
2037.88378371 0.995419549427
2037.90421539 0.9990961695
2037.92464706 1.00080322963
2037.94507874 1.00057962955
2037.96551052 1.00151420951
2037.9859421 0.999537428639
2038.00637378 0.998933185527
2038.02680556 0.999471690137
2038.04723714 1.00030867717
2038.06766882 0.999268553823
2038.0881006 0.998744981298
2038.14939563 1.00109567204
2038.16982721 0.999398931852
2038.19025899 1.00198073494
2038.21069067 0.999274009943
2038.23112225 0.999741965045
2038.25155403 1.0008682728
2038.27198571 0.998776111541
2038.29241739 0.998952332419
2038.31284907 1.00005292232
2038.33328075 1.00111239776
2038.35371243 0.998283343156
2038.37414411 0.998326997394
2038.3945758 1.00008152583
2038.41500748 1.00235593747
2038.43543916 1.00027459913
2038.45587094 1.00105053745
2038.47630262 1.0003291339
2038.4967342 1.0013564826
2038.51716598 0.998543390388
2038.53759766 0.999182207879
2038.55802925 1.00038067343
2038.57846103 1.00095712191
2038.63975607 1.00126946112
2038.66018775 1.00064063327
2038.68061954 0.999707124184
2038.70105112 1.00058965929
2038.7214828 1.00070728925
2038.74191458 0.999394852894
2038.76234617 0.999959551418
2038.78277785 0.999265590232
2038.80320963 0.998822784986
2038.82364122 1.00104947515
2038.844073 1.00028588561
2038.86450468 0.996149017799
2038.88493627 1.00084465311
2038.90536805 1.00091161655
2038.92579973 0.999892550964
2038.94623142 0.999629057889
2038.9666631 0.999665207456
2038.98709478 0.999764070391
2039.00752647 1.00171736471
2039.02795815 0.996884881791
2039.04838984 1.00024134863
2039.06882152 0.99755229764
2039.0892532 0.998792794006
2039.10968489 0.995380036279
2039.13011667 0.998801859736
2039.15054826 1.00028072478
2039.17097994 1.00018797643
2039.19141173 0.997629249175
2039.21184331 1.00075785733
2039.2322751 1.00021705488
2039.25270678 0.997183260055
2039.27313837 1.00017967608
2039.29357015 0.998923052825
2039.31400184 0.998815595002
2039.39572868 0.99908763035
2039.41616027 1.00065420141
2039.43659196 1.00129137022
2039.45702374 1.00271464936
2039.47745533 1.00143961188
2039.49788702 1.00070126593
2039.5183188 1.00027881928
2039.53875039 0.999029733526
2039.55918208 1.00088933687
2039.57961386 0.999488527201
2039.60004555 1.00093687941
2039.62047724 0.998390597131
2039.64090893 1.00138439712
2039.66134051 0.999243239555
2039.6817723 1.00035937036
2039.70220399 0.99964422272
2039.72263558 0.997215670553
2039.74306737 0.999207858418
2039.76349905 0.997691868241
2039.78393084 1.00056776248
2039.80436243 1.00367844957
2039.82479412 0.999440996246
2039.8656575 1.00022658894
2039.88608919 0.999338689383
2039.90652098 1.00159575457
2039.92695256 1.00150437693
2039.94738425 1.00125704681
2039.96781604 0.998769647589
2039.98824763 0.999915046595
2040.00867942 0.999491616008
2040.02911111 1.00087231959
2040.0495427 1.00105061427
2040.06997449 0.999075372722
2040.09040618 0.993371601556
2040.11083777 0.999746722069
2040.13126956 1.00046999366
2040.15170125 1.00334262989
2040.17213304 1.00080602599
2040.19256463 1.00050618456
2040.21299633 0.999383569965
2040.23342812 0.998674275179
2040.25385981 0.999196670113
2040.2742914 1.0001648861
2040.29472319 1.0007918939
2040.31515488 0.999151183569
2040.33558657 0.993281979663
2040.35601827 1.00003995281
2040.37644996 0.997197293396
2040.41731334 0.999968431059
2040.43774493 1.00063115525
2040.45817673 1.00173191855
2040.49904001 1.00158495075
2040.5194718 0.999697996553
2040.5399035 1.00119829737
2040.56033529 1.00168588532
2040.58076688 0.994363458355
2040.60119858 0.999899208334
2040.62163037 1.00019651258
2040.64206196 1.00168844341
2040.66249366 1.00169712506
2040.68292545 0.99964633302
2040.70335704 0.999372696222
2040.72378884 1.00254420885
2040.74422053 1.00009998514
2040.76465223 0.997952000954
2040.78508392 0.999937552226
2040.82594731 0.996551366444
2040.84637901 1.00237246534
2040.8668107 0.999057604448
2040.8872425 0.998809496404
2040.90767409 1.00049920992
2040.92810579 0.998784688642
2040.94853758 0.998365758521
2040.96896928 1.00003754371
2040.98940087 0.999516234182
2041.00983267 1.00127429053
2041.03026426 0.999727503808
2041.05069596 0.999431494224
2041.07112776 0.993888447803
2041.09155935 1.00014116254
2041.11199115 1.00215550609
2041.13242285 0.999046741599
2041.15285444 1.00084930228
2041.35717152 1.00185332463
2041.37760322 1.00279830355
2041.39803501 1.00050323673
2041.41846661 1.00223614753
2041.43889831 0.998479381415
2041.50019351 1.00115219359
2041.52062521 0.997426250873
2041.54105691 0.999984391649
2041.56148861 0.997509283191
2041.58192031 0.999870844715
2041.60235201 0.999653805795
2041.62278381 0.998227804161
2041.64321541 1.0000773921
2041.66364721 0.999537960308
2041.68407881 1.0025673141
2041.70451051 0.99919012841
2041.74537391 0.999778561151
2041.76580561 0.999461142801
2041.78623741 0.999379611691
2041.80666901 0.997375785178
2041.82710081 1.00128936926
2041.84753251 1.00042303869
2041.86796411 0.998840502874
2041.88839592 1.00098088813
2041.90882762 1.0013411154
2041.92925922 0.999978954566
2041.94969102 0.99985507132
2041.97012272 0.999154967756
2041.99055443 1.00124535427
2042.03141783 1.00101157417
2042.05184964 0.990931487159
2042.07228124 0.998692669655
2042.09271294 1.0003673581
2042.11314474 1.00304117635
2042.13357645 0.999858991118
2042.15400805 1.00012840053
2042.17443985 1.00143523115
2042.19487156 1.00035444843
2042.21530326 0.998947778517
2042.23573497 1.00119194626
2042.25616667 1.00153004885
2042.27659848 1.00097879094
2042.29703008 0.99416955667
2042.31746178 1.00003309694
2042.33789349 1.00035090004
2042.35832519 0.998994105799
2042.378757 1.0001726335
2042.3991886 1.00008986359
2042.41962031 1.0012389229
2042.44005212 0.999767668766
2042.46048372 0.999423223757
2042.48091543 1.00130036492
2042.50134723 0.998656858758
2042.54221055 1.00065849958
2042.56264235 1.00096739488
2042.58307396 1.00079496905
2042.60350577 1.0027312693
2042.62393747 0.999856860349
2042.64436918 0.999081920211
2042.66480089 1.00081609727
2042.68523259 1.00069182371
2042.7056643 1.00035030907
2042.74652772 0.99918582516
2042.76695952 0.999930824503
2042.78739123 0.986822369548
2042.80782284 0.998896309086
2042.82825465 1.00008076124
2042.84868636 0.998745150977
2042.86911797 1.00106913658
2042.88954977 0.9996139367
2042.90998148 1.00369443539
2042.93041319 1.00047376732
2042.9508449 0.99848646424
2043.05300345 1.00075311771
2043.07343516 0.997544197462
2043.09386677 1.0018744952
2043.11429858 0.998726612982
2043.13473029 0.999351656881
2043.1551621 0.999975695712
2043.17559371 0.999923921396
2043.19602542 1.00058175998
2043.21645724 1.00162465202
2043.23688885 0.999294247698
2043.25732056 0.998294325566
2043.29818398 0.998009693875
2043.31861579 0.998718585949
2043.33904751 1.00006677634
2043.35947922 0.998999016769
2043.37991093 0.999733796415
2043.40034264 0.999698626052
2043.42077436 1.00053779247
2043.44120617 1.00056812377
2043.46163778 1.00242094853
2043.4820696 1.00078736542
2043.52293292 0.99658166718
2043.54336474 1.00010324967
2043.56379645 1.00171921924
2043.58422806 1.00086942585
2043.60465988 1.00003925065
2043.62509159 0.999762824472
2043.64552341 0.999045946919
2043.66595502 1.00001033399
2043.68638674 0.999085942895
2043.70681845 0.998905427416
2043.72725017 0.996818613681
2043.74768178 0.99970763244
2043.7681136 0.999192235148
2043.78854531 0.999436255263
2043.80897693 1.00019607122
2043.82940874 0.998995328782
2043.84984046 0.998896645915
2043.87027228 1.00058047805
2043.89070389 1.00086811264
2043.91113561 0.998316453375
2043.93156743 1.00125116459
2043.95199904 0.999604917162
2043.97243076 1.00158331276
2043.99286258 0.999751598787
2044.01329429 0.994536457834
2044.03372601 1.0011930221
2044.05415773 0.999562342333
2044.07458945 1.00135836267
2044.09502116 0.998695750127
2044.11545288 1.00034114023
2044.1358846 1.00098473468
2044.15631642 0.998834049409
2044.17674804 1.00113014359
2044.19717986 0.999638145569
2044.21761158 1.00010692833
2044.29933835 1.00173577199
2044.31977017 1.00260507162
2044.34020189 1.00011224831
2044.36063351 1.00078314813
2044.38106533 1.00352550154
2044.40149695 1.000654056
2044.42192877 0.998097952241
2044.4423605 1.00091946305
2044.46279212 1.00133451489
2044.48322394 0.998569109401
2044.50365566 0.997626950732
2044.52408738 1.00195624088
2044.5445191 1.00199615199
2044.58538265 1.00221691862
2044.60581427 1.0007597314
2044.62624599 1.00000405654
2044.64667781 1.00170077259
2044.66710953 0.999546655257
2044.68754116 1.0023263227
2044.70797298 0.999508415136
2044.74883643 0.999950859449
2044.76926815 1.00268983713
2044.78969987 1.00176788053
2044.8101317 0.999434590381
2044.83056332 0.998212697182
2044.85099505 1.00037015198
2044.87142687 1.00185620354
2044.89185849 0.999224942196
2044.91229022 0.998912462761
2044.93272204 0.998109929176
2044.95315367 0.999031468186
2044.97358549 0.999496436163
2044.99401722 0.996017899867
2045.01444884 1.00137710541
2045.03488067 1.00140418416
2045.0553124 0.999007190454
2045.07574402 0.998318784019
2045.09617585 0.999825407126
2045.11660747 1.00068923795
2045.1370393 1.00070332557
2045.15747103 1.0000668465
2045.17790265 1.00008772543
2045.19833448 0.999757488242
2045.21876621 0.998327888059
2045.25962966 0.999882104879
2045.28006139 1.00155035177
2045.30049322 0.999047184001
2045.32092495 0.998888947837
2045.34135658 1.00024522008
2045.3617884 0.999946655052
2045.38222013 0.999084944825
2045.40265176 1.00147411091
2045.42308359 0.99686881939
2045.44351532 1.00012192528
2045.46394695 0.999045640679
2045.48437878 0.985999573944
2045.50481051 1.00200075934
2045.52524234 1.00121408115
2045.54567397 0.99899087782
2045.5661057 0.998273178106
2045.58653753 1.00137027817
2045.60696916 1.00218399229
2045.62740089 0.999513575099
2045.64783272 1.00146525791
2045.68869618 0.999112062611
2045.72955955 1.00148716483
2045.74999138 1.00044039976
2045.77042301 0.999509638732
2045.79085474 0.996726554861
2045.81128657 0.999078114222
2045.83171831 0.99818140534
2045.85215004 0.999516703811
2045.87258177 0.999345604726
2045.8930135 1.00024839808
2045.91344524 0.997271097961
2045.93387697 1.00123619078
2045.9543087 0.998784019583
2045.97474044 0.997436237324
2045.99517217 1.00021542079
2046.01560401 0.999987647917
2046.03603574 1.00021726382
2046.05646737 1.00189886862
2046.07689921 1.00021045143
2046.09733094 0.99819802741
2046.11776258 0.99957823294
2046.13819441 1.0010987616
2046.15862615 1.00059656984
2046.17905779 0.999018919182
2046.19948962 0.999455044451
2046.21992136 0.993953753675
2046.24035319 1.00021430825
2046.26078483 1.00095488675
2046.28121657 1.00141243147
2046.3016484 1.00094301407
2046.32208004 1.00008769483
2046.36294351 1.00021637516
2046.40380709 0.998983117392
2046.42423873 0.999057092328
2046.44467046 1.00039639215
2046.4651023 0.998054318516
2046.48553394 1.00020869753
2046.50596568 1.00008872995
2046.52639752 1.00150748584
2046.58769273 1.00019536345
2046.60812447 0.999692005298
2046.62855621 1.00177247697
2046.64898795 1.00047430985
2046.66941969 0.999935306405
2046.68985153 0.999951002563
2046.71028317 0.996724203193
2046.73071491 1.00170288478
2046.75114676 0.998906692275
2046.7715784 0.99906187043
2046.79201024 0.998707742075
2046.81244198 1.00017306211
2046.83287362 1.00000985894
2046.85330546 0.999310552155
2046.8737372 0.999504219856
2046.89416885 1.00110856503
2046.91460069 1.00097084419
2046.93503243 0.999831587067
2046.95546427 0.996528977353
2046.97589592 0.997844874716
2046.99632766 0.998740913308
2047.0167594 0.999037667864
2047.03719115 0.999599993793
2047.05762289 1.00098089705
2047.07805463 1.00041864417
2047.09848638 1.00073893433
2047.11891822 0.998196476725
2047.13934986 1.00100473768
2047.15978161 0.999100652957
2047.18021345 0.999026989888
2047.22107684 0.99970686845
2047.24150869 0.999771568639
2047.26194043 0.998881617606
2047.28237208 0.999799209176
2047.30280393 1.00078889195
2047.32323567 1.00197963758
2047.34366752 0.999471648559
2047.36409917 0.999304941447
2047.38453091 1.00118229632
2047.42539441 1.00037055069
2047.466258 0.99945465967
2047.48668965 1.00179609775
2047.5071215 0.999738180481
2047.52755324 1.00370361619
2047.54798489 1.00015720544
2047.56841674 0.99860972012
2047.58884849 0.998803242205
2047.60928014 0.999994522035
2047.65014374 1.00027761306
2047.69100724 0.999681294456
2047.71143898 1.00048667788
2047.73187084 1.00248275768
2047.75230249 0.998495679371
2047.77273424 1.00239573249
2047.79316599 1.00107057559
2047.81359774 0.998392573711
2047.83402949 0.999945258599
2047.85446134 0.999738512827
2047.87489299 0.996490267991
2047.89532484 0.998223479625
2047.91575659 0.999118259442
2047.93618825 0.99460670153
2047.9566201 0.999172224512
2047.97705185 1.00008898221
2047.9974835 0.999994320282
2048.01791536 0.99916822087
2048.03834711 1.0004081552
2048.05877896 1.00116233003
2048.07921062 0.998418360014
2048.09964237 1.00121741418
2048.12007422 0.999502253094
2048.14050588 1.0000854931
2048.16093763 1.00020966947
2048.18136949 1.00037719189
2048.20180114 1.00095912302
2048.22223299 0.99898581484
2048.24266475 1.00034615702
2048.2630964 1.00035355904
2048.28352826 1.00002964335
2048.30396002 1.00079247212
2048.32439177 0.998798688561
2048.34482353 0.999672113392
2048.36525528 1.00235464701
2048.38568694 1.00190205353
2048.4061188 0.997655363733
2048.42655055 0.990011231873
2048.44698231 1.00196079051
2048.46741407 0.999152161959
2048.48784583 0.997944005523
2048.50827768 0.999917394021
2048.52870934 0.999536872218
2048.5491411 0.998946807152
2048.56957296 1.00038077223
2048.59000462 1.00114716243
2048.61043647 1.00112667191
2048.63086823 1.0014413889
2048.65129989 0.999889989347
2048.67173175 0.994695191885
2048.69216351 0.998282475198
2048.71259517 0.999543474361
2048.73302703 0.999820522958
2048.75345879 1.00007721405
2048.77389065 1.00011217478
2048.79432231 1.00075392232
2048.81475407 0.999563514739
2048.83518593 1.0000691742
2048.85561759 1.00285723596
2048.87604936 1.00116538078
2048.89648122 0.99943714669
2048.91691288 1.00133695603
2048.93734464 0.998925252997
2048.9577765 0.999593506076
2048.97820827 1.00132587843
2048.99864003 0.999453415445
2049.01907179 0.999930507396
2049.03950355 0.996925959917
2049.05993532 0.999506113615
2049.08036708 0.998278606843
2049.10079884 1.00171042085
2049.12123061 0.997736434471
2049.20295767 1.00072787628
2049.2438212 1.0002912728
2049.26425296 0.999568048547
2049.28468483 0.997661662992
2049.30511649 0.997604173145
2049.32554826 0.998244675423
2049.34598013 0.99922450513
2049.36641179 0.9999701276
2049.38684366 0.999728030848
2049.40727543 1.00088608259
2049.42770709 0.999678155268
2049.44813896 0.998704670088
2049.46857073 0.999955284977
2049.48900249 0.999074472834
2049.50943426 1.00014835213
2049.52986603 1.00073770152
2049.5502979 1.00068329326
2049.57072957 0.998541642286
2049.61159321 1.00003584862
2049.63202487 1.00191849447
2049.65245664 0.997687517746
2049.67288851 0.997632237369
2049.69332028 0.999951108785
2049.71375205 0.99893515611
2049.73418382 1.00067420991
2049.75461549 0.998149653087
2049.77504737 1.00026396428
2049.79547914 0.999420502982
2049.81591081 1.00111695289
2049.83634268 1.00160350674
2049.85677445 1.00172396035
2049.87720612 1.00025305423
2049.89763799 0.996312315433
2049.91806977 1.00053213733
2049.93850164 1.00127688876
2049.95893331 0.998487277457
2049.97936509 1.00042170307
2049.99979696 1.00174964099
2050.02022863 1.00172792215
2050.04066041 1.0012590624
2050.06109228 0.999920221941
2050.08152395 0.998996732772
2050.10195583 0.998537971133
2050.1223876 1.00097088713
2050.14281928 0.995779429945
2050.16325115 1.00199567597
2050.18368293 1.00179382749
2050.2041147 0.999605419155
2050.22454648 1.0007375317
2050.24497825 1.0006946144
2050.26541013 1.00205930702
2050.28584181 0.999869524627
2050.30627358 0.999624354019
2050.32670546 1.00067328777
2050.34713724 0.999651337074
2050.36756891 0.998784400025
2050.38800079 0.996417474158
2050.40843247 1.00071031787
2050.42886425 0.999932294495
2050.44929612 1.00229827785
2050.4697278 1.00250063399
2050.49015968 1.00063337154
2050.51059146 1.00275078582
2050.53102314 0.99953623367
2050.55145502 1.00251384386
2050.5718868 0.99711003013
2050.59231848 0.999307594375
2050.61275036 0.998143500468
2050.63318214 0.998820034558
2050.65361402 1.00127699516
2050.6740457 1.0006667058
2050.71490936 1.00085873722
2050.73534104 1.00150346819
2050.75577282 0.999680486181
2050.7762047 0.999490204962
2050.79663638 0.99920260142
2050.81706827 1.00025105427
2050.83750005 0.998272212943
2050.85793183 0.998553282654
2050.87836361 0.99573848254
2050.8987954 1.00304557775
2050.91922718 1.00190945488
2050.93965896 1.00158790777
2050.96009075 0.998640060099
2050.98052253 0.999237985903
2051.00095442 0.999715671726
2051.0213861 1.00333634416
2051.04181799 1.00195326186
2051.06224967 1.0010809897
2051.08268146 1.0015974947
2051.10311334 1.00002399566
2051.14397681 0.99874995231
2051.1644087 1.00166003371
2051.18484038 0.998088035311
2051.20527227 0.999451486666
2051.22570406 1.00116032256
2051.24613574 1.00154637784
2051.26656763 1.0007393928
2051.28699942 1.00287244814
2051.30743111 0.998223559494
2051.32786299 1.00087654387
2051.36872667 1.00078468071
2051.38915836 1.00291239675
2051.40959015 1.00078951543
2051.43002204 0.997681640682
2051.45045373 1.00000130568
2051.47088552 0.999983569459
2051.49131741 1.00169093155
2051.5117492 0.997688333421
2051.53218089 0.999238107074
2051.55261278 1.00138858839
2051.57304457 0.998441746644
2051.59347636 0.997649425397
2051.61390815 0.998047902819
2051.63433994 1.00000021373
2051.65477173 0.999979984324
2051.67520352 0.999717358309
2051.69563532 1.00102140538
2051.71606711 0.99986658419
2051.7364989 0.999610629919
2051.75693079 0.999128308979
2051.77736249 1.00012429942
2051.79779428 0.99809762537
2051.81822617 0.997968541365
2051.83865787 0.995517319696
2051.85908966 0.99620980089
2051.87952155 1.0005353769
2051.89995325 1.00221251882
2051.92038514 1.00118349504
2051.94081694 0.999563877015
2051.96124863 0.998173855721
2051.98168053 0.999164526084
2052.00211233 0.999819253611
2052.02254402 0.99963387543
2052.04297592 0.999365587889
2052.06340771 0.998282481393
2052.08383961 0.998322815758
2052.10427131 0.998879321703
2052.1247031 0.997042042231
2052.145135 1.00131025577
2052.1655668 1.00142794871
2052.1859985 1.00099427269
2052.20643039 1.00110188057
2052.22686219 1.00051697147
2052.24729389 1.00016979697
2052.26772579 0.99950408933
2052.28815759 1.00026195482
2052.30858949 0.999570057834
2052.32902119 0.997316639349
2052.34945299 0.993518257277
2052.36988489 1.00153510709
2052.39031659 1.00128433045
2052.41074839 1.00212951586
2052.43118019 0.999749265862
2052.45161199 1.00000826534
2052.49247559 1.0019763986
2052.51290739 0.996389805181
2052.5333393 0.999352625016
2052.553771 1.00137988522
2052.5742028 0.99821908423
2052.5946347 0.987795333038
2052.61506641 1.00073564697
2052.63549831 1.00096482127
2052.65593011 1.00006823043
2052.67636182 1.00020351392
2052.69679372 1.00042954829
2052.71722552 1.00008416714
2052.73765733 0.999102787979
2052.75808913 1.00021180141
2052.77852094 0.997416108962
2052.79895274 1.00005975592
2052.81938455 0.998660979751
2052.83981635 0.998382022334
2052.86024826 1.0002373841
2052.88068007 1.00058642384
2052.90111177 0.999241102667
2052.92154368 1.00069732998
2052.94197549 0.998260701258
2052.96240719 0.999020070379
2052.9828391 0.999872892829
2053.00327091 1.00026346292
2053.02370282 0.999323928209
2053.14629357 0.999770524487
2053.16672538 1.00044267512
2053.18715729 1.00128074792
2053.207589 1.00012257572
2053.22802081 1.00165846827
2053.24845272 1.0000124646
2053.26888443 1.00004830169
2053.28931624 0.999601778663
2053.30974815 0.998480229384
2053.33017986 0.990603180348
2053.35061178 1.00117838271
2053.37104359 0.99988363597
2053.3914754 0.999892872809
2053.41190721 1.0000568827
2053.43233903 0.999408177016
2053.45277084 0.999166239492
2053.47320265 0.998058944075
2053.49363447 1.00112648999
2053.51406628 1.00177592377
2053.53449819 1.00050635672
2053.55492991 0.999249237954
2053.57536182 0.996636415212
2053.59579364 1.00038359039
2053.63665727 1.00206019877
2053.65708908 1.00236889253
2053.6775208 0.999386030738
2053.69795272 0.998638375956
2053.71838453 1.00061036164
2053.73881635 1.00067457563
2053.75924817 0.998943671141
2053.77967998 1.00024450309
2053.8001118 0.998476062609
2053.82054362 0.995475700634
2053.84097534 1.00029571315
2053.86140725 0.999808974845
2053.88183907 0.998931865791
2053.90227099 0.999721513909
2053.92270271 0.998688498487
2053.94313453 0.998013194103
2053.96356645 1.00364441534
2053.98399817 1.00061249554
2054.00442999 0.999283140671
2054.02486191 1.00168009412
2054.04529373 0.999708447897
2054.06572555 0.995820023192
2054.08615737 0.997861263297
2054.10658919 0.997923862109
2054.12702101 1.00047573663
2054.14745284 1.00275080153
2054.16788466 0.99963540267
2054.18831658 0.998958308132
2054.2087483 1.00270265523
2054.22918013 1.00138549778
2054.24961205 1.00137046594
2054.27004377 0.999940215565
2054.2904757 1.0006541202
2054.31090752 0.9965779543
2054.33133924 0.999155573493
2054.35177117 1.00204783895
2054.37220299 1.00078159709
2054.39263472 0.999387445158
2054.41306664 1.00073004706
2054.43349847 1.00127123897
2054.45393029 1.00187084249
2054.47436212 1.00026850451
2054.49479385 0.999458482069
2054.51522577 1.00100068601
2054.5356576 1.00063244835
2054.55608943 0.994763575089
2054.57652125 1.00001088598
2054.59695308 1.00150613792
2054.61738501 0.999725171358
2054.63781674 0.999689863467
2054.65824857 0.99831125607
2054.6786805 0.998451872107
2054.69911222 1.00319158102
2054.71954405 0.999714447449
2054.73997598 0.999115897709
2054.76040781 1.00120053977
2054.78083964 0.99895778779
2054.80127147 0.994433471945
2054.8217033 1.00072315101
2054.84213513 1.0007085094
2054.90343073 1.00077491012
2054.92386246 1.00183444694
2054.94429429 1.00075997563
2054.96472622 0.997916706084
2054.98515796 0.999652066663
2055.00558989 0.998794904317
2055.02602172 0.999016768979
2055.06688539 1.00157650369
2055.08731712 0.998756056188
2055.10774896 1.00148043021
2055.12818089 1.00021087612
2055.14861263 0.998759838488
2055.16904456 1.00288604148
2055.1894764 1.00185767099
2055.20990813 0.999079032769
2055.25077191 1.00003776419
2055.29163558 1.00093169409
2055.31206742 1.00196833786
2055.33249935 0.999645451391
2055.35293109 1.00000109256
2055.37336293 1.00300001127
2055.39379487 1.00065118153
2055.4142267 1.00092045151
2055.43465844 1.00298394665
2055.45509038 0.998745281629
2055.47552222 0.996479716396
2055.49595406 0.999713024959
2055.5163859 0.999126262975
2055.53681774 0.992488910011
2055.55724968 1.00208430926
2055.57768142 1.00113852803
2055.59811326 1.00307917593
2055.6185452 1.0013416418
2055.63897694 1.00005521146
2055.65940878 1.00037561102
2055.67984073 1.00035008796
2055.70027247 1.00192334201
2055.72070441 1.00083022037
2055.74113615 0.998411607588
2055.761568 1.00029048021
2055.78199994 0.996495770958
2055.80243168 0.999506959128
2055.82286353 1.00169554566
2055.84329547 1.00295357201
2055.86372722 0.99992117073
2055.88415916 1.00021741795
2055.90459101 1.00022001706
2055.92502285 0.996911142444
2055.9454547 0.999173552146
2055.96588654 1.00044461658
2055.98631839 0.999286440621
2056.00675023 1.00139915228
2056.02718208 0.992473139188
2056.04761403 1.00004641435
2056.06804587 0.999523647349
2056.08847762 1.00071131705
2056.10890957 0.999451835602
2056.12934142 1.00000775765
2056.14977316 0.998273218506
2056.17020511 1.00093273877
2056.19063696 0.998758949492
2056.21106891 0.999644722567
2056.23150066 0.998588539088
2056.25193251 1.00067810093
2056.27236446 1.00025766867
2056.29279621 0.99690522451
2056.31322806 0.998985672856
2056.33366001 1.00075421725
2056.35409176 0.997209433068
2056.37452361 0.999040081897
2056.39495547 0.998071530433
2056.41538732 0.998942941968
2056.43581927 0.999241039064
2056.45625112 1.00080397589
2056.47668287 0.998222071107
2056.49711483 1.00273901294
2056.51754658 0.995030655714
2056.53797843 0.998596019741
2056.55841039 0.998238754648
2056.57884224 0.999481411479
2056.5992741 0.999044659906
2056.61970595 0.999627000837
2056.64013781 0.996330957486
2056.66056966 0.999380450777
2056.68100152 0.999258616714
2056.70143337 0.999637092255
2056.72186523 1.0011547159
2056.74229708 0.999803241131
2056.76272904 0.997296997084
2056.7831609 0.997612594341
2056.80359266 0.998594647956
2056.82402461 0.999486127019
2056.84445647 1.0007570805
2056.86488823 1.00146602363
2056.88532019 1.00179172981
2056.90575205 0.99974438898
2056.926184 1.00051160474
2056.94661576 0.999382857965
2056.96704762 1.0000251325
2056.98747958 1.00004744752
2057.00791134 0.994479043919
2057.0283432 1.00044916199
2057.04877516 1.00262981514
2057.06920692 0.999880162021
2057.08963879 1.0016678483
2057.11007065 1.00172837324
2057.13050251 1.00193575496
2057.15093447 1.00241387285
2057.17136623 1.00199086359
2057.1917981 1.00336892187
2057.21223006 1.00128309939
2057.23266192 1.00238545996
2057.25309369 0.997365841638
2057.27352565 1.00015343093
2057.29395751 1.00158286706
2057.31438938 1.00168943277
2057.33482124 1.00375997278
