# #0 time, 1 flux
2306.65186298 1.00513092501
2306.67229519 1.00237935421
2306.6927275 1.00485795376
2306.73359193 1.00391392196
2306.75402404 1.00635909624
2306.77445625 1.00190436747
2306.79488856 1.00389224498
2306.81532067 1.00090881388
2306.83575288 1.00081339669
2306.85618519 1.00898694412
2306.8766173 1.00247670669
2306.8970495 0.999749276505
2306.91748181 1.00179973974
2306.93791402 0.999645935894
2306.95834622 0.995919736134
2306.97877843 1.00107542821
2306.99921064 0.999475012153
2307.01964284 0.998920882481
2307.04007504 0.998131827825
2307.06050725 1.00020645626
2307.08093955 0.997528955896
2307.10137165 1.00173091573
2307.12180386 0.999020553842
2307.14223616 0.999581755333
2307.16266826 1.00098339194
2307.18310056 0.991531529085
2307.20353276 0.994832764664
2307.22396486 0.996292931056
2307.24439716 0.995708329952
2307.26482936 0.994295625782
2307.28526146 0.996203784911
2307.30569376 0.991334155882
2307.32612596 0.995789562544
2307.34655805 0.996412786372
2307.36699035 0.995698220509
2307.38742255 0.999908724095
2307.40785474 0.990806305658
2307.42828694 0.998437802651
2307.61217667 1.00835647614
2307.63260887 1.00356298241
2307.65304116 1.00186506356
2307.67347324 0.999324576623
2307.69390543 1.0045372047
2307.71433772 0.997026466921
2307.73476981 1.00222641884
2307.7552021 0.998159683654
2307.77563429 1.00221513271
2307.79606637 0.994494120743
2307.81649866 0.99713940653
2307.83693084 0.99675332792
2307.85736293 0.993535852321
2307.87779522 0.999585409086
2307.8982274 0.996637802228
2307.91865958 0.99483349844
2307.93909177 1.00010828225
2307.95952395 0.996570324615
2307.97995613 0.998652215927
2308.00038831 0.994098099106
2308.0208205 0.997618995945
2308.04125268 1.00414341374
2308.06168496 1.00006678671
2308.08211704 0.997634392396
2308.10254932 0.99816556475
2308.1229814 0.997450633999
2308.14341358 0.997450517827
2308.16384585 0.998933665503
2308.18427793 0.99706962572
2308.20471011 0.996174725931
2308.22514239 1.00078837043
2308.24557446 0.999905011883
2308.26600664 0.994666841721
2308.28643891 0.997040094008
2308.30687099 0.999469661486
2308.32730316 0.995603402077
2308.34773544 0.999465702891
2308.36816751 1.00039331615
2308.40903196 0.998417368153
2308.42946413 0.998948731539
2308.4498962 1.00296591068
2308.47032847 1.00153628162
2308.49076064 1.0006823203
2308.53162498 0.999318371234
2308.55205715 1.00166223596
2308.57248932 0.998779822173
2308.59292149 1.00260155747
2308.61335366 1.00214479183
2308.63378592 1.00045624582
2308.65421799 1.00104855777
2308.67465016 1.00528430993
2308.69508242 1.00447523402
2308.71551449 0.998188923162
2308.73594665 0.998728100662
2308.77681098 0.995924327049
2308.79724315 1.00257243848
2308.81767541 0.995692032121
2308.83810747 0.998037415746
2308.89940396 0.99593924358
2308.91983622 1.00408861024
2308.94026828 0.998555674565
2308.96070044 1.00014636318
2308.9811327 0.996913509211
2309.00156486 0.996615641896
2309.02199692 0.995818523837
2309.04242917 1.00057059495
2309.06286133 0.996287706999
2309.08329339 0.997262067958
2309.10372565 0.996753872409
2309.1241578 0.998064280613
2309.14458986 0.994859985407
2309.16502211 0.996487372118
2309.18545427 0.997205769193
2309.20588632 0.998232718188
2309.22631858 0.996795826381
2309.24675073 0.996917086875
2309.26718288 0.994083294694
2309.28761504 0.994197853812
2309.30804719 0.990377543137
2309.32847934 0.990141236892
2309.34891149 0.996166578896
2309.36934364 0.993921367129
2309.38977589 0.987955721051
2309.41020794 0.993695743493
2309.57366523 0.999350607328
2309.59409737 1.00044709568
2309.61452942 0.997802991917
2309.63496166 0.99802602225
2309.65539371 0.997043061069
2309.67582585 0.997467406174
2309.69625809 1.00176451715
2309.71669014 0.997699061012
2309.73712228 1.00150816341
2309.75755452 0.998215646916
2309.77798656 1.00405085575
2309.7984187 1.00139039901
2309.81885094 1.0019050478
2309.83928308 1.00404073232
2309.85971522 0.997825686377
2309.88014736 1.00097885126
2309.9005795 1.00762878078
2309.92101174 1.00316781828
2309.94144378 1.00426208278
2309.98230815 1.00346413343
2310.02317233 1.00428649518
2310.04360456 0.999604775734
2310.0640366 1.00101600593
2310.08446873 0.998176438144
2310.10490097 1.00365851004
2310.125333 1.00314040394
2310.14576513 1.00128830567
2310.16619737 0.999203126299
2310.1866294 1.00896942029
2310.20706153 1.0059797832
2310.22749376 1.00462234667
2310.24792579 1.00252581038
2310.28879015 1.00643480605
2310.30922228 1.00348735838
2310.32965441 1.00203950536
2310.35008654 0.999045445058
2310.37051857 0.993378564012
2310.3909508 0.990268570294
2310.41138293 1.00500960689
2310.43181495 1.00187532932
2310.51354356 1.00947519139
2310.53397568 1.00526774005
2310.57483993 1.00057427794
2310.59527205 1.00609670347
2310.61570408 1.00619803865
2310.6361363 0.998850396312
2310.65656842 1.0019999269
2310.77916114 1.0069664291
2310.79959326 1.00564754222
2310.82002548 1.00845865366
2310.8404575 1.00148068294
2310.86088972 1.00707734586
2310.88132184 1.00264076171
2310.90175385 1.00298046573
2310.92218607 1.007540601
2310.94261818 1.00089441765
2310.9630502 1.00438411362
2310.98348241 1.00122598943
2311.00391453 1.00418525771
2311.02434654 1.00170952637
2311.04477876 0.999104438857
2311.06521087 0.999496361443
2311.08564288 0.997083551804
2311.10607509 1.00148456174
2311.12650721 0.996454859475
2311.14693922 0.998687541392
2311.16737143 0.993375913731
2311.24909987 1.00109711897
2311.26953188 0.997679029469
2311.28996409 1.00220380116
2311.31039619 1.00165687958
2311.3308282 0.999469362283
2311.35126041 0.999196750897
2311.37169251 0.999600043542
2311.39212472 1.00008627953
2311.41255673 1.00101589748
2311.43298883 0.998285235876
2311.45342104 0.991689119906
2311.47385304 0.998730685994
2311.49428515 0.99830873467
2311.51471735 1.00150359913
2311.53514935 0.994038122202
2311.55558145 0.992412305454
2311.57601366 0.995220938661
2311.59644576 0.995516056248
2311.61687776 0.996739249595
2311.63730996 0.999012454826
2311.75990256 1.0026187457
2311.78033465 1.00129669592
2311.80076665 1.00107232418
2311.82119885 1.00582324106
2311.84163094 1.00154731044
2311.86206304 1.00202109815
2311.88249514 0.998838421318
2311.90292713 1.00123787781
2311.92335933 1.00417914076
2311.94379142 1.00204088055
2311.96422341 1.00249653219
2312.0050877 0.994184293424
2312.02551979 0.997415925492
2312.04595189 0.995568497153
2312.06638398 0.995291939023
2312.08681607 1.00837988371
2312.10724816 0.994005195702
2312.27070487 1.00686033335
2312.29113706 1.00318843773
2312.31156904 1.00475184637
2312.33200113 1.00407202431
2312.35243331 1.00235080867
2312.51588998 1.00474240975
2312.53632207 1.00911830491
2312.55675415 1.00489057729
2312.57718623 1.00578464163
2312.61805029 1.00117089193
2312.63848247 0.996052794879
2312.65891455 1.00474382307
2312.67934653 0.999521018669
2312.6997787 1.00281938168
2312.72021078 1.00301179259
2312.74064276 0.999476480531
2312.76107494 1.00049064352
2312.78150701 0.995120507504
2312.80193899 0.996298396764
2312.82237116 1.00058550947
2312.84280324 1.00072361975
2312.86323531 0.998515822124
2312.88366739 0.997760069351
2312.90409946 0.997223348609
2312.92453164 0.995069941836
2312.94496361 0.994552626801
2312.96539568 0.992107056448
2312.98582785 0.997609950033
2313.00625993 1.0001720236
2313.0266919 0.998740585896
2313.04712407 1.00059798906
2313.06755614 0.991064478582
2313.08798811 0.994426542663
2313.25144476 0.997845174982
2313.27187682 1.00082508247
2313.29230889 1.00355716396
2313.31274095 1.00459071728
2313.33317302 1.00237261988
2313.35360508 0.997575914765
2313.47619746 1.00135196959
2313.49662952 1.00262396189
2313.51706169 1.00172901751
2313.53749365 0.998045857904
2313.55792571 0.999003416003
2313.57835787 0.999349919662
2313.59878983 1.00148798757
2313.61922189 1.00403211477
2313.63965404 1.00322404522
2313.660086 1.00349082494
2313.68051806 0.998671902491
2313.70095022 1.00278820603
2313.72138217 1.00844892516
2313.74181423 0.998475392564
2313.76224639 1.00644338719
2313.78267834 0.99670893903
2313.8031104 0.997404897587
2313.82354255 0.996021771943
2313.84397461 0.998152118134
2313.86440656 0.993016892903
2313.88483872 0.990252086713
2313.90527077 0.997742361778
2313.92570282 1.00035572581
2313.94613488 1.00298415683
2313.96656693 1.00343105119
2313.98699898 0.997206908467
2314.00743103 0.996487168979
2314.02786308 0.98901778373
2314.04829513 0.990323723843
2314.06872718 0.996633217422
2314.23218357 1.00597767385
2314.25261561 0.999871863042
2314.27304766 0.999209644732
2314.2934797 1.00048822961
2314.31391175 1.00012968657
2314.33434379 1.00218833161
2314.35477594 1.00340199197
2314.37520788 0.998374387304
2314.41607207 1.00352394386
2314.43650401 1.00243555187
2314.45693615 1.00229472249
2314.47736819 0.998010251029
2314.49780014 1.00100551716
2314.51823228 0.996394215169
2314.53866432 1.00280344461
2314.55909626 1.00403614328
2314.5795284 0.999782492434
2314.59996044 1.00011163231
2314.62039237 0.999978962801
2314.64082451 1.00105055252
2314.66125655 1.00043470707
2314.68168859 1.00033113054
2314.70212063 0.996009096607
2314.7429847 1.00326571722
2314.76341673 0.999276650198
2314.78384877 0.993608723341
2314.80428081 0.999758016871
2314.82471284 0.99473107302
2314.84514487 1.00253720529
2314.94730504 0.994591345947
2314.96773707 1.00078099205
2314.9881692 1.00032170021
2315.00860113 1.00291753305
2315.02903317 1.00334157702
2315.0494653 1.00148702938
2315.06989723 1.00028483115
2315.09032925 0.9992524044
2315.13119331 1.00227120959
2315.15162534 1.00044541498
2315.17205747 0.998192390468
2315.1924895 1.0019262749
2315.21292142 1.00279272532
2315.23335355 1.00048207027
2315.25378558 0.996060783607
2315.2742175 1.00064873276
2315.29464963 1.00123818378
2315.31508165 1.00273351173
2315.43767379 0.994989361331
2315.45810592 0.999108041373
2315.47853784 1.00821275165
2315.49896986 0.997883920389
2315.51940188 0.997217268954
2315.5398339 1.00048098504
2315.56026592 1.00502958719
2315.58069794 0.997238635463
2315.60112996 1.0017356651
2315.62156198 1.00043825882
2315.641994 1.00036559601
2315.66242602 0.999824264116
2315.68285803 0.996908555278
2315.70329015 1.00368736268
2315.72372207 1.00207199529
2315.74415408 0.998834626844
2315.7645862 0.997867631962
2315.78501812 1.00241591107
2315.94847433 1.00103974215
2315.96890624 1.00173918746
2315.98933835 1.0002206618
2316.00977036 0.994571890975
2316.03020237 0.997740727494
2316.05063438 1.00185451998
2316.07106639 1.00238956263
2316.0914984 0.997975072726
2316.11193041 1.00415540425
2316.13236242 0.998236996893
2316.15279443 0.997627293794
2316.17322654 1.00093334715
2316.19365845 0.997538758758
2316.21409046 1.00074658597
2316.23452246 0.997565452841
2316.25495447 1.00113986041
2316.27538637 1.00054391723
2316.29581848 0.99673314129
2316.31625049 1.00194080142
2316.33668259 0.999442813521
2316.3775465 0.998055851969
2316.3979786 0.999383069722
2316.41841051 0.993972364792
2316.43884251 0.998145996357
2316.45927461 0.998315628007
2316.47970652 0.997518503745
2316.50013852 0.999413200649
2316.52057062 0.997459674436
2316.54100262 1.00475179188
2316.56143452 1.00354414981
2316.58186662 0.997584654157
2316.60229862 0.995337832755
2316.62273052 1.00193214355
2316.64316262 1.00084677137
2316.66359462 1.00100740612
2316.68402652 1.00248541529
2316.70445862 0.995212344912
2316.72489061 0.99589556098
2316.74532251 0.990995251755
2316.76575461 0.996408962192
2316.7861866 0.993038047616
2316.8066187 1.0018525405
2316.94964256 0.999344104214
2316.97007455 0.995256352908
2316.99050665 1.00256115026
2317.01093854 0.996202187051
2317.03137053 1.00877201687
2317.05180252 0.999502378553
2317.07223451 0.998141775967
2317.0926665 1.00112808842
2317.11309859 1.0030901008
2317.13353048 0.999152809462
2317.15396247 0.998096402847
2317.17439456 1.00257873219
2317.19482645 1.00460703783
2317.21525854 0.993859898972
2317.23569053 0.998471705965
2317.25612241 1.00117574355
2317.2765545 0.998377879483
2317.39914642 1.00132930538
2317.4195784 0.998029018251
2317.44001039 0.998357951151
2317.46044237 0.998940727102
2317.48087435 0.999602072662
2317.50130634 0.999908394655
2317.52173832 1.00185436912
2317.5421703 1.00457514216
2317.56260228 1.00368893496
2317.58303436 1.00385819538
2317.60346624 0.997307475111
2317.62389823 1.00163251574
2317.64433031 0.996012380147
2317.66476219 0.999386034575
2317.68519427 1.00448487015
2317.72605812 1.00132211057
2317.7464902 1.00352432001
2317.76692208 0.999262694641
2317.78735406 1.00180215429
2317.86908206 1.00326835221
2317.88951394 1.00530333694
2317.90994592 1.00256353671
2317.93037799 1.00390584083
2317.95080996 1.00571242741
2317.97124184 1.00209336986
2317.99167391 1.0033871709
2318.15512979 0.999813771651
2318.17556166 1.0054625555
2318.2164257 1.00617097353
2318.23685757 0.998602283553
2318.25728954 1.00632200363
2318.27772161 0.996423786849
2318.29815348 1.00336784327
2318.35944938 1.00271688878
2318.37988134 1.00043248498
2318.40031341 1.00388074332
2318.42074538 1.00134006611
2318.44117724 1.00243874152
2318.46160931 0.998764188517
2318.48204117 0.997159386018
2318.50247314 0.996465785867
2318.5229052 1.00316769211
2318.60463295 1.00371768068
2318.62506502 1.0001051773
2318.64549698 1.00027667864
2318.66592884 1.00076483933
2318.6863609 0.999865875465
2318.70679286 1.00273142605
2318.72722472 1.0006074515
2318.74765678 1.00071238526
2318.76808874 0.993835511568
2318.7885207 0.996145342559
2318.82938462 1.00330144446
2318.84981658 0.998110632635
2318.87024863 0.995663975488
2318.89068049 1.00308671381
2318.91111245 1.00093765475
2318.95197636 0.999658187766
2318.97240832 0.993842729065
2318.99284037 0.996419225222
2319.1154321 0.999377992656
2319.13586395 1.00325150013
2319.15629601 0.997437476642
2319.17672786 1.00200761344
2319.19715981 0.99949298346
2319.21759186 0.993971222837
2319.23802371 0.998853286347
2319.25845566 0.999208747264
2319.27888771 0.996373583312
2319.29931966 0.993062274298
2319.31975151 1.00267033782
2319.34018356 1.00579177021
2319.36061551 1.00545783636
2319.38104736 1.00278633983
2319.40147941 0.998809089724
2319.42191136 0.993075024361
2319.44234341 0.988937054628
2319.46277525 1.00564108519
2319.4832072 0.997077537881
2319.62623092 0.995577294263
2319.64666276 0.997825736997
2319.6670947 0.99875819155
2319.68752675 0.99702340894
2319.70795869 0.995099887364
2319.87141422 1.00414070563
2319.89184606 1.00080497461
2319.9122781 0.997350153309
2319.93271004 0.999254481833
2319.95314198 1.00113562825
2319.97357392 1.00144035328
2319.99400585 1.00048189921
2320.01443769 1.00201928391
2320.03486973 1.00444693895
2320.05530167 0.999110582325
2320.0757335 1.00032568059
2320.09616554 1.00560106518
2320.11659747 0.995116570948
2320.13702941 0.999745358321
2320.15746134 1.00526110211
2320.17789328 0.992728734211
2320.19832521 1.00145317643
2320.36178067 0.999894447325
2320.38221271 1.00280933279
2320.40264464 1.00296325822
2320.42307647 1.0033962892
2320.4435085 1.00090190396
2320.46394043 1.00431713685
2320.48437226 0.999802392947
2320.50480429 0.998902113437
2320.52523621 0.999869352027
2320.54566814 1.00201965244
2320.56610007 0.999977425686
2320.586532 1.00355165445
2320.60696393 0.998705907184
2320.64782778 0.99954367524
2320.66825971 0.999474057899
2320.68869163 1.00937917429
2320.70912356 1.00016013998
2320.72955548 0.998555150439
2320.81128318 1.00101603141
2320.8317151 1.0022221813
2320.85214713 1.00876639177
2320.87257895 1.00432798764
2320.89301087 1.00460014484
2320.91344289 1.00350117466
2320.95430664 1.00098274506
2320.97473866 0.999725720107
2320.99517048 0.996913254815
2321.0156024 0.997921902978
2321.03603442 0.995677472538
2321.05646624 1.00197176423
2321.07689826 1.00179616746
2321.09733018 1.00388698179
2321.11776209 1.00676525985
2321.13819401 0.998106469162
2321.15862593 1.00245018237
2321.17905785 0.993975728623
2321.34251318 0.997735684379
2321.36294509 1.00059803656
2321.383377 0.999768828525
2321.40380892 0.996921574801
2321.42424073 0.996696534058
2321.44467274 0.99912843944
2321.46510466 1.00339233072
2321.48553667 0.998738134803
2321.50596848 1.00448583775
2321.52640039 0.996977066932
2321.5468324 0.997560346559
2321.56726422 0.998846744287
2321.58769613 0.997959722309
2321.60812814 1.0004061704
2321.62856005 0.998909983442
2321.64899186 0.999089834041
2321.66942387 0.998352438428
2321.83287903 1.00314810991
2321.85331103 1.00055847218
2321.87374294 1.00358020493
2321.89417495 1.00210014643
2321.91460675 1.00100313561
2321.93503866 0.996889516736
2321.95547066 1.00150393374
2321.97590246 1.00158653612
2321.99633437 1.00219375484
2322.01676637 1.00212179917
2322.03719818 0.999634618538
2322.05763008 0.997083219306
2322.07806198 0.995342555867
2322.09849388 0.999013516138
2322.11892578 0.999157070062
2322.13935779 1.00264953502
2322.18022149 1.0058796774
2322.20065349 0.999966719899
2322.28238099 1.00246305666
2322.30281299 1.00193647283
2322.32324489 1.004244655
2322.34367668 1.0007542424
2322.36410868 0.998849526823
2322.38454058 0.998916396431
2322.40497238 0.997927551713
2322.42540437 0.999056419741
2322.44583627 1.0055086451
2322.46626817 1.00117888231
2322.48670006 0.999302822567
2322.50713196 0.998495224218
2322.52756385 0.997091359954
2322.54799575 0.997555717491
2322.56842764 1.00539787011
2322.58885954 0.997803952141
2322.60929153 0.998851131603
2322.62972332 1.00082280117
2322.65015532 0.998391005669
2322.81361035 0.995900771702
2322.83404234 1.00136920707
2322.85447413 0.996536518939
2322.87490602 1.00131183222
2322.89533801 0.999120298193
2322.9157698 1.00062033019
2322.93620169 0.99795086336
2322.95663368 1.00146290828
2322.97706556 1.00214610904
2322.99749735 1.00015895097
2323.01792934 1.00251231772
2323.03836123 0.997604128777
2323.05879311 0.998843136359
2323.079225 1.00477945363
2323.14052066 0.997557000603
2323.30397583 1.00105118018
2323.32440761 1.00216268315
2323.34483949 1.00191915378
2323.36527147 0.99509667859
2323.38570326 0.996694917129
2323.40613514 0.997665735961
2323.42656712 1.00394376335
2323.46743088 1.00011604056
2323.48786276 0.99681521814
2323.50829454 0.99724997906
2323.52872652 1.00569709202
2323.5491584 0.998516050986
2323.56959017 1.00142327868
2323.59002215 1.00158351517
2323.61045403 0.999576875687
2323.63088581 0.999262572224
2323.79434092 1.00221698976
2323.81477289 1.00055899213
2323.83520467 0.998938988234
2323.85563654 1.00250944045
2323.87606851 1.0003180196
2323.89650029 1.00186857889
2323.91693216 1.00008627136
2323.93736413 0.998247158925
2323.95779591 0.999783979191
2323.99865975 0.997267300454
2324.01909162 1.00238244167
2324.03952339 1.00027629639
2324.05995537 1.00008635955
2324.08038724 0.999880560448
2324.12125098 0.993738047779
2324.14168285 1.00080982162
2324.28470593 0.997274154288
2324.30513779 1.00050339752
2324.32556956 1.00171047381
2324.34600153 0.999470264411
2324.36643339 0.998406986096
2324.38686526 0.994881445513
2324.40729712 1.00044277773
2324.42772899 1.00163691909
2324.44816085 0.996653227324
2324.46859282 0.998623765391
2324.48902458 1.00123853814
2324.50945645 1.00773971608
2324.52988841 1.0072758882
2324.55032017 1.00051168722
2324.57075214 1.00153399595
2324.61161576 0.998596601615
2324.77507075 1.0019861108
2324.79550251 0.999160261923
2324.81593447 0.998909137137
2324.83636633 1.00197170274
2324.85679819 1.00002028985
2324.87723005 1.00071027724
2324.89766191 1.0009326748
2324.91809376 0.997665101321
2324.93852572 1.00127746429
2324.95895748 1.00276406929
2324.97938934 1.00157511283
2324.99982119 0.998256039853
2325.02025305 1.00034372093
2325.04068501 0.9996553554
2325.06111676 0.997807093937
2325.08154862 0.996549927417
2325.10198057 1.00417656237
2325.2654353 1.00080502945
2325.28586725 1.00000204567
2325.30629911 0.997939323342
2325.32673096 1.0023338988
2325.34716311 1.00075383995
2325.36759496 1.00096183669
2325.38802681 1.00296655678
2325.40845866 0.999318939052
2325.42889041 0.997445592901
2325.44932236 0.998219290755
2325.46975421 1.00060244066
2325.49018596 0.9971204012
2325.51061791 0.99920301776
2325.53104976 0.994662887717
2325.55148151 0.998664318186
2325.57191346 0.992626363219
2325.59234531 0.993064568428
2325.75580008 0.996166129519
2325.77623192 0.990797843434
2325.79666387 0.995055712014
2325.81709561 0.995876045786
2325.83752746 1.00356619365
2325.8579594 0.992216323605
2325.87839125 0.9940291728
2325.89882299 1.00310445593
2325.91925493 0.999580329641
2325.93968677 1.00408291779
2325.96011852 1.00410712293
2325.98055046 0.997631343514
2326.0009823 1.00536088698
2326.02141404 1.00012666149
2326.04184598 0.998800919786
2326.06227783 1.0001176508
2326.08270977 1.00050624064
2326.10314151 1.00038174033
2326.24616438 0.997469179639
2326.26659622 1.00330978658
2326.28702806 1.00186291952
2326.3074599 0.998851390914
2326.32789173 1.00272687226
2326.34832357 0.996443022512
2326.36875541 1.00088521884
2326.38918734 1.00143313657
2326.40961908 1.00403875058
2326.43005102 1.00173473596
2326.45048285 1.00106241143
2326.47091459 1.00016336239
2326.49134652 1.00261672851
2326.51177836 0.999895364217
2326.53221009 0.996055060629
2326.55264202 1.00137539575
2326.57307386 0.999492063308
2326.59350559 0.997614200275
2326.61393752 0.994067095749
2326.63436936 1.00258909322
2326.65480109 1.00092907705
2326.67523302 0.997000498667
2326.69566485 0.998501658943
2326.71609669 0.997516400238
2326.73652852 1.00568883948
2326.75696035 1.00546027246
2326.77739218 0.995704638296
2326.79782401 0.997230616407
2326.81825584 0.988012288135
2326.98171047 0.998482996133
2327.0021423 1.00145896598
2327.02257423 0.996219719265
2327.04300596 1.00067821703
2327.06343778 1.00119695477
2327.08386971 1.00190268027
2327.10430144 1.00259147813
2327.12473326 1.00211813451
2327.14516519 0.998498313295
2327.16559691 0.999043385002
2327.18602884 1.00607510037
2327.24732431 0.983422333336
2327.26775614 0.999667900775
2327.47207436 1.00002268289
2327.49250628 1.00122567773
2327.512938 0.999275977623
2327.53336992 1.00052391653
2327.57423346 1.0040033548
2327.59466538 0.999070414392
2327.6150972 0.998411516921
2327.63552892 1.00261695228
2327.65596084 0.997141872111
2327.67639256 1.00059636179
2327.69682438 1.00089978988
2327.7172563 0.995214587545
2327.73768811 1.00052820434
2327.75811983 0.997105330679
2327.77855175 1.00207856055
2327.79898357 1.00338324617
2327.96243809 0.998902517747
2327.9828699 0.997810781437
2328.00330182 1.00262201175
2328.02373353 1.00116927341
2328.04416535 1.00292015087
2328.06459726 0.999409553516
2328.08502897 1.00071304803
2328.10546078 0.99757797883
2328.14632441 0.997759722814
2328.16675622 0.999638741935
2328.18718813 0.99527462408
2328.20761994 1.00179731209
2328.22805166 1.00318762931
2328.24848357 0.999625531882
2328.26891538 1.0018900921
2328.28934719 0.996855822662
2328.309779 1.00270204354
2328.43236985 0.997937996602
2328.45280156 0.996505467234
2328.47323347 0.996881684627
2328.49366527 1.00042772414
2328.51409698 0.996144849043
2328.53452889 0.999000230043
2328.5549607 1.00540105861
2328.5753925 1.0010886638
2328.59582431 1.00033005281
2328.61625611 1.0003749178
2328.63668802 1.00056086465
2328.65711973 1.00308785211
2328.67755153 1.00028679599
2328.69798344 0.997545230085
2328.71841514 0.996668108641
2328.73884695 1.0026998467
2328.75927885 0.998465029168
2328.77971065 0.999893441885
2328.80014236 1.00013440462
2328.82057426 1.00170610926
2328.84100606 1.00287163003
2328.88186967 1.00275170417
2328.90230147 0.999492236177
2328.92273317 1.00349746074
2328.94316507 0.998036738132
2328.98402878 1.00241296864
2329.00446048 0.99975418731
2329.02489228 1.00088477127
2329.04532408 0.999052536266
2329.06575588 1.00043418835
2329.08618768 1.0011780661
2329.10661948 1.00031478352
2329.12705128 0.998721288776
2329.14748308 0.998495674028
2329.16791488 0.999136687643
2329.18834667 0.999471081277
2329.20877847 0.996859846091
2329.22921037 1.00095883008
2329.24964207 0.996512660272
2329.27007387 1.00048529659
2329.29050576 1.0006231006
2329.41309654 1.00097495191
2329.43352824 0.99938001194
2329.45396013 1.00196484326
2329.47439193 1.00463628113
2329.49482362 0.999252006123
2329.51525552 1.00243484658
2329.53568731 1.00367925213
2329.556119 0.998077730702
2329.5765509 0.999542165137
2329.59698269 0.999052161846
2329.61741448 1.00278206982
2329.63784628 0.999408332091
2329.65827807 0.999222809264
2329.67870996 1.001677403
2329.69914175 1.00208075123
2329.71957345 0.994963504141
2329.74000534 0.999799342864
2329.76043713 1.00353091231
2329.78086882 1.00269734442
2329.80130071 1.00145806716
2329.8217325 1.00047100478
2329.86259608 0.999785569048
2329.88302777 1.00321969281
2329.90345956 0.996380091613
2329.92389145 1.00210481415
2329.94432314 0.996069822098
2329.96475493 1.00327133265
2329.98518682 0.999561751731
2330.0056185 0.993854494377
2330.18950469 1.00139278619
2330.20993657 0.999034830461
2330.23036826 1.00064471346
2330.25080004 1.00023221765
2330.27123193 0.99761679625
2330.29166361 1.00336288487
2330.3120954 1.00097488258
2330.33252728 1.00000794543
2330.35295897 0.998427743471
2330.37339085 0.999576481082
2330.39382263 1.0019825526
2330.41425432 1.00081594839
2330.4346862 0.998896223796
2330.45511798 0.998609860236
2330.47554966 0.997459764098
2330.49598155 1.00060790322
2330.51641333 0.999535773909
2330.53684511 0.999218518182
2330.55727689 1.00329088835
2330.57770867 1.0017367925
2330.59814035 1.00255055102
2330.61857224 0.99988226875
2330.63900402 0.993965693238
2330.6594357 0.999420680296
2330.67986758 1.00088397154
2330.70029936 1.00804809739
2330.72073114 1.00090671582
2330.74116291 0.999585472923
2330.90461724 0.998908991317
2330.92504892 1.00095072127
2330.94548069 1.00104149571
2330.96591257 1.00274498814
2330.98634425 0.998138144322
2331.00677602 1.00033769171
2331.0272079 0.998461760974
2331.04763967 1.00164628195
2331.06807145 0.998569456713
2331.08850323 0.99907633468
2331.108935 1.00018416044
2331.12936677 0.999444660031
2331.14979855 1.00050669378
2331.17023032 1.00256513859
2331.1906621 0.997793383363
2331.21109387 0.998209259197
2331.23152564 0.998126646044
2331.25195742 0.998178643109
2331.27238919 0.998032960115
2331.29282096 0.993213658137
2331.31325274 0.997719948282
2331.33368451 1.00213327149
2331.35411618 1.00099463673
2331.37454805 0.997063080779
2331.39497982 1.00067676422
2331.41541169 0.997450095508
2331.43584337 1.00007940158
2331.45627514 1.00059677982
2331.47670701 1.00137066455
2331.49713868 0.999128155292
2331.51757045 1.00395125424
2331.53800232 0.998357268341
2331.57886576 0.997413699667
2331.59929763 0.995079364381
2331.6197294 0.999408376704
2331.64016106 1.0010951804
2331.6810247 1.00129940322
2331.70145647 0.99637733384
2331.88534247 0.992137650174
2331.90577414 0.999824712876
2331.9262059 1.00040723615
2331.94663777 1.00261872347
2331.96706943 0.995348828729
2331.9875012 1.00078896488
2332.00793296 1.00214063144
2332.02836472 0.998460746582
2332.06922825 0.999755632639
2332.08966002 0.994120106689
2332.11009188 0.994464621101
2332.13052364 0.995487678159
2332.15095531 0.999718707031
2332.17138717 0.999500938429
2332.19181893 0.996954131461
2332.21225059 1.000104009
2332.23268245 0.998571331339
2332.25311422 0.99739444755
2332.27354588 0.997474800355
2332.29397774 1.00036890831
2332.3144095 1.00154160323
2332.33484116 1.00232355835
2332.35527302 0.994767652514
2332.37570478 1.00272067367
2332.39613664 1.00318003545
2332.4165683 1.00322613577
2332.43700006 1.00111151125
2332.45743192 1.00184975738
2332.47786358 1.00235616416
2332.49829534 1.00166685225
2332.5187272 1.0011780218
2332.53915886 0.99388982762
2332.55959062 0.998592112246
2332.58002247 1.00176177673
2332.60045423 0.998240867411
2332.62088589 1.0019328238
2332.64131775 1.00162844251
2332.6617495 1.00114996031
2332.68218116 1.000492036
2332.70261302 0.996444840136
2332.72304477 1.00164697946
2332.74347653 1.00091626837
2332.76390829 0.997852566291
2332.78434004 0.998471621669
2332.8047718 0.996939835793
2332.82520355 0.999668248374
2332.84563521 0.991882817019
2332.86606706 1.00191908589
2332.88649882 1.00093308334
2332.90693047 0.996114986329
2332.92736233 1.00026753532
2332.94779408 0.998721928798
2333.11124821 1.0005593248
2333.13167986 0.998704757407
2333.15211171 0.99352836588
2333.17254346 0.999870212386
2333.19297511 0.999898486747
2333.21340696 0.999463035452
2333.23383871 1.00016713325
2333.25427037 0.999337005534
2333.27470222 0.997591718058
2333.29513397 0.998898843618
2333.31556562 0.997930479895
2333.33599747 1.00156766372
2333.35642922 1.00132464285
2333.37686107 0.998713157351
2333.39729272 0.999024080372
2333.41772446 0.998709312812
2333.43815631 1.00077798943
2333.45858796 1.00163719502
2333.47901971 0.997538245733
2333.49945146 0.99796271405
2333.51988321 1.00140292629
2333.54031495 1.00174410532
2333.5607467 0.99752924171
2333.58117845 0.999968253864
2333.6016102 0.998210005504
2333.62204204 0.998996951529
2333.64247369 1.00338786922
2333.66290554 0.99979239277
2333.68333728 1.0000727093
2333.70376893 0.998844836701
2333.72420077 0.998645884897
2333.74463252 1.00069613898
2333.76506416 1.00403858697
2333.78549601 1.00492545749
2333.80592775 1.00127491609
2333.8263594 1.00057274245
2333.84679124 1.00277652119
2333.86722299 1.00006065244
2333.88765463 1.0014163324
2333.90808648 0.996269699444
2333.92851822 0.99585229016
2334.07154052 1.00043714203
2334.09197226 0.998647181335
2334.1124039 1.00185177752
2334.13283575 0.998782980981
2334.15326749 1.001745746
2334.17369913 1.00097789207
2334.19413097 0.999054037781
2334.21456261 0.999978363918
2334.23499435 0.998836982476
2334.27585783 1.00255502156
2334.29628967 0.998327391096
2334.31672141 1.00100362462
2334.33715305 0.998357075354
2334.35758489 0.99965404427
2334.37801663 1.0004849409
2334.39844827 1.00288907158
2334.41888011 1.000716623
2334.43931184 0.999248660415
2334.45974358 1.00033684959
2334.48017532 0.998813554139
2334.50060706 0.995664374346
2334.5210388 1.00014670565
2334.54147053 0.999729134009
2334.56190227 1.00332061597
2334.60276584 0.997732615395
2334.62319748 1.0025382635
2334.64362932 1.00014578104
2334.66406105 1.00010994885
2334.68449269 1.00138301079
2334.70492453 1.00034886813
2334.72535626 0.996909542142
2334.7457879 1.00058257821
2334.76621973 1.00074295114
2334.78665147 0.998927096887
2334.8070831 0.997672266041
2334.82751494 1.00129007024
2334.84794667 1.00117761674
2334.86837831 1.00015484019
2334.88881014 0.996097575014
2334.90924187 0.995389788319
2335.09312747 0.997243439812
2335.1135592 0.999822745725
2335.13399093 0.999619407078
2335.15442266 0.999293879068
2335.17485449 1.00403207044
2335.19528613 0.999208694821
2335.21571796 0.999407125422
2335.23614969 1.00170364534
2335.25658132 0.998832287323
2335.27701315 0.997659704403
2335.29744488 0.997245096338
2335.31787651 1.00157312882
2335.33830834 1.00047834898
2335.35874007 1.00543912434
2335.3791717 1.00226967975
2335.39960352 0.998099882509
2335.42003525 1.00264456171
2335.44046698 1.00166495675
2335.46089871 0.999720068389
2335.50176227 0.999875117541
2335.52219389 0.996197680921
2335.54262562 1.00257876938
2335.56305745 0.994831338966
2335.58348918 1.00134605365
2335.6039208 1.00201558647
2335.62435263 1.00512113614
2335.64478436 1.00029729155
2335.66521598 0.998712980925
2335.68564781 1.00490184629
2335.70607944 0.998899859471
2335.72651116 0.999681153451
2335.74694299 0.997758432422
2335.76737461 0.998180534378
2335.78780634 1.0011849727
2335.80823816 1.00293360782
2335.82866979 0.999619775007
2335.84910161 1.00044165518
2335.86953334 0.995905882032
2335.88996496 0.997921748944
2336.05341885 0.999278784611
2336.07385057 1.0025114638
2336.0942823 1.00466390532
2336.11471402 1.00180791213
2336.13514584 0.999728321793
2336.15557756 1.00173097443
2336.17600919 0.999469551359
2336.19644101 0.998697409168
2336.21687273 1.00522466616
2336.23730435 0.998781161313
2336.25773617 1.000070205
2336.27816789 0.999725049387
2336.29859951 0.998307560532
2336.31903133 1.00239625355
2336.33946305 0.996879212905
2336.35989467 0.996335541771
2336.38032649 1.00353230176
2336.40075821 1.00170808127
2336.42118993 1.00051739609
2336.44162165 0.999697516112
2336.46205327 1.0003702473
2336.48248509 0.998997729566
2336.50291681 0.998196198166
2336.52334853 0.999841717887
2336.54378025 1.00266425187
2336.56421196 0.99737575289
2336.58464368 0.997665223444
2336.6050754 0.997161456891
2336.62550712 0.999129300077
2336.64593884 0.997852593333
2336.66637065 1.00194692836
2336.68680227 0.997719805946
2336.70723409 0.997227376082
2336.7276658 1.00236529711
2336.74809742 0.999277216643
2336.76852924 0.995744916382
2336.78896095 1.00245604744
2336.80939257 0.999177550622
2336.82982438 1.00675325105
2336.8502561 0.99931970548
2336.89111953 0.998371893417
2336.91155125 0.999323638568
2336.99327821 0.995129686979
2337.01370982 1.00019005473
2337.05457335 0.99744637247
2337.07500506 0.995524980157
2337.09543668 0.995845592706
2337.11586839 0.998213624609
2337.1363002 1.00123539318
2337.15673181 0.99746016869
2337.17716363 1.00121308435
2337.19759524 1.00019248606
2337.21802695 0.999608583346
2337.23845877 1.00009989959
2337.27932219 0.992006952259
2337.2997539 1.00621899521
2337.36104904 1.0044526848
2337.38148065 0.996806802755
2337.40191246 1.00305809325
2337.42234417 1.00359782144
2337.44277578 1.0064271359
2337.46320759 1.00025653006
2337.4836393 0.999525541714
2337.50407101 1.00529429255
2337.52450272 0.999861258611
2337.54493443 1.00240195886
2337.56536614 0.998958439246
2337.58579785 0.99306506257
2337.60622956 0.993268955031
2337.76968333 0.999335682419
2337.79011493 1.00612216655
2337.81054674 1.00127293491
2337.83097835 1.0016066543
2337.85141005 0.997333479903
2337.87184186 1.00133566115
2337.89227357 1.00142734305
2337.91270528 1.00302564919
2337.97400039 1.0019690296
2337.9944321 1.00392229079
2338.01486381 1.0012307181
2338.03529551 1.00353104632
2338.05572722 1.00357072412
2338.07615892 1.00255075237
2338.09659063 0.99322755063
2338.11702233 0.997279520756
2338.13745404 0.994873029067
2338.15788584 1.00103282669
2338.17831745 0.999198510595
2338.19874925 0.994714898656
2338.21918095 0.99860090347
2338.23961256 0.996823661185
2338.26004436 1.00327576672
2338.28047607 0.999634215059
2338.30090767 1.00229488628
2338.32133947 0.997819244918
2338.34177118 0.999800097412
2338.48479319 1.00547433718
2338.5052248 1.00572197411
2338.5256565 1.00366870911
2338.5460883 0.999119738382
2338.5665199 1.00395820121
2338.5869516 1.00481869275
2338.6073833 0.999585481157
2338.627815 1.00027066184
2338.6482467 1.00105275915
2338.66867851 1.00349791117
2338.68911011 1.00140727846
2338.70954181 1.00332813118
2338.72997361 1.00317194046
2338.75040521 0.999825300636
2338.77083701 1.00294783267
2338.79126871 0.998319075098
2338.8117003 1.00144217013
2338.8321321 1.00111741367
2338.8525638 0.999297271407
2338.8729954 0.996669542094
2338.8934272 0.997977898928
2338.9138589 0.998390671001
2338.9547223 0.997380023023
2338.97515399 0.995887945001
2339.03644909 0.990060709934
2339.05688089 1.00069200056
2339.07731248 0.998702624644
2339.24076616 1.00153667594
2339.26119785 0.998387790827
2339.28162955 0.998426877968
2339.30206124 1.00659548035
2339.32249284 0.998416851299
2339.34292464 0.999624889553
2339.36335633 1.00300482467
2339.38378793 1.00394361654
2339.40421972 1.00103502765
2339.42465142 0.996544875953
2339.44508301 0.998054858054
2339.4655148 0.998838703617
2339.4859465 0.999377015522
2339.50637819 0.999453861328
2339.52680989 1.00201900122
2339.54724158 0.996041238808
2339.56767337 0.998165731355
2339.58810497 1.00293047231
2339.60853666 1.00137341703
2339.62896846 0.999476028339
2339.64940005 1.00026173242
2339.66983174 1.00264505986
2339.69026353 0.997223755509
2339.71069523 1.00166538855
2339.73112682 0.997532176809
2339.75155861 1.00189785128
2339.7719903 1.00335180233
2339.7924219 1.00534439945
2339.81285369 0.998028984471
2339.83328538 1.00313197175
2339.85371717 1.0023171679
2339.87414876 1.00196314234
2339.91501225 0.997104097394
2339.93544384 0.992474964303
2339.95587553 0.994924244386
2339.97630732 0.99346791062
2339.99673891 0.99448382709
2340.0171706 0.994048963766
2340.03760229 0.995203778355
2340.05803398 0.999156071967
2340.07846567 0.995947749184
2340.20105591 0.997717163946
2340.2214876 1.00284595666
2340.24191918 0.998958689743
2340.26235097 1.0001238008
2340.28278266 0.999644898437
2340.30321425 1.0012171194
2340.32364604 0.995798470578
2340.34407773 0.996178101335
2340.36450952 0.998178949412
2340.3849411 0.998486931392
2340.40537279 1.00412365253
2340.42580458 1.00844305068
2340.44623617 1.00025110639
2340.46666785 0.997280478429
2340.48709964 0.999677670711
2340.50753123 1.00573501945
2340.52796291 0.999827076334
2340.5483947 1.00209074988
2340.56882629 0.996646573047
2340.58925797 1.00185205368
2340.60968976 1.00312774816
2340.63012145 1.00007965458
2340.65055313 0.999393392361
2340.67098482 1.00140097384
2340.6914165 0.998218360319
2340.71184819 0.997429579813
2340.73227988 0.9948787092
2340.75271156 1.001380038
2340.77314325 0.997176814813
2340.79357493 0.999061230967
2340.81400652 0.997453818416
2340.8344383 1.00023620866
2340.85486999 0.999523950567
2340.87530157 1.00817731871
2340.89573335 0.997668801195
2340.91616504 0.999365123751
2340.93659682 0.997993981716
2340.95702841 0.998534004284
2340.97746009 0.998231033654
2340.99789187 0.999573957216
2341.01832346 1.00259855545
2341.03875514 0.999151464288
2341.05918692 0.999949167339
2341.07961851 1.00009702491
2341.10005019 1.00142892
2341.12048197 1.0004131677
2341.14091366 0.999692732205
2341.16134534 1.00190400833
2341.18177702 1.00427265972
2341.2022087 1.00323145944
2341.22264039 1.00077572337
2341.24307207 1.00916126513
2341.26350375 1.00293838837
2341.28393543 1.00055704477
2341.30436711 1.00075207738
2341.3247988 1.00361601375
2341.34523058 0.99790447009
2341.36566216 1.0009154401
2341.38609384 0.999408989702
2341.40652552 1.00535791365
2341.4269572 1.00388704978
2341.44738898 1.00128682037
2341.48825224 1.00036118583
2341.50868402 0.998712577391
2341.5291156 1.00169941907
2341.54954728 0.997458061287
2341.56997906 0.998113029688
2341.59041064 1.00211830588
2341.61084232 0.99925812782
2341.6312741 0.99525329266
2341.65170568 0.997982216932
2341.67213746 1.00157231914
2341.69256914 0.999915310825
2341.71300082 0.996939447216
2341.7334325 0.996735580937
2341.75386418 0.996390504255
2341.77429586 0.997777809552
2341.79472754 0.996431384248
2341.81515921 0.99213083
2341.83559089 0.99532078701
2341.89688593 0.995744756661
2341.91731771 0.999557187587
2341.93774928 1.00032212076
2341.95818106 0.999295698728
2341.97861274 0.997787129347
2341.99904432 0.997650856275
2342.01947609 0.996867864442
2342.03990777 0.999181226793
2342.06033935 1.00097463323
2342.08077112 0.997998817941
2342.12163438 1.00085984697
2342.14206615 0.997148701757
2342.16249783 1.00083422718
2342.18292951 0.998581669644
2342.20336118 0.998478304043
2342.22379286 0.999212624811
2342.24422453 1.00190532843
2342.26465621 0.99915168603
2342.28508789 0.996292652073
2342.30551956 0.997608384496
2342.32595124 1.00212924456
2342.34638291 0.999019973648
2342.36681469 0.997926086293
2342.38724626 1.00667492561
2342.40767794 1.00225776675
2342.42810971 0.999509989049
2342.44854129 0.999424800973
2342.46897306 0.997958422597
2342.48940474 1.00353162015
2342.50983631 0.999036771536
2342.53026808 1.00197723663
2342.55069976 0.996208358426
2342.57113133 1.00406936456
2342.61199478 0.997209944743
2342.63242635 0.996937545566
2342.65285813 1.00068717001
2342.6732898 1.00373028692
2342.69372157 1.00108482642
2342.71415315 1.00047753637
2342.73458482 0.998724091623
2342.75501659 1.00130217829
2342.77544816 0.997191403574
2342.79587984 0.999091621881
2342.81631151 1.00317447183
2342.83674328 0.999793418739
2342.85717486 0.999107417587
2342.87760663 1.00197402177
2342.8980382 1.00354699952
2342.91846997 1.00003290108
2342.93890164 1.00101796207
2342.95933321 1.00298073584
2342.97976499 1.00419917282
2343.00019666 1.00503520984
2343.02062823 0.999585136452
2343.04106 1.00217215759
2343.06149167 1.00048912528
2343.08192324 1.00570318652
2343.10235501 0.993520594759
2343.12278668 1.00403002108
2343.14321826 1.00279472041
2343.16365003 1.00186987336
2343.1840817 1.00483765433
2343.20451347 1.00337562954
2343.22494504 1.00099147352
2343.24537671 1.00496519906
2343.26580848 1.0006460402
2343.28624005 1.00221703381
2343.30667172 1.00540433067
2343.32710349 1.00120061269
2343.34753516 1.00114224518
2343.36796673 0.997849830872
2343.3883985 1.00079224973
2343.40883016 1.00747224963
2343.42926183 1.00559796451
2343.4496935 1.00371613637
2343.47012517 1.00428502249
2343.49055694 1.0002582016
2343.51098851 1.00291197164
2343.53142018 0.998269170643
2343.55185185 1.00017297333
2343.57228352 0.998602836635
2343.59271518 1.00428481515
2343.61314685 0.998586950801
2343.63357852 1.00133411333
2343.65401029 1.00341700753
2343.67444186 0.998417405429
2343.69487352 0.999433134626
2343.71530529 0.99971905766
2343.73573686 0.998240658089
2343.75616853 0.999260272942
2343.77660029 0.998015916904
2343.79703186 1.00246000978
2343.8378953 1.00131054584
2343.85832696 1.00093075629
2343.87875853 1.00143324849
2343.8991903 0.999080469614
2343.91962196 1.00367929741
2343.94005363 1.003718502
2343.9604853 1.0016595968
2343.98091696 0.999758855174
2344.00134873 1.00407468864
2344.02178029 1.00081114026
2344.04221196 1.00350438749
2344.06264373 0.999815466318
2344.08307529 1.00220710172
2344.10350696 1.00086881233
2344.12393872 1.00525656711
2344.14437029 1.00205702955
2344.16480205 1.00290615484
2344.18523372 1.0027952858
2344.20566528 0.999138867839
2344.22609705 0.995642275335
2344.24652871 1.00128116467
2344.26696028 1.0007969791
2344.28739204 1.00300863536
2344.30782361 0.996326145213
2344.32825537 1.00098209008
2344.34868704 1.00224964553
2344.3691186 0.999058509014
2344.38955037 0.996841658969
2344.40998203 1.00177347797
2344.43041369 0.998832521881
2344.45084536 0.99920574662
2344.47127702 0.998792646644
2344.49170869 0.995673036391
2344.51214035 1.00157159416
2344.53257201 0.99894449821
2344.55300368 0.995840421857
2344.57343544 1.00585557105
2344.593867 0.999903792483
2344.61429867 0.999076027058
2344.65516199 0.998179809825
2344.67559376 0.998737844781
2344.69602542 1.00057626246
2344.71645698 1.00315450742
2344.85947872 1.00217936644
2344.87991038 1.00041484941
2344.90034214 1.0007418781
2344.9207737 0.995220920806
2344.94120537 0.996551446279
2345.12509042 0.992664241046
2345.14552208 0.996958501935
2345.16595364 0.996584018767
2345.1863854 0.994329816639
2345.20681706 0.998108185231
2345.22724862 1.00219770232
2345.24768038 1.00038961866
2345.26811204 1.00483576025
2345.2885436 1.00386471647
2345.30897536 1.00320503908
2345.32940702 0.999751174238
2345.34983878 1.00031887846
2345.37027034 0.996484985393
2345.390702 0.99462937188
2345.41113376 0.997752517388
2345.43156532 0.998508427914
2345.45199698 0.999592065523
2345.47242874 1.00074268934
2345.4928604 0.995259810947
2345.53372372 1.00031881728
2345.55415537 1.00087388042
2345.57458703 0.99877373314
2345.59501869 1.00046390728
2345.61545035 0.99867797369
2345.63588201 0.996545822616
2345.65631367 1.00015747874
2345.67674533 1.00086206766
2345.69717699 0.997905210658
2345.88106191 1.00109060682
2345.90149357 1.00162101217
2345.92192532 0.998152293817
2345.94235688 0.998343848357
2345.96278854 1.00333956581
2345.98322029 1.00041412255
2346.00365185 0.995915378839
2346.04451527 1.00334949496
2346.06494692 0.998572189314
2346.08537858 1.00359442486
2346.10581024 0.999033725645
2346.12624189 1.0037022771
2346.14667355 1.00003712719
2346.16710521 1.0005899198
2346.18753686 1.00177411833
2346.20796862 1.00242210167
2346.22840018 1.00306414571
2346.24883183 1.00032138505
2346.28969514 0.999701404735
2346.3101269 0.998213721878
2346.35099011 0.999441052181
2346.39185352 1.00065826121
2346.41228508 0.998706828494
2346.45314839 0.999794478356
2346.57573842 1.00211175989
2346.59617008 1.00068979984
2346.61660173 0.99881535906
2346.63703339 1.00454487975
2346.65746504 0.999479196736
2346.67789669 0.996753035094
2346.84135003 1.00165936733
2346.86178158 0.99864419515
2346.88221334 1.00295326041
2346.90264499 0.998396432788
2346.92307654 1.00302683227
2346.9435083 1.00106355686
2346.9843717 0.997860927365
2347.00480326 1.00460205847
2347.02523491 0.998280165143
2347.04566657 1.00044042738
2347.06609822 0.9940931329
2347.08652987 0.996281688134
2347.10696162 0.998911070136
2347.12739318 0.997160984474
2347.3317098 1.00001866398
2347.35214146 0.998970405318
2347.37257301 0.997227094618
2347.39300476 0.998259682681
2347.41343641 1.00167549241
2347.57688963 0.995494332484
2347.59732128 1.00064729931
2347.61775303 1.00200569664
2347.63818458 1.00013167751
2347.65861633 0.994779559791
2347.67904798 0.995866454273
2347.69947964 1.00293406424
2347.78120624 0.998531588171
2347.80163789 0.99854961707
2347.82206954 0.999670059256
2347.84250119 0.997618058404
2347.86293284 0.997082962458
2347.88336459 0.999442007896
2347.90379614 0.998275725466
2347.92422779 1.00202610943
2347.94465954 1.00226119284
2347.96509109 1.0010376602
2348.0059545 0.999976274748
2348.02638605 1.00167138755
2348.0468177 1.00013590759
2348.06724945 1.00206100014
2348.087681 0.998678625678
2348.10811275 0.995468087396
2348.1285444 1.00502486415
2348.14897595 0.998895923539
2348.1694077 0.999828655564
2348.18983935 0.99835172951
2348.27156594 1.00132165933
2348.29199759 0.998469635777
2348.31242924 1.00375986546
2348.33286099 0.999611898605
2348.35329264 1.00128861689
2348.37372419 0.997760806559
2348.39415594 1.00141607491
2348.41458759 1.0007588428
2348.43501914 1.00040611609
2348.45545089 0.999005882761
2348.49631408 1.00005493237
2348.51674583 1.00081678281
2348.53717738 1.00102515076
2348.55760913 1.00124082884
2348.57804078 1.00061206537
2348.59847233 1.00294870135
2348.61890408 0.999778511208
2348.65976727 0.998736555771
2348.78235736 0.996105086568
2348.80278891 1.00247414057
2348.82322056 1.00191087373
2348.84365231 0.999773274069
2348.86408385 1.00084251437
2348.8845155 0.997365412441
2348.90494725 1.00197865102
2349.02753714 1.00199584942
2349.04796878 1.00284523728
2349.06840053 1.00759202619
2349.08883208 0.998815814918
2349.10926373 1.00578219725
2349.29314865 1.0003133048
2349.3135802 1.00108807261
2349.33401184 0.999856684615
2349.35444359 0.999250303489
2349.53832841 1.0031470398
2349.55876006 1.00144415843
2349.5791918 0.999332563554
2349.59962335 0.995951201582
2349.62005509 0.995753818488
2349.64048674 0.999755905322
2349.66091829 0.998711347917
2349.68135003 0.983924672999
2349.74264497 0.998924056709
2349.76307662 0.994631430759
2349.78350836 0.997440737002
2349.80393991 0.99987410835
2349.82437155 0.997707715122
2349.8448033 0.998831048451
2349.86523485 0.996414826117
2349.88566649 1.00271675443
2349.90609814 0.99994420158
2349.92652978 0.997447890517
2349.94696143 1.000332333
2349.96739307 0.995021159134
2349.98782472 0.996156796506
2350.00825646 1.00086568171
2350.02868801 1.00189893988
2350.04911966 0.999081404974
2350.0695514 1.00152569322
2350.08998305 0.999736646815
2350.2942996 1.00163827514
2350.31473114 0.999278149266
2350.33516279 0.999804067201
2350.35559453 1.00145792422
2350.51904769 0.996397809921
2350.53947933 0.996229628293
2350.55991098 1.00209956723
2350.58034262 0.999085363532
2350.60077427 1.00122571433
2350.62120591 0.99980892588
2350.64163755 1.00077457714
2350.6620692 0.999444279656
2350.68250084 0.997887768304
2350.70293249 1.00119730899
2350.72336413 0.99883870778
2350.74379588 1.00459299877
2350.76422742 1.00176046823
2350.78465916 1.00070674619
2350.80509081 0.999517729675
2350.82552235 1.00252229115
2350.8459541 0.993629684754
2350.9889756 1.00246287167
2351.00940735 0.996908037137
2351.02983889 1.00150925433
2351.05027054 0.999307737578
2351.07070228 1.00084238719
2351.09113382 0.999539390688
2351.25458707 0.997800654347
2351.27501861 0.997809082918
2351.29545036 0.997339345743
2351.315882 1.0020147957
2351.49976679 0.998455440294
2351.52019853 0.999151283029
2351.54063008 0.999544044609
2351.56106172 1.00210674423
2351.76537825 1.0018349315
2351.78580999 1.0024733629
2351.80624154 1.00162415386
2351.82667318 1.00248591599
2351.84710492 1.00150629752
2351.86753657 0.99985335026
2351.88796811 1.00042590517
2351.90839985 1.00200169937
2351.92883149 1.00041147888
2351.94926304 0.999353176939
2351.96969478 0.998918143698
2351.99012642 1.00324289799
2352.01055806 1.00079657403
2352.03098971 1.00325015344
2352.05142125 0.998688768773
2352.07185299 1.00189634015
2352.23530623 1.00097273382
2352.25573778 1.00234616617
2352.27616942 0.997414503835
2352.29660116 1.00020712579
2352.3170327 1.00364704867
2352.33746435 0.998215732536
2352.35789609 1.00000568562
2352.37832773 1.00378259732
2352.41919102 1.00056027451
2352.43962266 0.999409245723
2352.4600543 0.999153035018
2352.48048594 1.00204261621
2352.50091759 1.00204016388
2352.52134923 0.99863647502
2352.54178087 0.999995713965
2352.56221261 1.00202661752
2352.58264425 1.00287875456
2352.6030758 1.00789549387
2352.62350754 1.00217742121
2352.66437072 1.00118547566
2352.68480247 1.00033000751
2352.70523401 0.996820437047
2352.72566575 1.00018543819
2352.74609739 0.996915946041
2352.76652893 1.00385774551
2352.78696068 0.99632733028
2352.80739232 0.99562668316
2352.97084546 0.990458032922
2353.01170884 0.990843714923
2353.03214038 1.0011433258
2353.05257203 0.999461271548
2353.07300377 0.99542646017
2353.09343541 0.995895649205
2353.11386705 1.00296846646
2353.13429869 0.999009847303
2353.15473034 1.00272415026
2353.17516198 0.999849710835
2353.19559362 1.00055461358
2353.21602526 0.998631022793
2353.236457 1.00160808522
2353.25688855 0.997292599415
2353.27732019 1.00182536389
2353.29775193 1.0009716396
2353.31818347 0.999390537702
2353.33861521 1.00384705837
2353.35904686 0.99770970827
2353.39991014 0.995704337517
2353.42034168 0.994033903695
2353.44077332 0.998730602294
2353.46120507 1.00034093359
2353.48163661 0.998348755117
2353.52249999 0.994811862927
2353.54293153 1.00165793269
2353.72681651 0.999676793194
2353.74724815 1.00154461728
2353.78811144 0.997889440966
2353.80854308 1.00147105285
2353.82897462 0.996873819962
2353.84940636 0.999988138364
2353.86983801 0.998435618896
2353.89026975 0.996835998591
2353.91070129 1.00074158779
2353.93113293 1.00275103772
2353.95156468 0.996461786697
2353.97199622 1.00309672052
2353.99242786 1.00103819541
2354.0128596 0.999858005638
2354.03329114 0.999312991116
2354.05372289 1.00508073749
2354.07415443 0.999932088591
2354.155881 1.00534208865
2354.17631274 1.00009842311
2354.19674428 1.00151363191
2354.21717592 1.00145928698
2354.23760766 0.996761538927
2354.25803931 0.996515395539
2354.27847095 0.997450214198
2354.44192419 0.999891718211
2354.48278737 1.0017338608
2354.50321911 1.00080546015
2354.52365076 1.0002996602
2354.5440823 1.00392234211
2354.56451404 1.00104838978
2354.58494568 0.999984215309
2354.60537742 1.00039617561
2354.62580897 1.00012279187
2354.64624061 1.00147399678
2354.66667225 1.00069199696
2354.68710389 1.00250254644
2354.70753554 0.99976943771
2354.72796718 0.998191885651
2354.76883046 0.996231151481
2354.78926211 1.00777583266
2354.80969375 1.00124505116
2354.89142042 1.00072079106
2354.91185196 0.999707397946
2354.9322836 1.00199267679
2354.95271534 1.00020751198
2354.97314699 0.99721666517
2354.99357863 1.00034436697
2355.17746351 0.99841217284
2355.19789506 1.00251608775
2355.2183268 1.00215010751
2355.23875844 1.00423826175
2355.25918998 0.999437729291
2355.27962173 1.00059393482
2355.30005337 0.997544803861
2355.32048491 0.996422154336
2355.3613483 0.999215743092
2355.38178004 1.00059197712
2355.40221158 1.0002658893
2355.42264323 0.996767385216
2355.44307487 0.995863605705
2355.46350651 0.993286803633
2355.66782304 0.99796331141
2355.68825469 0.99882586243
2355.70868633 0.997247590247
2355.72911797 1.00022727252
2355.74954961 1.00498020471
2355.95386615 1.00285981798
2355.97429769 1.00396343209
2355.99472944 0.996792750114
2356.01516108 1.00249108527
2356.03559272 1.00463309066
2356.05602437 1.00920785658
2356.07645601 0.998933640926
2356.09688765 0.999351100647
2356.1173193 0.997261884955
2356.13775094 0.995666528665
2356.15818258 1.00001044266
2356.19904587 1.00464062219
2356.21947752 0.995054287983
2356.23990916 1.00108482375
2356.40336241 0.996319444536
2356.42379395 0.998783254806
2356.4442257 1.00267213517
2356.46465734 1.00267200402
2356.64854224 1.00108243841
2356.66897389 1.00361154735
2356.68940543 0.998620269429
2356.70983717 0.995561157413
2356.73026882 0.995553847954
2356.75070046 1.00107872072
2356.77113211 1.00142098244
2356.79156375 1.00019804912
2356.83242704 0.997404394577
2356.85285869 0.999790293083
2356.87329033 1.00020772158
2356.89372198 0.998091681863
2356.91415362 1.00186261478
2356.93458537 0.99866219473
2356.95501691 1.00062291331
2357.15933346 1.00243958782
2357.17976511 0.999193721131
2357.20019685 1.00033739842
2357.2206284 0.998033758928
2357.24106004 0.996339935661
2357.26149179 1.00046003279
2357.34321827 0.998137282871
2357.36365002 0.998121248965
2357.38408166 1.0009133729
2357.40451331 1.00094018073
2357.42494495 0.999004922896
2357.4453766 1.00159749522
2357.46580825 1.00064552433
2357.50667154 0.99735192947
2357.52710308 0.995366844247
2357.58839812 0.997413616675
2357.60882977 0.997589826039
2357.62926141 1.00159245238
2357.64969316 1.00081558757
2357.67012471 1.00409207268
2357.69055635 1.00365892926
2357.7109881 1.00266844872
2357.87444127 0.998344199427
2357.89487292 1.00834231348
2357.91530466 0.998982550818
2357.93573621 1.00070442275
2357.95616786 0.998801831391
2358.11962114 0.998612474154
2358.14005278 1.00275145187
2358.16048443 1.00204978915
2358.18091598 1.00361034185
2358.20134772 0.99974730131
2358.22177937 0.998854605029
2358.34436926 0.998190974662
2358.36480101 1.00045517311
2358.38523255 0.999363718338
2358.4056642 0.999323744764
2358.42609595 0.995742451765
2358.4465275 1.00010456315
2358.46695925 0.999262017509
2358.58954914 0.999889163403
2358.60998078 0.999682902488
2358.63041253 0.999781084497
2358.65084408 0.999727605961
2358.67127573 0.999866111447
2358.69170748 0.997690417848
2358.71213913 0.9991119537
2358.73257068 1.00378653578
2358.81429737 1.00210165693
2358.83472892 1.00001362824
2358.85516067 1.00257382904
2358.87559232 1.00364260731
2358.89602387 1.00380019047
2358.91645562 0.999143582066
2358.93688727 1.00138801968
2358.95731882 1.00017472379
2358.97775057 0.999338954806
2359.05947716 1.00075689529
2359.07990891 1.00305785502
2359.10034046 1.00330170967
2359.12077211 1.0055997682
2359.14120386 0.998098316895
2359.16163541 0.998290313409
2359.18206716 0.997132327685
2359.20249881 1.00108360507
2359.22293036 1.00243824624
2359.24336211 1.00337160902
2359.28422541 0.99882084074
2359.30465706 1.00199214117
2359.32508871 1.00071328986
2359.34552036 0.998561662787
2359.36595202 1.00409451738
2359.38638367 1.00602893207
2359.40681542 1.00535786463
2359.61113183 0.997677912197
2359.63156358 1.00010821233
2359.65199523 1.00162148583
2359.67242678 1.0020682049
2359.69285853 0.999747783669
2359.71329018 0.99656821654
2359.73372194 1.00361792737
2359.75415349 0.999144391444
2359.77458514 0.997170839504
2359.79501689 0.997102317851
2359.81544844 1.0014409047
2359.83588009 0.993697203414
2359.85631185 0.999215325047
2359.89717515 1.00023613655
2359.9176068 1.00110618546
2359.93803846 0.995641165738
2359.95847011 0.997757037171
2360.10149168 0.992490144831
2360.12192343 0.994721177058
2360.14235508 1.00020376786
2360.16278664 1.00072929177
2360.18321839 0.998747126521
2360.30580831 1.00224081213
2360.32623986 1.00019309888
2360.34667162 0.999883197208
2360.36710327 0.99333193263
2360.38753482 0.997369313391
2360.40796658 0.999276534172
2360.57141991 0.99964725269
2360.59185157 1.00320471216
2360.61228322 1.00375651134
2360.63271488 0.999645233188
2360.65314653 1.00331976915
2360.67357818 1.00124250166
2360.69400984 0.99618267642
2360.71444149 0.997300347412
2360.73487325 0.996694748253
2360.7553048 0.998654567076
2360.77573646 0.99952438706
2360.79616812 1.00195629308
2360.81659977 0.998389587037
2360.83703153 1.00058085296
2360.85746318 0.996337271416
2361.0822114 1.00294716101
2361.10264305 0.996723156485
2361.12307471 0.998061002794
2361.14350637 0.998931021101
2361.16393812 1.00014504407
2361.18436968 1.00075044128
2361.20480134 0.993306673112
2361.24566465 0.99556553351
2361.26609631 1.00014072779
2361.28652807 1.00324893025
2361.30695972 1.00010848808
2361.32739138 1.0021744499
2361.34782304 1.00404034221
2361.36825469 1.00116978644
2361.57257127 1.00452863086
2361.59300293 1.00480482654
2361.61343469 1.00329772081
2361.63386625 0.99468774645
2361.65429791 0.999105186855
2361.67472967 1.00264352919
2361.69516123 0.998405165184
2361.73602464 1.00098378441
2361.7564562 1.00053067374
2361.77688796 1.00193114316
2361.79731962 0.997180823788
2361.81775128 0.997397619848
2361.83818294 0.998905639803
2361.8586146 1.00416445968
2361.87904636 1.00474568286
2362.0629313 1.00936881848
2362.26724801 1.00175564189
2362.28767957 1.0001962471
2362.30811123 0.997325100006
2362.32854299 0.99755418022
2362.36940631 1.00269766898
2362.51242795 1.00096216925
2362.53285961 1.00042189036
2362.55329127 1.00192136958
2362.57372294 0.998365784771
2362.5941547 0.997473983811
2362.61458636 0.99648480785
2362.77803967 0.996838045496
2362.79847133 0.997671172313
2362.8189031 1.00284793146
2362.83933466 0.998902172462
2362.85976632 1.00106043508
2362.88019809 0.999460271522
2362.90062965 0.9986656701
2362.92106142 0.992453071428
2362.94149298 0.996048412077
2362.96192464 0.998474150401
2362.98235641 1.00205966847
2363.00278797 1.00051308106
2363.02321964 1.00077344781
2363.0436514 0.997988734175
2363.06408297 0.995204789697
2363.26839972 0.999987599359
2363.28883139 0.998360002904
2363.30926315 0.999855711416
2363.35012639 1.00160440876
2363.51357982 1.00009985737
2363.53401159 1.00894781142
2363.55444316 1.00316844085
2363.57487482 0.999465185832
2363.59530649 1.00315386134
2363.61573816 1.00215110548
2363.63616993 1.00176732355
2363.6566015 1.00247399559
2363.67703316 0.9997045624
2363.69746493 1.00855111772
2363.7178965 0.99589854534
2363.73832817 0.99930088829
2363.75875994 0.99832648621
2363.7791916 0.999592513087
2363.79962327 0.997542557155
2363.82005494 1.00079472454
2363.84048661 1.00556058264
2364.00393997 0.999410460202
2364.02437173 1.00174707617
2364.0448034 0.99507714154
2364.06523497 1.00126681919
2364.08566674 0.999790824264
2364.10609842 0.998993592739
2364.12653019 1.00248423784
2364.14696176 0.998979998672
2364.16739343 0.997544824812
2364.1878251 1.00139515331
2364.20825677 0.999262161176
2364.22868844 1.0019650971
2364.24912011 1.00154523138
2364.26955178 1.00200039567
2364.28998355 1.0003742212
2364.31041512 0.999371362826
2364.33084679 0.995959231683
2364.49430027 1.00170363076
2364.51473194 1.00123418896
2364.53516362 1.0005435864
2364.55559529 1.0062914878
2364.57602696 1.00064697485
2364.59645863 0.999435798376
2364.61689031 0.994568298625
2364.63732208 0.998072501048
2364.67818543 1.00395287995
2364.6986171 1.00324088151
2364.71904867 1.00325521037
2364.73948045 1.00277620698
2364.75991212 1.00245573983
2364.7803437 0.997911202466
2364.80077547 0.994617884699
2364.82120714 0.997167199809
2364.98466054 0.99754297223
2365.00509232 0.99750840555
2365.02552389 0.997271861119
2365.04595557 1.00091485546
2365.06638734 0.999544364239
2365.08681892 0.999267099872
2365.20940908 0.999718642066
2365.22984075 1.00738237375
2365.25027243 1.00165756759
2365.27070411 0.999703375405
2365.29113588 0.998846792745
2365.31156746 0.995818521592
2365.33199924 1.00165185764
2365.35243091 0.998236919858
2365.37286249 1.00280000548
2365.41372595 1.00937771819
2365.43415752 1.00160356971
2365.4545893 1.00612736052
2365.47502098 1.00116837153
2365.49545256 1.0031920047
2365.51588434 1.00055136385
2365.53631601 1.00127235589
2365.55674779 0.993468798557
2365.72020123 0.993003762406
2365.74063281 0.99666798005
2365.76106448 0.997933667466
2365.78149626 0.999893105974
2365.80192794 1.00103292936
2365.82235952 0.999246387106
2365.84279131 1.00222729861
2365.86322299 0.998746006033
2365.88365467 0.998065894777
2365.90408635 0.997928469602
2365.92451803 0.998070196579
2365.94494981 1.00107669569
2365.96538139 1.00332669078
2365.98581307 1.00375703361
2366.00624485 1.00234450604
2366.02667643 1.00214775532
2366.04710821 0.999259014502
2366.21056167 0.998751068183
2366.23099335 0.997357151136
2366.25142504 0.998644401923
2366.27185672 0.996845587464
2366.2922884 1.00079177806
2366.31272009 0.999156185841
2366.33315177 1.00144103949
2366.4148785 0.997017718204
2366.43531029 0.999912962192
2366.45574187 0.996404147407
2366.47617356 0.999105322279
2366.49660534 0.997573163421
2366.51703703 1.00150086396
2366.53746871 0.993694083089
2366.5579004 0.99782785268
2366.57833208 1.00000474787
2366.59876387 1.00165004354
2366.61919545 1.00276564719
2366.63962714 1.00032244599
2366.66005892 1.00091611156
2366.68049051 0.998855685853
2366.72135398 0.996615444408
2366.74178557 1.00195187224
2366.76221735 1.00105103409
2366.94610253 1.00283841702
2366.96653422 1.00097844205
2366.98696591 1.00189153351
2367.0073976 1.00045244679
2367.02782928 1.00330074265
2367.19128279 1.00243765067
2367.21171458 0.999631758663
2367.23214627 1.0016161833
2367.25257796 1.00577802194
2367.27300965 0.995783129233
2367.29344134 0.99490939647
2367.31387313 0.997660357359
2367.33430472 0.998664296547
2367.39559979 0.998572049783
2367.41603158 0.99686945967
2367.43646327 1.00174857732
2367.45689486 0.998116609231
2367.47732665 0.997017105521
2367.49775835 1.00166327599
2367.51818994 0.997014916951
2367.53862173 0.997647271138
2367.55905342 0.996379971496
2367.57948511 1.00210543447
2367.5999168 0.998553162717
2367.6203485 0.998911072654
2367.64078019 1.00700903651
2367.68164357 1.00039895814
2367.72250696 1.00269466108
2367.74293875 1.00600947024
2367.92682399 0.999290832229
2367.94725569 0.997741957524
2367.96768748 0.995033961104
2367.98811908 1.00172900999
2368.00855077 0.999156000128
2368.04941416 0.994997684667
2368.06984596 1.00268144117
2368.09027765 0.998646133297
2368.11070925 1.00032341164
2368.13114105 1.00546583032
2368.15157274 1.00287751834
2368.17200434 1.00412919779
2368.19243613 1.0011345714
2368.21286783 1.00601135599
2368.23329953 0.999933950908
2368.25373122 0.997838250547
2368.37632141 0.999990955851
2368.3967532 0.99927418345
2368.4171848 0.999744656176
2368.4376165 0.996011601539
2368.4580483 1.00060035146
2368.47848 0.999040651007
2368.4989116 1.00319920488
2368.66236529 1.0018912544
2368.68279709 0.99707078208
2368.70322869 0.996412380615
2368.72366039 1.00280167669
2368.74409219 1.00118498274
2368.9075458 1.00020239161
2368.9279775 0.997978980755
2368.9484093 1.00251117537
2368.9688409 1.00186330659
2368.98927261 0.997173840483
2369.00970431 0.99848659297
2369.03013601 0.995807313831
2369.05056771 0.999486158686
2369.07099942 1.0006544246
2369.09143112 0.998191486516
2369.11186292 0.999745812452
2369.13229453 1.00004463301
2369.15272623 1.00240863823
2369.17315803 1.00375653517
2369.19358974 1.00119474916
2369.21402134 0.986333799264
2369.23445314 0.999312861096
2369.41833849 1.00572463843
2369.4387703 1.00052350188
2369.459202 0.998788462377
2369.47963361 0.997319502801
2369.50006541 1.00112576988
2369.52049712 1.00014878777
2369.62265565 0.997468653586
2369.64308736 0.999829165991
2369.66351907 1.0003800035
2369.68395078 0.999563107034
2369.70438249 1.00073163729
2369.72481419 1.00042724419
2369.7452459 1.00043229878
2369.76567771 1.00229081267
2369.84740455 0.996625255909
2369.86783615 0.996989263445
2369.88826796 0.994741930601
2369.90869967 0.997798001765
2369.92913138 1.0036085887
2369.94956309 1.00079581942
2370.13344849 1.00435240189
2370.1538803 0.999644320008
2370.17431201 1.00380656704
2370.19474363 0.999660520263
2370.21517544 0.996773338475
2370.23560715 0.998338702226
2370.25603886 1.00074493092
2370.27647057 0.997598548304
2370.29690229 1.00355917095
2370.3173341 1.00043351989
2370.33776571 0.999916223695
2370.35819743 1.00286967923
2370.37862914 1.00224657241
2370.39906085 0.996522865137
2370.41949257 1.00391102552
2370.43992428 1.00310932163
2370.460356 0.99822765954
2370.62380982 1.00013705278
2370.64424163 1.00358149262
2370.66467325 1.00130645742
2370.68510496 1.00197551848
2370.70553678 0.999436378672
2370.86899052 1.00853172549
2370.88942223 1.0011350572
2370.90985385 1.00107839427
2370.93028567 1.00291593254
2370.95071739 0.998293029443
2370.97114911 0.998178515526
2370.99158083 0.997748447964
2371.0733077 0.998490710597
2371.09373942 1.00044690864
2371.11417114 0.999228272861
2371.13460296 0.998253923894
2371.15503458 0.998051158742
2371.1754663 0.997261124942
2371.19589812 0.997535897117
2371.21632984 1.00197134596
2371.23676146 0.997536500117
2371.29805683 0.998979394822
2371.31848845 0.999448952815
2371.33892017 0.998657382101
2371.35935199 0.997231573443
2371.37978362 0.99700958223
2371.40021534 1.00185584851
2371.42064716 0.999995184021
2371.44107878 1.00158269253
2371.46151061 1.00111263015
2371.48194233 1.00297969631
2371.50237971 1.00043551833
2371.52280575 1.00445294499
2371.54323747 1.00025740826
2371.5636691 1.00128971041
2371.58410092 1.00085922877
2371.60453265 0.995712080465
2371.62496447 0.998521013797
2371.68625964 0.999937749602
2371.70669127 0.997912479367
2371.82928172 1.00100474838
2371.84971345 1.00326078222
2371.87014518 0.998596080705
2371.8905769 1.00409676467
2371.91100873 1.00023141633
2371.93144036 1.00162511869
2371.95187208 0.997088653759
2371.97230391 0.998054552918
2371.99273554 0.993566726962
2372.0335991 0.999494260686
2372.05403072 1.00260447002
2372.07446255 1.00265356035
2372.09489418 1.00179727914
2372.11532591 1.001835404
2372.13575774 0.99867232093
2372.15618937 0.999535657139
2372.1766212 0.99801356197
2372.34007514 0.999296251561
2372.36050677 1.00325515053
2372.3809385 0.998323830908
2372.40137033 1.00056784324
2372.42180207 1.00199599939
2372.4422337 0.997133518093
2372.46266553 0.999924041263
2372.48309726 1.00221508603
2372.50352899 0.999819177888
2372.52396073 1.00336416961
2372.54439246 0.999258479315
2372.56482419 1.00018731207
2372.58525593 0.999673448444
2372.60568766 0.999355166764
2372.62611949 0.998897176858
2372.64655113 1.00377077177
2372.66698296 0.993390650153
2372.83043684 1.00023494438
2372.85086858 1.00373037938
2372.87130021 1.00113102582
2372.91216378 1.00141106694
2372.93259542 1.00035558475
2372.95302726 1.00497681919
2372.97345899 0.999927856679
2372.99389083 1.00435010658
2373.01432247 0.997247660169
2373.03475421 1.00044690416
2373.05518604 0.999952111197
2373.07561778 0.998324477815
2373.09604942 0.997274304957
2373.11648126 0.997989070959
2373.136913 1.00189037482
2373.34123039 0.996775862849
2373.36166213 0.999751987168
2373.38209398 0.997193117391
2373.40252562 0.998149049584
2373.42295736 0.998225552628
2373.4433892 0.997288014608
2373.46382084 1.00003995504
2373.48425268 1.00010142521
2373.50468443 1.00041875645
2373.52511607 1.00093310073
2373.54554791 1.00004697408
2373.56597965 1.00049567655
2373.5864113 1.00260572639
2373.60684314 1.00171105549
2373.62727488 1.0038743119
2373.64770673 1.0061126369
2373.68857011 1.00520055199
2373.70900196 1.00229576799
2373.7294336 0.999517367353
2373.74986535 0.997669650673
2373.77029719 0.995884415499
2373.79072894 1.00012374792
2373.81116058 0.99540443988
2373.83159243 0.996777620578
2373.85202417 0.998848454828
2373.87245592 0.99522023535
2373.91331941 1.00412923002
2373.93375126 0.994444073116
2374.01547815 1.00262891849
2374.03590999 1.00085586144
2374.05634164 0.995229347033
2374.07677339 1.00172113514
2374.09720524 1.00240505174
2374.11763689 0.997255814131
2374.13806863 0.992305944091
2374.30152273 0.999974467168
2374.32195448 1.00214564264
2374.34238623 1.0025471876
2374.36281808 1.00219138807
2374.38324973 1.00145709806
2374.40368148 1.00092557783
2374.42411334 1.00315974331
