# #0 time, 1 flux
2306.65168288 0.996681229142
2306.67211503 0.999674329573
2306.69254729 1.00043345621
2306.71297934 1.00574591866
2306.73341159 0.99851929295
2306.75384364 0.999866762578
2306.77427579 0.997316846273
2306.79470804 0.998153333198
2306.81514009 1.00074805662
2306.83557224 1.00022323398
2306.85600448 1.00441414931
2306.87643653 0.992495554508
2306.89686868 1.00170911514
2306.91730093 0.996845942833
2306.93773307 0.999241156445
2306.95816522 1.00044213481
2306.97859736 0.998699067104
2306.99902951 1.00016314138
2307.01946165 1.00540101048
2307.0398938 1.00054544601
2307.06032594 0.996975736834
2307.08075818 0.997297547961
2307.10119023 1.00175553173
2307.12162237 0.999846216833
2307.14205461 1.00167679958
2307.16248665 0.996045368891
2307.18291889 1.00090937814
2307.20335103 1.00546110827
2307.22378307 1.00269287234
2307.24421531 0.999853112339
2307.26464745 1.00240477486
2307.28507949 1.00143975534
2307.30551173 0.994757037149
2307.32594387 1.00755985585
2307.3463759 0.998232337259
2307.36680814 1.00401938836
2307.38724028 1.0030756012
2307.40767241 0.997006383704
2307.42810455 0.997472725225
2307.44853668 0.999999113915
2307.61199374 0.998902518186
2307.63242587 0.998037029685
2307.6528581 0.998804681152
2307.67329013 0.997191099475
2307.69372226 0.997395080399
2307.71415449 1.00165398353
2307.73458652 1.00389008249
2307.75501875 0.997972896321
2307.77545088 1.00213493883
2307.7958829 0.998097781868
2307.81631513 1.00038769491
2307.83674726 0.999818669466
2307.85717928 0.99952865785
2307.87761151 1.00274683773
2307.89804363 1.00336023216
2307.91847576 0.999617144743
2307.93890788 1.0016166385
2307.95934 1.00650405618
2307.97977213 1.0030355643
2308.00020425 1.00092173331
2308.02063637 0.997796892099
2308.04106849 1.00304521592
2308.06150071 1.00611957159
2308.08193273 1.00168927813
2308.10236496 1.00455782799
2308.12279697 1.00368546192
2308.14322909 0.99651115335
2308.16366131 1.00217611494
2308.18409333 0.99844888145
2308.20452545 0.99785669114
2308.22495767 1.00403177195
2308.24538968 1.00423509469
2308.2658218 1.00286145927
2308.28625402 0.997386419311
2308.30668603 0.996629570306
2308.32711815 0.997888496578
2308.34755036 1.00452619512
2308.36798238 0.998809665401
2308.38841449 1.0026528535
2308.4088467 0.998034334875
2308.42927882 0.998964626616
2308.44971083 1.00426299537
2308.47014304 0.997990133264
2308.49057515 1.00157089672
2308.53143938 0.99569063461
2308.55187149 0.996522695901
2308.5723036 0.998897693917
2308.59273571 1.00488098786
2308.61316782 1.00278010209
2308.63360002 1.00087273174
2308.65403203 1.00023061987
2308.67446414 1.00050132064
2308.69489635 1.00029478795
2308.71532835 0.997103728555
2308.73576046 0.996989430356
2308.75619267 0.993746922011
2308.77662467 1.00058605862
2308.79705678 1.00078135768
2308.81748898 0.993957616597
2308.83792099 1.00838122821
2308.85835309 1.00490303627
2308.87878529 1.00722745566
2308.89921729 0.995512876399
2308.9196495 0.999688791854
2308.9400815 1.01147405744
2308.9605136 1.00262424389
2308.9809458 1.00193895096
2309.0013779 0.996955925395
2309.0218099 1.00230170458
2309.0422421 0.99514917759
2309.0626742 0.999619223939
2309.0831062 1.00317508283
2309.1035384 1.00048972738
2309.1239705 1.0001576983
2309.14440249 0.998492811052
2309.16483469 0.994323302975
2309.18526679 1.00122150118
2309.20569878 1.00134185054
2309.22613098 1.00281022446
2309.24656307 0.999911469426
2309.26699517 0.995900566116
2309.28742726 1.00262656528
2309.30785936 1.00279057043
2309.32829145 0.998883506504
2309.34872354 1.00268754118
2309.36915564 1.00770508128
2309.38958783 1.00011092344
2309.41001982 1.00069041088
2309.57347664 1.00075499963
2309.59390873 1.00089357619
2309.61434071 0.998514453487
2309.6347729 0.994056075103
2309.65520489 1.00020844295
2309.67563697 0.997370185689
2309.69606916 0.998524146295
2309.71650114 1.00074774403
2309.73693323 1.00218137409
2309.75736541 0.99828020242
2309.7777974 0.998798451285
2309.79822948 0.996738898699
2309.81866166 1.00450922551
2309.83909375 0.99397751136
2309.85952583 0.99316753395
2309.87995791 0.996631029961
2309.90038999 0.994102427642
2309.92082217 0.997516494096
2309.94125415 0.99264994641
2309.96168623 0.999952174592
2309.98211841 0.993660554258
2310.00255039 1.00182038767
2310.02298247 0.997991292996
2310.04341465 0.996014405118
2310.06384663 1.00137620248
2310.0842787 0.999050731332
2310.10471088 1.00278219879
2310.12514286 1.003533817
2310.14557493 0.997531954126
2310.16600711 1.00227326614
2310.18643908 0.993131457327
2310.20687116 0.995291056464
2310.22730333 1.00268045075
2310.24773531 0.999592422847
2310.26816738 0.995744507591
2310.28859955 1.00548448311
2310.30903163 1.00427517413
2310.3294637 0.999612163749
2310.34989577 1.00045302377
2310.37032774 0.996181901529
2310.39075991 1.00317734024
2310.41119198 1.00049259264
2310.55421636 0.998314194722
2310.57464853 0.99797981589
2310.5950806 0.998790721494
2310.61551256 0.998115664884
2310.63594473 1.00017853771
2310.79940124 1.00217102368
2310.8198334 1.00238121276
2310.84026536 1.00534282449
2310.86069753 0.998449289457
2310.88112959 0.998588365186
2310.90156155 1.00363493476
2310.92199371 1.00070322125
2310.94242577 1.00113673109
2310.96285772 1.00158309111
2310.98328988 0.999682887091
2311.00372194 1.00573892445
2311.0241539 0.998285211374
2311.04458606 1.00423241484
2311.06501811 1.01052496193
2311.08545007 1.00263649324
2311.10588223 1.00187715702
2311.12631428 0.995440544917
2311.14674624 0.997433289827
2311.26933856 0.998384327559
2311.28977071 0.997612213872
2311.31020276 0.994717614774
2311.33063471 0.999222160324
2311.35106686 0.997092633195
2311.37149891 1.00640422212
2311.39193106 0.994245394874
2311.41236301 1.00277764418
2311.43279506 0.996341835846
2311.45322721 0.997830594483
2311.47365916 1.00608843577
2311.49409121 1.00587299255
2311.51452336 1.00220364541
2311.5349553 1.00823033476
2311.55538735 1.00086806317
2311.5758195 0.99627519827
2311.59625154 0.995645926989
2311.61668349 0.998542063156
2311.63711563 0.994882534431
2311.75970789 0.999520815063
2311.78013994 1.00705835509
2311.80057188 1.00084364228
2311.82100402 1.00039157909
2311.84143606 0.993315696968
2311.8618681 1.00576445762
2311.88230014 1.00091672556
2311.90273208 0.996326226011
2311.92316422 1.00239318992
2311.94359626 0.999095405143
2311.9640282 1.00120050792
2311.98446033 1.00713639755
2312.00489237 1.00401436691
2312.02532441 1.00053616949
2312.04575645 0.997114864016
2312.06618848 1.00278371825
2312.08662052 0.995053758906
2312.10705255 1.00063967284
2312.27050882 0.997164128019
2312.29094095 1.00280581171
2312.31137289 1.00323727978
2312.33180492 1.00247264424
2312.35223705 0.99600146887
2312.51569328 1.00380898008
2312.5361253 1.0051511734
2312.55655733 1.00221374258
2312.57698936 0.99635463186
2312.59742138 1.00252945006
2312.61785331 0.999339533472
2312.63828543 0.994414971279
2312.65871746 0.998872783661
2312.67914938 1.00101579823
2312.6995815 1.00565855475
2312.72001353 0.999679186299
2312.74044545 0.997903113549
2312.76087757 0.994483339579
2312.78130959 0.995007978901
2312.80174152 1.00420028981
2312.82217364 0.998326179789
2312.84260566 1.0015740788
2312.86303768 0.997515386061
2312.8834697 0.998304136698
2312.92433384 1.00241946703
2312.94476576 0.996000189209
2312.96519777 1.00198540924
2312.98562989 1.00148562311
2313.00606191 0.999582459374
2313.02649383 1.00159843028
2313.04692594 0.993533729602
2313.06735796 0.999277857061
2313.08778988 0.994520372186
2313.25124609 1.00122266463
2313.2716781 1.00441921469
2313.29211011 0.999541043009
2313.31254212 1.00802685588
2313.33297413 1.00241601083
2313.49643021 0.999326277984
2313.51686232 1.00440832467
2313.53729422 0.994750489439
2313.55772623 0.996096089343
2313.57815834 1.00112936435
2313.59859024 1.00381694009
2313.61902225 0.997453954183
2313.63945435 1.00888715845
2313.65988626 1.00091610692
2313.68031826 0.999277739054
2313.70075037 0.997279065469
2313.72118227 1.00544565257
2313.74161427 0.997618540743
2313.76204638 1.00199116714
2313.78247828 1.00522734926
2313.80291028 0.989023430377
2313.84377438 0.998713274164
2313.86420628 0.995311935077
2313.88463838 1.00025791396
2313.90507038 1.00195061773
2313.92550238 1.0002342128
2313.94593438 1.00285193544
2313.96636638 0.998498705908
2313.98679838 1.00261585436
2314.00723038 0.995881450542
2314.02766237 0.993230163519
2314.04809437 1.00843596615
2314.06852637 1.00124211175
2314.23198233 0.999244538405
2314.25241432 1.01027288304
2314.27284631 0.999743953583
2314.29327831 1.00201535112
2314.3137103 1.00055079689
2314.33414229 0.999765881428
2314.35457438 0.994701720802
2314.37500627 0.998803438339
2314.41587035 1.00435257232
2314.43630224 0.998750915052
2314.45673433 1.00064137647
2314.47716632 1.00505252637
2314.49759821 0.995791349713
2314.5180303 0.997392080731
2314.53846229 1.0063338424
2314.55889417 1.00058487689
2314.57932626 0.996111844818
2314.59975825 0.997377033799
2314.62019013 0.999847884383
2314.64062222 0.999013966437
2314.6610542 1.00077095497
2314.68148619 1.00562780991
2314.70191817 1.00483987142
2314.72235016 1.00362749888
2314.74278214 1.00088510493
2314.76321413 1.00262786829
2314.78364611 0.992721282264
2314.80407809 1.00616067218
2314.82451007 0.996068466882
2314.84494206 0.995721823292
2314.92667008 0.997639763557
2314.94710196 0.997250684671
2314.96753394 1.00612014809
2314.98796602 0.996584268342
2315.02882988 0.997275672182
2315.04926195 1.00165589434
2315.06969383 0.996333348209
2315.09012581 1.00036599272
2315.11055789 0.997558808858
2315.13098976 0.993267324001
2315.15142174 0.998638376424
2315.17185381 1.00036059601
2315.19228579 0.998865599649
2315.21271767 0.999174081597
2315.23314974 0.988582343302
2315.25358171 1.00322295981
2315.27401359 1.00233831126
2315.29444566 0.999980924814
2315.31487763 1.00065778938
2315.33530951 1.00443995661
2315.41703749 0.997368168497
2315.43746947 0.989303272735
2315.45790154 0.992499588639
2315.47833341 1.00270317439
2315.49876538 1.00160664972
2315.51919734 0.995726675952
2315.53962931 1.00136108781
2315.56006128 1.00312447682
2315.58049325 0.99511225552
2315.60092522 1.00260440325
2315.62135719 0.9947317034
2315.64178915 1.00253078608
2315.66222112 1.00058822642
2315.68265309 1.0008498049
2315.70308515 0.995181797117
2315.72351702 0.991194246482
2315.74394898 0.991972931701
2315.76438105 1.00537297406
2315.78481291 0.997626674995
2315.94826871 1.0006625664
2315.96870057 0.994940810101
2315.98913264 1.00476066752
2316.0095646 1.00075643571
2316.02999656 1.00162451451
2316.05042852 0.999248606561
2316.07086047 0.991824280294
2316.09129243 0.993440215421
2316.11172439 0.999640005225
2316.13215635 0.997455250508
2316.15258831 1.00016376693
2316.17302036 1.00131185506
2316.19345222 0.996569175364
2316.21388418 1.00036164465
2316.23431613 0.998445859405
2316.25474809 0.993698850786
2316.27517995 0.995510313874
2316.295612 1.00127944478
2316.31604396 0.993866867263
2316.33647601 0.998805268151
2316.37733982 1.00348344139
2316.39777187 1.00326497459
2316.41820372 1.00067131275
2316.43863568 1.00096290669
2316.45906773 0.996396465015
2316.47949958 1.00590778744
2316.49993153 1.00136794694
2316.52036358 1.00049230251
2316.54079553 1.00150929001
2316.56122738 1.00018653078
2316.58165943 0.994962728729
2316.60209138 1.00175683955
2316.62252323 0.997119173529
2316.64295528 1.00591235895
2316.66338723 0.999631641469
2316.68381908 0.99684465781
2316.70425112 1.00037765786
2316.72468307 0.998567474757
2316.74511492 0.99906375951
2316.76554697 0.996238033651
2316.78597891 1.00244632143
2316.96986641 1.00600487803
2316.99029845 1.00323427823
2317.0107303 1.0028608854
2317.03116224 0.998839690372
2317.05159418 0.999764629248
2317.07202612 0.998107719324
2317.09245806 0.998648414639
2317.1128901 0.999956614117
2317.13332194 0.996163622067
2317.15375388 0.999803451804
2317.17418592 0.997123278929
2317.19461776 1.00082087168
2317.2150498 1.00341192931
2317.23548174 1.01127151698
2317.25591357 0.999847637047
2317.41936916 0.9989343603
2317.4398011 0.998533850314
2317.46023303 0.999604362236
2317.48066497 1.005058798
2317.5010969 1.01064627021
2317.52152883 0.997168661883
2317.54196077 1.00039456724
2317.5623927 1.00464782595
2317.58282473 1.00689125346
2317.60325656 1.0108616032
2317.62368849 1.00058903768
2317.64412052 1.00458249913
2317.66455236 1.00263057855
2317.68498439 0.999717177649
2317.70541632 0.997971078089
2317.72584814 0.998535989706
2317.74628017 1.00003605616
2317.766712 0.9983185407
2317.88930357 1.00183668374
2317.9097355 0.999478415469
2317.93016752 0.999554654276
2317.95059945 0.99906981255
2317.97103127 0.999766590705
2317.9914633 0.999316888125
2318.01189522 1.00324528958
2318.13448676 1.00386114107
2318.15491878 0.999310248544
2318.17535061 0.997401941569
2318.19578253 1.00150348352
2318.21621455 1.00066505521
2318.23664637 0.998738671439
2318.25707829 1.00595099773
2318.27751031 1.00014584334
2318.29794213 1.00018572839
2318.35923789 1.00040725604
2318.3796698 0.999391753082
2318.40010182 1.00165278343
2318.42053374 0.998397079337
2318.44096556 0.995571463676
2318.46139757 0.999134018461
2318.48182939 1.00119423854
2318.50226131 1.0022943068
2318.6248529 1.00015690878
2318.64528481 1.00296202889
2318.66571662 1.00216991086
2318.68614864 0.999643745351
2318.70658055 1.00585381127
2318.72701236 0.998881554519
2318.74744437 1.0101674796
2318.76787629 0.998874220497
2318.7883082 1.00599078392
2318.82917202 0.999222727031
2318.84960393 0.992263272694
2318.87003594 1.00421116602
2318.89046775 0.998777312207
2318.91089966 0.99509893574
2318.93133167 0.993644892428
2318.95176347 1.00148183051
2318.97219538 1.00612770842
2319.15608264 1.00080133233
2319.17651445 1.00217530871
2319.19694635 0.998143615746
2319.21737835 1.00446571301
2319.23781016 1.00116818353
2319.25824206 0.995995388287
2319.27867407 0.999950507935
2319.29910597 0.999109441009
2319.31953777 1.00033271679
2319.33996977 0.999659051795
2319.36040167 0.998511726369
2319.38083348 0.99494259502
2319.40126548 0.988916193909
2319.42169738 0.998859191085
2319.44212938 0.994812834524
2319.46256118 0.999293381577
2319.62601647 1.0017773157
2319.64644826 1.00369590442
2319.66688016 0.999769539976
2319.68731216 0.998350945738
2319.70774405 0.999896256038
2319.87119921 0.997797893265
2319.891631 1.00053273117
2319.91206299 1.00793469582
2319.93249488 0.998617576581
2319.95292678 1.00058308719
2319.97335867 0.998755000953
2319.99379056 1.00224884413
2320.01422235 1.00296281266
2320.03465434 1.00767219768
2320.05508623 0.996331564819
2320.07551802 1.00166759687
2320.09595001 0.998722650174
2320.1163819 0.998844489808
2320.13681379 1.00114562111
2320.15724568 0.999373754442
2320.17767757 0.995424229479
2320.19810945 1.00603574832
2320.36156455 1.00630636325
2320.38199653 1.007195143
2320.40242842 1.00101144413
2320.4228602 0.998195094814
2320.44329218 0.999194427926
2320.46372407 0.999896432362
2320.48415585 1.00199374085
2320.50458783 1.0109423118
2320.52501972 1.00204347622
2320.5454516 0.993379332905
2320.56588348 0.998030990351
2320.58631536 0.998796415228
2320.60674724 0.999885581921
2320.62717913 1.00570538191
2320.64761101 0.999390799983
2320.66804289 0.997134153991
2320.68847477 0.996669499945
2320.70890665 1.00049197829
2320.83149792 1.00406711663
2320.85192989 1.00463826387
2320.87236167 1.0080368643
2320.89279355 0.998421938594
2320.91322553 0.998507437389
2320.9336573 1.00286407749
2320.95408918 1.00483717132
2320.97452115 0.999502930422
2320.99495293 0.999837570016
2321.0153848 1.00376828471
2321.03581678 1.0029900054
2321.05624855 0.999869911589
2321.07668053 0.998626466272
2321.0971124 0.996064790259
2321.11754427 0.995281256575
2321.13797615 0.997686525912
2321.15840802 1.00588213004
2321.17883989 1.00338115294
2321.34229486 1.00342244153
2321.36272673 1.00229785426
2321.3831586 1.00197732818
2321.40359046 0.996852400089
2321.42402223 1.0018379814
2321.4444542 0.996140210302
2321.46488607 0.99920553565
2321.48531804 0.999894698159
2321.5057498 0.999136625798
2321.52618167 1.00368483017
2321.54661364 1.0004274655
2321.5670454 0.993145806635
2321.58747727 0.997571693526
2321.60790923 0.989913235763
2321.6283411 1.00287716635
2321.64877287 0.999583836526
2321.66920483 0.997848048226
2321.83265964 1.00389581628
2321.8530916 0.994644856731
2321.87352346 0.999758347258
2321.89395542 1.00121333776
2321.91438718 1.00325861555
2321.93481904 1.00164170772
2321.955251 0.998313421368
2321.97568276 0.997853474645
2321.99611462 1.00461847343
2322.01654658 1.00095008504
2322.03697834 0.999730354796
2322.0574102 0.997260792927
2322.07784206 1.00257036271
2322.09827391 0.998572700836
2322.11870577 0.999687747311
2322.13913773 1.00106106954
2322.15956949 1.00122263978
2322.18000134 0.997774136528
2322.30259258 1.00174285049
2322.32302443 1.0004373854
2322.34345619 0.995076155504
2322.36388814 1.00195697108
2322.38431999 0.999406022046
2322.40475175 0.996499835196
2322.4251837 1.00325069759
2322.44561555 1.00730810199
2322.46604741 0.997501284543
2322.48647926 0.998230157353
2322.50691111 0.996155204861
2322.52734296 1.00323117333
2322.54777481 0.995729352215
2322.56820666 1.00719592456
2322.58863851 1.00296393312
2322.60907047 0.995408317154
2322.62950222 0.995153233916
2322.64993417 1.00695884647
2322.81338885 1.003585566
2322.85425255 0.998968081314
2322.87468439 1.00149378526
2322.89511634 0.995097421016
2322.91554808 0.996286073962
2322.93597993 0.998737299778
2322.95641187 0.996938009417
2322.97684372 1.00153176054
2322.99727546 1.00469318358
2323.01770741 0.997415570558
2323.03813925 0.999915022509
2323.0585711 0.990175682365
2323.07900294 0.999881154249
2323.09943478 1.00172168431
2323.11986662 1.0005839768
2323.14029847 0.998076261644
2323.3037533 1.00395917588
2323.32418504 0.998308535783
2323.34461688 0.996471877807
2323.36504881 1.0043207287
2323.38548055 1.00733627944
2323.40591239 1.00047739942
2323.42634433 0.991340574059
2323.44677617 1.00092055867
2323.46720801 1.00334411593
2323.48763984 0.993203138274
2323.50807158 1.00017050096
2323.52850352 1.00057526847
2323.54893535 1.00393550004
2323.56936709 0.997148308068
2323.58979903 1.0054061879
2323.61023086 1.0016107483
2323.6306626 0.999286961185
2323.79411737 1.00165811611
2323.8145493 0.998340703403
2323.83498103 0.994165956901
2323.85541286 0.998096072573
2323.8758448 1.00111101511
2323.89627653 0.998175549772
2323.91670836 1.00240024088
2323.93714029 0.9953360098
2323.95757202 0.996912805411
2323.97800385 1.00472402938
2323.99843578 0.998108507656
2324.01886761 0.999880210301
2324.03929934 0.999799906197
2324.05973127 1.00197391486
2324.0801631 0.997974808389
2324.10059483 0.999848301097
2324.12102676 1.00164338829
2324.14145858 1.00281297816
2324.28448137 0.994341616003
2324.3049132 1.0004871093
2324.32534492 0.996679593137
2324.34577685 0.98842234528
2324.36620867 0.999998134484
2324.3866405 1.00222034224
2324.40707232 1.00023919283
2324.42750414 0.998238362102
2324.44793597 0.993640630194
2324.46836789 0.999009766693
2324.48879961 1.00148254594
2324.50923144 0.998416953708
2324.52966336 1.00352798251
2324.55009508 1.00251182557
2324.570527 1.00400107688
2324.59095883 0.996562787023
2324.61139055 1.00588927831
2324.77484521 1.00207424126
2324.79527693 1.00778447038
2324.81570884 1.003740151
2324.83614066 0.996556852692
2324.85657248 1.00236359114
2324.8770043 1.00208771004
2324.89743612 0.999896614594
2324.91786793 1.0051161648
2324.93829985 0.996541497448
2324.95873157 0.99553900986
2324.97916338 0.994336237792
2324.9995952 1.00508368743
2325.02002701 1.00074367142
2325.04045893 0.997374699964
2325.06089064 0.995059835028
2325.08132246 1.00208585818
2325.10175437 1.00482520138
2325.26520878 0.996758243848
2325.28564069 0.996539016218
2325.3060725 0.998210721003
2325.32650432 1.00500236
2325.34693643 0.996562708979
2325.36736824 0.992139791593
2325.38780005 0.995068818616
2325.40823186 1.00101064052
2325.42866357 0.996375633572
2325.44909548 0.99615070258
2325.46952729 1.00230082608
2325.489959 0.995457772616
2325.51039091 1.00501959007
2325.53082272 0.999327941151
2325.55125442 0.9987552405
2325.57168633 0.998301652157
2325.59211814 0.995017377288
2325.75557259 0.992087594596
2325.7760044 0.999178642752
2325.7964363 1.00123080163
2325.81686801 1.00107114742
2325.83729981 0.999117546547
2325.85773172 0.996646803725
2325.87816352 0.992381909934
2325.89859523 1.00180337868
2325.91902713 0.995318308614
2325.93945893 1.00051676618
2325.95989064 1.00062669552
2325.98032254 1.00413458613
2326.00075434 1.00054759795
2326.02118604 1.01188239399
2326.04161795 0.999337022321
2326.06204975 1.00054669497
2326.08248165 0.985704018208
2326.26636775 1.00012746187
2326.28679955 1.00334807704
2326.30723135 1.00425191668
2326.32766314 0.99898203878
2326.34809494 1.00297829609
2326.36852674 1.00169844284
2326.38895864 0.999485883259
2326.40939033 1.0018526935
2326.42982223 1.00269333601
2326.45025403 0.997564377816
2326.47068572 1.00099794282
2326.49111762 0.996857299618
2326.51154942 0.99881246205
2326.53198111 1.00371839036
2326.55241301 0.997173157601
2326.5728448 1.00353977138
2326.5932765 0.998728997953
2326.61370839 1.00411953454
2326.63414019 1.00104485545
2326.65457188 0.998813969525
2326.67500377 1.0024588794
2326.69543557 1.00267924356
2326.71586736 1.00099146528
2326.73629915 1.00255702517
2326.75673094 1.00037932386
2326.77716274 0.992224141817
2326.79759453 1.01065441084
2326.81802632 0.999023379338
2326.98148065 0.99593330045
2327.00191244 1.00348287535
2327.02234432 0.997904156117
2327.04277601 0.998861914536
2327.0632078 0.994288906844
2327.08363969 1.00120713596
2327.10407138 0.998685195447
2327.12450317 0.997979092222
2327.14493505 0.998791461401
2327.16536674 1.00195488633
2327.18579863 1.0043407191
2327.20623042 0.995166633444
2327.2266622 1.0006269723
2327.24709399 1.00210123242
2327.26752578 0.999160017888
2327.28795756 0.997069954062
2327.30838935 1.00555635072
2327.47184362 0.998338494072
2327.49227551 0.9995837714
2327.51270719 1.00556008763
2327.53313907 1.00140887876
2327.55357085 0.992307060402
2327.57400254 1.00101312963
2327.59443442 1.00156315772
2327.6148662 0.99724073672
2327.63529788 0.998537466517
2327.65572976 1.00259013907
2327.69659322 0.99792547076
2327.71702511 1.00440323718
2327.73745689 0.998414380808
2327.75788857 1.0001510201
2327.77832045 1.0010616657
2327.79875222 1.00234505105
2327.96220645 1.00178343276
2327.98263823 1.00257297387
2328.00307011 0.992125794971
2328.02350178 0.997911694129
2328.04393356 0.9964233122
2328.06436544 0.994247967917
2328.08479711 1.00270233959
2328.10522889 0.997875436651
2328.14609244 0.998027425725
2328.16652421 0.994628362628
2328.18695609 0.996878224252
2328.20738786 1.00079427521
2328.22781954 1.00762971994
2328.24825141 1.00247532122
2328.26868318 1.00138514126
2328.28911496 0.996464113323
2328.45256904 1.00188413888
2328.47300091 0.998268413006
2328.49343268 1.00173655734
2328.51386435 0.997202931593
2328.53429622 0.99592472917
2328.55472799 1.00613310592
2328.57515976 0.998058450775
2328.59559153 1.00387541989
2328.6160233 0.998611991392
2328.63645517 1.0064884645
2328.65688684 1.00431682414
2328.67731861 0.998989189181
2328.69775048 0.998387334983
2328.71818215 0.99638679428
2328.73861391 1.00036047297
2328.75904578 1.00215913281
2328.77947755 1.01122616035
2328.79990922 0.997519047841
2328.82034108 1.00035988038
2328.90206815 0.995774206311
2328.92249982 0.996858441778
2328.94293168 1.0015606897
2328.98379531 1.00947078706
2329.00422698 0.999204870435
2329.02465874 1.0000233295
2329.04509051 0.996729007008
2329.06552227 1.00046767883
2329.08595404 0.999549735026
2329.1063858 1.00197250149
2329.12681756 1.00611520544
2329.14724933 1.00412729652
2329.16768109 0.99970733485
2329.18811285 0.997939124907
2329.20854462 0.99792305856
2329.22897648 0.996489074046
2329.24940814 1.00580773501
2329.2698399 0.997567409006
2329.43329399 1.00001671902
2329.45372585 1.0040403469
2329.47415761 1.00320357143
2329.49458927 1.00136224478
2329.51502113 0.998981632069
2329.53545289 0.996561971269
2329.55588455 0.996275957549
2329.57631641 0.998630346373
2329.59674816 0.995229194794
2329.61717992 0.999118117165
2329.63761168 1.0068437373
2329.65804344 0.993020116311
2329.67847529 1.0022617883
2329.69890705 1.00808194772
2329.71933871 0.995223015503
2329.73977056 1.00160831055
2329.76020232 0.998594717247
2329.78063398 1.00205544053
2329.80106583 0.997521249129
2329.82149759 1.003944775
2329.8623611 1.00395977177
2329.88279275 0.995472971305
2329.90322451 0.997414003924
2329.92365636 0.998379866323
2329.94408802 1.00071637195
2329.96451977 1.00055670575
2329.98495163 0.998246677644
2330.00538328 0.999833131245
2330.1688374 0.999940198638
2330.18926915 0.996791390073
2330.209701 0.997782857289
2330.23013266 1.00303518163
2330.25056441 0.998818552409
2330.27099626 1.00303615641
2330.29142791 1.00244783577
2330.35272316 1.00390126012
2330.37315501 1.00334246855
2330.39358676 1.00729985374
2330.41401841 0.999263300571
2330.43445025 0.998375773828
2330.454882 1.00057409161
2330.47531365 0.999941233646
2330.4957455 1.00820535081
2330.51617725 1.0015422689
2330.536609 0.997314173345
2330.55704074 1.00196690863
2330.57747249 1.0044761279
2330.59790414 0.993886625507
2330.61833598 0.998824418617
2330.63876773 0.993563494662
2330.65919938 1.0070241448
2330.67963122 1.00168536392
2330.70006297 0.995725812484
2330.72049472 0.997695520676
2330.74092646 0.997499809641
2330.90438052 0.994904403232
2330.92481216 1.00042779695
2330.94524391 1.00174700974
2330.96567575 1.00046268049
2330.98610739 1.00220158163
2331.00653913 0.991684039055
2331.02697098 1.00514564856
2331.04740272 0.999991828336
2331.06783446 1.00106791347
2331.0882662 0.999086205651
2331.10869795 0.99819319463
2331.12912969 0.998239181402
2331.14956143 1.00387443314
2331.16999317 1.00074676893
2331.19042491 0.998977613789
2331.21085665 0.997122876341
2331.23128839 1.00047637053
2331.25172013 1.00162071138
2331.27215187 0.999846411292
2331.29258361 1.00094492269
2331.31301535 0.999661952854
2331.33344709 0.996967106391
2331.35387873 0.998261428785
2331.37431057 0.999131975796
2331.39474231 0.998569967327
2331.41517414 1.00022290141
2331.43560578 1.00216926082
2331.45603752 1.00084501896
2331.47646936 0.998985323172
2331.496901 1.00133743885
2331.51733273 1.00393727528
2331.53776457 1.00114552341
2331.57862794 1.00518506729
2331.59905978 0.9994672139
2331.61949152 1.00493639814
2331.63992315 0.996578365454
2331.66035499 1.00326679603
2331.68078673 0.999127802422
2331.70121846 0.994755008563
2331.7216502 0.9971655141
2331.88510417 1.00620605469
2331.9055358 0.999216800131
2331.92596754 1.0020420973
2331.94639937 1.00331250101
2331.966831 0.997383234553
2331.98726274 1.0040091508
2332.00769447 0.989667060836
2332.0281262 0.999994790764
2332.06898966 1.00183692811
2332.0894214 0.9966081408
2332.10985323 1.0016389448
2332.13028496 1.00911964707
2332.15071659 0.999714966545
2332.17114842 0.998190841991
2332.19158015 1.00181736909
2332.21201178 0.996507906225
2332.23244361 0.998618395229
2332.25287534 0.999263951413
2332.27330697 1.00487664654
2332.2937388 0.999307158611
2332.31417053 0.998206521369
2332.33460216 1.00134322414
2332.35503399 1.00164875833
2332.37546572 1.00664704337
2332.39589755 1.0005284084
2332.41632917 1.00299995054
2332.4367609 0.997191849522
2332.45719273 0.991749939098
2332.47762436 0.998431415745
2332.49805608 1.00066966589
2332.51848791 0.997208342783
2332.53891954 1.00201673621
2332.55935127 0.992415736891
2332.57978309 0.994325784829
2332.60021482 0.998752318165
2332.62064645 0.999727428947
2332.64107827 1.00236106088
2332.66151 0.992406382323
2332.68194162 1.00435935704
2332.70237345 1.00150759838
2332.72280517 0.99581487639
2332.7432369 0.998446446545
2332.76366862 0.999169297888
2332.78410035 0.996183074605
2332.80453207 1.00032704291
2332.8249638 0.999999335819
2332.84539542 0.998357950686
2332.86582725 1.00651319886
2332.88625897 0.995611815416
2332.90669059 0.994409984975
2332.92712242 1.00004607433
2332.94755414 1.0054554987
2333.11100802 1.00527068094
2333.13143964 0.994992431605
2333.15187146 0.993661557619
2333.17230318 1.00180380758
2333.1927348 1.00451923294
2333.21316662 1.00133576488
2333.23359834 1.00002552666
2333.25402996 1.00196091491
2333.27446178 0.996337612604
2333.2948935 0.999603177178
2333.31532512 1.00126296557
2333.33575694 0.991476951889
2333.35618866 1.00369780738
2333.37662048 0.994192738816
2333.3970521 1.0042937017
2333.41748382 0.996404488001
2333.43791564 1.00591302281
2333.45834726 0.99940652429
2333.47877897 0.995624433871
2333.49921069 1.00123857734
2333.51964241 1.00366558674
2333.54007413 0.997471719615
2333.56050584 1.00478234461
2333.58093756 1.0016428465
2333.60136928 1.00275699666
2333.6218011 1.00198848387
2333.64223271 0.996539216013
2333.66266453 0.998324836878
2333.68309624 0.997394666359
2333.70352786 1.0022017247
2333.72395968 0.99026398204
2333.74439139 0.99549685802
2333.76482301 0.999904071246
2333.78525482 1.0006272283
2333.80568654 1.00276010896
2333.82611815 0.997672413006
2333.84654997 1.001377482
2333.86698168 0.998524960287
2333.8874133 0.996906555741
2333.90784511 1.00278369958
2333.92827683 1.00171293359
2334.09173063 1.00332064791
2334.11216224 0.995266713039
2334.13259405 0.994904066749
2334.15302577 1.00331336872
2334.17345738 1.00558161457
2334.19388919 1.00073306774
2334.23475251 1.00114049274
2334.25518432 1.00385963508
2334.27561594 1.00070672337
2334.29604775 0.999279262101
2334.31647946 1.00415449774
2334.33691107 0.999068701866
2334.35734288 1.00588289699
2334.37777459 1.00038394784
2334.3982062 0.994211340022
2334.41863801 0.99907518372
2334.43906972 0.998326525726
2334.45950142 0.99391259699
2334.47993313 1.00150184913
2334.50036484 0.999530607254
2334.52079655 1.0035091367
2334.54122826 0.997707585993
2334.56165997 0.999412524191
2334.58209178 0.997300838219
2334.60252348 1.0013152076
2334.62295509 1.00480953413
2334.6433869 0.995543136461
2334.66381861 0.998678399811
2334.68425021 0.996750076057
2334.70468202 0.995780324841
2334.72511373 1.00233656917
2334.74554534 0.993933754784
2334.76597714 0.993606769668
2334.78640885 1.00221853742
2334.80684045 1.00712562694
2334.82727226 1.00765402942
2334.84770397 0.997681840067
2334.86813557 1.00014135478
2334.88856738 1.00418103007
2334.90899908 1.00605629688
2335.07245272 0.994666472359
2335.09288442 0.996875379234
2335.11331613 0.998698010606
2335.13374783 0.99709716631
2335.15417953 0.996881658526
2335.17461134 0.998345179244
2335.19504294 0.996627368496
2335.21547474 0.997159503634
2335.29720155 1.00528161706
2335.31763315 0.996259294417
2335.33806496 0.998571726586
2335.35849666 0.999753734833
2335.37892826 0.996051649545
2335.39936006 1.00056073147
2335.41979176 1.00488890616
2335.44022346 0.99956311514
2335.46065516 0.999764215729
2335.48108686 1.00174588444
2335.50151866 1.00175830411
2335.52195026 0.999229261731
2335.54238196 1.00306576886
2335.56281376 0.994175838498
2335.58324546 1.00015679584
2335.60367706 1.00293780065
2335.62410886 1.00296392286
2335.66497216 0.997370888177
2335.68540396 1.002657518
2335.70583556 0.998154369344
2335.72626726 0.999884813717
2335.74669906 1.00551615238
2335.76713065 1.00069126468
2335.78756235 1.00357055018
2335.80799415 0.999984678221
2335.82842575 1.00200060254
2335.84885755 1.00016541847
2335.86928924 0.996826114568
2335.88972084 0.998013132907
2336.05317451 1.00177870369
2336.07360621 0.996176526783
2336.0940379 1.00200946912
2336.1144696 1.00075912702
2336.13490139 1.00348386262
2336.17576468 1.00192299581
2336.19619648 1.00230031058
2336.21662817 0.995095741745
2336.23705977 0.996320579496
2336.25749156 0.99585135746
2336.27792326 0.999226083842
2336.29835485 0.997304880129
2336.31878664 1.00003306252
2336.33921834 0.997615327767
2336.35964993 1.00622097789
2336.38008172 0.99726521364
2336.40051342 1.00829883634
2336.42094511 0.99954603152
2336.4413768 0.999450125048
2336.4618084 0.998569367877
2336.48224019 1.0003735485
2336.50267188 1.00190593982
2336.52310357 1.00446367942
2336.54353527 1.00093799899
2336.56396696 0.991401592179
2336.58439865 0.999993261486
2336.60483034 1.00100306592
2336.62526203 1.00807441221
2336.64569372 1.00245076557
2336.66612551 0.994462579871
2336.68655711 1.00049349043
2336.7069889 0.997120096036
2336.72742059 0.999201046807
2336.74785218 1.00096421383
2336.76828397 1.0016342129
2336.82957904 0.99936689178
2336.85001073 1.00035272569
2336.87044232 0.997509787053
2336.89087411 0.996686467518
2337.01346424 1.00907737084
2337.03389593 0.994182647529
2337.05432772 0.999934689687
2337.07475941 1.00039515075
2337.09519099 0.999566793626
2337.11562268 1.00458603793
2337.13605447 1.00243888777
2337.15648606 1.00028543969
2337.17691784 1.00075029108
2337.19734943 0.994494312423
2337.21778112 0.998166968262
2337.2382129 0.999507647158
2337.25864449 1.00093326497
2337.27907628 0.99946855397
2337.29950796 0.99997255724
2337.31993955 0.99587556559
2337.36080302 1.00171336636
2337.38123461 1.00624775205
2337.40166639 0.994861176848
2337.42209808 1.00124970315
2337.44252967 1.00426537205
2337.46296145 0.996398013256
2337.48339314 0.995031457094
2337.50382482 1.00616088652
2337.52425651 1.00168739871
2337.54468819 0.997089714742
2337.56511987 1.0013918786
2337.58555156 0.99658079512
2337.60598324 0.996365053604
2337.76943681 0.998848101409
2337.7898684 0.999866376137
2337.81030018 1.00208712185
2337.83073176 1.00239057853
2337.85116344 0.999869368387
2337.87159523 0.999286707473
2337.89202691 0.996563680777
2337.91245859 1.00381812056
2337.97375364 1.00022033743
2337.99418532 1.0001627306
2338.014617 0.994068777175
2338.03504868 1.009089694
2338.05548036 0.995857123859
2338.07591204 1.00734985433
2338.09634372 0.997713398685
2338.1167754 0.993812628347
2338.13720708 0.999909188018
2338.15763886 1.00199812439
2338.17807044 1.00051274202
2338.19850222 1.00035455443
2338.2189339 1.00343099173
2338.23936548 0.999341904607
2338.25979726 1.00105774018
2338.28022894 1.00947813281
2338.30066052 0.996568970896
2338.3210923 0.994885061462
2338.34152398 0.999078350568
2338.50497741 0.998808350622
2338.52540909 1.00219396164
2338.54584086 0.993579380743
2338.56627244 0.991542577179
2338.58670412 1.00076832434
2338.6071358 0.995701495638
2338.62756747 0.999669002374
2338.64799915 1.00101360072
2338.66843093 1.00090282519
2338.70929418 1.00217523217
2338.72972596 1.00238970482
2338.75015753 0.99615876827
2338.77058931 1.0029467061
2338.79102099 1.00031537344
2338.81145256 1.00561292078
2338.83188434 1.00633241565
2338.85231602 0.998292405925
2338.87274759 0.998689801336
2338.89317937 0.99476919537
2338.91361104 1.00107202134
2338.93404262 0.994544228918
2338.95447439 0.997765710581
2338.97490607 0.995212907979
2338.99533784 0.999606079047
2339.01576942 1.00504030595
2339.03620109 1.00097345064
2339.05663287 1.00155405687
2339.07706444 0.997392084636
2339.24051793 0.998151338612
2339.2609496 1.00305582219
2339.28138128 0.997576770633
2339.30181295 1.00248959226
2339.32224452 1.00660565264
2339.34267629 0.998113978444
2339.36310797 0.996658851144
2339.38353954 1.00299328631
2339.40397131 0.997302803918
2339.42440298 1.00142678414
2339.44483456 0.997314470135
2339.46526633 1.00163324584
2339.485698 0.99469608163
2339.50612967 0.99648036263
2339.52656134 1.00172559804
2339.54699301 1.00002797746
2339.56742479 1.00411193165
2339.58785636 1.00446161899
2339.60828803 1.00064136091
2339.6287198 0.997603302273
2339.64915137 0.997713223936
2339.66958304 0.999892570072
2339.69001481 0.997473621403
2339.71044648 0.995191606778
2339.73087805 0.996868862081
2339.75130982 0.995013011316
2339.77174149 1.00101622712
2339.79217306 1.00029734999
2339.81260483 1.00479341422
2339.8330365 1.00361254981
2339.85346827 1.00416209991
2339.87389984 0.997170263286
2339.91476328 1.00668710728
2339.93519485 1.00223444224
2339.95562652 1.00257988778
2339.97605829 1.00195831982
2339.99648985 0.99967237959
2340.01692152 0.999506595356
2340.03735319 0.996734671025
2340.05778486 1.00797044792
2340.07821653 0.997009932808
2340.0986482 0.995976661674
2340.18037487 1.00244356561
2340.20080663 1.00241888846
2340.2212383 0.993768422098
2340.24166987 0.999921065413
2340.26210164 1.00419462668
2340.2825333 0.99541578572
2340.30296487 1.00685709822
2340.32339664 1.00338073712
2340.3438283 1.00402988855
2340.36426007 0.997775039625
2340.38469164 0.998738970724
2340.4051233 0.998541289498
2340.42555507 0.993271238808
2340.44598664 0.997941095853
2340.4664183 0.996026126582
2340.48685007 1.00287429667
2340.50728163 1.00286948062
2340.5277133 1.00318867481
2340.54814507 0.998728531021
2340.56857663 1.00195915339
2340.5890083 0.998288842184
2340.60944006 1.00342509934
2340.62987173 0.998890046103
2340.65030339 1.00292036884
2340.67073506 1.00178999976
2340.69116672 0.994606345703
2340.71159839 0.998236150138
2340.73203005 0.99419999106
2340.75246171 0.998713333025
2340.79332504 0.998130432378
2340.81375661 1.0072555252
2340.83418837 0.999867000572
2340.85462004 0.991808805928
2340.8750516 0.995927488997
2340.89548336 0.999192483747
2340.91591503 0.998805758218
2340.93634679 1.00425970329
2340.95677835 1.00364677446
2340.97721002 0.998723535767
2340.99764178 1.00459789169
2341.01807334 1.00852576497
2341.03850501 1.00247587832
2341.05893677 0.996509426625
2341.07936833 1.00121133084
2341.09979999 0.999929275062
2341.12023176 1.00287260142
2341.14066342 0.998573981471
2341.16109508 0.99855303862
2341.18152674 0.997497911005
2341.2019584 1.00288767059
2341.22239007 1.00551600125
2341.24282173 0.995933106245
2341.26325339 1.00306061896
2341.28368505 0.999280576934
2341.30411671 0.997155054169
2341.32454837 0.997463344699
2341.34498014 0.997955660707
2341.3654117 0.999872948896
2341.38584336 0.996506790247
2341.40627502 0.996979359064
2341.42670668 1.00224300156
2341.44713844 1.00447115443
2341.46757 1.00172508862
2341.48800166 0.999268857783
2341.52886498 1.00077899838
2341.54929664 1.00129608024
2341.5697284 1.00251951329
2341.59015996 0.996596795432
2341.61059162 0.99566608252
2341.63102338 0.998255855782
2341.65145494 1.00431510822
2341.6718867 0.998882920707
2341.69231836 1.00651940516
2341.71275002 1.00047025387
2341.73318168 1.00214988943
2341.75361334 0.996622581819
2341.774045 1.00690303711
2341.79447666 1.00360669025
2341.81490832 1.00276174538
2341.83533998 0.999588293466
2341.89663495 0.99812499529
2341.91706671 0.999237714261
2341.93749827 0.994191549429
2341.95793003 1.00859033142
2341.97836169 1.00032590306
2341.99879324 0.999272991061
2342.019225 1.00118615867
2342.03965666 0.996630032361
2342.06008822 0.997052722012
2342.08051998 0.997300968695
2342.10095163 0.999675583946
2342.12138319 0.999954392493
2342.14181495 1.0018218696
2342.16224661 0.991671969399
2342.18267826 1.00010739338
2342.20310992 1.00396704273
2342.22354158 0.999994674027
2342.24397323 0.995809351467
2342.26440489 1.0025971738
2342.28483655 1.00016190254
2342.3052682 0.99927826189
2342.32569986 0.998473045663
2342.34613152 0.995893907916
2342.36656327 0.991823375185
2342.38699483 1.00394513176
2342.40742649 1.00019766156
2342.42785824 1.00607593929
2342.4482898 1.00070238932
2342.46872155 1.00016327341
2342.48915321 0.998624885662
2342.50958476 0.999525838011
2342.53001652 1.00358554713
2342.55044818 0.997332399118
2342.57087973 0.999243049955
2342.59131149 0.997090917548
2342.61174314 1.00513485736
2342.6321747 1.00596278689
2342.65260645 1.00882743287
2342.67303811 0.992165427942
2342.71390142 1.00131907405
2342.73433307 1.00062452967
2342.75476483 1.0058009181
2342.77519638 0.999179110946
2342.79562804 1.00130125038
2342.81605969 0.99362102214
2342.83649144 0.99548767849
2342.856923 1.00072059325
2342.87735475 0.99622319393
2342.89778631 1.00962337111
2342.91821806 0.994312064411
2342.93864971 1.00573840898
2342.95908127 1.00289582227
2342.97951302 0.991367216869
2342.99994467 1.00531616938
2343.02037623 1.00322846177
2343.04080798 0.997446461382
2343.06123963 0.996177870127
2343.08167119 1.0016607153
2343.10210294 1.00002774602
2343.12253459 0.997480393081
2343.14296615 0.996504007671
2343.1633979 0.99977318281
2343.18382955 0.997443399285
2343.20426131 0.992379864113
2343.22469286 1.00811303978
2343.24512451 1.00295084641
2343.26555626 0.999215879179
2343.28598782 1.00292118493
2343.30641947 1.00211937148
2343.32685122 1.00353363396
2343.34728287 1.00202804003
2343.36771442 0.996150330423
2343.38814618 0.992866636181
2343.40857783 0.99820317933
2343.42900948 1.00430546836
2343.44944113 0.995840664965
2343.46987278 1.00742756592
2343.49030453 1.00051285301
2343.51073609 0.998690409427
2343.53116774 1.00155237124
2343.55159939 0.997422386067
2343.57203104 0.993562769824
2343.59246269 1.00686856824
2343.61289434 0.995978636759
2343.63332599 1.00121307445
2343.65375774 0.998975527946
2343.67418929 0.99344971377
2343.69462094 0.998805786493
2343.7150527 1.00083704397
2343.73548425 0.993665647595
2343.7559159 0.997216903515
2343.77634765 0.998227514354
2343.7967792 0.999657695655
2343.8376426 0.996292119238
2343.85807425 0.997907973517
2343.8785058 1.00190899749
2343.89893755 0.999975050982
2343.9193692 1.00030031196
2343.93980085 0.999517030828
2343.9602325 1.00084638704
2343.98066415 0.997770986321
2344.0010959 0.999427439912
2344.02152745 1.00759389677
2344.04195909 1.00127858307
2344.06239084 1.00332845883
2344.08282239 1.00446799739
2344.10325404 0.998625873658
2344.12368579 1.00823637317
2344.14411734 1.00231761067
2344.16454909 0.994467475239
2344.18498074 1.00112092755
2344.20541229 1.00275190702
2344.22584404 1.00254137928
2344.24627568 0.997608084894
2344.26670723 1.00452648768
2344.28713898 0.998676413721
2344.30757053 1.00234065297
2344.32800228 0.996033969351
2344.34843393 1.00357018662
2344.36886548 0.988473196116
2344.38929722 0.994333692255
2344.40972887 0.996502188743
2344.43016052 1.00039559105
2344.45059217 0.997996154591
2344.47102382 1.00347108398
2344.49145546 0.997610569551
2344.51188711 1.00713204196
2344.53231876 0.998118784622
2344.55275041 0.992215302728
2344.57318215 0.997854496022
2344.5936137 0.99358656414
2344.61404535 0.992066786318
2344.6344771 1.0036425323
2344.65490864 0.995985201123
2344.67534039 0.995284353572
2344.69577204 0.99915029229
2344.71620358 1.00011030027
2344.73663533 0.997038442389
2344.85922521 0.999406758846
2344.87965686 1.00048874042
2344.9000886 0.999745959626
2344.92052015 0.994011717305
2344.9409518 1.00287146158
2344.96138344 0.999527068283
2345.14526836 1.00259003966
2345.1656999 1.00787037595
2345.18613165 1.00160662686
2345.20656329 0.998699392436
2345.22699484 1.00168259549
2345.24742658 0.999979150633
2345.26785823 1.00137665488
2345.28828977 1.00277262532
2345.30872152 1.00420370314
2345.32915316 1.00246415143
2345.34958491 1.00370763158
2345.37001645 1.00028457794
2345.3904481 1.00526567022
2345.41087984 0.993170020607
2345.43131139 1.00594860745
2345.45174303 1.00072257635
2345.47217478 0.997066017879
2345.49260642 0.997605018383
2345.51303797 1.00327571613
2345.53346971 0.998223736267
2345.55390136 1.00006294607
2345.574333 0.994587663003
2345.59476464 0.996140124632
2345.61519629 0.994948842622
2345.63562793 0.998832798146
2345.65605958 1.00671581425
2345.67649122 1.00238486628
2345.69692286 0.998055630552
2345.86037611 1.00397962312
2345.88080766 1.00232734499
2345.9012393 0.996794086792
2345.92167104 0.999676054662
2345.94210259 0.998116131332
2345.96253423 0.989972282577
2345.98296597 0.99962853778
2346.00339752 0.99913932853
2346.0442609 1.00390787339
2346.06469255 0.996938598616
2346.08512419 1.00232930604
2346.10555583 0.998642152855
2346.12598747 1.00376527
2346.14641912 1.00227424727
2346.16685076 0.994157590277
2346.1872824 1.00235229962
2346.20771415 1.00183986253
2346.22814569 1.00323882146
2346.24857733 1.00070011394
2346.28944062 0.997628214008
2346.30987236 0.999213239535
2346.330304 0.999022578533
2346.35073554 1.00535539422
2346.37116728 0.998672156344
2346.39159893 1.00155092501
2346.41203047 0.997152742122
2346.43246221 1.00535919802
2346.45289375 0.989197693149
2346.47332539 0.996882190402
2346.55505206 0.999465577132
2346.5754837 1.00634009826
2346.59591535 1.00506800281
2346.61634699 1.0032400004
2346.63677863 0.99941735451
2346.65721027 1.00747071161
2346.67764191 1.00216192877
2346.84109514 1.00368437028
2346.86152668 1.00391918489
2346.88195842 0.998777280159
2346.90239006 0.998491240505
2346.92282161 1.00082402791
2346.94325335 0.995479942252
2346.96368499 0.999636863636
2346.98411673 1.00436427377
2347.00454827 0.999770894638
2347.02497991 1.00030253101
2347.04541155 1.00364218832
2347.06584319 0.999151792446
2347.08627483 1.0017431752
2347.10670657 0.996547567039
2347.12713811 1.00600972826
2347.14756975 0.99644673852
2347.16800139 0.998267652634
2347.18843303 0.999839012863
2347.31102287 0.999813733715
2347.33145461 0.996661156171
2347.35188625 1.00037037119
2347.37231779 1.00651071355
2347.39274953 0.99849186878
2347.41318117 1.0016180242
2347.57663429 0.998892773908
2347.59706593 1.00171563322
2347.61749767 0.999753596434
2347.65836095 0.998212825008
2347.67879259 1.00301093491
2347.69922423 0.999053909195
2347.71965587 0.998403169866
2347.76051915 0.996074818518
2347.78095079 0.99978846008
2347.80138243 0.99986145908
2347.82181406 0.998478318411
2347.8422457 0.995610002431
2347.86267734 1.00089479565
2347.88310908 1.01128852133
2347.90354062 1.00382750646
2347.92397226 1.00327997222
2347.944404 0.996625087252
2347.96483554 0.998397609724
2348.00569892 1.00100784476
2348.02613045 1.00143990449
2348.04656209 1.00203987361
2348.06699383 0.999244631705
2348.08742537 1.00212917052
2348.10785711 1.00312671197
2348.12828875 1.00797899217
2348.14872029 0.99885178867
2348.16915203 0.99327396648
2348.18958366 1.00176668267
2348.2100153 1.0083639039
2348.25087858 0.99748546379
2348.27131022 1.00238778004
2348.29174186 0.995926579036
2348.31217349 0.998987308235
2348.33260523 1.00348727099
2348.35303687 1.00217093898
2348.37346841 1.00302250879
2348.39390015 1.00672529057
2348.41433179 1.00022710217
2348.43476332 1.00161921265
2348.45519506 0.997941058172
2348.49605824 1.00366952881
2348.51648998 1.0059938594
2348.53692152 1.00285203844
2348.55735325 1.00570678665
2348.57778489 0.998186966241
2348.59821643 0.996650065205
2348.61864817 0.996005377801
2348.63907981 1.00747954081
2348.65951134 1.01106978768
2348.67994308 0.996791039319
2348.76166963 0.998811107471
2348.78210137 1.01007476553
2348.80253291 0.993894654884
2348.82296455 0.997100278788
2348.84339628 0.998844267711
2348.88425946 1.00379604246
2348.9046912 1.00785227969
2349.02728102 0.999680112894
2349.04771266 0.996470762305
2349.0681444 1.00363218649
2349.08857593 1.00021695494
2349.10900757 0.99806028267
2349.12943931 0.997706419964
2349.14987085 1.00353852623
2349.27246067 1.00045227671
2349.29289241 0.996717384699
2349.31332394 0.993714443169
2349.33375558 1.00013061056
2349.35418732 0.997621856863
2349.37461886 0.996773235609
2349.53807205 0.987794572545
2349.55850369 1.00252540328
2349.57893543 1.00436529195
2349.59936696 1.00257839307
2349.6197987 0.993221393694
2349.78325189 1.00146452112
2349.80368343 0.993292908208
2349.82411507 0.999954035561
2349.8445468 0.996859723197
2349.86497834 0.999694731136
2349.88540998 1.00101074394
2349.90584162 1.00471420185
2349.92627325 0.994462420729
2349.94670489 1.00013108066
2349.96713653 0.995586039697
2349.98756816 0.998141256003
2350.0079999 1.00245949698
2350.02843144 0.997060874489
2350.04886307 0.999263518124
2350.06929481 1.00043893888
2350.08972645 1.00152228361
2350.11015798 0.993471540607
2350.27361117 0.996880996937
2350.29404291 0.994793664757
2350.31447445 1.00252081688
2350.51879091 0.995272407621
2350.53922255 0.996026500293
2350.55965419 1.00132001271
2350.58008582 0.997101412931
2350.60051746 1.00016870454
2350.62094909 0.996591950779
2350.64138073 1.00063064873
2350.66181237 1.00174550955
2350.682244 1.00578175387
2350.70267564 0.991326161201
2350.72310728 0.999355057909
2350.74353901 0.998890888417
2350.76397055 0.993673761996
2350.78440229 0.999749483169
2350.80483392 0.993585042038
2350.82526546 1.00210464489
2350.84569719 1.00166309683
2350.86612883 0.997327716395
2350.98871865 0.993348139261
2351.00915039 1.00555627657
2351.02958192 0.989334495072
2351.05001356 1.00711748669
2351.0704453 0.998283278801
2351.09087683 0.997628561518
2351.25433002 0.998673541868
2351.27476156 1.00317063069
2351.2951933 1.0082616787
2351.31562493 0.999959546578
2351.33605657 0.993589773555
2351.3564882 1.00210663452
2351.47907802 0.995474283448
2351.49950966 0.995984210318
2351.5199414 1.00257947495
2351.54037293 1.00112549455
2351.56080457 0.989686724135
2351.5812363 1.00673846778
2351.76512103 0.996378967465
2351.78555277 1.00697565135
2351.80598431 1.00392566384
2351.82641594 0.997333339302
2351.84684768 1.00069078014
2351.88771085 0.999820375086
2351.90814259 1.00342954049
2351.92857423 1.00507707758
2351.94900576 1.00440070177
2351.9694375 0.996266610434
2351.98986913 0.997973691701
2352.01030077 1.00686523711
2352.03073241 0.995884753965
2352.05116394 1.00465688814
2352.07159568 1.00086762601
2352.23504887 0.999204135793
2352.25548041 1.00167388425
2352.27591205 1.00534125543
2352.29634379 1.00024335509
2352.31677532 0.999363751833
2352.33720696 0.995971636934
2352.3576387 0.995611893251
2352.37807033 1.0040612128
2352.41893361 1.00060012739
2352.43936524 0.997959407981
2352.45979688 1.00224456239
2352.48022852 1.00000807521
2352.50066015 0.992387655463
2352.52109179 0.995914206246
2352.54152343 0.987877576632
2352.56195516 0.998495798215
2352.5823868 0.998595676876
2352.60281834 0.996339138674
2352.62325008 1.00205275717
2352.66411325 1.00057027723
2352.68454499 1.00171288764
2352.70497652 0.990636383095
2352.72540826 1.00063999793
2352.7458399 1.00062003166
2352.76627143 1.00945527661
2352.78670317 1.00283024226
2352.80713481 0.995451549956
2352.97058791 1.00060266051
2352.99101954 0.999801769345
2353.03188282 1.00067312373
2353.05231446 1.00368174278
2353.07274619 0.99871034011
2353.09317783 0.997284340868
2353.11360947 0.998676237666
2353.13404111 0.995871893376
2353.15447274 0.995678339931
2353.17490438 0.995802938173
2353.19533602 0.997017857435
2353.21576766 0.992014320645
2353.23619939 1.00151093357
2353.25663093 0.998388595351
2353.27706257 1.00155881567
2353.29749431 0.994545467844
2353.31792584 0.99619164654
2353.33835758 0.996843914562
2353.35878922 0.996454419483
2353.39965249 1.00518206545
2353.42008403 1.00417430824
2353.44051567 0.994236776588
2353.46094741 1.00223195482
2353.50181068 0.996464930568
2353.52224232 1.00908966728
2353.54267386 1.01052515429
2353.7265588 0.99915657838
2353.74699044 0.998944581716
2353.76742198 0.999470017854
2353.78785372 1.00282212135
2353.80828536 1.00301484575
2353.82871689 1.01148574741
2353.84914863 1.00041424159
2353.86958027 1.00335647401
2353.89001201 0.999213166029
2353.91044355 0.996171107861
2353.93087519 1.0004296806
2353.95130692 1.00128934696
2353.97173846 1.0010220795
2353.9921701 0.999475399953
2354.01260184 0.997037502665
2354.03303338 1.00174107258
2354.05346512 1.00545455045
2354.07389666 0.998183870147
2354.09432829 1.00131928367
2354.13519157 0.998482639577
2354.15562321 0.998141599882
2354.17605495 1.00242327823
2354.19648649 1.00270035218
2354.21691813 0.997138731327
2354.23734987 1.00276838204
2354.25778151 0.995747139788
2354.27821314 1.00225707727
2354.44166636 0.996775100586
2354.462098 1.00402561329
2354.48252954 1.00207624202
2354.50296128 0.998667449713
2354.52339292 1.00290769624
2354.54382446 0.991854851556
2354.56425619 0.998906791481
2354.58468783 0.998282907503
2354.60511957 1.00073076998
2354.62555111 1.00382210995
2354.64598275 1.01109454845
2354.66641439 0.995695489775
2354.68684603 1.00172619723
2354.70727767 0.995805084768
2354.72770931 0.999230838498
2354.74814095 1.00015321384
2354.76857259 0.997757017495
2354.78900423 0.995307904567
2354.80943587 1.00059598071
2354.89116253 1.00447444672
2354.91159407 1.00651520105
2354.93202571 1.00106646994
2354.95245745 0.994361080509
2354.97288909 1.00777042537
2354.99332073 0.99957791588
2355.01375237 1.00131380164
2355.1772056 1.00265592114
2355.19763714 0.995223680537
2355.21806888 0.994398961594
2355.23850052 1.00220951165
2355.25893206 1.00594786598
2355.2793638 0.994051054196
2355.29979544 1.00530955249
2355.38152211 1.00320954744
2355.40195365 0.995289504314
2355.42238529 0.997752853214
2355.44281693 0.995124500892
2355.46324857 0.994921385877
2355.48368021 0.99952646697
2355.50411186 0.996100150278
2355.66756509 0.999491773344
2355.68799673 0.999781793232
2355.9127448 1.0024696178
2355.93317654 0.993612284262
2355.95360818 1.00528481489
2355.97403972 0.993300935141
2355.99447147 0.997323528274
2356.01490311 1.00531310385
2356.03533475 1.00084607937
2356.05576639 0.999035505896
2356.07619804 1.01020456929
2356.09662968 1.00107584568
2356.11706132 1.00312963751
2356.13749297 1.0068104975
2356.15792461 1.00024585114
2356.17835625 1.00333963272
2356.19878789 1.00179373805
2356.23965118 0.99652052875
2356.40310443 0.998874063957
2356.42353597 1.00050345861
2356.44396772 1.00641820882
2356.46439936 0.997267775016
2356.4848311 1.00281351407
2356.64828426 1.00789802201
2356.6687159 1.00208956016
2356.68914745 1.00628718099
2356.70957919 1.00549338875
2356.73001084 1.00028273694
2356.75044248 1.00105637293
2356.77087413 0.999815542453
2356.79130577 0.991205252558
2356.83216906 0.994465592093
2356.85260071 0.994322551548
2356.87303235 0.996410170384
2356.893464 1.00233771457
2356.91389564 1.00024395922
2356.93432739 0.996854081517
2356.97519058 1.00802049474
2357.13864374 0.998756035451
2357.15907549 0.996389950058
2357.17950713 1.00338876999
2357.19993888 1.00282850548
2357.22037043 0.997881396201
2357.24080207 1.00254890024
2357.36339205 1.00504016159
2357.3838237 1.00126517626
2357.40425534 0.993555740144
2357.42468699 1.00029578151
2357.44511864 1.00817569561
2357.46555029 1.00002050742
2357.48598193 0.995398177041
2357.50641358 0.997822391997
2357.52684513 1.00166355635
2357.58814017 0.996644191586
2357.60857182 1.00003022254
2357.62900346 0.997247862065
2357.64943521 0.995603865052
2357.66986676 0.995088361998
2357.69029841 0.996977710355
2357.71073015 0.998262161692
2357.87418334 0.996666525625
2357.89461499 1.00388074364
2357.91504674 1.00632221264
2357.93547828 1.00046440165
2357.95590993 0.994086985339
2358.11936322 1.00609150349
2358.13979487 0.996087496519
2358.16022652 1.00124871455
2358.18065807 1.00284652522
2358.20108982 0.998335679665
2358.22152147 1.00337114665
2358.24195302 1.00048915534
2358.32367972 0.995961776499
2358.34411137 1.00183934119
2358.36454312 0.998500731014
2358.38497467 0.996068422797
2358.40540632 1.00105350716
2358.42583807 1.00129218582
2358.44626962 1.00005313436
2358.46670137 0.99617301742
2358.58929128 0.998192068628
2358.60972293 0.997664202532
2358.63015468 1.00607090732
2358.65058623 1.00207872979
2358.67101788 0.997167248944
2358.69144963 0.998449637735
2358.71188128 1.00068617761
2358.73231284 0.998566055924
2358.79360779 1.00146416584
2358.81403954 0.9996731304
2358.83447109 1.00224272728
2358.85490285 1.00273943875
2358.8753345 0.994937231253
2358.89576605 0.998652899661
2358.9161978 1.00131778117
2358.93662945 0.994009405122
2358.95706101 0.994307363165
2358.97749276 1.00249137736
2359.05921937 0.995894090361
2359.07965112 0.995481816879
2359.10008268 1.00448223267
2359.12051433 1.00685727404
2359.14094608 0.997395303789
2359.16137764 0.998834913081
2359.18180939 0.999767793461
2359.20224104 1.01037077227
2359.2226726 1.00169373136
2359.24310435 1.00586136426
2359.28396766 1.00363636073
2359.30439931 1.00049800067
2359.32483097 1.00649997128
2359.34526262 1.00339412881
2359.38612593 0.995092301334
2359.40655768 0.992653170494
2359.42698934 0.99626710195
2359.59044257 0.991317976376
2359.61087413 0.99745781237
2359.63130588 1.00821499208
2359.65173754 1.00028343477
2359.6721691 0.992042729469
2359.69260085 0.993650273612
2359.71303251 0.998577189447
2359.73346426 0.996385291441
2359.75389582 1.00725696603
2359.77432747 0.999204938069
2359.79475923 0.997044950175
2359.81519079 1.0035409658
2359.83562244 1.00730858976
2359.8560542 1.00036385749
2359.87648576 0.999211425923
2359.89691751 1.0041625497
2359.91734917 1.00299011744
2359.93778082 0.994022761014
2359.95821248 0.996462956209
2360.10123408 0.996885545358
2360.12166584 1.00139693137
2360.1420975 1.00226354153
2360.16252905 1.00058397702
2360.18296081 1.00332813695
2360.30555076 0.996266308506
2360.32598232 0.995896762147
2360.34641408 1.00399257303
2360.36684574 0.993573877221
2360.38727729 1.00099209247
2360.57116243 1.00288964707
2360.59159409 0.993023396882
2360.61202575 1.00214942751
2360.63245741 1.00750518739
2360.65288907 0.996342632721
2360.67332073 1.00121044455
2360.69375239 0.999339714431
2360.71418405 0.996553070155
2360.73461581 0.997202915613
2360.75504737 1.00099152912
2360.77547903 0.995791687582
2360.79591069 1.00041860272
2360.81634235 1.00456737284
2360.83677411 1.00017548155
2360.85720577 0.996807974917
2360.87763733 0.992812150022
2360.8980691 0.999435558823
2361.06152239 1.00442580856
2361.08195405 1.00061581745
2361.10238571 0.999758347067
2361.12281738 0.995938461308
2361.14324904 1.00228638443
2361.1636808 0.992813488504
2361.18411236 0.999923510884
2361.20454403 1.00714606658
2361.24540735 0.992789790442
2361.26583902 0.995821737246
2361.28627078 1.00014883943
2361.30670244 1.00791967489
2361.32713411 1.00448606854
2361.34756577 1.00454033757
2361.36799743 0.999566350001
2361.3884291 1.00062083586
2361.57231408 1.00047644677
2361.59274574 0.996234641165
2361.61317751 0.999958914796
2361.63360907 0.998935133351
2361.65404074 0.997323229714
2361.6744725 1.00014648436
2361.69490407 1.00159550945
2361.75619906 1.00016484121
2361.77663083 1.00008881884
2361.7970625 0.998273717824
2361.81749416 0.996121368012
2361.83792583 1.00070578669
2361.85835749 0.998330530322
2361.87878926 0.995065709318
2361.89922083 0.994015822621
2362.02181093 1.0050658277
2362.0422426 0.992371817432
2362.06267426 0.999617888632
2362.08310593 0.997587829455
2362.12396927 1.00180635525
2362.14440093 1.00537056454
2362.26699104 0.998864744882
2362.28742261 1.00193629514
2362.30785428 0.99399834762
2362.32828605 1.00308360426
2362.34871762 1.00201820091
2362.36914939 0.998795535897
2362.38958106 1.00405935419
2362.51217108 0.999720895094
2362.53260275 1.00262698941
2362.55303442 0.997806779647
2362.57346609 1.00637422008
2362.59389786 0.998339201113
2362.61432953 1.00200453819
2362.7777829 0.999661378283
2362.79821457 0.99815651938
2362.81864634 0.999166356062
2362.83907791 1.00146860901
2362.85950959 0.989868641937
2362.87994136 0.999542908121
2362.90037293 1.00231539461
2362.9208047 0.993775520855
2362.94123628 0.99991058538
2362.98209972 1.00493873377
2363.00253129 0.996355840219
2363.02296297 0.999335918913
2363.04339474 0.999312746558
2363.06382631 0.998703037858
2363.08425809 1.00384706267
2363.26814315 1.00381067485
2363.28857483 1.00059194155
2363.3090066 0.999457411668
2363.32943828 0.999779939911
2363.34986985 1.00159348548
2363.51332336 1.00187806508
2363.53375514 0.999039541401
2363.55418671 1.00450646317
2363.57461839 1.00347770088
2363.59505006 0.99869383465
2363.61548174 0.995733525514
2363.63591352 0.998839728078
2363.6563451 1.00401811036
2363.67677677 0.994287518863
2363.69720855 1.00086530341
2363.71764013 0.997634598628
2363.73807181 1.00029000994
2363.75850358 1.00026552923
2363.77893526 1.00230970173
2363.79936694 0.994799337648
2364.00368373 1.00119438281
2364.02411551 0.992502385082
2364.04454718 0.998316583809
2364.06497876 1.00313388175
2364.08541054 0.999373971015
2364.10584222 1.00817145316
2364.126274 0.996591324961
2364.14670558 0.999284551947
2364.16713727 1.00045922495
2364.18756895 1.00471207809
2364.20800063 1.00930184329
2364.22843231 0.995654386645
2364.24886399 0.996659182491
2364.26929567 0.998173528937
2364.28972745 0.990524242133
2364.31015903 1.00162195707
2364.33059071 1.00354304338
2364.35102249 1.0010257583
2364.47361259 1.00339066271
2364.49404427 1.00029248831
2364.51447595 0.996677305095
2364.53490764 0.99790632486
2364.55533932 1.00548430322
2364.575771 1.00173542708
2364.59620269 1.00345394871
2364.61663437 1.00465133329
2364.63706615 0.999373362758
2364.67792952 0.998659514303
2364.6983612 0.995704307197
2364.71879279 0.99570580426
2364.73922457 1.00264770563
2364.75965626 0.992644984154
2364.78008784 1.00055408156
2364.80051963 1.00342098966
2364.82095131 1.0032838047
2364.98440479 1.00447073989
2365.00483658 1.00161897269
2365.02526817 1.00503230699
2365.04569985 1.00512864888
2365.06613164 1.00138128828
2365.22958514 1.00044778903
2365.25001683 0.999454254299
2365.2908803 1.00424317161
2365.31131189 0.997325435171
2365.33174368 0.999558130265
2365.35217537 1.00499995887
2365.37260696 1.00527349298
2365.41347043 0.993302310518
2365.43390202 1.0060123143
2365.45433381 0.995404252914
2365.4747655 0.998094079984
2365.49519709 0.997747637488
2365.51562888 0.998304382831
2365.53606057 0.999616050954
2365.55649236 0.99539594686
2365.71994589 1.01110630362
2365.74037748 0.997829385999
2365.76080917 1.00531539142
2365.78124096 0.996141505566
2365.80167266 1.00187536823
2365.82210425 0.998260169457
2365.84253604 0.99934342499
2365.86296773 0.990905583671
2365.88339943 1.00481806324
2365.90383112 1.00421211303
2365.92426281 0.999165901269
2365.9651262 0.99673613666
2365.98555789 0.998978664769
2366.00598968 1.00584929405
2366.04685307 0.995808875738
2366.21030663 0.999010326476
2366.23073832 1.00203748093
2366.25117002 1.00320561608
2366.27160171 1.00176144191
2366.29203341 1.00405138182
2366.31246511 1.00444552237
2366.3328968 0.999362736077
2366.41462359 1.00087956811
2366.43505538 1.00219850068
2366.45548698 1.01007064557
2366.47591868 0.997204966615
2366.49635047 0.998012753123
2366.51678217 1.00597607091
2366.53721387 0.994004869097
2366.55764557 0.99668854606
2366.57807727 0.998429169842
2366.59850906 0.995895441307
2366.61894066 0.999391003833
2366.63937236 0.994821590863
2366.65980416 0.99943628295
2366.68023576 1.01118811532
2366.70066756 1.00288116386
2366.72109926 1.00583189604
2366.76196265 0.997180671788
2366.78239435 1.0030058446
2366.94584796 1.00118535511
2366.96627966 0.993820973444
2366.98671136 1.00156626037
2367.00714306 0.995783177026
2367.02757476 1.0033764016
2367.19102838 1.00255078794
2367.21146018 1.00089124237
2367.23189188 1.00240237588
2367.25232359 0.997606469035
2367.27275529 1.00271275631
2367.293187 1.00016559713
2367.3136188 1.00530882814
2367.3340504 0.997660409428
2367.39534552 1.0014898349
2367.41577732 0.998578733331
2367.43620903 1.01083021349
2367.45664063 1.00080302252
2367.47707244 0.998853927797
2367.49750414 0.999432972662
2367.51793575 0.995988239854
2367.53836755 0.99618370257
2367.55879926 0.994395024944
2367.57923096 0.991840873188
2367.59966267 0.998836347096
2367.62009438 1.00103526291
2367.64052608 0.995655386562
2367.66095779 1.0037759216
2367.6813895 0.993772202984
2367.7018212 1.00128560558
2367.72225291 1.01020017711
2367.74268472 0.994693971189
2367.76311633 1.00229808212
2367.92657009 0.99680157996
2367.9470018 0.992697403194
2367.96743361 1.00750254413
2367.98786522 1.00264402682
2368.00829693 0.993448103702
2368.02872874 0.998462215095
2368.04916035 0.998699470692
2368.06959216 1.00117586555
2368.09002387 0.995328736511
2368.11045548 1.00047860478
2368.13088729 1.0104925404
2368.151319 1.00025036352
2368.17175061 0.99355323865
2368.19218242 1.00170073409
2368.21261414 1.00118718246
2368.23304585 1.00315708243
2368.25347756 0.997199855235
2368.27390927 1.00764268066
2368.39649965 0.993137204662
2368.41693126 1.00325706967
2368.43736297 0.999585430856
2368.45779479 1.00250027595
2368.4782265 0.999379774609
2368.49865811 0.999903723868
2368.66211193 0.996425098859
2368.68254375 1.00117812483
2368.70297536 0.989573072674
2368.90729263 1.00086838738
2368.92772435 1.00120168843
2368.94815617 1.0035696408
2368.96858778 1.00417484162
2368.9890195 1.00109912596
2369.00945122 0.998739648961
2369.02988294 0.99609477732
2369.05031466 0.997297136122
2369.07074638 1.00043953292
2369.0911781 1.00857260356
2369.11160992 0.99663394557
2369.13204154 1.00006944841
2369.15247326 0.992813267509
2369.17290508 1.00266955706
2369.1933368 1.00349989853
2369.21376842 0.99921195797
2369.23420024 1.00384800126
2369.41808573 0.995973801595
2369.43851755 1.00168945935
2369.45894927 0.999211953107
2369.4793809 0.99747774054
2369.49981272 1.00292625264
2369.52024444 0.998767276007
2369.54067607 1.0092548381
2369.58153961 1.00445619113
2369.60197134 1.0005722875
2369.62240306 0.995719822769
2369.64283479 0.998214091986
2369.66326651 0.994490541949
2369.68369823 1.00788936828
2369.70412996 1.00336305138
2369.72456168 0.996758627755
2369.74499341 0.99864914323
2369.76542524 1.00063521061
2369.84715214 0.995482323506
2369.86758377 0.993619870137
2369.88801559 1.00009979946
2369.90844732 1.00037692761
2369.92887905 1.00506659287
2369.94931077 1.0055897424
2369.9697425 0.993848850139
2370.13319633 1.00281281263
2370.15362816 0.993397805678
2370.17405988 0.992608752909
2370.19449151 0.994699465281
2370.23535507 1.00450177204
2370.2557868 0.994559180211
2370.27621853 1.00850843848
2370.29665026 0.998954078417
2370.3170821 1.00961461877
2370.35794546 1.0028221791
2370.37837719 1.0056951677
2370.39880892 1.00240572195
2370.41924065 1.00240496617
2370.43967238 0.996476484469
2370.46010412 0.992256542859
2370.62355808 1.00086851265
2370.64398991 1.00486344775
2370.66442155 1.00067838314
2370.68485328 1.00681764583
2370.868739 0.999865201357
2370.88917074 0.996774221701
2370.90960237 0.997009649786
2370.93003421 0.998796916226
2370.95046595 0.998199355248
2370.97089768 0.996616936238
2371.07305637 0.993897277267
2371.09348811 0.997300379895
2371.11391985 1.00099637772
2371.13435169 0.999464220391
2371.15478333 0.999067747704
2371.17521506 0.9963773612
2371.1956469 1.00307062605
2371.21607864 1.00335434287
2371.23651028 1.00982927071
2371.31823734 0.998354721877
2371.33866909 0.995678995139
2371.35910093 0.99672512412
2371.37953257 1.00002179383
2371.39996431 0.995511911119
2371.42039615 1.00098116748
2371.44082779 0.991985284863
2371.46125963 1.00655849906
2371.48169138 1.00253740385
2371.50212878 1.00094612188
2371.52255484 1.00199904013
2371.54298658 1.00461673599
2371.56341822 1.00333165591
2371.58385006 0.997027491826
2371.60428181 0.996268158924
2371.62471365 0.998583615783
2371.6451453 0.99845665946
2371.66557704 1.00254766444
2371.68600888 1.00599040079
2371.70644053 1.00459404366
2371.72687227 0.996040120165
2371.80859936 0.997255421863
2371.8290311 1.0008146898
2371.84946285 0.998162088549
2371.86989459 1.00742893512
2371.89032634 0.996876058836
2371.91075819 1.00115855322
2371.93118983 0.997736254135
2371.95162158 1.00705238361
2371.97205343 0.997509355952
2371.99248508 0.995728527675
2372.03334867 0.999232492054
2372.11507557 1.00544068448
2372.13550741 1.00242128412
2372.15593906 0.996244800373
2372.17637091 1.00074732406
2372.33982502 1.00569167802
2372.36025667 0.997983282199
2372.38068842 0.997555254326
2372.40112027 1.00403600143
2372.42155202 1.00064428421
2372.44198368 0.999910156043
2372.46241553 1.00030268296
2372.48284728 1.00558579995
2372.50327903 0.999835869203
2372.52371079 1.00296546518
2372.54414254 0.989424271069
2372.56457429 1.00380874038
2372.58500605 1.00351217491
2372.6054378 0.996779096635
2372.62586966 0.998158652174
2372.64630131 0.987548992204
2372.66673317 0.997855208145
2372.83018721 1.00141270646
2372.85061897 1.00438700664
2372.87105062 0.99957163436
2372.89148248 0.998288661152
2372.91191424 0.999917361835
2372.9323459 0.995938603506
2372.95277775 1.0015924878
2372.97320951 0.995923979221
2372.99364137 0.992933356203
2373.01407303 0.996989193721
2373.03450479 0.998303629436
2373.05493665 1.00302620895
2373.07536841 0.989999606572
2373.09580007 0.995040441441
2373.11623192 1.01171751355
2373.13666368 0.99220054272
2373.34098129 0.999829590778
2373.36141306 0.99424775288
2373.38184492 0.992578339403
2373.40227658 1.00021280275
2373.42270835 0.997692930149
2373.44314021 1.00502173023
2373.46357187 1.00193048359
2373.48400374 1.00183955025
2373.5044355 0.99936534093
2373.52486716 1.00423128198
2373.54529903 1.00268275905
2373.56573079 1.00038756093
2373.58616246 1.00444438674
2373.60659432 1.00236143534
2373.62702609 0.992521501821
2373.64745795 0.996241006023
2373.66788962 1.00421649527
2373.68832139 1.00155480703
2373.70875325 0.993546702126
2373.72918492 1.00241597193
2373.74961668 0.997653333958
2373.77004855 0.999335952337
2373.79048032 0.994455926025
2373.81091199 1.00015134979
2373.83134385 1.00806645308
2373.85177562 0.99949442015
2373.87220739 0.994325457184
2373.89263916 0.985202468734
2373.91307093 0.990243130849
2373.93350279 0.997817440899
2373.95393446 0.998662905583
2373.9947981 1.00531122176
2374.01522977 1.00259374308
2374.03566164 1.00338508904
2374.05609331 0.998169923913
2374.07652508 1.0001714641
2374.09695695 1.00000000601
2374.11738862 1.00015930078
2374.13782039 0.998550716529
2374.30127467 1.00190180794
2374.32170644 0.999425872871
2374.34213822 1.00484334771
2374.36257009 1.00428285309
2374.38300177 1.00940581343
2374.40343354 0.998021871257
2374.42386541 1.00468500244
2374.44429719 1.00932576451
2374.48516074 1.00563752021
2374.50559251 1.00713929045
2374.52602429 1.00129997095
2374.54645607 1.00121198458
2374.56688784 0.998370170368
2374.58731972 1.00385372872
2374.60775139 0.989445678122
2374.62818317 1.00016851143
2374.64861505 1.00361026065
2374.66904672 0.995701716875
2374.6894786 0.990173121877
2374.73034206 1.00175021576
2374.75077394 0.998688263119
2374.77120561 0.997014952982
2374.79163739 0.996881592763
2374.81206927 0.999320125536
2374.83250095 0.997238190047
2374.91422817 0.996846972357
2374.93465995 1.00037794614
2374.97552351 1.00715610565
2374.99595529 0.995255624337
2375.01638717 1.00229532428
2375.03681886 0.998563152606
2375.05725064 1.00058272176
2375.07768252 0.992141374054
2375.0981143 0.99667537773
2375.11854608 1.00585668519
2375.30243224 1.00649168629
2375.32286392 1.00046964573
2375.34329581 0.997970240329
2375.36372749 1.00320417731
2375.38415928 0.998782500476
2375.40459117 1.00719109383
2375.42502295 1.00337407101
2375.44545474 1.00564955646
2375.46588652 0.998626962925
2375.48631821 0.998855500635
2375.5067501 1.00183932948
2375.52718189 0.999388653926
2375.54761357 0.996075147087
2375.56804546 1.00420466488
2375.58847725 0.994463578805
2375.60890914 0.996279057984
2375.62934083 0.996903119379
2375.64977262 1.00549859233
2375.73149987 1.00761918729
2375.75193156 0.997309871856
2375.77236345 0.999387767153
2375.79279525 1.0059184723
2375.81322704 0.995462404565
2375.83365883 1.00505613696
2375.85409062 1.00243801428
2375.87452241 1.00130062992
2375.8949543 0.99532557782
2375.91538599 0.993493040159
2375.95624968 1.00436654303
2375.97668137 1.00417304161
2375.99711327 1.00375323652
2376.01754506 0.997974515805
2376.03797675 1.00429569085
2376.05840865 0.996252087096
2376.07884034 1.00056544978
2376.09927214 0.999713821715
2376.11970403 0.99860422901
2376.14013572 0.991769342745
2376.22186301 1.00389507506
2376.2422948 0.998155720872
2376.2627265 1.0046274146
2376.2831584 1.00493815962
2376.30359019 1.00084661844
2376.32402209 1.00385892754
2376.36488559 0.998391474862
2376.38531748 0.995817385856
2376.40574918 1.0000492259
2376.44661288 0.99585722839
2376.46704468 1.00483031261
2376.48747648 1.00492860352
2376.50790828 1.0060154067
2376.52834008 0.999511171043
2376.54877188 0.994978995524
2376.56920368 0.994377370982
2376.58963548 1.00096738808
2376.75308989 0.998050827761
2376.77352179 1.00681161125
2376.7939535 1.00474635264
2376.8143854 1.00270846152
2376.8348172 0.996780829521
2376.85524891 0.997662970449
2376.87568081 1.0030339651
2376.89611262 1.00268933896
2376.93697623 0.998988575866
2376.95740803 0.998301669143
2376.97783994 1.00198871992
2376.99827164 1.00384174542
2377.01870345 0.997506781944
2377.03913536 1.00328072524
2377.05956706 0.999123669489
2377.07999887 1.00213018876
2377.24345343 0.997999466823
2377.26388534 1.00457552845
2377.28431705 1.00362930558
2377.30474896 0.997688882889
2377.32518077 0.996035481159
2377.34561248 0.997270151393
2377.36604439 1.00304150681
2377.3864762 1.00167104247
2377.40690791 0.996211299471
2377.42733982 1.0035554135
2377.44777154 0.998707446932
2377.46820345 0.996789702607
2377.50906697 1.00074605189
2377.52949888 1.00216707487
2377.5499307 1.00035035153
2377.57036241 1.00328518855
2377.59079432 1.00700928515
2377.71338521 0.997535313737
2377.73381702 1.00300486249
2377.75424894 1.00725857955
2377.77468076 0.997703380022
2377.79511257 0.998568204104
2377.81554439 0.996896324945
2377.97899903 1.00273858146
2377.99943075 0.994889846791
2378.01986267 0.993386949358
2378.04029449 1.00463540057
2378.06072621 1.00369077054
2378.08115812 1.00007881131
2378.10158985 0.993581827881
2378.12202177 1.00018282934
2378.14245359 1.0039957062
2378.16288531 0.999948384146
2378.18331723 0.995073310818
2378.20374905 0.996386179411
2378.22418077 0.991156705592
2378.24461269 0.998917599021
2378.26504452 0.996769152603
2378.28547644 1.00236656402
2378.30590816 0.998821737607
2378.48979468 0.995439921366
2378.53065833 1.00186897057
2378.57152198 1.00229086461
2378.59195381 1.00032176719
2378.61238574 0.999934898361
2378.65324929 1.00605006234
2378.67368122 1.00847662351
2378.69411305 1.00222170587
2378.71454478 0.99834813206
2378.7349767 1.00328595668
2378.75540843 1.0010620377
2378.77584036 1.00007185204
2378.79627219 0.999372343394
2378.95972684 1.00015003391
2378.98015867 1.00113229165
2379.0005906 1.00189201924
2379.02102233 0.999884842936
2379.04145417 1.0040060395
2379.0618861 0.993846846834
2379.1844771 1.00148391386
2379.20490894 0.998173246364
2379.22534077 1.00083101198
2379.24577261 0.998958178757
2379.26620455 0.993052517902
2379.28663638 1.00052027579
2379.30706812 0.997990457332
2379.32750005 0.998396641658
2379.34793189 0.996644734956
2379.36836363 0.997434863799
2379.38879557 1.00900808353
2379.4092274 1.01110987739
2379.42965914 0.997108489806
2379.45009108 0.994034624319
2379.47052282 0.99727946451
2379.49095476 0.994075587945
2379.5113866 1.00378037213
2379.53181834 1.00447357609
2379.55225028 1.00433830862
2379.57268212 0.997384975846
2379.65440958 0.995921761106
2379.67484132 0.998085306432
2379.69527316 1.00177062011
2379.71570511 0.999378515748
2379.73613685 1.00543023283
2379.75656869 1.00190669706
2379.77700063 1.0059167528
2379.79743248 0.998969104877
2379.81786432 1.0000905305
2379.83829616 1.00074360711
2379.87915985 1.00318220186
2379.8995917 1.00439745693
2379.92002354 1.00163237499
2379.94045549 0.997091700947
2379.96088723 1.00042449007
2379.98131918 1.0008570396
2380.00175103 0.994163002266
2380.02218277 1.00182951149
2380.04261472 1.00236389543
2380.06304657 0.994474647169
2380.08347831 0.995427240977
2380.12434201 0.995337742099
2380.14477396 0.994357161418
2380.16520581 0.994323139076
2380.18563755 0.99807703942
2380.2060695 0.99134207427
2380.22650135 1.00209300138
2380.2469331 0.989089776427
2380.26736505 0.99499680275
2380.2877969 1.00779576791
2380.30822885 1.00741734294
2380.38995616 1.00076660232
2380.41038801 0.999588369679
2380.45125171 1.0002445191
2380.47168367 0.989491577385
2380.49211552 0.998263028819
2380.51254737 0.993126495306
2380.53297923 0.994537872841
2380.55341108 0.991349724898
2380.57384294 0.992946011716
2380.61470665 1.0012550769
2380.6351386 0.995963956623
2380.65557046 0.995440749246
2380.67600221 0.995976254094
2380.69643417 0.99995589368
2380.71686602 0.993534592428
2380.73729778 0.999962772687
2380.75772974 1.00240014968
2380.77816149 0.998364916321
2380.79859345 0.996351464239
2380.81902531 1.00177349018
2380.85988903 1.00541523006
2380.88032089 0.996294199226
2380.90075264 1.00070641952
2380.9211846 1.00130938024
2380.94161646 1.0011873666
2380.96204842 1.00880096716
2380.98248018 1.00071817657
2381.00291204 0.995809207119
2381.02334401 0.99083472668
2381.04377577 0.996542183914
2381.06420763 1.00409677401
2381.10507145 1.00371078791
2381.14593518 0.999523314926
2381.16636704 1.00179255113
2381.1867989 1.00196606554
2381.20723077 1.00262316568
2381.22766263 1.00957730277
2381.24809449 1.00522204533
2381.41154952 1.0045659376
