# #0 time, 1 flux
1977.28280804 0.968935828442
1977.30324018 0.972606444654
1977.32367251 0.97692821031
1977.34410474 0.987648031693
1977.36453698 0.99746251416
1977.38496921 0.997913136165
1977.40540144 0.989902465444
1977.42583367 0.995632241095
1977.446266 0.990353439814
1977.46669813 0.987075128132
1977.48713046 0.990975951274
1977.50756269 0.991088218994
1977.5892915 0.992712679426
1977.60972383 1.01040478605
1977.63015605 0.995667192083
1977.65058818 1.00024182073
1977.6710205 1.00248698574
1977.69145273 0.998390559821
1977.71188485 1.000172272
1977.73231718 1.0067989974
1977.7527494 1.00026028546
1977.77318152 1.00002261904
1977.79361385 1.00129621706
1977.81404607 1.00507191835
1977.83447829 0.994481944494
1977.85491051 1.00828732723
1977.87534273 1.00199011184
1977.89577495 1.0084103669
1977.91620717 1.00212015514
1977.93663939 0.994040201312
1977.95707171 1.00179406516
1977.97750383 1.01583469647
1977.99793605 1.01387467653
1978.01836836 1.00529582588
1978.07966501 1.00246231275
1978.10009713 0.986484378801
1978.12052934 1.00393814006
1978.14096166 1.00186169601
1978.16139377 1.01201702807
1978.18182599 0.987418792782
1978.2022583 1.00062618802
1978.22269041 1.00054410168
1978.24312273 0.995395564734
1978.26355494 0.991456883917
1978.28398715 1.00948240317
1978.30441936 0.992684902115
1978.32485157 1.01276718268
1978.34528378 0.982393429422
1978.36571599 0.997693354617
1978.3861482 0.995989367432
1978.40658041 1.0012818014
1978.42701262 0.985914226434
1978.44744483 1.0073607641
1978.46787703 0.992480366335
1978.48830924 0.998860733876
1978.50874145 0.997535550779
1978.52917355 0.997371189289
1978.54960586 0.99456525143
1978.57003806 0.993911849242
1978.59047017 0.999850274538
1978.61090247 1.00107418084
1978.63133468 0.994254628597
1978.65176698 0.998283029475
1978.67219908 1.00771203533
1978.69263128 0.997431831419
1978.71306359 0.985481598634
1978.73349569 0.993642160751
1978.79479239 0.992644860318
1978.81522449 1.00463522307
1978.83565679 0.997018714482
1978.85608899 1.00477211113
1978.87652109 0.998054516189
1978.91738558 0.994124755879
1978.93781768 1.00570179379
1978.95824998 1.00108002419
1978.97868217 0.988173161934
1978.99911427 1.00487683372
1979.01954656 1.00183469746
1979.06041085 1.01312323793
1979.08084315 1.00144151767
1979.10127534 1.0086135618
1979.12170763 1.00509120324
1979.14213972 1.00167142314
1979.16257192 1.01493250202
1979.18300411 1.00126984428
1979.2034363 1.01774055251
1979.22386849 1.00919515758
1979.24430068 1.00470645438
1979.26473287 0.997514575032
1979.28516506 1.00041043056
1979.30559725 1.00344015593
1979.32602944 0.999874853123
1979.34646162 1.00448712025
1979.36689391 1.00327700381
1979.387326 0.998966134425
1979.40775819 0.996817741146
1979.42819047 1.00939107756
1979.44862256 1.00460857424
1979.46905474 0.997827765747
1979.48948703 1.00385378106
1979.50991911 0.996685168423
1979.5303513 0.998612499791
1979.55078358 1.00287363782
1979.57121566 0.996730841997
1979.61208013 1.00106043748
1979.63251231 1.00158223256
1979.65294449 1.01092646576
1979.67337667 1.00432701954
1979.69380885 0.996588033045
1979.71424103 0.99570101207
1979.73467321 1.00237875357
1979.75510539 1.00963941134
1979.77553757 0.999099416331
1979.85726628 0.999654275637
1979.87769846 1.00740110409
1979.89813063 0.999359127589
1979.91856281 0.988335027497
1979.93899498 1.00004514647
1979.95942716 0.982033852874
1979.97985933 0.99982120067
1980.00029151 0.99953261833
1980.02072368 1.00575408926
1980.04115585 1.00049691426
1980.06158813 0.995950219351
1980.0820202 0.996956629423
1980.10245237 0.997964475871
1980.12288464 1.00244241583
1980.14331671 1.00548829403
1980.16374888 1.00251319898
1980.18418115 0.997768174451
1980.20461332 0.99749166132
1980.22504539 0.998285087588
1980.24547766 0.99659927406
1980.26590983 0.988809110036
1980.28634189 0.997653947072
1980.38850282 1.01242861946
1980.40893489 1.00287175663
1980.42936715 0.997997262276
1980.44979932 0.99388374912
1980.47023148 1.01415689778
1980.49066364 0.994692418542
1980.57239229 1.00279349531
1980.59282455 1.00033752474
1980.61325662 1.00603200775
1980.63368878 1.00009877063
1980.65412104 1.01304425863
1980.67455309 0.999292015972
1980.69498525 0.996175099828
1980.71541751 1.00546490264
1980.73584957 1.00322905316
1980.75628173 0.995922961458
1980.77671398 1.00325441601
1980.79714604 0.987172937941
1980.8175782 1.00289210996
1980.83801045 1.00085699504
1980.85844251 0.998896554205
1980.87887466 1.0015076419
1980.89930692 0.999409404808
1980.91973897 0.984302472208
1980.94017113 0.994151124505
1980.96060338 0.99709789593
1980.98103543 0.994128574688
1981.02189984 1.00012542969
1981.04233199 0.997088448279
1981.06276414 0.997240519717
1981.10362844 1.00616765381
1981.12406059 1.00109054622
1981.14449274 0.998670232031
1981.16492489 1.00454231345
1981.18535713 1.01616695323
1981.20578918 0.998242099593
1981.22622133 1.00028745699
1981.24665358 0.993960873797
1981.26708562 1.00079763545
1981.28751777 0.997237146389
1981.30795002 0.995114787018
1981.32838206 1.01544207785
1981.34881421 0.984658832554
1981.38967849 0.989983729184
1981.41011064 0.988157701344
1981.43054278 0.99210239881
1981.45097492 0.98283523804
1981.47140717 0.997897023189
1981.49183921 0.995606756141
1981.51227135 1.00582172243
1981.59400001 1.00421363747
1981.61443215 1.0003571431
1981.63486419 1.00487343111
1981.65529643 1.0061486177
1981.67572857 1.00516046279
1981.69616061 1.0076455039
1981.71659284 0.999377039267
1981.73702498 0.993192573467
1981.75745702 0.997435909684
1981.83918566 1.00674000283
1981.85961779 0.988059642795
1981.88004992 1.00072550661
1981.90048206 1.00212172313
1981.92091419 1.00914754727
1981.94134642 1.00898239349
1981.96177846 1.00046646111
1981.98221059 0.980831350446
1982.00264282 1.00279514547
1982.02307495 0.99911298444
1982.04350698 1.00154107484
1982.06393921 1.00736789347
1982.08437134 0.997085655493
1982.10480337 0.99138009133
1982.1252356 1.00784406587
1982.14566763 0.991690195835
1982.16609975 1.00004175082
1982.30912474 0.992783198124
1982.32955676 0.991436446589
1982.34998889 1.01275003358
1982.37042111 1.00147299216
1982.39085323 0.996257636282
1982.41128535 0.999170424405
1982.43171748 1.01727602018
1982.4521496 0.982550148005
1982.47258172 0.991486535556
1982.49301384 1.00229998299
1982.51344596 1.00102916685
1982.53387818 1.0005845358
1982.5543102 1.00302124631
1982.57474232 0.994809957572
1982.59517454 0.998399734191
1982.61560656 1.00925874083
1982.63603868 0.997277281425
1982.65647089 1.00393901094
1982.67690291 0.985472807328
1982.69733503 0.994374533922
1982.71776725 1.00060227123
1982.73819926 1.0040693068
1982.75863138 1.00439738643
1982.77906359 0.996212525246
1982.79949561 1.00931924075
1982.81992772 1.00905129682
1982.84035994 0.994469134626
1982.86079205 1.00736873009
1982.88122416 0.997449378485
1982.90165627 0.992029866878
1982.98338462 0.987810798184
1983.04468095 1.01137737411
1983.08554527 1.00470162986
1983.10597728 1.00782515614
1983.12640949 0.999569688148
1983.14684159 1.00586998521
1983.1672736 1.00540610417
1983.18770581 1.00359332153
1983.20813791 1.00008317071
1983.22857002 0.988466906617
1983.24900213 0.98954071831
1983.26943423 1.01003859055
1983.28986634 0.999442676002
1983.31029844 0.9968478203
1983.33073054 0.986842365338
1983.35116275 0.990204849081
1983.37159485 0.997422203831
1983.39202685 0.998396710631
1983.41245906 0.995626223507
1983.43289116 0.989763939837
1983.45332316 1.00196657881
1983.47375536 1.00100975889
1983.49418746 0.995053487908
1983.51461946 1.01553274072
1983.53505166 1.000761818
1983.55548376 1.00598164861
1983.57591576 1.00544497821
1983.59634796 1.01208683958
1983.63721205 0.998851161048
1983.65764425 1.00018665625
1983.67807625 1.01079225775
1983.69850845 1.00890302433
1983.71894054 1.01327438721
1983.73937254 0.997653545691
1983.75980463 0.998107098488
1983.78023683 1.01093047466
1983.80066892 1.0081075442
1983.82110102 1.01120184802
1983.84153311 0.995421045313
1983.8619652 0.995291171631
1983.8823974 0.996093479359
1983.90282939 0.9988008295
1983.92326148 1.01309461557
1983.94369367 0.993288530745
1983.96412566 1.01145668007
1983.98455775 1.00011884507
1984.00498994 0.991284833536
1984.02542193 0.989209211038
1984.04585402 0.983569447901
1984.06628621 1.00595470089
1984.0867182 0.996578350926
1984.10715029 1.00146010204
1984.12758248 0.991717513159
1984.14801447 1.01133391387
1984.16844655 1.00525169308
1984.18887874 0.995964216421
1984.20931082 0.999031261269
1984.22974281 1.00156343166
1984.250175 0.99951934631
1984.27060708 0.998437783308
1984.29103917 0.98878783195
1984.31147125 0.996782112565
1984.33190333 1.00121736889
1984.35233552 0.998082748352
1984.3727675 0.990592064735
1984.39319948 0.992885035464
1984.41363167 0.992456135866
1984.43406375 1.01000028233
1984.45449573 1.00801775494
1984.47492791 1.01365184275
1984.53622415 1.01094292735
1984.55665623 0.995936224178
1984.57708821 1.0164735203
1984.59752039 0.999917925887
1984.61795247 1.00288641939
1984.63838454 1.0060596805
1984.65881662 1.00051484764
1984.72011295 0.993876536087
1984.7609771 0.999557974219
1984.78140918 0.985536342728
1984.80184115 0.981374653955
1984.82227333 0.995225507577
1984.8427054 0.993639638231
1984.86313737 0.99029056065
1984.88356955 1.00271923045
1984.90400162 0.991707510086
1984.94486576 0.999686461853
1984.96529783 1.01251118388
1985.00616198 0.989886529907
1985.02659405 0.997325380117
1985.04702612 1.00019849553
1985.06745818 0.994652444673
1985.08789025 1.00325528359
1985.10832232 0.9998231841
1985.12875439 1.00686695373
1985.14918646 1.00231870569
1985.16961843 1.00690146696
1985.19005059 1.00361848578
1985.21048266 1.00074838316
1985.23091482 1.00078755999
1985.25134679 0.998848410223
1985.27177886 1.00480385218
1985.29221102 0.985843167216
1985.31264299 0.995679168144
1985.33307505 0.996023546529
1985.35350721 0.99148918318
1985.37393918 0.998488784165
1985.39437124 0.991774480402
1985.4148034 0.990915452418
1985.43523537 1.00087485102
1985.45566743 1.01598115806
1985.47609959 0.991572838054
1985.49653155 1.00801745426
1985.51696361 1.00110433382
1985.53739577 0.997782813441
1985.55782783 0.996909306025
1985.57825979 0.989648389666
1985.59869195 1.00157014321
1985.61912401 1.00042840818
1985.63955597 0.989903848154
1985.65998812 1.00753572447
1985.68042018 0.996212285215
1985.70085234 0.986834867654
1985.72128429 0.996570096306
1985.74171635 1.00455543654
1985.76214851 1.00352693258
1985.78258046 0.996265374042
1985.80301252 0.999526399117
1985.82344467 1.00048694246
1985.86430868 0.991110081415
1985.88474073 0.984125642688
1985.90517279 0.996111141552
1985.92560484 1.01128763119
1985.94603689 1.00073008797
1985.96646894 1.01170056776
1985.986901 0.994704999865
1986.00733305 1.00495210607
1986.0277651 1.01492750241
1986.04819715 0.992851586403
1986.0686293 0.99560124912
1986.08906125 0.995998311339
1986.1094933 1.00664030684
1986.12992545 0.993039589015
1986.15035739 1.00399613197
1986.17078954 1.00597082889
1986.19122159 1.01480629161
1986.21165354 0.99834077463
1986.23208568 1.00317592309
1986.25251773 1.00748805347
1986.27294968 1.00480139199
1986.29338182 0.992899394952
1986.31381387 0.994377421597
1986.33424581 0.994893193621
1986.35467796 0.997748255743
1986.37511 0.979630186623
1986.39554205 1.0036545476
1986.41597409 1.01192567043
1986.43640613 1.00674780309
1986.45683817 0.981957568563
1986.47727022 0.988671564951
1986.53856644 0.990178497919
1986.55899838 0.988951778414
1986.57943042 0.993003025894
1986.59986246 1.00250783559
1986.6202945 0.979679617866
1986.64072664 0.992171379126
1986.66115858 1.00017351944
1986.68159062 0.997053118445
1986.70202276 1.00508981474
1986.72245469 1.01147789984
1986.74288673 0.988350334877
1986.76331887 1.01182898193
1986.7837508 1.00553110011
1986.80418284 1.00568805916
1986.82461498 1.00814125849
1986.84504691 0.988862308325
1986.86547895 0.987265686099
1986.90634311 0.999900772061
1986.92677505 1.01122321257
1986.94720718 1.00058487732
1986.96763921 1.00563510192
1986.98807115 0.987969279105
1987.00850328 0.995371367231
1987.02893531 0.995480269558
1987.04936724 0.991148460851
1987.06979937 1.00411658394
1987.09023141 0.995240618387
1987.11066354 1.00017344752
1987.13109547 1.0029523639
1987.1515275 1.00341077573
1987.17195962 1.00212609646
1987.19239155 1.00379003958
1987.21282358 1.00701143462
1987.23325571 0.99972072541
1987.25368764 0.998180507593
1987.27411966 1.01016929369
1987.29455179 1.01764618757
1987.31498372 0.991899685862
1987.33541574 0.994714209744
1987.35584787 1.00243111759
1987.3762798 0.998240311794
1987.39671182 0.991326187743
1987.41714385 0.997977273146
1987.43757587 1.00431214559
1987.45800789 1.00091180405
1987.47844002 0.99464110461
1987.49887194 1.00534933393
1987.51930406 0.993818532031
1987.53973608 0.996530087817
1987.56016801 0.994379658995
1987.58060013 1.00150069819
1987.60103215 0.996633820521
1987.62146407 1.01095271787
1987.64189619 1.01274542461
1987.66232821 1.00100648262
1987.68276013 0.998249750265
1987.70319225 1.00324505784
1987.72362427 0.999850130346
1987.74405629 0.9954436944
1987.76448831 0.994637201958
1987.78492032 1.00237097945
1987.80535234 0.987380161253
1987.82578436 0.994276283016
1987.84621638 0.995290678966
1987.86664839 1.00336017264
1987.88708041 0.999704260938
1987.90751242 1.00438646688
1987.92794444 0.994070147088
1987.94837655 0.987852577113
1987.96880847 1.0046101577
1987.98924058 1.00475338764
1988.0096726 1.00811000249
1988.03010451 1.01528614266
1988.07096863 0.998949125763
1988.09140055 1.00462535851
1988.11183266 1.00657806181
1988.13226457 0.992181367186
1988.15269658 1.00778933661
1988.17312869 1.01012027539
1988.1935606 0.994560404274
1988.21399261 1.00185658778
1988.23442472 0.999271302848
1988.25485663 1.01192749047
1988.27528864 0.987041773467
1988.29572075 0.995203949098
1988.31615276 1.0075722845
1988.33658466 0.985466925003
1988.35701677 0.999992288802
1988.37744878 0.992342752953
1988.39788069 1.001816127
1988.41831279 0.991389657154
1988.4387448 1.00148297286
1988.4591769 1.00001285797
1988.47960881 1.00433953181
1988.50004081 1.00342542124
1988.52047292 1.00570160403
1988.54090482 0.998296952619
1988.56133683 0.989196725256
1988.58176893 1.00515069673
1988.60220083 0.997308538414
1988.62263284 0.999560616144
1988.64306494 1.00642501854
1988.66349684 1.01445428852
1988.68392884 0.997393398351
1988.70436094 0.996776405666
1988.72479284 0.99438195521
1988.74522484 1.00193853663
1988.78608894 1.00523063764
1988.80652084 0.988466390542
1988.82695294 0.997053300485
1988.86781684 0.994828654731
1988.88824894 0.990014988875
1988.90868083 1.00973506061
1988.92911293 1.0080560929
1988.94954493 1.00592050823
1988.96997682 1.00847835646
1988.99040892 1.01151131725
1989.01084092 1.00815787559
1989.03127281 0.992588562806
1989.05170491 0.990874844822
1989.0721369 1.00547891787
1989.09256879 0.99694069577
1989.11300089 0.995821245989
1989.13343288 0.998559453384
1989.15386487 1.01357306347
1989.17429687 0.994331569382
1989.23559284 1.00291719097
1989.25602483 0.99148374819
1989.27645683 1.00387064273
1989.29688892 0.988717805586
1989.31732081 0.996104430301
1989.3377528 1.00340889847
1989.35818489 1.00954894546
1989.37861677 1.00268385046
1989.39904886 1.00945120587
1989.41948085 1.0009039953
1989.5012087 1.00215907021
1989.52164079 0.992090044797
1989.54207278 1.00580680594
1989.56250466 1.00462292829
1989.58293675 0.998590984392
1989.60336873 0.993371757357
1989.62380062 1.00063018449
1989.6442327 0.994258026756
1989.66466469 1.00921424284
1989.68509657 0.998490106078
1989.70552865 0.9966467698
1989.72596064 1.00316125285
1989.74639252 0.998606709688
1989.7668246 1.00213646337
1989.78725658 0.998137241264
1989.80768846 0.998736822535
1989.82812055 0.992567353359
1989.84855253 0.995041837572
1989.86898461 1.01535848097
1989.88941649 0.994096095707
1989.90984847 1.00762001971
1989.93028055 1.00388331804
1989.95071243 1.0085271557
1989.9711444 0.999422883538
1989.99157648 1.00479962098
1990.01200836 0.995920466974
1990.03244034 1.00526629343
1990.05287242 0.995000462863
1990.07330429 0.994582565119
1990.09373627 1.00906379946
1990.11416835 0.991577602972
1990.13460032 0.984057307893
1990.1550322 1.00710237182
1990.17546427 0.988559653949
1990.19589625 0.998828221854
1990.21632812 0.99894439203
1990.2367602 0.990008230032
1990.25719217 0.980920174705
1990.27762414 0.982276943106
1990.29805612 0.989849317965
1990.31848809 0.994306181814
1990.33892006 1.00811397218
1990.35935203 1.00602508989
1990.3797839 1.0042594515
1990.40021598 0.994892212103
1990.42064795 1.0069876134
1990.44107982 1.0032923165
1990.46151189 0.991976295115
1990.48194386 0.998847521106
1990.50237583 0.986358089232
1990.5228078 1.00570950992
1990.54323977 0.969625256581
1990.56367173 1.00760579184
1990.5841037 0.999885199099
1990.62496764 1.00498819707
1990.6453997 1.00110389173
1990.66583157 0.996783842606
1990.68626354 0.997576314882
1990.7066956 0.998675293838
1990.74755954 1.00206880543
1990.7679915 0.997960738806
1990.78842336 0.982621265467
1990.82928739 1.00617787686
1990.84971926 1.00708948985
1990.87015132 1.00538419303
1990.89058328 1.01107954282
1990.97231113 0.997743398678
1990.99274309 1.01482301567
1991.01317505 0.995308926572
1991.03360701 1.00687623208
1991.05403897 0.997162379984
1991.09490279 1.00945112735
1991.11533485 1.00953445244
1991.13576681 0.992554433616
1991.15619887 1.00809504199
1991.17663073 0.994915249204
1991.19706269 1.00952295046
1991.2379266 0.997090205955
1991.25835856 0.996014576914
1991.27879061 1.00270415574
1991.29922247 0.987389185502
1991.31965442 1.00447939519
1991.34008648 1.00842111075
1991.36051833 1.00854819884
1991.40138234 0.995283380182
1991.4218142 1.00878091785
1991.44224615 1.00078900027
1991.4626782 1.00429880706
1991.48311016 1.00170797742
1991.50354201 1.00984070463
1991.52397406 0.991215015675
1991.54440601 0.990064077472
1991.56483787 0.990277272121
1991.58526992 1.01134109191
1991.60570187 1.00612823812
1991.62613392 1.00686975917
1991.64656577 0.999834040427
1991.66699772 1.00317707693
1991.68742977 1.01771541055
1991.70786162 0.996995851815
1991.72829357 0.99600494702
1991.81002136 0.998383279439
1991.83045331 1.00562707324
1991.85088525 1.00062352867
1991.8713172 0.993048031383
1991.89174915 0.994810836225
1991.91218109 0.997315708856
1991.93261304 0.981160416081
1991.95304498 1.00588032797
1991.97347693 1.00207724727
1991.99390897 0.99673676465
1992.01434082 0.989803950285
1992.03477286 0.990089861652
1992.09606869 0.996740275864
1992.11650063 1.00513914685
1992.15736451 0.987263194378
1992.17779646 1.00006131514
1992.1982283 1.00281700132
1992.21866034 1.00840228064
1992.23909228 0.97990310315
1992.25952412 0.995657393584
1992.27995616 0.99646732959
1992.3003881 1.01538691956
1992.32082004 1.00553737025
1992.34125198 1.00570869624
1992.36168391 1.00339614593
1992.38211585 1.00756648237
1992.40254779 1.00273502738
1992.42297973 0.997592089388
1992.50470757 0.990656089283
1992.52513941 1.00340985795
1992.54557134 0.996302936527
1992.56600338 1.00451235633
1992.58643521 0.990604770891
1992.60686715 1.00425590103
1992.64773102 1.00190503741
1992.66816295 0.997192542526
1992.68859498 1.0003127057
1992.70902682 0.995591531929
1992.72945875 0.989158761299
1992.79075454 0.99861299218
1992.81118658 1.0105407824
1992.83161851 1.01594220138
1992.85205044 1.00970359882
1992.87248237 1.0040895373
1992.8929143 1.01210638436
1992.91334623 1.00453573689
1992.93377816 0.99973620961
1992.95421008 0.997425639765
1992.97464211 1.00872458523
1992.99507394 0.998909198802
1993.01550587 1.01762640762
1993.0359379 0.99299558672
1993.05636972 1.0011529827
1993.07680165 0.995860772719
1993.09723368 0.99975113203
1993.17896128 0.995239341221
1993.1993932 1.00766194714
1993.21982523 0.999540590524
1993.24025705 0.983163340385
1993.30155282 0.99806258107
1993.32198485 0.999218576811
1993.48544012 1.00664267455
1993.50587214 0.998449263612
1993.52630406 0.99852946651
1993.54673588 1.01175546225
1993.5671679 0.998443451023
1993.58759982 1.00301406674
1993.60803163 1.00569163813
1993.62846365 1.00623700758
1993.64889557 1.00025863873
1993.66932759 1.00132522056
1993.71019132 0.993709513699
1993.73062334 0.997299381562
1993.75105515 0.993075133098
1993.77148707 0.998118730619
1993.79191909 0.998670749033
1993.87364674 0.991854455939
1993.89407856 0.998148874189
1993.91451057 1.00219917535
1993.93494249 0.992710606803
1993.9553743 0.983610473198
1993.97580631 1.00111639877
1993.99623812 1.00152917123
1994.01667004 1.00982684019
1994.03710205 1.00233571816
1994.05753386 0.999591523092
1994.07796587 0.991478228075
1994.09839778 0.997758134711
1994.11882959 0.997227757907
1994.1392616 1.00564291478
1994.15969351 0.989287360417
1994.18012542 1.00163940837
1994.20055733 1.00095761082
1994.22098924 1.00330222606
1994.24142115 1.00735907863
1994.26185305 1.00598988889
1994.28228496 1.00760653951
1994.30271687 1.006819508
1994.32314878 1.00128930089
1994.34358068 1.00049939299
1994.36401259 1.01010134791
1994.3844446 1.00022539652
1994.4048764 0.990367547996
1994.42530831 1.01717961178
1994.44574031 0.993955961531
1994.46617212 1.00683534086
1994.48660412 1.0018908057
1994.50703603 1.00216216574
1994.52746783 0.988422579256
1994.54789984 0.996620382078
1994.56833174 1.00041792081
1994.58876354 1.00962368352
1994.60919555 1.00528090299
1994.62962745 0.984238382834
1994.65005935 0.994268193702
1994.67049125 0.995422148424
1994.69092315 0.983720485383
1994.71135496 0.978101096711
1994.75221886 1.00574319313
1994.77265066 1.00398661099
1994.79308266 1.00715174075
1994.81351456 1.00066524935
1994.83394636 0.998902669138
1994.85437836 1.00215736194
1994.87481025 0.987761174912
1994.89524225 1.00276294798
1994.91567405 0.986993597923
1994.93610595 0.996922558296
1994.95653795 0.989527806623
1994.97696974 0.98437073031
1995.03826543 0.994616484347
1995.05869733 1.00993871053
1995.07912933 0.996546492333
1995.09956112 0.987853391868
1995.11999302 1.00422127961
1995.14042501 1.00569703866
1995.22215259 0.994834849011
1995.24258438 1.01165138139
1995.26301637 1.00618993718
1995.28344827 1.00149255133
1995.30388016 1.00713942775
1995.32431205 1.01042442587
1995.34474394 1.00993798795
1995.36517583 0.995622389057
1995.38560772 1.00578429118
1995.40603962 1.00611993457
1995.42647151 0.997681667958
1995.4469034 1.00744081771
1995.46733529 1.01083131003
1995.48776718 1.00562408411
1995.50819906 0.997389564391
1995.52863085 1.00603959916
1995.54906284 0.995444806994
1995.56949473 0.988605286596
1995.58992662 1.00333915372
1995.61035851 0.993898585764
1995.63079039 1.00086514182
1995.65122228 0.980023700669
1995.67165417 0.987975229042
1995.69208605 0.979926991452
1995.71251804 0.992633951002
1995.73294993 0.99772588152
1995.75338171 1.00445905819
1995.7738137 1.01242171378
1995.79424558 1.01142900566
1995.81467737 1.00083137426
1995.83510935 1.00091710909
1995.85554124 1.01198856757
1995.87597302 0.997916517668
1995.896405 0.990168726084
1995.91683689 0.99440237593
1995.95770065 0.994042109562
1995.97813253 1.0011627171
1995.99856432 1.01162474074
1996.03942818 1.00947906789
1996.05986006 0.997968392448
1996.08029194 1.00553612535
1996.10072382 1.00830790593
1996.1211557 1.00191468413
1996.14158758 1.00059814423
1996.16201946 0.998789178439
1996.18245134 1.0162183588
1996.20288322 0.998346498762
1996.26417886 0.996165179621
1996.28461073 1.00473604777
1996.30504271 1.00012109664
1996.32547449 0.986097635335
1996.34590637 0.986698663418
1996.36633834 0.987933078241
1996.40720199 0.978059853805
1996.42763397 0.986177838179
1996.44806575 0.994182347479
1996.46849762 1.01389174742
1996.4889296 1.00710324099
1996.50936137 1.01221997606
1996.52979335 0.999019467256
1996.55022522 0.997725325629
1996.61152084 1.00507031542
1996.63195271 0.98977610609
1996.65238458 0.986230155824
1996.67281646 0.977777823603
1996.7136803 1.00880129434
1996.73411207 1.01098177843
1996.75454394 1.00659646004
1996.77497591 1.00314462905
1996.79540768 1.00884341925
1996.81583955 0.997493059992
1996.83627152 1.00268526988
1996.85670329 0.996088324326
1996.87713516 0.980857018269
1996.89756703 1.00073901331
1996.9179989 1.00116889061
1996.93843087 0.997142096718
1996.95886264 1.00903235055
1996.97929451 0.999991694323
1997.02015824 1.0000569164
1997.04059011 1.00669323364
1997.06102207 0.993504004286
1997.10188571 0.998449620938
1997.12231767 1.00779076422
1997.14274954 0.984470925132
1997.1631813 1.00128164811
1997.18361327 0.991208663251
1997.20404513 0.994046389101
1997.2244769 1.0066655625
1997.24490886 1.00358376352
1997.26534073 1.00316692134
1997.28577249 1.00449999787
1997.32663632 1.00099920517
1997.34706828 1.01587125026
1997.36750004 1.00851227377
1997.3879319 0.999354767928
1997.40836386 1.00785996381
1997.42879563 1.00231662388
1997.44922749 0.984399987732
1997.46965945 1.00945085728
1997.49009121 1.00205768984
1997.51052307 1.00196619078
1997.53095503 1.00007876126
1997.55138689 1.00507667113
1997.57181865 0.991279525652
1997.59225061 0.993896482629
1997.61268237 0.987703455045
1997.63311423 0.992858048156
1997.65354618 0.995549443865
1997.67397794 0.986314068182
1997.6944099 1.00289224247
1997.71484176 0.998451512423
1997.73527351 0.999683643103
1997.75570547 0.996651246375
1997.77613733 0.994509265081
1997.79656908 1.0080755165
1997.81700104 1.00592736507
1997.8374329 0.999427653927
1997.85786465 1.00088724966
1997.87829661 0.988567290413
1997.89872846 0.982005678251
1997.91916032 0.997964617075
1997.93959217 0.999909454623
1997.96002403 1.00183562656
1997.98045588 0.993856643369
1998.00088773 1.0012616525
1998.02131959 0.998448801186
1998.04175144 1.00484448788
1998.06218339 1.00805844315
1998.08261514 1.00163343183
1998.1030471 1.0016726769
1998.12347895 0.99181719936
1998.1439107 0.998228638681
1998.16434265 0.991973916578
1998.1847745 1.00354853925
1998.20520625 1.00470971519
1998.2256382 0.993282484055
1998.24607005 1.00215561547
1998.2665018 0.991216062227
1998.28693375 1.00551422223
1998.3073656 0.992279153272
1998.3482293 0.986491585002
1998.36866105 0.988793678676
1998.389093 0.99037181623
1998.40952485 0.993947021792
1998.42995669 0.996588904979
1998.45038844 1.00609467614
1998.47082039 1.00483116264
1998.49125223 1.0018454262
1998.51168408 0.991657951807
1998.53211593 1.00144060464
1998.55254777 1.00144554286
1998.63427526 0.997059965584
1998.67513884 1.01593495679
1998.69557079 1.00329162024
1998.71600253 1.00678320587
1998.73643438 1.00621818364
1998.75686632 1.00627341419
1998.77729806 1.01345223341
1998.79772991 0.999283261029
1998.81816185 1.01211039638
1998.83859359 1.00687542619
1998.85902543 0.998694575053
1998.87945737 1.00644960766
1998.89988922 0.998257181345
1998.92032106 1.00498610925
1998.9407529 0.993650668808
1998.96118474 0.992043464641
1998.98161658 0.991161866751
1999.00204842 0.993854928874
1999.02248026 1.00401128784
1999.0429122 1.0022012977
1999.06334394 0.990234383449
1999.08377578 1.01664903877
1999.10420761 0.985729720353
1999.12463945 0.988772863307
1999.14507119 0.994443493287
1999.16550313 1.00987308365
1999.18593497 0.999616327012
1999.2063667 1.00809166354
1999.22679864 0.997453727134
1999.24723048 1.00457885573
1999.26766241 1.00884409897
1999.28809415 1.00874163006
1999.30852599 0.994545558071
1999.32895792 1.01116009274
1999.34938966 0.999623721596
1999.36982149 0.985516197924
1999.39025343 0.991271735537
1999.41068526 0.999862781472
1999.431117 1.00155500941
1999.45154893 0.996460559118
1999.47198077 0.982180491275
1999.4924125 0.996312470925
1999.51284443 1.00010506248
1999.53327627 0.991639654466
1999.553708 0.999143849508
1999.57413993 0.984706239728
1999.65586726 1.01023395806
1999.67629919 1.00114265673
1999.69673092 1.00809442476
1999.71716275 0.988129217708
1999.73759468 1.00005633172
1999.75802641 0.995256582265
1999.77845824 0.999040311699
1999.79889017 0.995496722146
1999.8193219 0.993913570367
1999.83975373 0.996516555005
1999.86018556 1.01520192944
1999.88061739 1.00681572627
1999.90104922 0.996428620401
1999.92148104 1.00207928125
1999.94191287 1.00149053314
1999.9623447 1.00625885826
1999.98277663 1.00519314378
2000.00320835 1.00853032291
2000.02364028 0.997474087487
2000.04407211 1.01665754181
2000.06450383 0.998298840646
2000.08493576 1.00634343668
2000.10536758 1.00433192675
2000.12579931 1.00149445269
2000.14623123 0.998233415066
2000.16666306 1.01770691694
2000.18709478 0.999126171189
2000.20752671 0.999022323696
2000.22795853 0.997856694942
2000.24839036 1.00341609701
2000.26882218 0.997658827675
2000.289254 0.991327155797
2000.30968583 1.00485184692
2000.33011765 0.987909583937
2000.35054947 0.990515161625
2000.37098129 0.991538732616
2000.39141322 0.996690187221
2000.41184494 0.9920578378
2000.43227686 0.985923480906
2000.45270868 1.0060425464
2000.4731404 1.0096644659
2000.49357232 1.00227184243
2000.51400414 0.991938808356
2000.53443586 1.00595096517
2000.55486778 0.990161020271
2000.5752996 1.01283336861
2000.63659496 1.00777116251
2000.65702678 1.00451899242
2000.6774587 0.997104527893
2000.69789042 1.00155682901
2000.71832224 1.0051263695
2000.73875415 1.00584474806
2000.75918587 1.00007130398
2000.8000496 1.00541219996
2000.82048142 0.992242388687
2000.84091324 0.992041395429
2000.86134505 0.998342314477
2000.88177687 1.00160413797
2000.90220869 1.00342254929
2000.9226405 1.00408899012
2000.96350423 0.993120459303
2000.98393595 1.00222260001
2001.00436776 0.991512578702
2001.02479967 0.996771091829
2001.04523139 1.00388060162
2001.0656632 1.00442414857
2001.08609512 0.999759171816
2001.12695864 0.996452843782
2001.14739055 1.00833210098
2001.16782227 0.999670603239
2001.18825418 0.997310260006
2001.20868599 1.00257818098
2001.2291178 1.00767849548
2001.24954961 1.00654351662
2001.26998132 1.00045924433
2001.29041324 1.00444019298
2001.31084505 1.00721866009
2001.33127686 0.994331727388
2001.35170857 1.01674153655
2001.37214048 0.994639487084
2001.4334359 0.998993520985
2001.45386771 1.00438158558
2001.47429942 0.989953994683
2001.49473133 0.99940849095
2001.51516314 0.996951423608
2001.53559505 1.00146042771
2001.55602675 0.998977123392
2001.57645856 1.00010456863
2001.63775398 0.999102815713
2001.6786176 1.00512789636
2001.6990494 1.00486630551
2001.71948131 1.0005708012
2001.73991301 1.00351835188
2001.76034482 0.994583600483
2001.78077672 1.00942472733
2001.80120853 0.997768527776
2001.82164023 1.00230542959
2001.84207214 1.01251195666
2001.86250394 1.00240461933
2001.88293584 0.996799957979
2001.90336755 0.996960342055
2001.92379935 1.00934969065
2001.94423125 0.995974791149
2001.96466296 0.994500125757
2001.98509476 0.991623605281
2002.00552656 0.981718060515
2002.02595836 1.00065858465
2002.04639017 0.98860216939
2002.16898097 1.01129260464
2002.18941277 1.00503070745
2002.20984457 1.00028531901
2002.23027647 1.00941622652
2002.25070817 1.00842421062
2002.27113997 0.997807377832
2002.29157187 0.996382159154
2002.31200367 0.996087358412
2002.33243537 1.00482748229
2002.35286726 0.999991965937
2002.37329906 1.01149473947
2002.39373076 0.998409888766
2002.41416266 0.99198909634
2002.43459446 1.00948626127
2002.45502615 0.9943824138
2002.47545805 0.999135846416
2002.49588985 0.993826192351
2002.63891251 0.993604148773
2002.65934421 1.00930829521
2002.679776 1.00407579248
2002.7002079 1.00506263848
2002.72063959 1.00270646402
2002.74107139 0.99284147328
2002.76150318 1.00261040697
2002.78193497 0.987777222551
2002.80236677 1.00194449831
2002.82279866 0.992633316556
2002.84323035 0.9857119869
2002.86366214 1.00798611189
2002.88409404 0.999044312877
2002.90452573 0.998838383456
2002.92495752 0.999595109484
2002.94538941 0.989985016617
2002.9658211 1.00033507425
2002.98625299 1.00537602383
2003.00668478 0.990097314331
2003.02711647 0.981020977293
2003.08841184 0.99512108892
2003.14970731 1.00908396405
2003.1701391 0.995290610633
2003.19057089 1.00955763835
2003.21100268 1.0104765629
2003.23143447 1.00935233459
2003.25186625 0.985629477001
2003.3335935 1.00576351387
2003.37445698 0.998525417504
2003.39488886 0.982543188646
2003.41532065 1.0021763576
2003.47661591 1.0068488303
2003.49704769 0.993392869642
2003.51747958 0.992709692471
2003.53791126 0.996344941948
2003.55834304 1.00087390593
2003.57877493 1.00514153774
2003.59920661 1.00504484822
2003.6196384 1.00901566467
2003.64007028 1.00380343737
2003.66050206 1.00606948409
2003.68093385 0.995844130222
2003.70136563 1.00852219511
2003.78309276 0.996881865024
2003.80352464 0.996153794359
2003.82395632 1.00004815316
2003.8443881 1.00240835827
2003.86481998 1.00958773316
2003.88525167 0.992379388468
2003.90568345 0.999281634378
2003.92611533 0.998424193878
2003.94654701 1.00962100909
2003.96697879 0.989180673779
2003.98741067 0.993345053602
2004.00784235 1.00134828565
2004.02827423 0.982296827266
2004.048706 0.998014709727
2004.06913768 0.995458126777
2004.08956956 0.992573011975
2004.11000134 0.99581666626
2004.13043312 0.996040565457
2004.1508649 1.00360985259
2004.17129667 1.00207970757
2004.19172845 1.00142465557
2004.21216023 0.996518711573
2004.23259201 1.00534942518
2004.25302368 1.00493191912
2004.27345556 1.00267062069
2004.29388734 1.00890628834
2004.31431901 0.997406391875
2004.33475089 0.989989395026
2004.35518266 0.986032129387
2004.43690987 0.992056189062
2004.45734154 0.993699743754
2004.47777331 0.982306336077
2004.49820519 1.00097038849
2004.51863686 0.975106046536
2004.55950051 1.01428965442
2004.6412276 1.00257821785
2004.66165927 1.00284028631
2004.70252292 1.01043461013
2004.72295469 0.997865054062
2004.74338646 1.0056879885
2004.76381823 0.99513337551
2004.78425011 0.998835069575
2004.80468178 0.995503178686
2004.82511355 0.998093934249
2004.84554532 1.00506958789
2004.86597709 1.00734941745
2004.88640886 1.00994774631
2004.90684063 0.99928787037
2004.9272724 0.998593976749
2004.94770417 0.999287442035
2004.96813594 1.00191586812
2004.98856771 1.0003010844
2005.00899947 1.00873840742
2005.02943124 0.992700713472
2005.04986301 1.01068685702
2005.07029488 1.00309708217
2005.09072655 1.00186439358
2005.11115832 0.987076842324
2005.13159018 0.99977525122
2005.15202195 1.00277453911
2005.17245362 0.983442009588
2005.19288548 1.00281211421
2005.21331725 0.990155933185
2005.23374892 0.997123219106
2005.25418078 1.00129433923
2005.27461255 0.986591582156
2005.29504422 1.0058416463
2005.31547608 0.994294404316
2005.33590785 1.00903725251
2005.35633951 1.00924251135
2005.37677138 1.01456109584
2005.39720314 1.00438043602
2005.41763501 1.00502483736
2005.43806667 1.000376473
2005.45849844 0.999213093326
2005.4789303 1.01143206521
2005.49936196 0.998462627776
2005.51979373 1.00857155427
2005.54022559 1.00072254205
2005.56065725 1.00074695572
2005.58108902 0.987201571416
2005.60152088 1.00395474824
2005.62195254 0.996604425047
2005.6423843 0.993185493581
2005.66281607 0.996769908314
2005.68324783 0.982258833232
2005.70367959 0.97337910708
2005.72411145 0.996649611329
2005.74454311 0.985002672924
2005.76497497 1.00311084887
2005.78540674 1.00056809802
2005.8058384 1.01611619843
2005.82627026 0.997479213775
2005.84670202 0.996624758307
2005.86713368 0.991092376677
2005.88756554 1.01722266048
2005.9079973 1.00417666091
2005.92842896 1.00615748714
2005.94886082 0.99238589578
2005.96929257 0.999740173406
2006.11231498 1.00331269883
2006.13274664 1.00386588203
2006.1531784 1.00595421911
2006.17361025 0.996536365667
2006.19404201 0.992691483158
2006.21447367 1.0019114396
2006.23490552 0.980259953326
2006.25533728 0.992143670509
2006.27576894 1.00158301217
2006.29620079 0.994330391959
2006.31663255 0.988402039173
2006.3370642 0.981260371712
2006.35749606 0.991599527184
2006.37792771 0.991243220403
2006.39835947 1.00189943302
2006.41879132 0.998436199189
2006.43922298 0.984075877685
2006.45965483 0.980501717063
2006.48008659 0.990828376128
2006.52095009 1.0031425974
2006.54138185 1.00150072676
2006.5618136 1.00839658643
2006.58224535 1.01225499062
2006.60267711 1.00198319957
2006.62310886 0.989144279379
2006.64354071 1.00836634256
2006.66397236 1.01005581823
2006.68440412 1.00246244327
2006.70483597 1.00113176922
2006.74569937 0.999205363424
2006.76613122 0.998260526242
2006.78656287 0.998115384049
2006.80699472 1.00811540217
2006.82742647 0.999732981269
2006.84785813 0.999316772502
2006.86828998 1.00355937918
2006.88872173 1.0168718379
2006.90915338 0.989729180774
2006.92958523 0.995010413864
2006.95001698 0.998157862163
2006.97044862 0.990144364373
2006.99088047 0.996923237638
2007.01131222 1.00842245379
2007.03174397 1.01110745845
2007.05217572 1.00322276732
2007.07260747 1.00075791816
2007.09303922 0.995344839231
2007.11347096 1.006995779
2007.13390271 1.00615175536
2007.17476621 0.992603561377
2007.19519795 0.999687422145
2007.2156298 1.00330692036
2007.23606145 1.00053350105
2007.2564932 0.994871587325
2007.27692504 0.997867632698
2007.29735669 1.00989088186
2007.31778843 0.990979171239
2007.33822028 0.996063791057
2007.37908367 0.991907007608
2007.39951552 1.00236239207
2007.41994716 0.9953457324
2007.44037901 1.00278776604
2007.46081075 0.985964312685
2007.4812425 0.994113294987
2007.50167424 1.01133611394
2007.52210598 0.999270480747
2007.54253773 0.991908662848
2007.56296947 1.00899693919
2007.58340122 1.00364961389
2007.60383296 0.996628354695
2007.6242648 1.00348757622
2007.64469645 0.999714818869
2007.66512819 1.01684736811
2007.68556003 1.00578841518
2007.70599167 1.00391210977
2007.72642342 1.00176179257
2007.74685516 0.989852291974
2007.7672869 0.996070714089
2007.80815048 0.998821305084
2007.82858213 0.999184844298
2007.84901397 1.00319507529
2007.86944561 1.01256714472
2007.88987735 1.00051665082
2007.91030919 1.00543517077
2007.93074083 1.01468035522
2007.95117257 0.997120902286
2007.97160441 0.999818588443
2007.99203605 1.00715552484
2008.01246779 1.00330705547
2008.03289963 0.990546495608
2008.05333137 0.98697243585
2008.07376301 0.987765322595
2008.09419485 0.992130821118
2008.11462659 1.01215380154
2008.13505832 0.999207763809
2008.15549006 0.99001449159
2008.1759218 0.999184710128
2008.19635364 0.990395498827
2008.21678528 0.996137262381
2008.23721702 0.999613694104
2008.25764885 0.999341212769
2008.27808049 0.994736115251
2008.35980744 1.00448397334
2008.38023927 1.00246308741
2008.40067091 1.00682150863
2008.42110265 1.00148866604
2008.44153448 1.01202419245
2008.50282959 1.00536831247
2008.52326142 1.00322808787
2008.54369316 1.00685559763
2008.56412489 1.00828176709
2008.58455653 0.995225791153
2008.60498836 0.997073125652
2008.6254201 1.00218785342
2008.64585173 0.992558552784
2008.66628357 1.00855171725
2008.6867153 1.00256971732
2008.72757877 0.998298479415
2008.7480105 1.01307680205
2008.76844233 0.997082394347
2008.78887397 1.00525395171
2008.8093057 0.994048101308
2008.82973753 1.00209999412
2008.85016916 0.994732978211
2008.8706009 0.998683443778
2008.89103273 1.00303627817
2008.91146436 1.00316617369
2008.93189609 0.993591391444
2008.95232792 1.00441193606
2008.97275956 0.985991520612
2008.99319129 0.999716859248
2009.01362312 0.997208254441
2009.03405485 0.990620896881
2009.05448648 0.990361397188
2009.07491831 0.996308404575
2009.09535004 1.00194616301
2009.11578177 1.0006986645
2009.1362135 0.99749151759
2009.15664523 0.998918944132
2009.17707706 1.00145231736
2009.19750869 1.00841913835
2009.21794042 1.01496169653
2009.25880388 1.00811273631
2009.2792355 1.00219290919
2009.29966733 1.0033702277
2009.32009906 0.989941534954
2009.34053069 1.0142066759
2009.36096252 0.999720265637
2009.38139425 1.01162684801
2009.40182607 0.999289520605
2009.4222577 0.999802737992
2009.44268943 0.996067387657
2009.46312126 0.993237662755
2009.48355288 0.990647558809
2009.50398461 0.99899443556
2009.52441644 1.00988180792
2009.54484816 1.0164536488
2009.58571162 1.00293355153
2009.60614334 0.997621995103
2009.62657497 1.00947446379
2009.64700679 1.00386597749
2009.66743852 1.00559030418
2009.68787014 0.998497957296
2009.70830197 0.994089663967
2009.7287337 0.997525097669
2009.74916552 0.995291295987
2009.76959714 0.996302498228
2009.79002887 0.994498460063
2009.81046069 1.00780893858
2009.83089232 0.996674051453
2009.85132404 0.99192572967
2009.87175577 1.00505781364
2009.89218749 0.995064111197
2009.91261921 0.997892925172
2009.93305104 0.996927970197
2009.95348266 1.00511296989
2009.97391438 0.999552534993
2009.99434611 1.00365567173
2010.01477783 1.00461313123
2010.03520955 0.996197606354
2010.05564127 1.01594442461
2010.076073 0.99857977714
2010.09650482 1.00250281517
2010.11693654 1.00529864625
2010.13736816 1.00745950993
2010.15779998 1.00610211523
2010.17823171 1.00694314476
2010.21909515 1.00173217791
2010.23952687 0.99974785261
2010.25995849 0.993068602397
2010.28039031 0.996865489296
2010.30082203 1.00234665531
2010.32125365 1.00049898835
2010.34168547 1.00386705571
2010.36211719 0.997415018655
2010.38254901 1.00349955724
2010.40298063 0.9929034943
2010.44384417 0.998597514967
2010.46427579 1.00551014591
2010.48470751 0.996407959664
2010.50513933 1.00840396145
2010.52557105 1.01032879273
2010.54600266 0.992408921022
2010.56643448 0.996128722376
2010.5868662 1.00506965999
2010.60729782 0.99618113963
2010.62772964 1.0053236457
2010.64816135 0.994897491162
2010.66859297 0.991029619944
2010.68902479 0.995792802555
2010.70945641 0.990521897424
2010.72988822 1.01533210777
2010.75031994 0.990063049701
2010.77075156 0.997482498452
2010.79118337 0.998651438025
2010.81161509 0.99634976125
2010.83204671 1.00299291521
2010.85247852 0.994508350724
2010.87291024 0.99467592745
2010.89334186 1.01175543947
2010.91377367 0.990620427128
2010.93420539 0.996650702509
2010.9546371 1.00335524429
2010.97506882 0.984561036504
2010.99550053 0.997657537049
2011.01593235 0.995749652325
2011.03636406 0.992830819071
2011.05679568 0.997821752661
2011.07722749 1.00108260801
2011.09765921 0.990683536576
2011.11809082 0.994777408491
2011.13852264 1.00084586233
2011.15895435 0.99450151135
2011.17938596 0.999268055178
2011.19981778 0.991962920395
2011.22024949 0.985213489769
2011.2406811 1.00214241536
2011.26111292 1.01407097622
2011.28154463 0.999305674413
2011.30197624 1.00022843656
2011.32240806 1.00311824938
2011.34283977 0.990655122731
2011.42456662 0.992757645044
2011.44499833 1.00132163896
2011.46543004 0.993663111961
2011.48586175 1.00488911683
2011.50629346 1.01044599079
2011.52672517 0.996248374803
2011.54715699 0.999452531164
2011.5675886 1.00282437101
2011.58802031 1.00333252683
2011.60845212 1.0039248964
2011.62888373 1.00251562881
2011.66974725 1.00527530125
2011.69017886 1.0018816853
2011.71061067 1.00129554502
2011.73104238 1.00688764668
2011.75147399 0.996710620005
2011.7719058 0.99974826554
2011.79233751 1.0116236264
2011.81276912 1.0000606899
2011.83320093 1.00534865401
2011.85363263 0.998347629002
2011.91492776 1.00098808769
2011.93535957 1.0083186951
2011.95579118 1.00927321847
2011.97622289 1.01031207831
2011.99665469 1.0026526997
2012.0170864 0.99745285552
2012.03751801 1.00622435053
2012.05794982 0.998467617576
2012.07838142 0.997446116295
2012.09881313 1.00092901916
2012.11924494 1.01297209768
2012.13967654 0.991182047992
2012.16010825 1.00179859646
2012.18054006 0.993519980771
2012.20097166 0.99718720202
2012.22140337 1.00168131238
2012.24183518 1.00562210393
2012.26226678 0.991858460791
2012.28269859 1.00008271785
2012.30313029 0.990772690689
2012.3235619 0.989291530987
2012.36442541 0.994047655537
2012.40528882 1.00653254657
2012.42572053 0.999502574843
2012.44615223 0.990283955594
2012.52787905 1.00758200281
2012.54831075 1.00052422711
2012.56874256 0.987581172012
2012.58917426 0.997505221463
2012.60960586 0.991371281959
2012.63003767 0.991351448498
2012.65046937 0.99996577532
2012.67090097 0.98729504097
2012.69133278 0.994517402617
2012.71176448 1.00021864587
2012.73219608 1.00338347156
2012.75262789 1.00313670769
2012.77305959 0.997252586851
2012.79349119 0.9895643766
2012.81392299 1.00418033072
2012.8343547 0.991285527906
2012.8547864 0.997280602524
2012.8752181 1.00047763013
2012.8956497 1.00093031463
2012.9160815 1.00312429523
2012.9365132 1.00137280877
2012.95694491 1.00185827387
2012.97737661 0.997235666612
2012.99780831 0.988580035241
2013.01824001 1.00226394357
2013.03867171 1.00610028139
2013.05910341 1.00636697871
2013.07953511 1.01121476787
2013.09996691 1.01606198852
2013.12039851 0.992827998494
2013.14083031 1.01120154068
2013.16126201 1.01570894098
2013.18169361 0.990802143748
2013.20212541 0.989308014826
2013.22255711 1.00648715463
2013.24298871 0.999032979586
2013.26342051 0.994009076989
2013.28385221 1.00626701607
2013.30428381 0.995149045935
2013.32471561 0.99784313622
2013.34514731 0.992878278461
2013.36557891 1.00204564694
2013.3860107 0.992767030465
2013.4064424 1.00871554062
2013.4268741 0.995774932898
2013.4473058 1.00038502087
2013.4677375 1.00811753248
2013.4881692 0.998788518274
2013.50860089 1.00774044846
2013.52903259 0.998084439322
2013.54946429 0.996684011221
2013.56989599 1.0002477106
2013.59032768 0.996918264069
2013.61075948 0.996436162705
2013.63119108 0.9944540623
2013.65162277 0.984939191716
2013.67205457 0.990472763001
2013.69248617 1.00162579297
2013.71291786 1.00503374664
2013.73334966 0.993975064384
2013.75378126 0.987626576932
2013.77421305 0.976781492088
2013.79464475 0.996792679879
2013.81507635 0.992151988465
2013.83550814 0.99340777743
2013.85593984 0.99756018642
2013.87637143 0.991339321011
2013.89680323 0.999358866491
2013.91723492 0.998667230709
2013.93766662 0.999788230677
2013.95809831 0.991812290563
2013.97853001 1.00856342735
2013.9989617 1.00443606296
2014.0193934 1.00186506299
2014.03982509 1.00007582174
2014.06025689 1.00574518907
2014.08068858 0.999669945684
2014.10112018 1.01501246795
2014.12155197 1.00870759605
2014.14198366 0.99033751051
2014.16241526 1.00291045509
2014.18284705 1.00525850839
2014.20327874 0.995109233399
2014.22371034 1.00655384129
2014.24414213 0.999228023627
2014.26457372 0.98687716915
2014.28500542 1.00793914933
2014.30543721 1.01267030782
2014.3258688 1.00704996584
2014.3463006 0.983722821812
2014.36673229 1.01297088957
2014.38716388 1.00355871827
2014.40759567 1.013361052
2014.42802737 1.00150035411
2014.44845906 1.00646811872
2014.46889075 0.993112666234
2014.50975413 1.00442027225
2014.53018583 0.989127741936
2014.61191259 0.999801797481
2014.63234438 0.996167779886
2014.71407115 1.0045750032
2014.73450274 0.993423955073
2014.75493453 0.988225883371
2014.77536622 0.992304850269
2014.79579781 0.995253468666
2014.8162296 1.00675045145
2014.87752467 1.01485146977
2014.89795636 1.0078245296
2014.91838805 1.00674998165
2014.95925142 1.00913548892
2014.97968311 1.00944280946
2017.86055084 0.998918096716
2017.88098262 1.01127409295
2017.90141419 0.990898847979
2017.92184587 1.00235116918
2017.94227764 1.00424797834
2017.96270922 1.00080890327
2017.98314089 1.00863934631
2018.00357267 1.00013560401
2018.02400424 1.00304612897
2018.04443592 0.992544165548
2018.06486769 1.00058853525
2018.08529927 1.00322393526
2018.10573104 1.00363412294
2018.12616271 1.0037130091
2018.14659439 1.00261894266
2018.16702606 0.997487798477
2018.18745774 0.997710056103
2018.20788941 0.992027711031
2018.22832108 0.999970088115
2018.24875276 0.995754338837
2018.26918443 0.99873347094
2018.2896162 0.982141439596
2018.31004778 0.99622592462
2018.33047945 0.989465987111
2018.35091122 1.00955493889
2018.3713428 0.99427130791
2018.45306959 0.997151625882
2018.47350126 1.00644772937
2018.49393283 1.00023134354
2018.51436461 1.00799052088
2018.53479618 0.989585651401
2018.55522785 0.997269389727
2018.57565962 0.989842775411
2018.5960912 0.989811443082
2018.61652297 1.00046637018
2018.63695464 0.981637411881
2018.65738631 0.993532038682
2018.67781798 1.002529057
2018.69824966 1.0003613926
2018.71868133 0.990521369231
2018.739113 0.984075188915
2018.75954467 0.9904366433
2018.77997634 0.999785291613
2018.80040812 1.00994392466
2018.82083969 0.999352118816
2018.84127146 1.00798325279
2018.86170313 0.994660179161
2018.8821347 0.996059283392
2018.90256647 1.00393844366
2018.92299814 0.999889839676
2018.94342971 0.993060457723
2018.96386148 0.998469606749
2018.98429316 0.995248827034
2019.00472473 0.997192249954
2019.0251565 0.996830928281
2019.04558817 1.00159517145
2019.06601974 1.00285338806
2019.08645151 1.01217746583
2019.10688318 1.00157123606
2019.12731485 1.01151191929
2019.14774652 1.00462477577
2019.16817819 0.994289755755
2019.18860986 1.00212156171
2019.20904153 1.00232268892
2019.2294732 1.00351616637
2019.24990487 1.00054174311
2019.27033654 0.996579798808
2019.29076821 1.00788844677
2019.31119988 1.00146581967
2019.33163155 0.991339758557
2019.35206332 0.995022419221
2019.37249499 1.00059481741
2019.39292656 1.00542469144
2019.41335833 1.00210778342
2019.43379 0.989381491847
2019.45422157 0.997597216516
2019.47465334 1.00459327016
2019.495085 1.00097308043
2019.51551657 1.00379795268
2019.53594834 0.99871898214
2019.55638001 1.00423624448
2019.57681158 0.999327134264
2019.59724335 1.00360409529
2019.61767502 0.998014126262
2019.63810679 1.00541208602
2019.65853835 0.981844763895
2019.67897002 0.995962537652
2019.69940179 1.00281506936
2019.71983336 1.00782219652
2019.7606968 1.00299550335
2019.78112846 1.00499023143
2019.80156003 1.01559112087
2019.8219918 0.998224035732
2019.84242347 0.996427534415
2019.86285514 1.01558190685
2019.8832868 0.998024547266
2019.90371837 1.00019564216
2019.92415014 0.981325833619
2019.94458181 0.998455188625
2019.96501338 0.996836614964
2019.98544514 0.993286676608
2020.00587681 0.997912641671
2020.02630838 1.00799676123
2020.04674015 1.0109618248
2020.06717181 1.0062389298
2020.08760338 0.998871337465
2020.10803515 0.992510343049
2020.12846681 0.997996163724
2020.14889858 0.986555238245
2020.16933015 0.997086519336
2020.18976182 1.00086889923
2020.21019358 1.00622949054
2020.23062515 0.999750158539
2020.25105682 1.00320711159
2020.27148858 0.997450486956
2020.29192025 0.999557936657
2020.31235182 1.00338248416
2020.33278358 0.990978823335
2020.35321525 1.00285009296
2020.37364691 1.00788982794
2020.39407858 1.00046583569
2020.41451025 0.997223468047
2020.43494201 0.99330979565
2020.45537358 0.990270780034
2020.47580525 1.00010704126
2020.49623691 0.997980355835
2020.51666858 0.99678716512
2020.53710024 1.00232746341
2020.55753191 1.00651567146
2020.57796358 1.0003484513
2020.59839524 1.0083367369
2020.61882691 0.991876618402
2020.63925857 0.996715282849
2020.65969034 0.99492242129
2020.6801219 1.00347764079
2020.70055357 1.00009376923
2020.72098533 1.00580018792
2020.7414169 1.00994101907
2020.76184857 0.991749890555
2020.78228033 0.997550906551
2020.802712 1.00031767137
2020.82314356 1.0058346035
2020.84357533 0.999743026262
2020.86400699 1.00696962709
2020.88443866 0.992462028593
2020.90487032 0.983925948941
2020.92530199 1.00125355719
2020.94573365 1.00121839736
2020.96616532 0.991218225892
2020.98659698 0.994145172266
2021.00702874 1.00274690191
2021.02746031 0.995512722461
2021.04789197 0.996523392873
2021.06832374 1.00107745771
2021.0887553 0.971920003601
2021.10918697 1.00227199933
2021.12961873 1.00186299135
2021.1500503 1.00743352613
2021.17048206 0.997007834877
2021.19091372 1.0010615433
2021.21134529 0.995582921745
2021.23177705 0.984877977189
2021.25220872 0.993011010668
2021.27264028 1.00895044326
2021.29307204 0.998146791821
2021.31350361 0.992733196215
2021.33393527 1.00308355123
2021.35436704 1.0005647641
2021.3747987 1.00751028568
2021.39523036 0.999145910469
2021.41566203 1.00238185697
2021.43609369 0.98183484808
2021.45652535 0.996801015218
2021.47695702 1.01152026517
2021.49738868 0.99629660422
2021.51782044 0.984071313471
2021.53825201 1.00462811874
2021.55868367 1.00292394545
2021.57911543 1.00663667061
2021.599547 0.99349072126
2021.61997876 0.993326083752
2021.72213698 0.99740769511
2021.74256874 0.995451101339
2021.7630004 1.00680401088
2021.78343196 1.01057129259
2021.80386373 0.990616828945
2021.84472705 1.00019331968
2021.86515872 1.00251369298
2021.88559038 0.993086153817
2021.90602204 0.998524560822
2021.9264537 1.00806378929
2021.94688537 0.999583413912
2021.96731703 1.00273129823
2021.98774869 1.00908267864
2022.00818035 1.01090274708
2022.02861212 0.999114349238
2022.04904368 1.00527348068
2022.06947534 0.995124092224
2022.0899071 0.996941813301
2022.11033866 0.98868083545
2022.13077043 0.996986988446
2022.15120209 1.00386117857
2022.19206541 1.00677693912
2022.21249707 0.994958263598
2022.23292864 1.00078384302
2022.2533604 1.00561014289
2022.27379206 1.00541563002
2022.29422362 1.01042740465
2022.31465538 1.00357527729
2022.33508704 1.00938386711
2022.35551881 0.998037965747
2022.37595037 0.9964795458
2022.39638203 0.999974158672
2022.41681379 1.00510037793
2022.43724535 0.985453748795
2022.45767701 1.00266736935
2022.47810878 1.00275993865
2022.518972 0.982144303193
2022.55983542 0.987359275859
2022.58026698 0.995940645104
2022.60069874 0.991074135685
2022.6211304 0.995671633521
2022.64156207 0.996351245122
2022.66199373 1.00181024392
2022.68242529 1.00113865373
2022.70285705 1.00495890297
2022.72328871 0.988787674399
2022.74372027 0.998408291617
2022.76415203 0.996471019154
2022.78458369 1.00092735895
2022.80501525 1.00086995735
2022.82544701 1.00035176131
2022.84587868 1.00571270739
2022.86631044 0.994565830639
2022.886742 1.00002439682
2022.90717366 0.98291821344
2022.92760542 0.995578442607
2022.94803698 1.01274155282
2022.96846864 1.00732621665
2022.9889004 0.999262255464
2023.00933206 1.01105557431
2023.02976362 0.998628663626
2023.05019538 0.993811607533
2023.07062704 0.99769356875
2023.0910587 0.999057067007
2023.11149036 1.00413890311
2023.13192202 0.996368551967
2023.15235378 1.00814456037
2023.17278534 1.00702298574
2023.193217 0.999656729609
2023.21364876 0.998741570574
2023.23408032 1.00333469088
2023.25451198 0.985326427774
2023.27494374 0.996214159842
2023.2953753 1.00009078835
2023.31580696 1.00708655732
2023.33623872 1.00773953796
2023.35667028 1.01493043999
2023.37710204 0.999950122768
2023.3975336 0.990030800983
2023.41796526 0.989977232879
2023.43839702 0.997129000056
2023.45882858 0.99977148101
2023.47926024 0.998232895739
2023.499692 0.99676477905
2023.52012366 1.00335648694
2023.54055522 0.994022942941
2023.56098698 0.990274154317
2023.58141864 1.00471787883
2023.6018503 0.998790119519
2023.62228196 1.00461411939
2023.64271362 0.999711885313
2023.68357694 0.988799026647
2023.7040086 1.00455747894
2023.72444036 0.997223362309
2023.74487192 1.00426932818
2023.76530358 0.995826822288
2023.78573534 0.995118002504
2023.8061669 1.01436391735
2023.82659866 0.994773989888
2023.84703032 1.00621241703
2023.86746188 1.00311710752
2023.94918861 0.998785497837
2023.96962027 1.00284272025
2023.99005193 1.00141972652
2024.01048359 0.997918298481
2024.03091525 1.00102015279
2024.05134691 1.00939347551
2024.07177857 1.00437942086
2024.09221023 1.00047753111
2024.11264189 0.995980711197
2024.13307355 0.999834954358
2024.1535052 1.00280235958
2024.17393686 0.988673018726
2024.19436852 1.00550663843
2024.21480018 0.997029397833
2024.23523194 0.990208011071
2024.2556635 1.00489664862
2024.27609526 0.997492093729
2024.29652692 0.998553859687
2024.31695848 1.00257706703
2024.33739024 1.00164296305
2024.35782189 1.00009170233
2024.37825345 1.00118607842
2024.39868521 1.00057385401
2024.41911687 1.00244747367
2024.43954843 0.999009006385
2024.45998019 1.00257806911
2024.48041185 0.997529275788
2024.50084361 1.0161265141
2024.52127516 1.00980319505
2024.54170682 1.00607911713
2024.56213858 1.00154504097
2024.58257014 0.983599813266
2024.6030018 1.00265469042
2024.62343356 0.996677423887
2024.64386512 0.994146893723
2024.66429677 1.00436169161
2024.68472853 0.999092915417
2024.70516019 0.989154029214
2024.72559185 0.993464810476
2024.80731848 0.990815929946
2024.82775004 1.00500801983
2024.8481818 0.986469457348
2024.86861346 0.988039591921
2024.88904502 0.993909675104
2024.90947678 1.01248356899
2024.92990844 1.00253648359
2024.95034019 1.00204137147
2024.97077175 0.99401426504
2024.99120341 1.00845213655
2025.01163517 0.998393649465
2025.03206673 1.01252076438
2025.05249839 0.99958414699
2025.07293014 0.997795750059
2025.0933617 1.00041278421
2025.11379336 1.00132256798
2025.13422512 1.00053341609
2025.15465678 1.00526568242
2025.19552009 0.999253268281
2025.21595175 1.00802584141
2025.23638341 0.992641120232
2025.25681507 1.00137490073
2025.27724673 0.990719704402
2025.29767849 1.00052989379
2025.31811004 0.998757193752
2025.3385417 1.00914741009
2025.35897346 1.00603414175
2025.37940502 1.0099394429
2025.39983678 0.998362813152
2025.42026833 1.00666822284
2025.44069999 1.00743303272
2025.46113175 1.00131418406
2025.48156331 0.998736928569
2025.50199497 0.992218540993
2025.52242673 1.01029550921
2025.54285828 0.995336482256
2025.56328994 0.992945492803
2025.5837217 0.998586668958
2025.60415326 0.998340978392
2025.64501667 0.998162070742
2025.66544823 1.0107502038
2025.68587999 1.00004698513
2025.70631165 0.992015375103
2025.72674331 1.01016655339
2025.74717496 0.994588911529
2025.76760662 1.01051590268
2025.80846994 0.994944681912
2025.8289016 0.99966457361
2025.84933335 1.0019456918
2025.86976501 0.997891213617
2025.89019657 1.01054924258
2025.91062833 0.996251104167
2025.93105999 0.998941386827
2025.95149154 1.00104325141
2025.9719233 0.99442169034
2025.99235496 1.004346465
2026.01278652 1.00382091203
2026.03321828 1.00256540058
2026.05364994 1.01062949198
2026.07408159 1.00540701139
2026.09451325 0.997018740247
2026.11494491 0.995251963077
2026.13537657 0.995374248418
2026.15580823 1.00362019179
2026.17623978 1.00925849858
2026.19667154 0.998490102827
2026.2171032 0.994578874299
2026.23753486 0.999078138277
2026.25796652 0.997406463997
2026.27839817 1.00762427376
2026.29882993 1.00170013872
2026.31926149 0.998216872654
2026.33969315 0.999488920924
2026.36012491 0.999718742755
2026.38055656 0.991735939973
2026.40098812 0.999182865221
2026.42141988 1.01005924176
2026.44185154 0.996094937819
2026.4622831 1.00941711377
2026.48271485 1.00242031525
2026.50314651 1.01511808228
2026.52357827 0.999839461089
2026.54400983 0.99405303258
2026.56444149 1.01580045473
2026.58487324 0.992152242589
2026.6053048 0.994359574029
2026.62573646 0.996900227898
2026.64616822 1.01359529624
2026.66659978 0.989499890747
2026.68703143 1.00023952373
2026.70746319 1.00482097602
2026.72789475 1.00282741459
2026.74832651 1.00081462449
2026.76875817 0.993616457344
2026.78918973 1.00670938276
2026.80962148 1.00155903129
2026.83005304 0.999440418935
2026.91177967 0.994687260318
2026.93221143 1.00697115138
2026.95264309 1.00211730804
2026.97307475 0.984165290001
2026.99350641 1.00094691624
2027.01393807 0.983720572576
2027.03436982 0.995296067878
2027.05480138 1.0002678069
2027.07523304 0.985135712778
2027.0956648 1.0105394733
2027.11609636 1.00248601315
2027.19782309 0.992028126705
2027.21825475 0.999074191695
2027.23868631 0.993250798529
2027.25911806 0.983481835665
2027.27954972 0.993798698425
2027.29998128 1.00055597936
2027.32041304 0.982755042971
2027.3408447 0.992605579609
2027.36127646 1.00464927615
2027.38170802 1.00640371556
2027.40213967 1.00191231579
2027.42257143 0.991104972107
2027.44300299 0.99594273306
2027.46343465 1.00999933175
2027.48386631 1.00124170644
2027.50429807 0.997326804263
2027.52472962 1.00090440357
2027.54516138 1.00861447832
2027.56559294 1.00762539747
2027.60645636 0.989584134216
2027.62688792 0.997757575302
2027.64731968 0.994242899105
2027.66775133 1.0046896411
2027.68818289 1.01531144193
2027.70861465 1.00093266714
2027.72904631 1.0147251948
2027.74947787 1.00053565179
2027.76990963 0.999388758857
2027.79034129 0.997293407389
2027.81077304 1.0022844581
2027.8312046 0.96810764782
2027.85163626 0.987559553886
2027.87206802 1.00090240007
2027.89249958 0.991555840575
2027.91293124 0.993031268771
2027.933363 0.995542594548
2027.95379456 0.991691999061
2027.97422622 0.997986884589
2027.99465797 0.993335727981
2028.01508963 1.00497032161
2028.03552129 0.995522794109
2028.07638461 1.00235829745
2028.09681627 1.00910963682
2028.1785429 0.999877918672
2028.19897456 1.00781896351
2028.21940622 0.994297433583
2028.23983788 0.995814106041
2028.26026964 1.00151409325
2028.2807012 0.999632413943
2028.30113286 0.99160401362
2028.32156462 0.9918072816
2028.34199618 0.995699441743
2028.36242784 1.00041409997
2028.3828596 1.00187031105
2028.40329116 0.986651878042
2028.42372291 1.00467107351
2028.44415457 1.01142057903
2028.46458613 0.998271039883
2028.48501789 1.00326661269
2028.50544955 1.00166969654
2028.52588111 1.00152816352
2028.54631287 0.992477793404
2028.56674453 0.993399152057
2028.58717619 1.0071859855
2028.60760785 1.01585112285
2028.62803951 1.00220079209
2028.64847127 0.995355400571
2028.66890283 1.00349980896
2028.68933449 1.00443829297
2028.70976625 0.999244294932
2028.75062947 0.998806317389
2028.85278787 1.00675629896
2028.87321953 0.996870036461
2028.89365119 1.01424663475
2028.91408275 1.00494323825
2028.93451451 1.00104574409
2028.95494617 0.993604795092
2028.97537773 0.994789000867
2028.99580949 0.991172288778
2029.01624115 0.993866368487
2029.03667271 0.997852131039
2029.07753613 1.00423458332
2029.09796789 1.00404343056
2029.11839945 0.998397104157
2029.13883111 1.00280396975
2029.15926287 1.00801260775
2029.17969443 1.00526521681
2029.20012609 1.00022866252
2029.22055785 1.00491998716
2029.24098951 1.00615485599
2029.26142117 0.996485037854
2029.28185283 0.996220194633
2029.30228449 1.00189652027
2029.32271615 0.996703043808
2029.34314781 0.997177971492
2029.36357947 0.996390863035
2029.38401123 0.997939270112
2029.40444279 1.00446542899
2029.42487445 1.006074496
2029.44530621 1.00504929284
2029.46573777 0.995499544918
2029.48616954 1.00451487495
2029.5066012 0.99943625776
2029.52703276 0.995814082297
2029.56789608 0.995330808067
2029.58832774 1.00034204641
2029.6087595 0.990561375759
2029.62919106 1.00848578804
2029.64962272 0.983232085689
2029.67005448 1.00065420332
2029.69048604 0.993730937703
2029.71091781 1.0103567349
2029.73134947 1.00608314681
2029.75178113 0.998308724091
2029.77221279 1.00699137496
2029.79264445 0.996923023557
2029.81307611 1.00381813804
2029.83350777 0.996017550363
2029.85393944 1.00621244536
2029.8743712 1.00552798617
2029.89480286 0.981805836072
2029.91523442 1.00194594404
2029.93566618 0.998002597199
2029.95609784 0.999916075633
2029.9765294 1.0006898591
2029.99696117 1.00194536803
2030.01739283 0.996981207971
2030.03782439 0.981890472175
2030.05825615 0.996782611501
2030.07868781 1.01223937441
2030.09911958 1.00402333517
2030.11955114 1.00617603401
2030.1399828 0.996019722227
2030.16041456 0.990821290088
2030.18084612 0.995939593038
2030.20127779 0.999130780756
2030.22170945 1.0048893173
2030.24214111 1.00115064278
2030.28300443 1.0079485162
2030.3034361 0.996787126843
2030.32386786 0.996797207134
2030.34429942 1.00835042205
2030.36473108 0.995501210152
2030.38516285 1.00009466565
2030.40559451 0.994183344266
2030.44645783 0.999769810962
2030.4668895 1.00462083773
2030.48732116 0.998170366623
2030.50775282 1.00288589562
2030.52818448 1.00772037143
2030.54861615 0.997752143446
2030.56904781 0.996770766177
2030.58947947 1.00468712127
2030.60991124 0.995116003693
2030.6303428 1.0035920942
2030.65077446 0.998025886631
2030.67120622 1.00783400595
2030.69163779 0.992351162606
2030.71206955 0.99488637641
2030.73250121 0.998666264194
2030.75293278 1.01594379399
2030.77336454 0.992846567562
2030.7937962 0.998364910749
2030.81422777 0.991378274026
2030.83465953 1.00743397252
2030.85509119 1.00067188401
2030.87552286 0.998432185337
2030.89595452 1.00415904934
2030.91638619 0.990844090781
2030.93681785 1.01793198321
2030.95724951 1.00017335332
2030.97768118 0.999172488656
2030.99811284 1.00502399359
2031.0185445 0.993759982736
2031.03897617 0.994575996416
2031.05940793 1.00087879116
2031.0798395 1.00951140488
2031.10027126 1.01095740995
2031.12070292 1.00187713878
2031.14113449 1.00236303833
2031.16156625 0.996022569836
2031.18199792 0.995694779214
2031.20242948 0.995599598951
2031.22286125 1.00595375329
2031.24329291 0.998567764825
2031.26372467 0.988127976373
2031.28415624 0.981810106105
2031.3045879 0.988376368019
2031.32501967 1.00603090269
2031.34545123 0.991941742678
2031.3658829 0.999917088236
2031.38631466 0.99956731379
2031.40674623 1.00826906672
2031.42717789 1.00264814382
2031.44760966 0.996715835261
2031.46804122 1.00633247907
2031.48847299 1.00141690192
2031.52933632 0.980622760236
2031.54976798 1.00178308605
2031.57019965 0.997064541679
2031.59063121 1.00256437874
2031.61106298 0.993846880634
2031.63149464 1.00854669763
2031.65192621 1.00776483518
2031.67235798 0.98891820511
2031.69278964 1.00366221671
2031.71322131 1.01273878628
2031.73365297 1.00669302452
2031.75408464 1.01641565063
2031.7745164 0.996572471846
2031.79494797 0.986255428374
2031.81537964 0.99581997446
2031.8358114 1.00303478726
2031.85624297 0.991456138948
2031.87667473 1.00203499755
2031.8971064 1.00803487604
2031.91753797 0.998874493362
2031.93796973 0.997425010493
2031.99926473 0.995470713073
2032.0196964 1.01250529655
2032.04012807 0.999203637856
2032.06055973 1.00143724687
2032.0809914 1.00925108912
2032.10142317 0.998420247621
2032.12185473 0.995907866702
2032.1422864 1.00180752925
2032.16271817 1.00152089855
2032.18314973 1.00284311481
2032.2035814 0.999750265103
2032.22401317 0.996674574401
2032.24444483 0.992935445313
2032.2648765 0.99914066184
2032.28530817 0.996481389021
2032.30573974 1.00226824063
2032.3261715 0.985453129649
2032.34660317 1.00472300539
2032.36703474 1.00616557768
2032.38746651 1.00573587819
2032.40789817 1.00436811244
2032.42832974 0.98413162023
2032.44876151 0.997978967711
2032.51005651 0.999807835327
2032.53048818 1.00630508634
2032.55091995 1.00027081273
2032.57135152 0.98920191769
2032.59178319 0.997633418759
2032.61221496 0.996660298034
2032.63264652 1.00748756502
2032.65307829 1.00224283073
2032.67350996 0.997644398378
2032.73480497 1.00401332785
2032.75523664 1.0043036599
2032.7756683 1.00444217057
2032.79609997 1.01236947728
2032.81653164 0.998865266232
2032.83696331 0.998451429509
2032.85739498 0.996048153237
2032.87782665 1.00781981208
2032.89825842 0.996501087594
2032.91868999 1.00820221687
2032.93912176 0.995681793612
2032.95955333 0.989613785422
2032.979985 0.999592400569
2033.00041677 0.998502106017
2033.08214335 1.0047315083
2033.10257512 1.00773977822
2033.12300679 1.01784502844
2033.14343836 1.00918764502
2033.16387013 0.990899487658
2033.1843018 0.987452528115
2033.20473337 1.00177409929
2033.22516514 0.995833167398
2033.24559681 0.996241763224
2033.26602858 1.00548464076
2033.28646015 0.99640590464
2033.32732359 1.00062226332
2033.34775516 0.999568522645
2033.36818683 0.992206976079
2033.40905027 0.988055930477
2033.42948194 0.99995645192
2033.49077696 0.989622383601
2033.5316403 0.993673873776
2033.55207207 0.98827036529
2033.57250364 1.01126667816
2033.59293542 1.00722844156
2033.61336699 0.998760495022
2033.63379866 0.992783200696
2033.65423043 1.0017625917
2033.674662 1.00353781983
2033.69509368 1.0002688214
2033.71552545 0.98938251161
2033.73595702 1.00138389251
2033.77682047 1.0004574977
2033.79725204 1.00728219608
2033.81768381 1.00857067248
2033.83811548 1.00513814893
2033.85854706 1.00247212581
2033.87897883 0.99903501909
2033.8994105 0.999598404822
2033.91984217 1.00447613937
2033.94027385 1.00446255924
2033.96070552 0.999936117524
2033.98113729 1.00202736799
2034.00156887 1.00671364211
2034.04243231 1.00406496913
2034.06286399 0.997217120569
2034.08329556 0.997234533761
2034.10372733 0.998809734656
2034.12415901 0.985846013896
2034.14459058 0.986485503206
2034.16502236 0.989126369598
2034.2058857 0.999621224647
2034.22631738 0.996829932977
2034.24674905 1.01484204056
2034.26718073 1.00201709364
2034.30804408 0.990139016
2034.32847575 0.991949954937
2034.34890742 0.996684801979
2034.3693392 0.984397841967
2034.38977077 0.994199343825
2034.41020245 0.987880189558
2034.43063422 0.978714314978
2034.4510658 0.993838716564
2034.47149747 1.00033012698
2034.49192925 0.997430411563
2034.51236082 0.990058119834
2034.5327925 0.996193981157
2034.55322428 1.00172219001
2034.57365585 0.998722009672
2034.59408763 1.00025021259
2034.6145193 0.99757120977
2034.63495098 0.997214144141
2034.65538265 0.997541948215
2034.69624601 0.996882696708
2034.73710936 1.00805708956
2034.75754114 1.00128324626
2034.77797281 0.993928243334
2034.79840439 0.994148853615
2034.88013119 1.00036657808
2034.90056287 0.999504412667
2034.92099445 1.00334625548
2034.94142623 0.995428624368
2034.9618579 0.989762056667
2034.98228958 1.00094849236
2035.00272126 0.990209484472
2035.02315284 1.01391134401
2035.04358461 1.00325960434
2035.06401629 0.995802920237
2035.08444787 1.00670244681
2035.10487965 1.01166856372
2035.12531132 1.00439777236
2035.1457431 1.00730936706
2035.16617468 1.00156760035
2035.18660636 1.00088254536
2035.20703814 0.980011282512
2035.22746972 1.00174288243
2035.26833317 0.991816867154
2035.28876485 1.01150878853
2035.30919653 0.991436829544
2035.32962821 1.00312586653
2035.35005989 0.996041109344
2035.37049157 0.999678315077
2035.41135492 1.00560267006
2035.45221828 0.993284087146
2035.47264996 1.00217923778
2035.49308174 0.993225292428
2035.51351332 0.996673777443
2035.5339451 1.01050621424
2035.55437678 0.998533255365
2035.57480836 0.990640737058
2035.59524014 0.998088779917
2035.6361034 0.994248457999
2035.65653518 1.00020856099
2035.67696676 0.998264258337
2035.69739854 1.0015817488
2035.71783022 1.00620907833
2035.73826181 1.00878041587
2035.75869359 1.00355262125
2035.77912527 1.01108785934
2035.79955695 1.00451777888
2035.81998863 0.996597332977
2035.84042031 1.01025542059
2035.86085209 1.00396690606
2035.88128367 0.995543770761
2035.90171535 1.00757413557
2035.92214714 0.995660505439
2035.94257882 0.996042230049
2035.9630104 0.992526416912
2035.98344218 1.00829432128
2036.00387386 1.00995018868
2036.02430545 1.00446506351
2036.04473723 1.01399191115
2036.06516891 0.997088561589
2036.08560069 0.983105455277
2036.10603228 1.00670056814
2036.12646396 1.00684808529
2036.14689574 0.995606585297
2036.16732732 1.00384930871
2036.18775901 1.00402779984
2036.20819079 0.99913529494
2036.22862237 1.00788422667
2036.24905416 1.00148808772
2036.26948574 0.989275844312
2036.28991742 0.997790326269
2036.31034921 0.98352894204
2036.33078089 0.991131142904
2036.35121247 0.997389422782
2036.37164426 0.993667786438
2036.41250753 0.984124527172
2036.43293931 0.996576088086
2036.45337089 0.990509768644
2036.47380268 0.996845525427
2036.49423436 0.99341089863
2036.51466605 0.989329167251
2036.53509773 1.01502507798
2036.55552942 0.985800371043
2036.5759611 1.00377295536
2036.59639289 1.01182475639
2036.61682447 1.00485214852
2036.63725626 1.00736011186
2036.65768794 0.985607742751
2036.67811953 1.00454711903
2036.69855131 0.996718106681
2036.718983 1.00322042417
2036.73941458 0.997244500387
2036.75984637 0.995366930682
2036.78027806 1.00155803181
2036.80070984 1.00807741763
2036.82114143 1.00262735335
2036.84157311 0.999087812916
2036.8620049 1.00002963769
2036.88243649 0.991067629019
2036.90286817 1.00279321221
2036.92329996 1.00274211361
2036.94373155 1.00916965701
2036.96416323 0.988242253477
2037.00502661 1.00601003179
2037.0254584 0.995433880189
2037.04588998 0.994659874004
2037.06632167 1.00989697508
2037.08675346 1.0007490623
2037.10718515 0.998365158183
2037.14804852 0.990601063943
2037.16848021 0.986082202289
2037.1889119 0.992673570356
2037.20934359 1.0112416034
2037.22977527 1.01010261786
2037.25020696 0.99092643687
2037.27063865 0.993640251781
2037.29107034 1.01488908407
2037.31150213 1.00063738772
2037.33193372 1.01311674789
2037.35236551 0.989294887962
2037.3727972 0.994467761896
2037.47495564 0.990532315173
2037.49538733 0.992611446318
2037.51581892 0.985960351768
2037.53625071 0.994529629398
2037.5566824 1.00773984592
2037.57711419 1.00554741341
2037.59754578 1.00645722137
2037.61797747 1.00546302037
2037.63840917 1.00292109521
2037.65884086 0.987732594981
2037.67927255 0.991907240705
2037.69970424 1.01110589015
2037.72013593 1.00045909862
2037.74056772 0.986130748872
2037.76099931 0.992749568905
2037.781431 1.00638996137
2037.80186279 1.00131666903
2037.82229449 0.993276575888
2037.84272608 0.993582517541
2037.86315787 0.991065601306
2037.88358956 1.0054368687
2037.90402125 0.985511431187
2037.92445295 1.00344020489
2037.94488464 0.996563901235
2037.96531643 1.00209139895
2037.98574802 1.01087986186
2038.00617972 1.00549633935
2038.02661151 1.00088060736
2038.0470431 1.00381564249
2038.0674748 0.992146111593
2038.08790659 0.99461289873
2038.10833818 1.00075967913
2038.12876998 0.987042044009
2038.14920167 0.98777189508
2038.16963326 0.994029105555
2038.19006506 1.00221722999
2038.21049675 0.99930825209
2038.23092835 1.00589295699
2038.27179183 1.00255887705
2038.29222353 1.01098702979
2038.31265522 0.999839928207
2038.33308692 1.01333261817
2038.35351861 1.00670461304
2038.37395031 1.00260706035
2038.394382 1.00295045223
2038.4148137 0.994683162439
2038.43524539 0.997357942815
2038.45567719 1.01055463105
2038.47610888 0.997998407831
2038.49654048 1.00456160405
2038.51697228 1.00535874794
2038.57826736 0.994334500174
2038.59869906 0.995331458426
2038.61913066 0.997487812055
2038.63956245 1.0018815322
2038.65999415 1.00469982847
2038.68042595 1.00028072405
2038.70085754 0.996582084528
2038.74172104 0.997958489298
2038.76215263 1.00704059209
2038.78258433 0.996756112764
2038.80301613 1.00970749064
2038.82344773 1.01587623468
2038.84387952 1.00080956478
2038.86431122 0.992745867468
2038.90517462 1.01176690182
2038.92560632 1.00320535544
2038.94603802 0.994603192567
2038.96646971 0.995841552863
2038.98690141 1.00018877708
2039.00733311 1.00045862004
2039.02776481 1.00913153158
2039.06862821 0.996226731151
2039.10949161 1.00619671768
2039.12992341 0.988354878248
2039.15035501 1.00543842976
2039.17078671 1.0153281267
2039.19121851 0.996552442207
2039.21165011 1.00674880692
2039.23208191 1.00175312489
2039.25251361 0.995734985284
2039.27294521 0.987263103552
2039.31380871 0.987489210349
2039.33424031 0.986095941018
2039.37510381 0.987913257002
2039.39553562 1.01268481985
2039.41596722 1.00601419027
2039.43639892 0.995662519614
2039.45683072 1.00756570561
2039.47726232 0.999177920765
2039.51812583 0.991936064171
2039.53855743 1.01059260958
2039.55898913 0.995371360605
2039.57942093 1.00920012246
2039.59985264 1.00059142466
2039.62028434 1.00040123372
2039.64071604 1.00568210314
2039.66114764 0.999374974387
2039.68157945 1.01516513652
2039.70201115 0.984424315284
2039.72244275 0.983345205229
2039.74287456 0.993708943177
2039.76330626 0.997381856113
2039.78373807 0.998769893084
2039.84503318 0.991014933537
2039.86546478 1.00479854746
2039.88589649 1.00784404289
2039.90632829 0.990694039309
2039.9267599 0.994667457681
2039.9471916 1.00544603632
2039.96762341 1.0024720364
2039.98805501 0.979120864394
2040.00848682 0.986656618726
2040.02891852 0.991753380389
2040.04935013 1.00289199395
2040.06978194 1.00725444123
2040.09021364 0.98048838242
2040.11064525 1.011533384
2040.13107705 1.0102719326
2040.15150876 1.0089630372
2040.17194057 1.00049895966
2040.19237217 0.993608932516
2040.21280388 1.00293517739
2040.23323569 1.00688664166
2040.25366739 0.996848263646
2040.274099 1.00552511348
2040.29453081 0.998341148552
2040.31496252 0.982370088165
2040.33539422 1.01009986302
2040.35582593 1.01303054577
2040.37625764 0.996972357846
2040.39668935 1.00861620315
2040.41712106 0.997569454206
2040.43755266 1.00395786736
2040.45798447 1.00388301561
2040.47841618 1.00469979574
2040.49884779 0.993676229661
2040.5192796 0.997058485812
2040.53971131 1.00408361516
2040.58057473 0.9860580899
2040.60100644 1.00788723207
2040.62143825 1.00067174722
2040.64186986 0.997836822405
2040.66230157 0.993881137082
2040.70316499 0.996770895518
2040.7235968 1.01421970673
2040.74402851 1.00643415932
2040.76446022 1.01075847887
2040.78489193 1.00318998804
2040.82575535 1.00491694071
2040.9074822 0.993972691407
2040.92791391 0.992971384733
2040.94834572 0.989478632255
2040.96877743 0.989081302952
2040.98920905 1.00600870198
2041.00964086 1.0011933994
2041.03007247 1.00031887166
2041.05050419 0.991682471798
2041.070936 1.0023456427
2041.09136761 1.00446891397
2041.11179942 1.00670314068
2041.19352628 0.997312449053
2041.21395789 1.00702729177
2041.25482142 0.988937703364
2041.27525324 0.994271524793
2041.29568485 0.979787928726
2041.33654838 0.996017969314
2041.35698 1.00028325508
2041.37741171 1.00246897557
2041.39784353 1.00096717181
2041.41827514 1.00448587941
2041.43870686 1.00761515464
2041.45913867 1.00146863492
2041.47957039 1.0038724376
2041.50000211 1.00613989809
2041.52043382 1.00339982398
2041.54086554 0.998157913782
2041.58172897 0.994525171876
2041.60216069 1.00426841371
2041.62259251 1.00507475284
2041.64302412 0.99968184131
2041.66345594 0.995450426101
2041.68388756 1.01328672854
2041.70431928 1.00810625939
2041.74518271 1.00408583175
2041.76561443 0.988954705423
2041.78604625 0.998070938478
2041.80647787 0.994890594604
2041.82690968 0.992829939968
2041.8473414 0.992854741154
2041.86777302 0.99907445622
2041.88820484 1.00551745652
2041.90863656 1.01503403544
2041.92906818 1.00463321265
2041.9495 1.00654763019
2041.99036344 1.00498993472
2042.01079516 0.987181740985
2042.03122688 1.00066950996
2042.0516587 0.983692921145
2042.07209032 1.00014055084
2042.09252204 0.989123945861
2042.11295386 0.99821099601
2042.13338558 1.00188910195
2042.1538172 0.995987438523
2042.17424903 0.992164633283
2042.19468075 0.995356713807
2042.21511247 0.995390762723
2042.23554419 1.0086098109
2042.25597591 1.00034007028
2042.27640774 1.00168434474
2042.29683936 0.983396325722
2042.31727108 0.993386839224
2042.3377028 0.987851771876
2042.35813453 0.996496915907
2042.37856635 0.998131065933
2042.39899797 1.00019752541
2042.41942969 0.999631987026
2042.43986152 1.00662475685
2042.46029314 0.990962598305
2042.48072487 0.99884277944
2042.50115669 1.00704113246
2042.52158831 0.996684622354
2042.54202004 0.982768117383
2042.56245186 1.00960259869
2042.58288349 0.98421968228
2042.60331531 1.00301607781
2042.62374704 1.00328645919
2042.66461049 1.00568762778
2042.68504221 0.998685124709
2042.70547394 1.00261987862
2042.72590566 1.01283686872
2042.74633739 1.01378111159
2042.78720094 0.991542951128
2042.80763257 1.00768694388
2042.8280644 1.0151447586
2042.84849612 1.01376875982
2042.86892775 1.00571116675
2042.88935958 0.988769536456
2042.9097913 0.995493988498
2042.93022303 1.00088784423
2042.95065476 1.00610168139
2043.03238167 1.00360085188
2043.0528134 0.99651102106
2043.07324513 1.00149861682
2043.09367676 1.01602431884
2043.11410859 0.9885303592
2043.13454031 1.00065650613
2043.15497214 0.991733066283
2043.17540377 1.00049686732
2043.1958355 0.999048344958
2043.21626733 0.990889848315
2043.23669896 1.00635125635
2043.25713069 0.996969294706
2043.29799415 1.00455493863
2043.31842598 1.00122639375
2043.33885772 1.00374149695
2043.35928945 1.00675516366
2043.37972118 1.00639887664
2043.40015291 0.994524377365
2043.42058464 1.00543063296
2043.44101647 1.00802404913
2043.4614481 1.00545030822
2043.48187994 0.99646900694
2043.50231167 1.00034440037
2043.5227433 0.998989248306
2043.54317513 1.01443237934
2043.56360687 1.00525901283
2043.5840385 1.00215827726
2043.60447033 0.994384160678
2043.62490207 1.00315226413
2043.6453339 0.995044091222
2043.66576553 0.993964017329
2043.68619727 0.994900328783
2043.706629 0.988513054115
2043.72706073 0.995208629414
2043.74749237 0.997561392745
2043.7679242 0.981850437664
2043.78835594 1.00534232189
2043.80878757 1.00359141396
2043.82921941 0.998256387689
2043.84965114 0.997332194686
2043.87008298 1.00193646461
2043.89051461 1.00656729095
2043.91094635 0.994084111429
2043.93137819 0.996496321806
2043.95180982 0.999897592411
2043.97224156 1.00254499527
2043.99267339 1.00969162639
2044.01310513 1.00127070734
2044.03353687 0.991340081298
2044.05396861 0.995559954597
2044.07440034 1.0094190664
2044.09483208 0.996378341567
2044.11526382 0.993491639899
2044.13569556 1.00403917389
2044.15612739 1.0039635597
2044.17655903 0.99887803754
2044.19699087 0.998603813283
2044.21742261 0.997125881315
2044.23785425 1.00302142382
2044.25828609 0.994371623923
2044.27871782 0.998200232795
2044.29914946 1.00161063251
2044.3195813 0.999394260615
2044.34001304 1.01255119421
2044.36044468 0.998551368839
2044.38087652 1.00625380993
2044.40130816 1.00755439455
2044.42174 0.988484997769
2044.44217174 0.997298257378
2044.46260338 0.995091585164
2044.48303522 1.00054106079
2044.50346697 1.00819548574
2044.52389871 1.00422869323
2044.54433045 0.994111940233
2044.58519403 0.999707562039
2044.60562567 1.00317823307
2044.62605742 1.00895171686
2044.64648926 0.995739821971
2044.666921 1.00740415337
2044.68735264 1.00494627803
2044.70778449 1.00030023987
2044.72821623 1.0147280317
2044.8099433 0.992873996203
2044.83037495 1.00835046754
2044.85080669 0.996391332361
2044.87123854 1.01071703201
2044.89167018 1.00495297896
2044.91210192 0.993724941756
2044.93253377 0.992975972144
2044.95296541 0.999133930833
2044.97339726 0.986510031166
2044.99382901 1.00478283479
2045.01426065 1.0170643562
2045.0346925 0.987419608151
2045.05512424 1.00509125364
2045.07555589 1.00236469417
2045.09598774 0.987993492394
2045.11641938 0.98710020383
2045.13685123 0.993243418393
2045.15728298 1.00021194085
2045.17771462 0.991763307874
2045.19814647 0.993100049411
2045.21857822 0.997899049872
2045.25944171 1.00045476418
2045.27987346 1.00545206826
2045.30030531 1.01266695013
2045.32073706 0.991668377998
2045.34116871 1.00759151119
2045.38203231 0.998975237612
2045.40246395 0.994494058504
2045.4228958 1.00248221679
2045.44332755 0.992634509277
2045.4637592 0.999796203764
2045.48419105 0.993498610201
2045.5046228 1.00749228181
2045.52505465 1.00037353842
2045.5454863 0.996435168608
2045.56591806 0.995548961027
2045.58634991 1.00051796492
2045.60678156 0.998854903878
2045.62721331 0.99842895667
2045.64764516 0.994705621327
2045.66807681 1.00590068103
2045.68850866 1.01035676223
2045.72937207 0.997471604545
2045.74980392 0.99779580854
2045.77023557 1.00684054944
2045.79066733 1.00681529444
2045.81109918 1.00583075576
2045.83153093 1.01652035061
2045.85196269 0.99821274195
2045.87239444 1.0036861424
2045.8928262 1.00359596917
2045.91325795 1.00640116226
2045.9336897 1.00294961716
2045.95412146 1.00779016568
2045.97455321 0.996246832374
2045.99498497 0.989268450827
2046.01541682 0.997774913456
2046.03584858 0.997908537549
2046.05628023 1.00194735211
2046.07671209 0.998359202327
2046.09714385 0.993034004982
2046.1175755 0.990532886002
2046.13800736 0.99458022482
2046.15843912 0.983108099097
2046.17887077 1.00333741388
2046.19930263 1.01609782314
2046.21973439 1.00245760221
2046.24016624 0.999338090756
2046.2605979 1.00421843219
2046.28102966 0.998250564126
2046.30146152 1.00058199371
2046.32189317 0.99469498639
2046.34232493 1.00288315198
2046.36275669 1.00918282165
2046.38318845 1.00624030716
2046.40362031 0.995803598873
2046.42405197 1.00800788331
2046.44448373 0.999554774543
2046.46491559 1.00716936253
2046.48534725 0.999754172716
2046.50577901 0.995879381012
2046.52621087 0.997400580198
2046.54664263 0.988223443435
2046.56707439 0.994607035828
2046.58750615 1.01547960401
2046.60793791 1.00375366547
2046.62836967 1.00382003294
2046.64880143 0.995276461972
2046.66923319 1.00816516635
2046.71009672 0.996046045915
2046.73052848 0.989899809375
2046.75096034 0.986823086548
2046.77139201 0.999039684405
2046.79182387 1.00107172548
2046.81225563 0.987917630767
2046.83268729 1.01536338661
2046.85311916 1.00237614573
2046.87355092 0.995931396924
2046.89398259 1.00605870808
2046.91441445 1.00699662555
2046.93484621 1.0040890731
2046.97570974 0.990504718118
2046.99614151 1.00559855931
2047.01657327 0.993289649302
2047.03700504 0.99953558908
2047.0574368 0.992340454476
2047.07786857 1.00005364436
2047.09830034 0.996823023879
2047.1187322 1.00091351615
2047.13916387 0.987940022899
2047.15959563 0.996280429
2047.1800275 1.00046784785
2047.22089094 0.996140019277
2047.2413228 0.98456769755
2047.26175457 0.995386021825
2047.28218624 0.98774274789
2047.30261811 1.00884636962
2047.32304987 1.00365404299
2047.34348174 1.00231840711
2047.36391341 1.01786872282
2047.38434518 0.988911360078
2047.40477705 0.985293975461
2047.42520872 1.00541610979
2047.44564049 0.995655822694
2047.46607236 1.00178542126
2047.48650403 0.989611960672
2047.5069359 0.997563313409
2047.52736767 1.00369190032
2047.54779934 0.991694491355
2047.62952652 0.991180048409
2047.6499583 0.991289121243
2047.67039007 1.01365867912
2047.69082184 0.999842980542
2047.71125361 1.00369212602
2047.73168548 0.999311003409
2047.75211716 1.01633494976
2047.77254893 1.00065107535
2047.7929807 1.00478786589
2047.81341248 0.999902333356
2047.83384425 1.00921884859
2047.85427612 1.00970587371
2047.8747078 1.00271088627
2047.89513967 1.00006960997
2047.91557145 1.00903198963
2047.93600312 0.989738213875
2047.956435 0.99392053077
2047.97686677 0.990194581191
2047.99729845 0.999374568219
2048.01773032 1.00157861716
2048.0381621 1.00104589746
2048.05859397 0.991765495798
2048.07902565 0.988799974738
2048.09945743 1.01463697104
2048.1198893 1.00695902712
2048.14032098 1.00725634759
2048.16075276 0.999249112153
2048.18118464 1.00077002101
2048.26291165 1.00401177534
2048.28334353 1.00863478837
2048.32420708 1.01266936127
2048.34463886 0.993590788916
2048.36507064 1.00356091393
2048.38550232 0.996361123427
2048.4059342 1.00788129063
2048.42636598 0.998169242679
2048.48766132 0.98591299321
2048.5080932 1.00387388666
2048.52852488 0.999728376485
2048.54895666 1.00860316786
2048.56938855 0.985697052309
2048.58982023 0.998974637997
2048.61025211 0.995796630034
2048.65111557 1.00977085472
2048.67154746 0.988723986925
2048.69197924 1.0087126721
2048.71241092 1.01054604841
2048.73284281 0.993341188217
2048.75327459 1.00253724399
2048.77370647 1.00261007983
2048.79413816 0.995383094854
2048.81456994 0.996666347434
2048.83500183 0.991041564071
2048.85543351 1.0039970942
2048.8758653 0.996620988923
2048.89629718 1.0119539273
2048.91672887 0.99254484727
2048.93716065 1.0118093887
2048.95759254 1.00375028037
2048.97802432 1.00702836005
2048.99845611 1.01337445396
2049.0188879 0.99520663151
2049.03931968 0.988913179494
2049.05975147 0.998798946694
2049.08018326 0.999202881968
2049.1823422 0.999136517108
2049.20277399 1.00022452395
2049.22320587 1.00515987095
2049.24363756 1.01793695091
2049.32536472 0.993379793108
2049.34579661 0.991749313539
2049.3662283 1.00749681926
2049.40709198 1.00043883633
2049.42752367 1.00697636785
2049.44795557 1.00467997165
2049.46838736 0.986596112541
2049.50925094 0.994741531675
2049.52968273 1.00704583123
2049.55011463 1.00223654811
2049.57054632 0.993206878031
2049.59097811 0.9989960625
2049.61141 0.990637062082
2049.6318417 1.00276339448
2049.65227349 0.989113134226
2049.67270539 1.00581898306
2049.69313718 0.992885535546
2049.71356897 0.990347116078
2049.73400077 0.99839755028
2049.75443246 1.00741363111
2049.77486436 1.00717470035
2049.79529615 0.988746322813
2049.81572785 1.00460399978
2049.83615974 0.998818432883
2049.85659154 1.00293488214
2049.87702324 0.999346369281
2049.89745513 0.989937695331
2049.91788693 0.999591244818
2049.93831883 0.994048862796
2049.95875052 0.999427069235
2049.97918232 1.01065562143
2049.99961422 1.00577532455
2050.02004592 1.01408562617
2050.04047772 0.997926199679
2050.06090961 1.01376478894
2050.08134131 0.997803296797
2050.10177321 0.979218093825
2050.12220501 1.01211185859
2050.14263671 0.9911805039
2050.16306861 0.983195498574
2050.18350041 1.00659222022
2050.20393221 0.982483077264
2050.22436401 0.998102468599
2050.24479581 1.00265308045
2050.26522771 0.995623004256
2050.28565941 1.0046202301
2050.30609121 1.00560181882
2050.32652311 0.996364130164
2050.34695492 1.00615709699
2050.36738662 1.00549921495
2050.38781852 1.00002819632
2050.40825022 1.00302073839
2050.42868202 1.00984297809
2050.44911393 0.998707844421
2050.46954563 0.993746820551
2050.48997753 0.992329734598
2050.51040934 0.994178035772
2050.53084104 1.00645983709
2050.55127295 0.9994941851
2050.57170475 0.999373962705
2050.59213645 0.994484974052
2050.61256836 1.00484743816
2050.63300016 0.980828029084
2050.65343207 1.00323177644
2050.67386378 0.9904086968
2050.69429558 0.995721245149
2050.71472749 1.00406139677
2050.73515919 1.00298078669
2050.755591 1.00080715681
2050.77602291 1.00318713096
2050.79645461 0.986316708266
2050.81688652 1.0172599509
2050.83731833 0.993282584262
2050.85775014 1.00187360523
2050.87818194 0.989299938704
2050.89861375 1.00550733652
2050.91904556 0.996359243231
2050.93947737 1.00946598333
2050.95990918 1.00216012452
2050.98034099 0.995776851606
2051.0007729 0.993274732253
2051.02120461 1.00107307035
2051.04163652 1.00679256439
2051.06206823 0.999897138463
2051.08250004 1.00333307749
2051.14379547 0.999046256753
2051.16422738 0.995037461747
2051.18465909 0.99519058726
2051.20509101 0.991102359851
2051.22552282 1.01706477367
2051.24595453 1.00311470076
2051.26638644 1.01254576411
2051.28681826 1.00243515227
2051.30724997 1.00668266566
2051.32768188 1.00746536604
2051.3481137 0.998589063624
2051.36854561 0.991633405104
2051.38897732 0.999820170563
2051.40940914 1.01212174695
2051.42984105 1.00799854166
2051.45027277 0.98977793919
2051.47070458 0.995102876165
2051.4911365 1.00517515333
2051.53200003 0.997239816267
2051.55243195 1.00504551193
2051.57286376 1.00451665558
2051.59329558 1.01337078787
2051.6137274 0.989813609016
2051.63415921 1.00391662016
2051.65459103 0.999943441676
2051.67502285 0.995509440742
2051.69545467 0.998494639696
2051.71588649 0.999038784668
2051.7363183 0.993922757796
2051.75675022 1.00580629123
2051.77718194 1.00241923508
2051.79761376 1.00728252772
2051.81804568 0.995755061219
2051.8384774 1.00572000505
2051.85890922 0.989873921223
2051.87934114 1.00141708737
2051.89977286 0.99272921776
2051.92020478 1.00324603812
2051.9406366 1.00586442755
2051.96106832 0.990617801435
2051.98150025 0.991995238195
2052.00193207 1.00691085729
2052.02236379 0.997575759093
2052.04279571 1.00467647044
2052.06322754 0.995348696851
2052.08365946 1.00391011456
2052.10409118 0.992442551908
2052.124523 1.00543461767
2052.14495493 0.989992084808
2052.16538675 1.00111861663
2052.18581848 0.999078701288
2052.2062504 1.00185312022
2052.22668222 0.99577931069
2052.24711395 0.988716765507
2052.26754587 0.987631794118
2052.2879777 0.996062015222
2052.30840963 0.99727067615
2052.32884135 0.99267907266
2052.34927318 0.987752140597
2052.43100049 1.00386958539
2052.45143231 0.994180353964
2052.47186424 0.985523960503
2052.49229597 1.00575217462
2052.5127278 1.00581781558
2052.53315973 1.00005668156
2052.55359145 0.997569430938
2052.57402328 0.998289724156
2052.59445521 1.00256330027
2052.61488694 1.00102663455
2052.63531887 1.00155376016
2052.6557507 1.0089838483
2052.73747802 1.00211144457
2052.75790986 1.00808156312
2052.77834169 0.998285615126
2052.79877352 1.00379137326
2052.81920535 1.01010664628
2052.83963718 0.994288883794
2052.86006912 1.0073960676
2052.88050095 0.989244256161
2052.90093268 0.993516368671
2052.92136462 0.997640445144
2052.94179645 0.994621042082
2052.96222818 0.999882135403
2052.98266012 1.00976959406
2053.00309195 1.00618017564
2053.02352389 1.00153895329
2053.04395562 1.0009417582
2053.06438746 1.0077004918
2053.10525113 0.979345430261
2053.18697858 0.99711403147
2053.20741031 1.00741196808
2053.22784215 1.00445386569
2053.26870583 1.00824857976
2053.28913767 0.996516063705
2053.3095696 0.993976335934
2053.33000134 0.992495480168
2053.35043328 1.00478538436
2053.37086512 1.00545009534
2053.39129696 0.991230133457
2053.4117288 0.999810738247
2053.45259248 1.00146704587
2053.47302432 1.01076733709
2053.49345616 0.991235429042
2053.51388801 1.00583768209
2053.53431995 0.994563613681
2053.55475169 1.00259106352
2053.57518363 1.00412743648
2053.59561547 1.00175202527
2053.61604722 0.989424489833
2053.63647916 0.995373000506
2053.656911 0.996734637027
2053.67734275 1.01176189239
2053.69777469 0.991926162291
2053.71820653 0.995694829379
2053.73863838 0.99809949849
2053.75907022 1.00043915119
2053.77950207 1.00899597912
2053.79993391 0.993441516417
2053.82036576 1.00255172138
2053.8407975 1.00382218911
2053.86122945 0.995714031087
2053.88166129 1.00457458909
2053.90209324 0.997318527948
2053.92252499 1.00885037537
2053.94295683 1.01246147627
2053.96338878 1.01021195119
2053.98382053 0.998626626131
2054.00425238 1.00020081051
2054.02468433 1.00496023879
2054.04511617 0.993370869126
2054.06554802 1.00192491177
2054.08597987 0.992735244125
2054.10641172 1.00599797789
2054.12684357 0.996395171122
2054.14727542 1.00518348536
2054.16770727 0.990880839261
2054.18813922 1.0002140632
2054.20857097 0.99861352578
2054.22900282 0.993907655896
2054.24943477 0.99841885093
2054.26986652 0.999325723347
2054.29029848 0.999328097279
2054.31073033 0.991591149457
2054.33116208 0.994308656333
2054.35159403 1.00503640851
2054.37202589 1.00066497314
2054.41288959 0.997462659039
2054.43332145 0.998849316327
2054.4537533 0.992382168177
2054.47418515 0.999916659256
2054.49461691 0.999884842508
2054.51504886 1.00417093757
2054.53548072 1.01094538866
2054.55591257 1.00110134826
2054.57634443 1.0043213786
2054.59677628 0.997551987901
2054.61720824 1.0032000717
2054.63764 1.01060968718
2054.65807185 1.00888154366
2054.67850381 1.00750857847
2054.69893557 1.01360135229
2054.71936743 1.00982265064
2054.73979938 0.998036658974
2054.76023124 1.00185007737
2054.7806631 1.00011223642
2054.80109496 1.00548488034
2054.82152682 1.01613062058
2054.84195868 1.0044803007
2054.86239054 1.00387719731
2054.8828224 1.00817036353
2054.90325436 0.995083721805
2054.92368612 1.00667124208
2054.94411798 1.0146729961
2055.02584552 0.994623903559
2055.06670925 0.993171213972
2055.08714101 0.989951480454
2055.10757287 1.00226705189
2055.12800484 1.00535023715
2055.1484366 0.980478466122
2055.16886856 0.994343791978
2055.20973219 0.993900645049
2055.23016416 0.99623268314
2055.25059602 0.993718036184
2055.27102789 1.01716402619
2055.29145975 1.0041507367
2055.31189162 0.996680521666
2055.33232358 1.00632894274
2055.35275535 0.989547723517
2055.37318722 0.997765795292
2055.39361918 1.00005937599
2055.41405105 1.0144547734
2055.43448282 0.990312592843
2055.45491479 0.990667146315
2055.47534666 0.983087782712
2055.49577852 0.988758420427
2055.51621039 0.994096090063
2055.53664226 1.01127082005
2055.55707423 0.996514900309
2055.577506 0.994244433734
2055.59793787 0.992053088225
2055.61836984 1.00034716891
2055.63880161 1.00512862267
2055.65923348 0.995371927229
2055.67966545 1.00995524901
2055.70009722 0.989508384304
2055.7205292 0.994088181457
2055.74096097 0.989903962853
2055.76139284 0.988270606897
2055.78182481 1.01196550822
2055.80225658 1.0062731093
2055.82268846 1.00004037536
2055.84312043 0.996849935935
2055.8635522 0.990411772466
2055.88398418 1.00330110542
2055.90441605 1.00421787407
2055.92484793 1.00237966206
2055.9452798 1.01258083933
2055.96571168 0.99841089948
2055.98614355 1.00573847707
2056.00657543 0.994071582232
2056.0270073 0.992711903586
2056.04743928 1.00101072826
2056.06787116 1.00557081624
2056.08830293 1.00913708387
2056.10873491 1.00640179171
2056.12916679 1.0012620482
2056.14959857 0.99964824662
2056.17003054 1.00116111617
2056.19046242 1.00043529392
2056.2108944 0.993509718969
2056.23132618 0.987077132562
2056.25175806 1.01756985223
2056.27219004 0.990368068766
2056.29262182 0.998615356807
2056.3130537 0.985428534153
2056.33348568 1.0064492574
2056.35391746 1.00056013037
2056.37434934 0.993254994619
2056.39478122 1.00073802945
2056.4152131 0.99510486337
2056.43564509 0.988816725122
2056.45607697 0.999523186608
2056.47650875 1.00623867188
2056.49694073 1.00101536676
2056.51737252 1.00454851916
2056.5378044 1.00741622255
2056.55823638 1.00130958649
2056.57866827 1.00813609843
2056.59910015 0.993477119645
2056.61953204 1.0103270576
2056.63996392 1.0112055842
2056.66039581 1.01477608509
2056.68082769 0.994278819052
2056.70125958 1.00000225668
2056.72169146 0.988043429662
2056.74212335 0.995720641535
2056.76255534 0.998886314284
2056.78298722 1.00063229147
2056.80341901 1.00824176902
2056.823851 1.00153142436
2056.84428289 1.00891938021
2056.86471467 1.00366085924
2056.88514666 1.00371449948
2056.90557855 0.994896816308
2056.92601054 0.997366614608
2056.94644233 0.994765566148
2056.96687422 0.989047441747
2056.98730621 0.989461298223
2057.007738 0.989862697238
2057.02816989 1.00912520382
2057.04860188 1.00508394892
2057.06903367 1.0000399697
2057.08946556 0.98646874746
2057.10989746 1.00276092372
2057.13032935 0.997177045846
2057.15076134 1.01106135852
2057.17119313 1.00018908922
2057.19162503 0.987810743032
2057.21205702 0.998764470302
2057.23248891 1.0106998077
2057.25292071 0.993892690273
2057.2733527 0.999878186676
2057.2937846 0.989956607739
2057.31421649 0.997375934827
2057.33464839 0.993998274391
