# #0 time, 1 flux
2306.65150816 0.980697502318
2306.67194025 0.981397011041
2306.69237245 0.991815369641
2306.71280444 0.983632533546
2306.73323663 0.975522461194
2306.75366862 0.99520189497
2306.77410071 1.01131740222
2306.79453291 0.992361315241
2306.8149649 1.03994375133
2306.83539699 0.992566832913
2306.85582918 0.994199669389
2306.87626117 0.982273806417
2306.89669325 0.982970785573
2306.91712544 0.980925857805
2306.93755753 1.01568319104
2306.95798962 0.977243824621
2306.9784217 1.00121725165
2306.99885379 1.00562189929
2307.01928588 1.01731518995
2307.03971796 1.00452670268
2307.08058223 1.00055381391
2307.10101422 1.01404641005
2307.1214463 1.0204920135
2307.14187849 1.02082116469
2307.16231047 1.00018574501
2307.18274265 1.00950789671
2307.20317473 0.99547577592
2307.22360671 1.0077620522
2307.2440389 1.0045933261
2307.26447098 1.00102573836
2307.28490296 1.02310547535
2307.30533514 0.981063730648
2307.32576722 0.993958046782
2307.3461992 1.01841591464
2307.36663137 1.00735294706
2307.38706345 1.01642393282
2307.40749553 1.01103889609
2307.42792761 0.99220278346
2307.44835969 0.978222451869
2307.46879176 1.0229639991
2307.50965591 0.982174317634
2307.55052006 0.991056636762
2307.57095214 1.01360625608
2307.59138431 0.979402821191
2307.61181629 0.994630828752
2307.63224836 0.999129284409
2307.65268053 0.992596676903
2307.6731125 1.00407988717
2307.69354458 1.01527850796
2307.71397675 0.993616758098
2307.73440872 0.992563445983
2307.75484089 0.989990587365
2307.77527296 0.992958167053
2307.79570493 0.993903581602
2307.8161371 0.997524742132
2307.83656917 1.00295023515
2307.85700113 1.01219610818
2307.8774333 0.988690985386
2307.89786537 0.991888891092
2307.91829744 0.9913578121
2307.9387295 1.02031152979
2307.95916157 0.990858227963
2307.97959363 1.01330467277
2308.0000257 1.02143111603
2308.02045776 1.01286654913
2308.04088983 0.998230848865
2308.06132199 1.02853450572
2308.08175396 1.00814889832
2308.10218612 0.982869528042
2308.12261808 1.02010969553
2308.14305014 1.00085648587
2308.16348231 0.960747479411
2308.18391427 1.01658283242
2308.20434633 1.00749083373
2308.22477849 0.99904395015
2308.24521045 1.00528099802
2308.26564251 0.987567467082
2308.28607467 1.00667034562
2308.30650663 1.00605170779
2308.32693869 1.0252347607
2308.34737084 1.02148523822
2308.3678028 0.996570709648
2308.38823486 0.999876653614
2308.40866701 0.989660182972
2308.42909907 1.02119911327
2308.44953103 1.02326970199
2308.46996318 1.03482492619
2308.49039524 1.01939471574
2308.53125935 1.01677224185
2308.5516914 0.984235247931
2308.57212345 1.03276330986
2308.59255551 0.998779298697
2308.61298756 0.995214252091
2308.63341971 0.989699158114
2308.65385166 1.00405681545
2308.67428371 0.996590023444
2308.69471586 1.00883432623
2308.71514781 1.00321996996
2308.73557986 0.998799373712
2308.75601201 1.00400315179
2308.77644396 0.976391061311
2308.79687601 0.995662263058
2308.81730816 0.975616646256
2308.83774011 0.990794654735
2308.85817215 1.01278808113
2308.8786043 1.01897263073
2308.89903625 1.00640710185
2308.91946839 0.989486812088
2308.93990034 1.0017349758
2308.96033239 1.01275677406
2308.98076453 0.999421264326
2309.00119657 1.03597461746
2309.02162852 1.00710046591
2309.04206066 1.00053275061
2309.0624927 1.00367149962
2309.08292465 1.00323652593
2309.10335679 0.986567888212
2309.12378883 0.999291245146
2309.14422077 1.00258642464
2309.16465291 0.972875218135
2309.18508496 0.988314820277
2309.2055169 0.963286358169
2309.22594903 0.956310726048
2309.24638107 0.974188080366
2309.26681311 0.966878896958
2309.28724515 0.99982897287
2309.30767719 0.984596657312
2309.32810923 0.987787217853
2309.34854127 0.987343465363
2309.3689733 0.9901721434
2309.38940544 0.982712820973
2309.40983737 1.00306301096
2309.43026941 1.01214288687
2309.45070155 1.02109304083
2309.47113358 1.00444823859
2309.51199765 0.994205303177
2309.53242968 1.0065494651
2309.55286162 1.01531312782
2309.57329375 1.0211992387
2309.59372578 1.03109561201
2309.61415771 0.99544870116
2309.63458984 0.996748054355
2309.65502177 0.993356041668
2309.67545381 1.02254235362
2309.69588594 1.00139608935
2309.71631787 0.998669063424
2309.73674989 1.01106556258
2309.75718202 0.980619699464
2309.77761395 1.01934501934
2309.79804598 1.00976390746
2309.81847811 1.01954547784
2309.83891014 1.01500029344
2309.85934216 1.00786732287
2309.87977419 0.985006971847
2309.90020622 0.989158471935
2309.92063834 1.04087611112
2309.94107027 1.0119268052
2309.96150229 1.01361918886
2309.98193442 1.01041409517
2310.00236634 1.02753527588
2310.02279836 0.986619876886
2310.04323049 0.995661302022
2310.06366241 0.961773602784
2310.08409443 0.984027334761
2310.10452655 0.991673908123
2310.12495847 0.971864385914
2310.1453905 0.971767718099
2310.16582262 0.982866320141
2310.18625454 0.986927068816
2310.20668656 0.966250607016
2310.22711868 0.963479850581
2310.26798261 1.01281986365
2310.28841473 0.982144271015
2310.30884675 0.984748544359
2310.32927877 1.02518477251
2310.34971079 0.975159210693
2310.3701427 0.98400632062
2310.39057482 0.995080588255
2310.41100683 0.95143096169
2310.43143875 1.01024334311
2310.45187086 0.999634795154
2310.49273479 1.03427604202
2310.51316691 1.00199004476
2310.53359892 0.993660272533
2310.55403083 0.994753723533
2310.57446295 0.994126302007
2310.59489496 0.984569241797
2310.61532687 0.986298372443
2310.63575898 1.00801654936
2310.65619099 0.994754155826
2310.676623 0.994373647694
2310.75835114 1.01421619699
2310.77878305 1.00441161343
2310.79921506 0.998666306767
2310.81964717 1.01499133421
2310.86051118 1.02566725387
2310.88094319 1.01073636561
2310.90137509 1.00975285404
2310.9218072 0.984380604057
2310.9422392 1.00332869291
2310.96267111 1.00299279009
2310.98310321 1.01107389253
2311.00353522 0.999479371252
2311.02396712 1.02487565291
2311.04439923 1.02931103566
2311.06483123 1.01536397859
2311.08526313 1.00866982587
2311.10569523 1.02334532742
2311.16699124 0.998887678666
2311.18742324 1.00924276788
2311.22828724 0.976445087816
2311.24871924 0.998605448244
2311.26915114 1.00411925245
2311.28958323 0.987020626438
2311.31001523 1.00635970036
2311.33044713 0.990344759753
2311.35087923 1.01601771825
2311.37131123 1.00669046521
2311.39174332 1.01090007476
2311.41217522 1.01781049576
2311.4734712 1.00906210696
2311.4939032 0.999832884065
2311.51433529 1.03395816782
2311.53476719 1.01192919671
2311.55519918 1.01078629701
2311.57563127 0.991729623571
2311.59606327 1.01447415727
2311.61649516 0.996959195411
2311.63692725 1.02049942885
2311.75951919 1.00053856401
2311.77995118 1.00894005189
2311.80038307 0.994010784129
2311.82081516 1.01804766302
2311.84124715 0.99040962478
2311.86167913 0.99586866058
2311.88211112 1.02971186732
2311.90254301 0.999564307425
2311.94340708 1.03870029078
2311.96383897 0.99545466576
2311.98427105 0.987091002059
2312.00470304 0.991506938534
2312.02513502 1.00267677375
2312.045567 0.956081719954
2312.06599899 0.950183311552
2312.08643097 0.978155119707
2312.10686295 0.973308147352
2312.12729494 0.97418216994
2312.24988682 0.970912561173
2312.2703188 0.979732130801
2312.29075088 1.00381630991
2312.31118276 1.01972300307
2312.33161474 1.00867117925
2312.49507065 0.989269299341
2312.51550263 0.993671114259
2312.5359346 1.00764985347
2312.55636658 0.997654063998
2312.57679855 0.983812016601
2312.59723052 1.00806706052
2312.6176624 1.00117413479
2312.63809447 0.970933830156
2312.65852644 1.01169191968
2312.67895831 1.00979363949
2312.69939039 1.01338277035
2312.71982236 0.984176909632
2312.74025423 0.974712116292
2312.7606863 0.980130786355
2312.78111827 0.983563288925
2312.80155014 0.997877371831
2312.82198221 0.983681810503
2312.84241418 0.995274490723
2312.86284615 1.00644337629
2312.88327811 1.01052368452
2312.90371008 0.996686748293
2312.92414215 0.995555667586
2312.94457402 1.0131390961
2312.96500598 0.977214330153
2312.98543805 0.981711808521
2313.00587001 0.980660670584
2313.02630188 1.00713306829
2313.04673395 1.01157328399
2313.06716591 1.00381501309
2313.08759777 0.995578397831
2313.10802984 0.980882030815
2313.1284618 1.0004109886
2313.14889366 1.00302653337
2313.18975769 1.00385725565
2313.21018955 1.01252105477
2313.23062161 1.01015932376
2313.25105358 1.01594359642
2313.27148554 1.01323442247
2313.2919175 1.00886972332
2313.31234946 0.988948800343
2313.33278142 1.01352790572
2313.35321338 0.992740519426
2313.37364534 1.02119269681
2313.39407719 1.01656538347
2313.43494121 1.00625791913
2313.45537317 0.992419979759
2313.47580512 1.002293665
2313.49623708 0.98688545805
2313.51666914 1.01363967318
2313.53710099 0.998596878091
2313.55753295 0.983017141919
2313.577965 1.00330188737
2313.59839686 0.996296221168
2313.61882881 1.01482228668
2313.63926087 0.998336843373
2313.65969272 1.00013814952
2313.68012468 1.00941477573
2313.70055673 1.04193741903
2313.72098858 0.993308396928
2313.74142053 1.00055920947
2313.76185259 1.0068932166
2313.78228444 1.00654144464
2313.80271639 1.01446194635
2313.82314844 0.998493975117
2313.84358039 1.02752336607
2313.86401224 0.983551493039
2313.88444429 1.00447913223
2313.90487624 0.980389624112
2313.92530819 0.997727674125
2313.94574014 1.00961985698
2313.96617208 1.01014668063
2313.98660403 1.00371389141
2314.00703598 0.987458284931
2314.02746793 0.987880244954
2314.04789987 1.01036826046
2314.06833182 0.982382664411
2314.08876377 0.95719471061
2314.10919571 0.948594220168
2314.17049155 0.995039574393
2314.19092349 0.996463405713
2314.21135543 1.00003463201
2314.23178738 1.01290817438
2314.25221932 0.976020812632
2314.27265126 0.993297726366
2314.29308321 0.996655217178
2314.31351515 1.02722165803
2314.35437913 0.991689783259
2314.37481097 1.00585548115
2314.41567495 0.996067831371
2314.43610679 1.01972859508
2314.45653883 0.984908375262
2314.47697077 0.985572169771
2314.49740261 1.0305012957
2314.51783465 0.99243190586
2314.53826658 1.0126019802
2314.55869842 0.987333632851
2314.57913046 0.999222851769
2314.5995624 0.974926489101
2314.61999423 0.98475879135
2314.64042627 1.00897142154
2314.6608582 1.01924367091
2314.68129014 1.00209568218
2314.70172207 0.995031818156
2314.72215401 0.996306326872
2314.74258594 1.01063771679
2314.76301788 1.00522005694
2314.78344981 1.00779323906
2314.80388174 0.99936031347
2314.82431368 0.980258351319
2314.84474561 0.978460703331
2314.86517744 0.989844241492
2314.9060414 0.984193381167
2314.92647344 1.0164988124
2314.94690527 0.979852856782
2314.9673372 1.00559071678
2315.00820106 1.01612947707
2315.02863299 1.01896047286
2315.04906501 1.02059075718
2315.06949684 1.02256072196
2315.08992877 1.02956729219
2315.1103608 0.987750280337
2315.13079263 1.03656337393
2315.15122455 1.01322160465
2315.17165658 1.02322243806
2315.19208851 1.0155011746
2315.21252033 1.01068227461
2315.23295236 1.02467797949
2315.25338428 1.00697487436
2315.27381611 1.00193870342
2315.29424813 1.02588094122
2315.31468006 1.02441258981
2315.33511188 0.994753561088
2315.3555439 1.02009310593
2315.39640785 0.998790336911
2315.41683967 1.00664701593
2315.43727159 1.00915528691
2315.45770362 1.01880964347
2315.47813544 1.01621763692
2315.49856736 1.0080015991
2315.51899928 1.00197920596
2315.5394312 0.984106421968
2315.55986312 1.01008603435
2315.58029504 0.975538880671
2315.60072696 1.00573928801
2315.62115888 0.986652820104
2315.64159079 1.01943776383
2315.66202271 1.01213220825
2315.68245463 0.988207843613
2315.70288665 0.956637620176
2315.72331847 0.996347177205
2315.74375038 0.984011267817
2315.7641824 0.961651305385
2315.78461421 0.98139136641
2315.80504613 0.993565841027
2315.82547815 0.963637906747
2315.84590996 0.980128344969
2315.88677389 0.994165285322
2315.9072057 0.990412440427
2315.92763772 0.982228329778
2315.94806963 0.986452257231
2315.96850144 0.978581893418
2315.98893346 0.963869332562
2316.00936537 1.00572406247
2316.02979728 0.983319464508
2316.05022919 0.984813568828
2316.0706611 0.979136506233
2316.09109301 0.991650003738
2316.11152492 0.974143307732
2316.13195683 1.00174567185
2316.15238874 1.00043144645
2316.17282075 0.987347433729
2316.19325256 1.00618655203
2316.21368447 0.991515784226
2316.23411638 0.988134015616
2316.25454829 1.0118212226
2316.27498009 0.979001162228
2316.31584401 0.994302895074
2316.33627601 0.999923268376
2316.39757173 0.988967196823
2316.41800354 0.98513592445
2316.43843544 1.00343631221
2316.45886745 0.991648983804
2316.47929925 1.00367283084
2316.49973115 0.991063866586
2316.52016316 1.00973386479
2316.54059506 0.995771647113
2316.56102686 0.994437061539
2316.58145887 1.00126018164
2316.60189077 1.0109399035
2316.68361827 1.03155349339
2316.70405027 1.00119369712
2316.72448217 0.989518344333
2316.74491397 0.97552355816
2316.76534597 0.992832838522
2316.78577787 1.00072405761
2316.80620987 0.98278261546
2316.94923305 1.03232520052
2316.96966495 1.01734446799
2316.99009694 1.00719718823
2317.01052874 1.01651926072
2317.03096063 1.03096500838
2317.09225632 1.0211401711
2317.11268831 1.0240936529
2317.1331201 1.0111884794
2317.153552 1.00667817724
2317.17398399 1.03535244455
2317.19441578 1.00822316748
2317.21484777 0.99386908785
2317.23527966 1.00220299753
2317.25571146 1.01580189244
2317.27614345 1.01541770052
2317.29657534 0.98571906359
2317.31700713 1.01003335385
2317.35787101 1.01599380417
2317.3783029 1.00093222736
2317.39873479 1.03480975015
2317.41916667 1.03502907691
2317.43959856 1.00693678402
2317.46003045 1.00014950153
2317.48046234 1.02391469452
2317.50089422 1.01698285771
2317.52132611 0.999107948317
2317.541758 1.00593016978
2317.56218988 1.00680248299
2317.60305366 0.997666429076
2317.64391753 1.00122554242
2317.66434931 0.996506292804
2317.68478129 1.00058684776
2317.70521318 0.96436621204
2317.72564496 0.985191894585
2317.74607694 0.989253209495
2317.76650873 0.987616633118
2317.78694061 0.977222431484
2317.86866824 1.01965495758
2317.88910002 0.991704559805
2317.9095319 1.0110904908
2317.92996388 0.974678130357
2317.99125952 0.98020887301
2318.0116914 0.976240667627
2318.03212317 0.973956372631
2318.11385079 1.01940377962
2318.13428266 0.98781286129
2318.19557829 0.999361975725
2318.21601027 1.02572712746
2318.23644204 0.995863721068
2318.25687392 0.989072891953
2318.27730589 0.988865909981
2318.29773767 1.00092445395
2318.35903329 1.00642730869
2318.37946516 1.00083441138
2318.39989713 1.00361202269
2318.420329 1.01002227379
2318.44076078 0.971103562355
2318.46119275 0.965386068239
2318.48162452 0.960212311802
2318.50205639 0.962411738188
2318.52248836 0.960014352631
2318.54292013 0.992461680143
2318.58378397 1.01370863474
2318.60421574 1.02384275699
2318.62464771 0.975028826004
2318.64507958 1.01764705722
2318.66551135 0.972038427406
2318.68594332 1.00540379379
2318.70637518 1.02328875914
2318.72680695 0.986917763521
2318.74723892 1.01781663366
2318.76767079 0.997122429472
2318.78810265 0.999176535569
2318.82896638 0.980257981612
2318.84939825 1.00175180981
2318.86983021 1.01096763916
2318.89026198 0.980746584204
2318.91069384 0.984284692422
2318.93112581 1.01866647691
2318.95155757 1.02725896012
2318.97198944 1.02268684124
2318.9924214 1.00321569628
2319.01285316 0.991636425562
2319.03328513 0.978653566095
2319.07414875 1.00757164166
2319.09458071 0.994825579684
2319.11501257 1.01676625627
2319.13544433 1.00952993742
2319.15587629 1.0149018841
2319.17630806 0.983680715291
2319.19673992 1.00204628275
2319.21717188 1.00483519969
2319.23760363 1.02391630725
2319.25803549 1.00626872572
2319.27846745 1.0406230918
2319.29889931 1.01460351444
2319.31933107 1.03211936697
2319.33976303 1.0352622386
2319.36019489 1.01606230426
2319.38062664 0.989820128627
2319.4010586 0.996822411332
2319.42149046 0.967586765164
2319.44192241 0.991355124337
2319.46235417 0.964618568768
2319.48278602 0.963044668822
2319.50321798 0.972179584271
2319.52364974 0.97727108805
2319.56451354 1.02570222895
2319.5849453 0.992727280876
2319.60537715 1.00887291237
2319.62580911 0.995388367304
2319.64624086 0.99939068247
2319.66667271 0.9897435384
2319.68710466 0.992502058214
2319.70753652 1.01447751659
2319.72796827 0.982935129411
2319.74840022 0.988856504772
2319.83012762 0.997735180299
2319.85055947 1.00143885695
2319.87099132 1.00484253006
2319.89142307 1.00392476744
2319.91185502 0.980689207487
2319.93228687 1.02206410458
2319.95271872 1.00344260629
2319.97315057 1.01729390476
2319.99358242 1.01987048421
2320.01401416 1.02638376249
2320.03444611 1.02197058482
2320.05487796 0.997810595032
2320.07530971 0.991301853942
2320.09574165 0.995774803815
2320.1161735 1.00832062184
2320.13660534 1.01299054096
2320.15703719 1.0152926331
2320.17746904 0.978808777903
2320.19790088 0.981912456793
2320.21833272 0.978309314166
2320.23876457 1.00946894549
2320.25919651 0.955319425221
2320.3000601 1.00551322665
2320.32049204 0.988755939826
2320.34092389 1.00733639706
2320.36135563 0.998133759869
2320.38178757 0.988931903715
2320.40221941 0.983939474915
2320.42265115 0.976335185355
2320.4430831 1.02594354954
2320.46351494 1.01013721684
2320.48394668 0.993494186744
2320.50437862 1.00791180193
2320.52481046 1.00346288214
2320.5452423 0.985605801087
2320.56567414 1.01524527174
2320.58610598 1.00569981199
2320.60653781 0.983818036329
2320.62696965 0.976752239222
2320.64740149 1.01381098305
2320.66783333 1.01969199206
2320.68826517 1.02235241182
2320.708697 0.979940477584
2320.72912884 0.98412946463
2320.74956068 1.02251274362
2320.79042445 1.01260302202
2320.81085619 1.00108523022
2320.83128802 1.00754577771
2320.85171996 1.00123952556
2320.89258353 1.0184121645
2320.91301546 1.00069952126
2320.93344719 0.986523658629
2320.95387903 1.02097271541
2320.97431096 1.02534966751
2320.99474269 0.99989843381
2321.01517453 1.01253982847
2321.03560646 0.980964203257
2321.05603819 0.986839393379
2321.07647012 0.995695455529
2321.09690196 0.969784174643
2321.11733379 0.996937640013
2321.13776562 0.971428156189
2321.15819745 0.991356884857
2321.17862928 1.00700982165
2321.19906111 0.969312837255
2321.21949294 1.0206515376
2321.30122026 0.979149029932
2321.32165218 0.985342926493
2321.34208391 1.0071095972
2321.36251574 0.998482902271
2321.38294757 0.976288441864
2321.4033794 1.02579339282
2321.42381112 1.00661919142
2321.44424305 1.01198607238
2321.46467488 1.00160394412
2321.4851068 0.992725270438
2321.50553853 1.00276625161
2321.52597035 0.995416326528
2321.54640228 1.00000085984
2321.566834 1.00585881052
2321.58726583 0.991550527184
2321.60769775 1.01863441985
2321.6485613 0.989715538178
2321.66899322 0.995079543871
2321.68942505 0.9913962311
2321.70985677 0.992360361361
2321.73028869 1.00955411346
2321.77115224 0.992228888538
2321.79158416 0.99479894267
2321.81201598 0.971026661715
2321.8324477 1.03515344465
2321.85287962 1.00274708253
2321.87331144 1.00175964382
2321.89374336 1.03277805238
2321.91417508 1.0068819375
2321.9346069 1.00839208758
2321.95503882 1.03333571153
2321.97547054 1.01315995013
2321.99590236 1.01702324553
2322.01633428 1.01942211261
2322.03676599 1.01753313317
2322.05719781 1.00264542826
2322.07762963 0.984722277526
2322.09806145 1.00277386247
2322.11849326 1.00747364205
2322.13892518 0.987366074087
2322.1593569 0.9968679801
2322.17978871 0.983686484095
2322.20022063 1.00196536358
2322.22065235 0.970624462273
2322.26151608 1.01086776874
2322.28194779 0.975155052677
2322.30237971 1.00838939091
2322.32281152 1.01110019798
2322.36367515 1.00703010155
2322.42497059 1.0215198487
2322.4454024 1.01153254443
2322.46583421 1.00997052259
2322.48626602 0.98948389378
2322.50669784 0.976422896388
2322.52712965 1.00909101404
2322.54756146 1.00574147801
2322.56799327 1.0127265009
2322.58842508 0.977184686075
2322.60885699 0.984544861288
2322.6292887 0.971248431448
2322.64972061 0.976184858291
2322.67015242 0.98241925099
2322.69058413 1.03011959091
2322.71101604 0.975049991205
2322.75187955 0.987149793548
2322.77231146 0.98617850868
2322.79274317 0.98407807721
2322.81317498 1.00668061749
2322.83360688 1.02154865073
2322.85403859 0.993882039686
2322.8744704 1.00481012933
2322.8949023 1.00072325389
2322.91533401 1.00445835914
2322.93576582 0.99381992442
2322.95619772 1.00404635657
2322.97662953 0.979521943343
2323.01749314 0.984834493751
2323.03792494 0.982805189702
2323.05835675 1.00850890911
2323.07878855 1.01585743491
2323.09922035 1.01677167833
2323.11965216 1.01128787549
2323.14008396 1.00159222845
2323.16051576 1.00345179423
2323.18094766 0.988172906922
2323.26267477 1.00074909885
2323.28310657 0.994498421009
2323.30353847 1.01173637692
2323.32397017 0.987754012797
2323.34440198 1.01527906759
2323.36483388 1.01005124935
2323.38526558 1.0037323095
2323.40569737 1.02458519063
2323.42612927 1.03746727291
2323.44656107 0.994373933847
2323.46699287 1.00119898195
2323.48742467 1.02055989368
2323.50785637 0.998032415816
2323.52828827 1.00697858226
2323.54872006 0.988395644738
2323.56915176 0.986939733894
2323.58958366 1.00106917653
2323.61001545 0.986195343546
2323.63044715 1.02250073728
2323.65087905 1.01063240809
2323.67131084 1.01237380372
2323.69174254 0.978359458786
2323.73260623 0.985831032811
2323.77346982 1.00087696644
2323.79390161 1.01034819708
2323.81433351 0.990402405415
2323.8347652 0.99470027325
2323.855197 0.994288193221
2323.87562889 0.991378513386
2323.89606058 0.985463025787
2323.91649237 1.01582270153
2323.93692427 0.997574709555
2323.95735596 1.00513692114
2323.97778775 0.968522729352
2323.99821964 1.00015383663
2324.01865143 0.996644634252
2324.03908313 0.977617632342
2324.05951502 1.0007146791
2324.07994681 0.992809054931
2324.1003785 1.00482002248
2324.12081039 0.989047149803
2324.14124218 0.980633902898
2324.16167387 0.983780610016
2324.18210576 0.962893614043
2324.24340112 1.01988171157
2324.26383291 0.99329528954
2324.2842647 0.988443371619
2324.30469649 1.01424970204
2324.32512817 1.01591624541
2324.34556006 1.00341959074
2324.36599185 1.00564206307
2324.38642364 1.01912080009
2324.40685542 1.00474084531
2324.42728721 0.988556681769
2324.44771899 0.981306053436
2324.46815088 1.01296632347
2324.48858257 0.987358438613
2324.50901435 1.0120693418
2324.52944624 0.989294293062
2324.54987792 0.994794463443
2324.5703098 1.00038527812
2324.59074159 1.00354048818
2324.61117327 1.01475617146
2324.63160516 0.981476891328
2324.65203694 1.00186913133
2324.67246862 0.987557356283
2324.71333229 1.01277261116
2324.73376397 1.01388348544
2324.75419585 1.00758772022
2324.77462763 1.00441621058
2324.79505932 1.03673065008
2324.8154912 1.02174694568
2324.83592298 1.01367628717
2324.85635476 1.0245061682
2324.87678654 1.00601893939
2324.89721832 1.00577745649
2324.9176501 1.00399161367
2324.93808198 1.02650430739
2324.95851366 1.00193652264
2324.97894544 1.00454631481
2324.99937722 0.986777376318
2325.019809 1.02130638162
2325.04024087 0.990431596839
2325.06067255 0.987835342175
2325.08110433 1.0014046969
2325.10153621 0.993813149037
2325.12196788 1.02225362707
2325.14239966 0.98710824991
2325.16283154 0.965636839763
2325.20369499 1.00296351385
2325.22412687 0.98740989646
2325.24455854 0.988956078647
2325.26499032 1.03267170231
2325.2854222 0.983144472641
2325.30585397 0.985751455041
2325.32628575 1.01332420041
2325.34671782 1.00364809044
2325.36714959 0.971467897555
2325.38758137 0.989244672187
2325.40801314 1.01880324282
2325.42844482 0.986802029628
2325.44887669 0.996936736979
2325.46930846 0.993983947323
2325.48974014 1.01160980816
2325.51017201 0.986750846184
2325.53060378 0.998118869069
2325.55103545 1.00247791558
2325.57146732 1.00318781365
2325.5918991 1.00333615629
2325.61233077 1.00169013118
2325.71448972 0.987561873696
2325.73492159 0.982846567466
2325.75535326 1.00363885236
2325.77578503 1.01754390176
2325.7962169 1.01667530486
2325.81664857 1.0397741049
2325.83708034 1.01033750614
2325.85751221 1.03475779839
2325.87794397 1.00930658023
2325.89837564 1.01485149925
2325.91880751 1.01157383815
2325.93923928 1.0088336273
2325.95967094 1.00938296151
2325.98010281 1.00852492278
2326.00053458 0.992261412945
2326.02096624 1.0114485714
2326.04139811 0.979712488548
2326.06182988 0.977172381065
2326.08226174 0.995817869189
2326.10269341 1.00747999304
2326.12312517 0.994240221556
2326.14355694 0.957435766849
2326.20485223 1.0066261659
2326.225284 0.956239558972
2326.24571576 0.993746547909
2326.26614752 0.993572298241
2326.28657929 1.02517665234
2326.30701105 0.978703905336
2326.32744281 1.00351898275
2326.34787457 0.979312492827
2326.36830634 0.973660687072
2326.3887382 0.99599909838
2326.40916986 0.990874862841
2326.42960172 1.00030905746
2326.45003348 1.0209117349
2326.47046515 0.976612737083
2326.51132877 1.00403365702
2326.53176043 0.988440799357
2326.55219229 0.997790287761
2326.57262405 1.02097338237
2326.59305571 1.01361764082
2326.61348757 0.990780971958
2326.63391933 0.980300545988
2326.65435099 0.996539507755
2326.67478284 1.00779437077
2326.6952146 1.00071994663
2326.71564636 1.01536142721
2326.73607812 0.963134753228
2326.75650988 1.00547745927
2326.77694163 0.96227317453
2326.79737339 0.97448176937
2326.81780515 0.968567311534
2326.83823701 0.98856187881
2326.96082754 1.00913881559
2326.9812592 0.985859600297
2327.00169095 0.995692831677
2327.02212281 0.985148448449
2327.04255446 0.994726054065
2327.06298622 1.01401794302
2327.08341807 1.00131450828
2327.10384972 1.02156468367
2327.12428148 0.993167603257
2327.14471333 1.00723677636
2327.16514498 1.01182505524
2327.18557684 0.979351325784
2327.20600859 0.99834114208
2327.22644034 1.00937367505
2327.2468721 1.00488206301
2327.26730385 1.02117219406
2327.2877356 1.0043867659
2327.30816735 0.997519470142
2327.3285991 1.01388978819
2327.34903085 0.978105297731
2327.43075796 0.988653369322
2327.45118961 1.01549037188
2327.47162136 1.00615207243
2327.4920532 1.00808238619
2327.51248485 0.996313727557
2327.5329167 1.01438322874
2327.55334845 1.01752343171
2327.5737801 1.01949229099
2327.59421195 0.99152814043
2327.6146437 0.990778473892
2327.63507534 0.993964268183
2327.65550719 0.993848201051
2327.67593884 1.00165240157
2327.69637059 1.00313087158
2327.71680243 1.01822245778
2327.73723418 1.01133687324
2327.75766583 1.00975481118
2327.77809767 1.0194344598
2327.79852942 1.0172906692
2327.81896107 1.00383990537
2327.94155174 1.00976814444
2327.96198338 0.990167539235
2327.98241512 0.998078202156
2328.00284697 0.996282044124
2328.02327861 0.975984888449
2328.04371036 1.01098772478
2328.0641422 0.997467227633
2328.08457384 0.990645155207
2328.10500558 0.998014799493
2328.14586907 1.01739808141
2328.16630081 1.00217408756
2328.18673265 0.981701684244
2328.2071644 0.987875804458
2328.24802788 0.977900963716
2328.26845962 0.996533238827
2328.28889136 0.955650874871
2328.3093231 0.974390437732
2328.32975484 0.980215407695
2328.35018658 0.973479661609
2328.39104996 0.999569251009
2328.4114818 1.01061161217
2328.43191354 1.00646340096
2328.45234518 1.02495292903
2328.47277702 1.00927095438
2328.49320876 1.01549745562
2328.51364039 1.0059097148
2328.53407223 0.998034989448
2328.55450397 0.999769147912
2328.57493571 1.02593412442
2328.59536744 1.01121060209
2328.61579918 1.00251782807
2328.63623102 0.989624454457
2328.69752623 1.01965386051
2328.71795787 1.00293104997
2328.7383896 1.00521000975
2328.75882144 0.99678998183
2328.77925317 1.02049510249
2328.82011664 0.991670086978
2328.84054838 0.993703018558
2328.88141185 1.01657852191
2328.92227522 1.01942130863
2328.94270705 1.03231326587
2328.96313878 1.02828185414
2329.00400225 1.03959573803
2329.02443398 0.994817134269
2329.06529745 1.03510217626
2329.08572918 1.01250324811
2329.10616091 1.01410793457
2329.12659265 1.01386270804
2329.14702438 1.02028348501
2329.16745611 1.00577661489
2329.18788784 0.996954723177
2329.20831957 0.989519388794
2329.2287514 1.00241859161
2329.24918303 1.00260456571
2329.26961476 0.985216305884
2329.29004659 0.983062850054
2329.31047822 0.971319748195
2329.33091005 0.980864222965
2329.37177341 0.982535215164
2329.39220524 0.975396926
2329.41263697 0.993416645971
2329.4330686 0.990354515313
2329.45350043 0.992330834063
2329.47393216 1.01607566114
2329.49436378 1.00333028122
2329.51479561 0.997307809378
2329.53522734 0.996808245734
2329.55565897 0.984098653957
2329.5760908 1.01181583097
2329.59652252 0.974621065686
2329.61695425 0.977462052349
2329.63738598 0.999029307983
2329.6578177 0.976011416426
2329.67824953 1.02018291541
2329.69868126 1.00859716676
2329.71911288 0.97986865168
2329.73954471 0.982563591006
2329.75997643 0.959360870319
2329.78040806 0.988406393848
2329.80083988 0.969730646874
2329.82127161 0.967408131258
2329.86213506 0.98080306315
2329.88256668 0.979039614729
2329.90299841 0.979576324786
2329.92343023 1.01231419619
2329.94386185 0.980798189322
2329.96429358 0.967111503575
2329.9847254 0.955590933267
2330.00515702 0.980961118639
2330.02558885 0.954307760395
2330.14817918 0.996483565226
2330.1686109 1.00566240056
2330.18904262 0.987806501051
2330.20947444 1.00210234027
2330.22990606 0.987845598806
2330.25033779 1.0151769313
2330.27076961 1.0129376791
2330.29120123 1.01280677508
2330.31163295 1.01238910217
2330.33206477 0.999080023721
2330.35249639 1.02210214805
2330.37292821 1.00169894392
2330.39335993 1.00218436931
2330.41379154 1.00414131646
2330.43422336 1.01789325915
2330.45465508 1.00475780272
2330.4750867 0.997882014633
2330.49551852 1.00106086585
2330.51595024 1.01587333257
2330.53638196 1.03008741044
2330.55681367 1.00035758611
2330.57724539 1.0020010023
2330.59767701 1.02186786024
2330.63854054 0.996363632854
2330.65897216 1.01211351996
2330.67940398 1.00966917473
2330.69983569 1.03604278699
2330.72026741 1.01102773411
2330.74069912 0.998878015529
2330.76113084 0.994511183618
2330.78156266 0.991697761315
2330.80199427 0.991818451592
2330.8428578 1.0000453989
2330.86328942 0.984157538186
2330.90415295 1.00848209866
2330.92458456 1.00888522748
2330.94501627 1.01005872566
2330.96544809 1.00263477687
2330.9858797 0.9870182019
2331.00631142 1.01246029544
2331.02674323 1.00685966032
2331.04717494 1.02036878918
2331.06760665 0.983286951915
2331.08803837 1.01009003751
2331.10847008 1.00953062227
2331.12890179 1.00933105668
2331.1493335 0.999284373803
2331.16976522 1.00926748619
2331.19019693 1.01171158875
2331.21062864 0.988756592413
2331.23106035 1.02289148077
2331.25149206 1.01782702808
2331.27192377 1.00355896165
2331.29235548 0.99449868772
2331.3127872 1.0074799511
2331.33321891 1.0062223595
2331.35365052 0.987020461926
2331.37408233 1.00923199169
2331.39451404 0.992103505018
2331.41494585 1.0012489694
2331.43537746 0.977669071896
2331.45580917 1.01101048935
2331.47624097 0.988350643739
2331.49667258 0.953799306139
2331.51710429 1.00276478203
2331.5375361 0.996007552952
2331.57839942 0.989137115957
2331.59883123 0.972734796149
2331.61926293 0.997917947082
2331.63969454 0.996954812351
2331.66012635 0.976803080643
2331.68055806 1.0010398777
2331.70098976 0.978561200205
2331.72142147 0.952467527587
2331.74185318 1.00042219673
2331.86444342 1.00522769739
2331.88487522 0.995756358427
2331.90530683 0.992079328309
2331.92573853 1.00025916021
2331.94617034 1.00596293248
2331.96660194 0.983134998043
2331.98703365 1.00481822961
2332.00746535 1.01875125837
2332.02789706 0.994308427174
2332.06876046 0.99702629391
2332.08919217 0.997505899909
2332.10962397 1.00052604783
2332.15048728 1.00225175307
2332.17091908 0.979280967931
2332.19135078 1.00522347125
2332.21178239 1.0281857166
2332.23221419 1.02370317829
2332.25264589 0.977234882441
2332.27307749 0.987928873599
2332.2935093 1.00257222113
2332.313941 1.01812587631
2332.3343726 0.99179064709
2332.3548044 0.995796946703
2332.3752361 0.989356626747
2332.3956679 1.00502822949
2332.4160995 1.01208030792
2332.4365312 1.0052568562
2332.45696301 0.995237770318
2332.47739461 1.00545577862
2332.49782631 1.02422268969
2332.51825811 1.02441864039
2332.53868971 1.01066307551
2332.55912141 1.00629888339
2332.57955321 0.991830368872
2332.5999849 0.999011876483
2332.6204165 0.958711186395
2332.6408483 0.997371997077
2332.66128 0.991570958763
2332.6817116 0.999543197488
2332.7021434 0.989748750971
2332.7225751 1.00636939999
2332.7430068 0.986450919478
2332.78387019 0.981847991268
2332.80430189 1.00568269353
2332.82473359 1.01512869727
2332.84516518 1.01982062527
2332.86559698 0.985335491639
2332.88602868 0.984383384771
2332.90646028 0.967501540496
2332.92689207 0.994938551388
2332.94732377 0.980123431049
2332.96775547 0.987200278799
2332.98818716 0.983117874208
2333.00861886 0.977021655425
2333.04948225 0.998620953196
2333.06991394 0.99392615658
2333.09034574 0.990581032837
2333.11077744 1.03773428407
2333.13120903 0.991454945654
2333.15164082 0.996010114615
2333.17207252 0.999234945255
2333.19250411 1.00834271249
2333.21293591 0.986885456742
2333.2333676 1.00288003963
2333.2537992 1.01169358344
2333.27423099 1.01609990291
2333.29466268 0.983423713857
2333.31509428 1.0080998733
2333.33552607 1.02574342127
2333.35595776 1.01481704282
2333.37638956 1.00592879074
2333.39682115 1.00632185831
2333.41725284 1.00879282569
2333.43768464 1.02013048052
2333.45811623 0.991809856373
2333.47854792 1.00975642332
2333.49897961 0.999862230463
2333.5194113 0.973546445282
2333.539843 1.00849135243
2333.56027469 1.0130232756
2333.58070638 0.990789732766
2333.60113807 0.980892138291
2333.62156986 1.00145844457
2333.64200145 0.99203138922
2333.66243324 1.0044468753
2333.68286493 1.00112881453
2333.70329652 1.00113422062
2333.74416 0.993029449302
2333.76459159 0.996641201329
2333.78502338 1.02457994341
2333.80545507 0.998594257918
2333.82588666 1.00600389446
2333.84631845 1.01371555218
2333.86675014 0.984149990657
2333.88718173 0.994747625879
2333.90761352 1.00119657742
2333.92804521 1.00491561678
2333.96890858 0.99496844368
2334.05063534 0.982713874806
2334.07106712 1.00600857563
2334.09149881 1.00377883409
2334.1119304 0.992997945133
2334.13236219 0.980123867862
2334.15279387 0.998264449068
2334.17322546 1.00395810796
2334.19365725 0.999486939619
2334.21408883 1.00723564827
2334.23452052 0.981433063819
2334.2549523 1.01919899358
2334.27538389 0.989460388455
2334.29581568 1.00015854108
2334.31624736 0.992470771931
2334.33667895 0.971642613256
2334.35711073 1.0105314422
2334.37754242 1.00048125211
2334.397974 0.97808962659
2334.41840579 1.01503093426
2334.43883747 0.978635943665
2334.45926916 0.993367491255
2334.47970084 0.987863158487
2334.50013253 1.00227075691
2334.52056421 0.98378900227
2334.5409959 0.991207559328
2334.56142758 0.998149293487
2334.58185936 0.965766111789
2334.60229105 0.979792283684
2334.62272263 0.989395723759
2334.64315441 0.993446433231
2334.6635861 1.01339831513
2334.68401768 1.00811195798
2334.70444946 1.00172787297
2334.72488114 1.00765533378
2334.74531273 1.00958352222
2334.76574451 0.984443660173
2334.78617619 1.0029752897
2334.80660777 0.994590730895
2334.82703956 0.995170902656
2334.84747124 1.01074508266
2334.86790282 0.987042646267
2334.8883346 1.00138933477
2334.90876628 0.985816299879
2334.92919806 0.987651106827
2335.05178805 1.00576856553
2335.07221973 1.00191197772
2335.09265141 0.978029391736
2335.11308309 0.99243008914
2335.13351477 1.01522923014
2335.15394645 1.01676898517
2335.17437823 1.01597666816
2335.19480981 1.01057872455
2335.21524158 1.02322205236
2335.23567326 1.02363030646
2335.25610484 0.969118038717
2335.27653662 0.971500084673
2335.2969683 0.9977179751
2335.31739988 0.99278260171
2335.33783166 1.0169135016
2335.35826333 0.995545833028
2335.37869491 1.01817454777
2335.39912669 1.00269468214
2335.41955837 0.998699561514
2335.46042172 1.02598586724
2335.4808534 1.01866452889
2335.50128518 1.00908700142
2335.52171675 1.00257167622
2335.54214843 1.01975100823
2335.56258021 0.987063061829
2335.58301189 1.03136729933
2335.60344346 0.993553960427
2335.62387524 0.989849380719
2335.64430691 0.983033874822
2335.66473849 0.994191311673
2335.68517027 0.99208914725
2335.70560184 0.999230546698
2335.72603352 1.02280176154
2335.74646529 1.01932657971
2335.76689687 0.988471319793
2335.78732854 1.0039731626
2335.80776032 0.979397529782
2335.82819189 0.986236550922
2335.84862367 0.998716907867
2335.86905534 0.975805932871
2335.88948692 0.990675690862
2335.90991869 1.00405373762
2335.93035037 1.01238658112
2336.01207706 1.01425219812
2336.03250874 1.02941000093
2336.05294041 0.981867614055
2336.07337208 1.00639618819
2336.09380376 1.02106976231
2336.11423543 0.995441080081
2336.1346672 1.01166014371
2336.15509887 1.01890568154
2336.17553045 0.995247691463
2336.25725724 0.98329294841
2336.27768891 0.9911472323
2336.31855225 0.982540405027
2336.33898392 0.997172335251
2336.35941549 0.998532268066
2336.37984727 0.995542967554
2336.40027894 1.00637308795
2336.42071061 1.02312494113
2336.44114228 0.967503899056
2336.48200562 1.00790238495
2336.50243729 1.01466121644
2336.52286896 0.985025601129
2336.5637323 1.01797165208
2336.64545898 0.98935970393
2336.66589075 0.989843427308
2336.68632232 0.98076634827
2336.70675409 1.00610681863
2336.72718576 0.990793334012
2336.74761733 1.00043056377
2336.7680491 1.00027247795
2336.78848076 0.987408533898
2336.80891233 0.976808512458
2336.8293441 0.99044920145
2336.84977577 1.00537617746
2336.87020734 0.985797176999
2336.89063911 0.976448413564
2336.91107077 0.979435868927
2336.93150234 0.962409079389
2336.97236578 1.00006871214
2336.99279754 1.00710823334
2337.01322911 0.998946763099
2337.03366078 1.00787348934
2337.05409255 1.00203026105
2337.07452421 0.950902326448
2337.09495578 0.993523107632
2337.11538745 1.01996816384
2337.13581921 0.979970663497
2337.15625078 1.01254481995
2337.17668255 1.01944513126
2337.19711411 1.00169650195
2337.21754578 1.01535378707
2337.23797754 0.986293115289
2337.25840911 1.01000436667
2337.27884088 0.995765437641
2337.29927254 0.989236633379
2337.31970411 1.03244021607
2337.34013587 1.02166668318
2337.36056754 1.02399977074
2337.3809991 0.994055891908
2337.40143087 0.997319289176
2337.42186253 1.01276059749
2337.4422941 0.984938818091
2337.46272586 0.983742949904
2337.48315753 1.00601849179
2337.50358919 1.02606731095
2337.52402086 0.997892209519
2337.54445252 1.00313881669
2337.56488418 1.0100694921
2337.58531585 0.994558443443
2337.60574751 0.97548340198
2337.62617928 1.00281964761
2337.64661094 0.980922448356
2337.72833749 1.03693053332
2337.74876926 0.991440031704
2337.76920092 1.01965858075
2337.78963248 1.03525688331
2337.85092747 1.00735035918
2337.87135923 1.0003267551
2337.89179089 1.00161052038
2337.91222256 1.01426900377
2337.97351754 1.01954375847
2337.9939492 1.00699334193
2338.01438086 0.989911504308
2338.03481253 1.00109263965
2338.05524419 1.02628309029
2338.07567585 1.01851123962
2338.09610751 0.991769829721
2338.11653917 0.993988235002
2338.13697083 0.989180924607
2338.15740259 0.988513968187
2338.17783415 0.962624500009
2338.19826591 0.975643828754
2338.21869757 1.00715632959
2338.23912913 0.968052007529
2338.25956089 0.996382017238
2338.27999255 0.984439227269
2338.30042411 1.00510975631
2338.32085587 0.997464139382
2338.34128753 1.00650003253
2338.36171909 0.983366105744
2338.38215085 0.981665105445
2338.40258251 1.00059298967
2338.44344583 1.01634147254
2338.46387749 1.02264990103
2338.48430925 1.00479698771
2338.50474081 0.998314308098
2338.52517247 0.997402238444
2338.54560422 1.00586257414
2338.56603578 0.997152213355
2338.58646744 1.03632674535
2338.6068991 1.01566376747
2338.62733076 1.03278152136
2338.64776242 1.01201895713
2338.66819417 1.01431805457
2338.68862573 1.03803539048
2338.70905739 1.00788107885
2338.72948915 1.02981506104
2338.81121568 1.00907114071
2338.83164743 0.979016736965
2338.85207909 0.994010077938
2338.87251065 0.993184590345
2338.89294241 0.982297286247
2338.91337406 1.00618981343
2338.93380562 0.984581608205
2338.95423738 1.00441523707
2338.97466903 0.985685514236
2338.99510079 0.978371480024
2339.01553234 0.976663346612
2339.035964 0.972759126288
2339.05639576 0.964007018876
2339.07682731 0.978043053016
2339.24028066 0.994783936355
2339.26071231 0.99085878659
2339.28114397 0.995722944678
2339.30157562 1.0010442041
2339.32200718 0.983423978477
2339.34243893 0.987871248906
2339.36287058 1.01128574288
2339.38330214 1.01087375049
2339.40373389 1.02227034013
2339.42416555 0.981716017202
2339.4445971 1.0030763534
2339.46502886 1.00572725304
2339.48546051 0.987479995025
2339.50589216 1.00449649803
2339.52632382 1.014393913
2339.54675547 1.0166209911
2339.56718722 1.00002594
2339.58761878 1.02735478277
2339.60805043 1.01713373537
2339.62848218 0.998680846354
2339.64891374 1.00125739576
2339.66934539 0.997770134231
2339.68977714 0.979220527759
2339.7102088 0.997440949129
2339.73064035 1.001192834
2339.7510721 1.01066869775
2339.77150375 0.99568247108
2339.79193531 1.0163481884
2339.81236706 1.00767415903
2339.83279871 1.00754809365
2339.85323046 1.00489367776
2339.87366202 1.00071054183
2339.91452542 1.00292552718
2339.95538862 0.997337329398
2339.97582038 0.99167620065
2339.99625193 0.994284726436
2340.01668358 0.984392989652
2340.03711523 0.985569877155
2340.05754688 0.984142955405
2340.07797853 0.966124942596
2340.09841018 0.975449296974
2340.18013679 0.993865216459
2340.20056854 1.01065000934
2340.22100019 0.989940570603
2340.24143174 0.968221660883
2340.26186349 1.00179966857
2340.28229514 0.986312435004
2340.30272669 1.01673566577
2340.32315844 1.01270703078
2340.34359009 0.981763622839
2340.36402184 0.995910767806
2340.38445339 1.01402115393
2340.40488504 1.0148659149
2340.42531679 1.01850363155
2340.44574834 1.00650889611
2340.46617999 1.01169065121
2340.48661174 1.0105493558
2340.50704329 0.988649772556
2340.52747494 1.00916379308
2340.54790668 0.99987668313
2340.56833823 1.0225045155
2340.58876988 1.00824133437
2340.60920163 1.0069215426
2340.62963328 1.02121802243
2340.65006493 1.02628484148
2340.71135988 1.00797480024
2340.73179152 1.02934390489
2340.75222317 1.00560977957
2340.77265482 1.00713859096
2340.79308647 0.992195971178
2340.81351802 1.01354756927
2340.83394976 1.01874868828
2340.85438141 0.989985588887
2340.87481296 0.993424460296
2340.89524471 0.980133870622
2340.91567636 0.994387741528
2340.9361081 1.00694521114
2340.95653965 1.00878704431
2340.9769713 1.00344761055
2340.99740305 0.975907225035
2341.01783459 0.994477879954
2341.03826624 0.980471889519
2341.05869799 0.975234549956
2341.07912953 0.958425479394
2341.09956118 0.982236072972
2341.11999293 0.983588010241
2341.14042457 0.983720802257
2341.16085622 1.01385724375
2341.18128787 0.998686164787
2341.20171951 0.993563808941
2341.22215116 1.00736566095
2341.24258281 1.00772797906
2341.26301445 0.981168889951
2341.2834461 0.969874104567
2341.30387775 0.969075088291
2341.32430939 0.962431358257
2341.34474114 1.00289996242
2341.36517268 0.998820676187
2341.38560433 1.00331062635
2341.40603598 0.975131549257
2341.42646762 1.01689540901
2341.44689937 1.01086380514
2341.46733091 1.00714820355
2341.48776256 0.985634334998
2341.5081943 0.98317807837
2341.52862585 1.03037918981
2341.54905749 1.00299554987
2341.56948924 1.00142854409
2341.58992078 0.994920682393
2341.61035243 1.01624518977
2341.63078417 1.0173523208
2341.65121572 1.00512797517
2341.67164746 0.993571051488
2341.69207911 0.990416633094
2341.71251075 0.999728253186
2341.7329424 0.999370249184
2341.75337404 1.0169504647
2341.77380569 1.00703556547
2341.79423733 0.995980005325
2341.81466897 0.974931208215
2341.89639555 0.971578431108
2341.91682729 0.997278465162
2341.93725884 1.00685925832
2341.95769058 1.00223972053
2341.97812223 1.00303890421
2341.99855377 0.994093839682
2342.01898551 1.01017880101
2342.03941716 1.00702868408
2342.0598487 0.986277482792
2342.12114363 0.989763004225
2342.14157537 0.99107413138
2342.16200702 0.994367973734
2342.18243866 1.00013516667
2342.2028703 1.00952760099
2342.22330195 1.00204790289
2342.24373359 0.995359847815
2342.26416523 1.02244710465
2342.28459687 0.980089315578
2342.30502852 0.989545869442
2342.32546016 0.990468722043
2342.3458918 1.00335909375
2342.36632354 0.998389641528
2342.38675509 1.01125756503
2342.40718673 0.99485784577
2342.42761847 1.03864271606
2342.44805001 0.982217991095
2342.46848175 1.01395456699
2342.4889134 1.01294049755
2342.50934494 1.02440758077
2342.52977668 0.991018027272
2342.55020832 1.00192006164
2342.57063986 1.01426610914
2342.59107161 1.01497676209
2342.61150325 1.00808122904
2342.63193479 1.0085986634
2342.65236653 0.999924677424
2342.71366145 0.990175080533
2342.7340931 1.01760090591
2342.75452484 0.997096616705
2342.77495638 0.997582761827
2342.79538802 1.00337797121
2342.81581966 1.00784500211
2342.8362514 0.995680190984
2342.85668294 1.00356382803
2342.87711468 0.975292645452
2342.89754622 0.990006357267
2342.91797796 0.99518958274
2342.93840961 1.00772582027
2342.95884115 1.00980922745
2342.97927289 0.985445965457
2342.99970453 0.993800061538
2343.02013607 0.970965469372
2343.04056781 1.00249806048
2343.06099945 1.00421753779
2343.08143099 0.989329098418
2343.10186273 1.0047000886
2343.12229437 1.00078995147
2343.14272591 0.962573986231
2343.18358929 1.01309309807
2343.26531595 0.998919281095
2343.28574749 0.998366878855
2343.30617913 1.02523490278
2343.32661087 1.00099211599
2343.34704251 1.04082921365
2343.36747405 0.995428559603
2343.38790578 0.998868965885
2343.40833742 1.01563134772
2343.42876906 1.00009930693
2343.4492007 1.00325647862
2343.46963234 1.00977897308
2343.49006408 0.995945495257
2343.51049562 0.998568252893
2343.53092726 0.999899804099
2343.5513589 0.985695095504
2343.57179054 0.982360595195
2343.59222218 1.00922194957
2343.61265381 1.01349592585
2343.69438037 0.97413348253
2343.71481211 1.01266784588
2343.73524365 1.00064135995
2343.75567528 0.981807144961
2343.77610702 1.00258866247
2343.79653856 0.994041432852
2343.83740194 0.994385388696
2343.85783358 1.00998953719
2343.87826511 1.01147038222
2343.89869685 1.01652647857
2343.91912849 1.02708649084
2343.93956013 1.01946771026
2343.9804234 0.98578509409
2344.00085514 1.02153514043
2344.02128668 0.995816853277
2344.04171832 0.99227522342
2344.06215005 0.985463615723
2344.08258159 1.00459784612
2344.10301323 1.01665422292
2344.12344497 0.986600434079
2344.1438765 1.00734167733
2344.16430824 1.01249214847
2344.18473988 1.00795611449
2344.20517142 0.991493902264
2344.22560315 1.00699715511
2344.24603479 0.999277842237
2344.26646633 0.997273201854
2344.28689807 0.995865966232
2344.3073296 1.01364472055
2344.32776134 0.967440952338
2344.34819298 1.01316235993
2344.36862451 0.986836212677
2344.38905625 1.00476328569
2344.40948789 1.01286107566
2344.42991953 0.996965752243
2344.45035116 0.986816809284
2344.4707828 1.019950062
2344.49121444 1.00051512209
2344.51164607 1.02393790165
2344.53207771 1.02009117082
2344.55250935 0.994583522039
2344.57294108 0.990086444954
2344.61380426 1.00308826755
2344.63423599 0.999971245238
2344.65466753 0.978353784849
2344.67509926 0.984777813844
2344.6955309 1.00214425199
2344.71596244 0.993392165055
2344.73639417 0.980474171453
2344.75682581 0.982878676859
2344.77725735 0.960389898435
2344.81812072 1.00190429571
2344.83855235 1.02201088179
2344.85898399 1.00548300372
2344.87941563 0.999875858255
2344.89984736 0.997784305017
2344.9202789 1.01985207231
2344.94071053 1.00436655507
2344.96114217 1.00388878279
2344.9815738 1.01906367887
2345.10416362 1.03309262658
2345.12459535 0.980725557892
2345.14502699 0.988862926264
2345.16545853 0.994911343542
2345.18589026 1.00433013717
2345.2063219 1.02609368109
2345.22675343 0.998187103871
2345.24718517 0.995207520196
2345.2676168 1.01750448252
2345.28804834 1.00571738917
2345.30848007 1.01126495651
2345.32891171 1.03977050148
2345.34934344 1.00062879208
2345.36977498 1.00890032611
2345.39020661 0.98609348712
2345.41063835 0.983801267423
2345.43106988 1.00660618779
2345.45150152 0.991247313558
2345.47193325 1.01285157184
2345.49236489 1.00376619396
2345.51279642 0.995779661071
2345.53322816 1.0070766516
2345.55365979 0.981015453244
2345.57409143 0.985293902782
2345.59452306 0.999967269589
2345.6149547 0.994719496221
2345.63538633 0.988518277184
2345.65581797 1.00146729462
2345.6762496 1.00278897031
2345.69668123 0.961502409047
2345.71711287 0.969603263797
2345.83970268 0.993551166972
2345.86013441 0.996327970302
2345.88056594 0.999710470499
2345.90099758 1.0112300948
2345.92142931 0.993952162921
2345.94186085 0.997121502991
2345.96229248 1.02177198869
2345.98272422 0.970808436552
2346.00315575 1.00515059102
2346.04401912 0.999396322131
2346.06445075 1.01645673617
2346.08488239 0.996326093929
2346.10531402 1.00671576786
2346.12574565 1.01127199525
2346.14617729 1.00907772088
2346.16660892 1.00281328374
2346.20747229 1.00896288179
2346.22790382 0.998082817987
2346.24833546 0.997668757692
2346.28919873 0.975568972942
2346.30963046 1.0144059441
2346.33006209 1.01149040684
2346.35049363 0.984167834376
2346.37092536 1.00359685213
2346.39135699 0.992584206759
2346.43222026 1.01241033203
2346.4526518 1.00735954974
2346.47308343 0.990763264415
2346.49351516 0.989987872379
2346.53437843 1.01972707244
2346.55481006 1.00736470709
2346.5752417 1.0013359297
2346.59567333 1.01382365982
2346.61610496 0.999066023426
2346.6365366 1.0044826323
2346.65696823 1.00897577308
2346.67739986 1.0098812626
2346.6978315 0.974760981986
2346.8204214 1.0058326644
2346.86128456 0.996907991644
2346.8817163 1.00384770784
2346.90214793 0.980054399506
2346.92257946 1.01405724016
2346.96344283 0.993145222161
2346.98387456 1.00714972711
2347.04516936 0.973367397032
2347.065601 0.992013477725
2347.08603263 0.999815143954
2347.10646436 0.998074580327
2347.12689589 0.995933549497
2347.14732753 1.00963076486
2347.16775916 0.977087491191
2347.18819079 0.979376182854
2347.20862253 0.980258890864
2347.29034906 1.01818136167
2347.31078059 0.995136540729
2347.33121232 1.00748883863
2347.35164396 0.979794142862
2347.37207549 0.973748259093
2347.39250722 0.999063949272
2347.41293886 1.00190294239
2347.43337059 1.0110520126
2347.45380212 0.980713985385
2347.57639192 0.980048634814
2347.59682355 1.00276172767
2347.61725528 0.990790177961
2347.63768682 0.989420664214
2347.65811855 1.00761859503
2347.67855018 1.02000102591
2347.69898181 0.978032711604
2347.71941345 0.996711586182
2347.76027671 0.99863674843
2347.78070834 1.00768459119
2347.80113998 0.984171235095
2347.82157161 0.99055613911
2347.84200324 0.979238405602
2347.86243488 0.97680121306
2347.88286661 0.999969361961
2347.90329814 1.00342281009
2347.92372977 1.0167916994
2347.94416151 0.997660622347
2347.96459304 1.01161926631
2348.0054564 1.00712530363
2348.02588794 1.01580600052
2348.04631957 1.00144119819
2348.0667513 0.993950194677
2348.08718283 1.01304891033
2348.10761457 1.00303200449
2348.1280462 0.9729282111
2348.14847773 0.993809884491
2348.16890946 1.00077989195
2348.1893411 1.02570894326
2348.20977273 1.0155336728
2348.25063599 1.01146466508
2348.27106763 0.997248572497
2348.29149926 0.998882623905
2348.31193089 1.02313179793
2348.33236263 1.02273702922
2348.35279426 1.02567902109
2348.37322579 1.00207180817
2348.41408916 1.01049285321
2348.43452069 0.999055742339
2348.45495242 1.03486405535
2348.51624732 0.994953448439
2348.59797375 1.00157770287
2348.61840548 0.991447411034
2348.63883711 1.01948243723
2348.65926865 0.993541564488
2348.67970038 0.9918893199
2348.74099528 1.02579678014
2348.76142691 0.999819882929
2348.78185864 1.01428941152
2348.80229017 1.02520688854
2348.82272181 0.998765429107
2348.84315354 1.00888296697
2348.86358507 0.984737808071
2348.8840167 1.00724413302
2348.90444844 1.02683474531
2348.92488007 1.01370577424
2348.9453117 0.986088546162
2348.98617497 0.991765111515
2349.0066066 1.0226166478
2349.02703823 1.01919597679
2349.04746987 1.0115167511
2349.0679016 0.982656736627
2349.08833313 1.0047622852
2349.10876476 1.0163876445
2349.1291965 1.01664761895
2349.14962803 0.998343422482
2349.17005976 0.977846398377
2349.19049129 0.975117948946
2349.23135466 0.991642995652
2349.25178619 0.982954459163
2349.27221782 0.974999816154
2349.29264956 0.97325111263
2349.31308109 0.998137708766
2349.33351272 1.00656294219
2349.35394446 1.01820551529
2349.49696589 0.975984505286
2349.51739752 0.979985160412
2349.53782915 0.986739713389
2349.55826078 1.01020259057
2349.57869252 1.00092936341
2349.59912405 1.0095423758
2349.63998742 1.00237641094
2349.66041895 0.983732075274
2349.68085068 0.986359814837
2349.74214558 1.00115619314
2349.76257721 1.00720867125
2349.78300895 0.979347733551
2349.80344048 0.989719567863
2349.82387211 1.01603921349
2349.84430385 0.992002672362
2349.86473538 0.994056137734
2349.88516701 1.00366777573
2349.90559864 1.0082507771
2349.92603028 1.00557571766
2349.94646191 0.987163360564
2349.96689354 0.988776047078
2349.98732518 1.01271279727
2350.00775691 1.02755665175
2350.02818844 1.02744407656
2350.04862008 0.986321545883
2350.06905181 0.988003113688
2350.08948344 0.971534319942
2350.10991498 1.01612691722
2350.13034671 1.00868269745
2350.15077834 0.989967628323
2350.23250498 0.996152731678
2350.25293651 0.979373253995
2350.27336814 0.999730432655
2350.29379988 1.00547627813
2350.31423141 0.984098527181
2350.33466304 1.00758780251
2350.35509478 1.00037128354
2350.37552631 1.01042063621
2350.49811611 0.989378827665
2350.51854784 1.02369400007
2350.60027438 0.981391397118
2350.62070601 0.997564671783
2350.64113765 1.00736546955
2350.66156928 0.980196198755
2350.68200091 1.00028686316
2350.70243255 1.00525379621
2350.72286418 0.996803592933
2350.74329592 0.992224650897
2350.76372745 1.02077407447
2350.78415918 0.979963134623
2350.80459082 1.00774270316
2350.82502235 0.977522199471
2350.84545409 0.968597681502
2350.86588572 0.971250034076
2350.88631725 0.962453528386
2350.90674899 0.965170608094
2350.94761216 1.01094717054
2350.96804389 1.00352607921
2350.98847553 1.00723030844
2351.00890726 1.01229874694
2351.02933879 0.986339106163
2351.04977043 1.01436450901
2351.07020216 0.992119014969
2351.0906337 0.984094238111
2351.11106533 1.00579044306
2351.13149707 0.967444944073
2351.2132236 1.00096153645
2351.23365524 0.989160390046
2351.25408687 1.00005541585
2351.27451841 1.01377429897
2351.29495014 1.01881404955
2351.31538178 1.01431227959
2351.33581341 1.01172992038
2351.35624505 0.985608811652
2351.37667668 1.01088439161
2351.45840332 0.993884545994
2351.47883485 1.02250327948
2351.49926649 0.990463927937
2351.51969822 1.01632558531
2351.54012976 0.998016751474
2351.56056139 1.02840111212
2351.58099313 1.03995642042
2351.60142466 1.0245811803
2351.6218564 1.00080044839
2351.72401448 1.00075049706
2351.74444621 0.992267388735
2351.76487785 0.991053587927
2351.78530958 1.00165735257
2351.80574112 0.996035993118
2351.82617275 0.996747712265
2351.84660449 1.01000252024
2351.86703612 1.00921163545
2351.88746766 1.00123120033
2351.9078994 1.01434751823
2351.92833103 1.00053656343
2351.94876257 0.999323372896
2351.9691943 1.01570943356
2351.98962594 0.993216834835
2352.01005757 1.00053398362
2352.09178412 1.00863980657
2352.11221565 0.990220413794
2352.1939423 0.999300623899
2352.21437393 1.007326712
2352.23480567 0.995498794222
2352.25523721 1.00605027043
2352.27566884 0.989429441501
2352.29610058 1.01381640777
2352.31653212 1.00337413392
2352.33696375 1.030692667
2352.35739549 0.994410253725
2352.37782713 0.993314250878
2352.4186904 1.00244930695
2352.43912204 0.999842254474
2352.45955367 1.00776861774
2352.47998531 1.00249937324
2352.50041695 0.995287024443
2352.52084858 1.00373258221
2352.54128022 0.987810016649
2352.56171196 1.01802568963
2352.58214359 1.01448459522
2352.60257513 0.98589633066
2352.62300687 0.964356433996
2352.66387004 0.99618282681
2352.68430178 0.998134586551
2352.70473332 0.984470028698
2352.72516505 1.00432125085
2352.74559669 0.985937897459
2352.76602823 0.961878068353
2352.78645996 0.95328247248
2352.9703447 0.986422580017
2352.99077634 0.983544774888
2353.01120808 1.00387800161
2353.03163962 0.989311667173
2353.05207126 0.987427987292
2353.07250299 0.978061449565
2353.09293463 0.995573445503
2353.11336627 1.01248103706
2353.15422955 0.994782326439
2353.17466118 1.00946383546
2353.19509282 1.00555215743
2353.21552446 1.01816820651
2353.2359562 1.00975186688
2353.25638774 0.995351839571
2353.27681938 0.99717036043
2353.29725112 0.984526011958
2353.31768265 0.980763993773
2353.33811439 1.01118361821
2353.35854603 0.972921560682
2353.39940931 1.0079844621
2353.41984085 1.01900671067
2353.44027249 1.00526223714
2353.46070423 0.998672154811
2353.48113577 0.996285175213
2353.5015675 0.996494924505
2353.52199914 1.02140650478
2353.54243068 0.970479751133
2353.72631564 0.995100432491
2353.74674728 0.998363676971
2353.76717882 1.01554911991
2353.78761056 0.997278552666
2353.84890548 0.989464707425
2353.86933712 1.0032602414
2353.88976886 1.0150600353
2353.9102004 1.03555085226
2353.93063204 1.02716489827
2353.95106378 1.00185231505
2353.97149532 1.00424782056
2353.99192696 1.03511520677
2354.03279024 1.04175421712
2354.05322198 1.02923487041
2354.07365352 1.0291191619
2354.15538009 0.996084329596
2354.17581183 0.984484689689
2354.19624337 1.02890961087
2354.21667501 1.02585821967
2354.23710675 1.01996052522
2354.27797003 1.02301674232
2354.29840167 1.03447904778
2354.31883332 1.00257743236
2354.33926496 1.00321352929
2354.38012824 1.02095805696
2354.40055998 0.997554338726
2354.42099152 0.989172756448
2354.44142327 0.997880968873
2354.46185491 0.986585728608
2354.48228645 1.00916680697
2354.50271819 1.01366078024
2354.52314983 1.02483721379
2354.54358138 1.01490924526
2354.56401312 1.00368469515
2354.58444476 1.01243058954
2354.62530805 0.999902405611
2354.64573969 0.994803422414
2354.66617133 1.01771562186
2354.68660297 0.972916494346
2354.70703462 1.01399340669
2354.72746626 1.01179568113
2354.7478979 0.980625864251
2354.76832954 0.970477609929
2354.78876119 0.981813812191
2354.80919283 0.968252169731
2354.82962457 0.94614393788
2354.87048776 0.990299264294
2354.8909195 0.998245346817
2354.91135105 0.992731691173
2354.93178269 0.967998825697
2354.95221443 0.997808249327
2355.03394101 0.956180367962
2355.15653097 0.988368813812
2355.2178259 0.99635368288
2355.23825755 1.00104446173
2355.25868909 1.00663222117
2355.27912084 0.991282597769
2355.29955248 1.00764831185
2355.31998403 0.960658070947
2355.36084742 1.00719781361
2355.38127916 1.03476573171
2355.40171071 1.00634687054
2355.42214235 0.998460678595
2355.442574 1.01188295832
2355.46300564 0.979623962376
2355.48343729 0.961287929542
2355.50386893 0.957530374458
2355.52430058 0.962000984528
2355.62645891 1.00909982087
2355.64689045 1.02086966712
2355.6673222 1.02759824
2355.68775385 0.995905294362
2355.70818549 0.991254087414
2355.72861714 1.01974148898
2355.74904878 0.991694018354
2355.76948053 0.987666000931
2355.78991208 0.985512975423
2355.81034372 1.00733881432
2355.85120702 0.976758469615
2355.87163866 1.00262574576
2355.89207041 0.99782258148
2355.91250196 0.980359595763
2355.9329337 0.984870908373
2355.95336535 1.00907854964
2355.9737969 0.999077677144
2355.99422865 0.994568563254
2356.01466029 0.985266762548
2356.03509194 1.00396384361
2356.05552359 0.982673371253
2356.07595524 1.00679259693
2356.09638688 1.00468564018
2356.11681853 0.999911245262
2356.13725018 1.03466540532
2356.15768183 1.00637536414
2356.17811348 1.02375708689
2356.19854512 0.995942110562
2356.21897677 0.99867872404
2356.23940842 1.00868766677
2356.25984017 0.982919118283
2356.28027182 1.0106696986
2356.30070336 0.986413794489
2356.34156676 0.986559276362
2356.36199831 0.978431551835
2356.38243006 0.996475829418
2356.40286171 1.01597496044
2356.42329326 1.01106246092
2356.44372501 0.996220120245
2356.46415666 1.01054549316
2356.4845884 1.00334009102
2356.50501995 1.02000620689
2356.5254516 1.01026611532
2356.6071783 0.976063937964
2356.62760985 0.997986132052
2356.6480416 1.03938800829
2356.66847325 0.984213313513
2356.6889048 0.986078367481
2356.70933655 0.996344469685
2356.7297682 1.01531777694
2356.75019985 0.975867724375
2356.7706315 0.980320957484
2356.79106315 0.995032653262
2356.83192645 0.999293693576
2356.87278976 1.01532764318
2356.89322141 1.00341447881
2356.91365306 0.994290298665
2356.93408481 1.02470108356
2356.95451636 1.00983203089
2356.97494801 0.999966481077
2357.11796967 0.990956591094
2357.13840123 1.00466342887
2357.15883298 0.991279428145
2357.17926463 1.00258217972
2357.19969638 0.974689361251
2357.22012794 1.00300540642
2357.24055959 0.996703157906
2357.26099134 0.995681532225
2357.34271785 1.00031449166
2357.3631496 1.00447342908
2357.38358126 1.02559476983
2357.40401291 1.00609648495
2357.42444456 0.982311919589
2357.44487622 0.995845789238
2357.46530787 1.00186464078
2357.48573953 0.998403077938
2357.50617118 0.986191053711
2357.52660273 0.992589174362
2357.58789779 1.03020342114
2357.60832945 1.01294216286
2357.6287611 0.99555527822
2357.64919286 0.989429195033
2357.66962441 0.968425760343
2357.71048782 1.02459700677
2357.73091938 0.977572287792
2357.75135113 0.970096105571
2357.77178279 0.981716465791
2357.8126461 1.0004497061
2357.83307775 1.0156354132
2357.85350931 0.999710505675
2357.87394106 1.00234345216
2357.89437272 0.970605483681
2357.91480447 1.01223177885
2357.93523603 1.00300695964
2357.95566769 1.00486348362
2357.97609944 0.996336965753
2357.996531 0.965923031336
2358.13955269 0.99696388052
2358.15998435 0.99977752324
2358.18041591 0.975938108205
2358.20084766 0.996325335569
2358.22127932 0.99969412048
2358.24171088 1.02153622958
2358.26214264 1.00604826454
2358.30300605 1.02288696146
2358.32343761 0.996963157571
2358.34386927 0.988083019588
2358.36430102 0.998368873346
2358.38473258 1.015925493
2358.46645932 1.02921152531
2358.48689097 1.00218035708
2358.56861751 0.990720129862
2358.58904927 1.0176194076
2358.60948093 1.00091149284
2358.62991269 1.02818603854
2358.65034425 0.986102509302
2358.67077591 1.02604988752
2358.69120767 0.998513274543
2358.71163933 0.994188586673
2358.73207089 0.990172901379
2358.81379763 0.976487129603
2358.83422919 1.00699867701
2358.85466095 0.998722677231
2358.87509261 1.00226734434
2358.89552417 1.01951351778
2358.93638759 0.992683560449
2358.95681915 0.976982581963
2358.97725091 0.991650069138
2358.99768257 0.980085412521
2359.0385459 1.01317276605
2359.05897756 1.00161185818
2359.07940932 1.0132491693
2359.09984088 0.994550989934
2359.1407043 1.00193593985
2359.16113587 1.02192832248
2359.18156763 1.01200427768
2359.20199929 0.995778209728
2359.22243085 1.02030480404
2359.24286262 0.991380228659
2359.28372594 1.01424293735
2359.30415761 0.983987574424
2359.32458927 1.02102695662
2359.34502093 0.989686016113
2359.36545259 0.98875687299
2359.38588426 0.994831793968
2359.40631602 0.971447956417
2359.590201 0.971764607208
2359.61063256 0.997413014328
2359.63106433 1.00454271553
2359.65149599 0.999907530278
2359.67192756 1.01914103429
2359.69235932 1.00728908477
2359.73322275 0.992925517328
2359.75365432 1.01603922349
2359.77408598 1.01459984899
2359.79451775 1.00516191273
2359.81494932 0.988963783764
2359.83538098 0.998947087576
2359.85581275 1.01044522312
2359.87624431 0.973277662833
2359.89667608 1.00064684045
2359.91710775 1.03803170071
2359.93753941 1.00230950258
2359.95797108 1.02844676721
2360.10099275 1.01783337288
2360.12142452 0.996090746129
2360.14185619 1.00030847083
2360.16228775 1.02054257706
2360.22358276 0.981725450237
2360.2644461 1.00261256338
2360.28487786 0.995027140749
2360.30530953 1.02889538545
2360.3257411 1.01466043372
2360.34617287 0.980612415591
2360.36660454 1.01523310878
2360.38703611 1.03630296451
2360.40746788 0.987232794331
2360.42789955 1.01824046478
2360.55048957 0.982693602673
2360.57092134 0.99029167712
2360.59135301 1.02215476089
2360.61178468 1.01386987595
2360.63221635 1.00875995812
2360.65264802 0.99361907703
2360.67307969 0.994449124133
2360.69351136 1.00923629396
2360.71394304 0.997317664966
2360.73437481 1.00760333991
2360.75480638 0.987698287187
2360.77523805 0.992090272347
2360.81610139 0.990158950093
2360.83653317 0.987437565381
2360.85696484 0.952813242223
2360.87739641 0.99148329912
2360.89782818 1.01911087061
2360.91825976 0.989954373924
2361.06128157 0.99237105138
2361.08171324 0.998124049663
2361.10214491 0.99762714586
2361.12257659 1.00219730656
2361.14300826 0.974692423474
2361.16344004 1.0058747197
2361.18387161 0.971443268737
2361.26559831 1.00709991476
2361.28603008 1.00408314197
2361.30646176 0.992193866203
2361.32689343 0.978979262148
2361.34732511 0.959482006326
2361.36775679 0.968362336008
2361.57207355 1.00330167247
2361.59250523 1.02155215539
2361.612937 1.02088330509
2361.63336858 1.0034014925
2361.65380026 1.02061819775
2361.67423203 1.01236701663
2361.69466361 1.00252983806
2361.73552707 0.993957341312
2361.75595865 0.992599756552
2361.8989805 0.984107922222
2361.91941218 0.978815142783
2361.93984396 0.986833996925
2361.98070721 1.01457950508
2362.00113899 1.01161818409
2362.04200235 1.01987048844
2362.06243403 0.991185558146
2362.08286572 1.00724628063
2362.1032975 1.01461278517
2362.14416076 0.998926982744
2362.16459254 1.0015367985
2362.18502412 0.980330609361
2362.22588748 1.00456664179
2362.24631916 0.995903356708
2362.26675095 1.01719365896
2362.28718253 1.00632995681
2362.30761421 1.0096762634
2362.32804599 0.994407423165
2362.34847757 1.01767259948
2362.36890936 1.00145747156
2362.38934104 1.00406689143
2362.40977262 0.972936726299
2362.49149945 0.979200410363
2362.51193114 0.991412131733
2362.53236282 1.02199240647
2362.5527945 0.994463818587
2362.57322619 1.00742556107
2362.59365797 0.999203607222
2362.61408966 1.01728591284
2362.63452124 1.01069952421
2362.65495302 0.998829916425
2362.67538471 1.01089947203
2362.75711155 0.973666443469
2362.77754313 0.983394196564
2362.79797482 0.994771448534
2362.8184066 1.00167418905
2362.83883819 1.01902918251
2362.85926988 0.987490818862
2362.87970166 0.997894072489
2362.90013325 1.02160527545
2362.92056504 0.981427462748
2362.96142831 1.02416924747
2363.00229168 0.997673146729
2363.02272337 0.977602558585
2363.04315516 1.01538433718
2363.06358674 0.991650686461
2363.08401853 1.0179010369
2363.10445022 0.989263709727
2363.12488191 1.00636909674
2363.1453136 0.960511562405
2363.20660866 1.00275689007
2363.22704035 1.01114079298
2363.24747214 0.982011286134
2363.26790373 1.01417477429
2363.28833542 0.991765224613
2363.30876721 1.00112569005
2363.32919889 0.976722883192
2363.34963048 1.00487774287
2363.37006227 0.963315276993
2363.39049396 0.981428655993
2363.47222083 0.976638189206
2363.49265242 0.990749326865
2363.51308411 0.99266201266
2363.5335159 1.00323727644
2363.55394749 0.984026674088
2363.57437918 1.00466121264
2363.59481087 1.00861097009
2363.61524256 1.00161857855
2363.63567436 1.00171639512
2363.65610595 0.964831260126
2363.67653764 0.982918309395
2363.69696943 0.997851180985
2363.71740102 1.03914279273
2363.73783272 1.01147225984
2363.75826451 0.989515425666
2363.7786962 0.998812795684
2363.7991279 0.998800094584
2363.81955959 1.00065546899
2363.83999128 0.976213309666
2363.86042298 0.983999981622
2363.96258155 0.991617277041
2363.98301324 0.989427082781
2364.00344483 0.977743053939
2364.02387663 1.01114854561
2364.04430832 1.00420819514
2364.06473992 1.02759501639
2364.08517171 1.02484537903
2364.10560341 1.01418641778
2364.12603521 1.00234544258
2364.1464668 1.02135019504
2364.1668985 1.02475796458
2364.18733019 0.999605935572
2364.20776189 1.01454664669
2364.22819359 1.00818065651
2364.24862528 1.01825829918
2364.26905698 1.0065046118
2364.28948878 1.00816397719
2364.30992037 0.992982182237
2364.33035207 1.00176064994
2364.35078387 0.967646047813
2364.37121547 0.998722889581
2364.39164716 0.981979874501
2364.43251056 0.991530155393
2364.45294226 1.01688662726
2364.47337406 1.03378631171
2364.49380576 1.00111828443
2364.51423745 1.01910211176
2364.53466915 0.99164635108
2364.55510085 1.0004875981
2364.57553255 1.01320651303
2364.59596425 1.00364142682
2364.61639595 1.00849409028
2364.63682775 0.974656816017
2364.67769115 1.02124653817
2364.69812285 0.988651885906
2364.71855445 1.00116685603
2364.73898625 0.964679893612
2364.75941795 0.954666084414
2364.77984955 1.02173169682
2364.80028135 1.00160485005
2364.82071306 0.991194393455
2364.84114486 0.988192110558
2364.96373497 1.00259771009
2364.98416667 0.980998526938
2365.00459847 1.0078363377
2365.02503008 1.01397740193
2365.04546178 0.998249652648
2365.06589358 0.994287775942
2365.08632519 0.989074046262
2365.10675689 1.02961259645
2365.18848381 1.00927149866
2365.20891551 1.00677763641
2365.22934722 1.01865859808
2365.24977892 0.984875719595
2365.27021063 0.989891570326
2365.29064243 1.00299047203
2365.35193755 0.998946674382
2365.37236915 1.030500227
2365.41323267 1.00300539546
2365.43366427 1.00346351748
2365.5153912 0.977087617045
2365.53582291 1.00711984344
2365.55625472 1.002360593
2365.69927657 0.987245140222
2365.71970838 0.97321233242
2365.74013999 0.989852265708
2365.7605717 1.00253308204
2365.78100351 0.993325806799
2365.80143522 1.02147925099
2365.82186683 0.993623137117
2365.84229864 1.0148222569
2365.86273035 1.01812132668
2365.88316206 1.00150623545
2365.90359377 1.00255499258
2365.92402548 1.01259063003
2365.94445729 0.995776125974
2365.9648889 0.998895402224
2365.98532062 1.01011625331
2366.00575243 1.00145256072
2366.02618404 1.00348507875
2366.04661585 1.01763422429
2366.06704756 1.00783108756
2366.08747917 1.00441543581
2366.10791099 0.981880158563
2366.14877431 1.00253763628
2366.16920613 0.978688331445
2366.18963784 1.00506726908
2366.21006955 0.996918735849
2366.23050127 0.977835254481
2366.25093298 0.986700698905
2366.27136469 0.976691989865
2366.29179641 1.00296723458
2366.31222812 1.01462360782
2366.33265984 1.00642328406
2366.35309155 0.997255168445
2366.39395498 0.980457066521
2366.41438669 0.985854693851
2366.43481851 0.975205385375
2366.45525013 1.00753312993
2366.47568184 0.988038432421
2366.49611366 0.984574579653
2366.51654537 0.994549292866
2366.53697709 0.995699691995
2366.55740881 1.02059763805
2366.57784052 1.01827441424
2366.59827234 0.981239738424
2366.61870396 0.984801520505
2366.63913567 1.01542027062
2366.65956749 1.00135785056
2366.67999911 1.01804188958
2366.70043093 0.995839827698
2366.72086264 1.02026613484
2366.74129426 0.995335543628
2366.76172608 1.01666020636
2366.7821578 0.982667621202
2366.80258942 0.987199272756
2366.90474811 1.00270104116
2366.92517993 0.981418028814
2366.94561155 0.982182415237
2366.96604327 1.04077682384
2366.98647499 1.00871485821
2367.00690672 1.0271330766
2367.02733844 1.00507046516
2367.19079221 1.00826376271
2367.21122403 1.01408445898
2367.23165575 1.00430218652
2367.25208748 0.983945939342
2367.2725192 0.992571437263
2367.29295092 0.993306185211
2367.31338275 0.977165672882
2367.33381437 0.997597628719
2367.39510954 1.0241668459
2367.41554137 1.00253980512
2367.43597309 1.00741598298
2367.45640472 0.993621561175
2367.47683654 0.992886805895
2367.49726827 1.00155259479
2367.51769989 0.984786298268
2367.53813172 1.0104489549
2367.55856344 1.01962017365
2367.57899517 0.998191362863
2367.5994269 1.02032513867
2367.61985862 1.02303753093
2367.64029035 0.98784829134
2367.66072208 1.00510108435
2367.6811538 1.02102231437
2367.70158553 1.0141248374
2367.72201726 1.02517126188
2367.74244909 0.988313273445
2367.76288071 0.979030714677
2367.78331244 0.989090407834
2367.90590291 1.00969449145
2367.92633464 1.02286591476
2367.94676637 0.992436431842
2367.9671982 0.986963354285
2367.98762983 1.01122493972
2368.00806156 1.01422139512
2368.02849339 0.995311052353
2368.04892502 0.988242597331
2368.06935686 1.00770710564
2368.08978859 0.991417979206
2368.11022022 1.01296669385
2368.19194724 1.0016882572
2368.21237898 1.0000230128
2368.23281071 0.992028261048
2368.25324244 0.981966042834
2368.27367417 0.997226358176
2368.29410591 0.985639451927
2368.31453764 0.974280176162
2368.35540111 1.01637607261
2368.37583284 0.999507404974
2368.39626468 0.988846275032
2368.41669631 1.03190564789
2368.43712805 1.02721595214
2368.45755988 0.983445728433
2368.47799161 1.01417484785
2368.49842325 0.978653493029
2368.51885509 0.977768140651
2368.6414455 1.01116406657
2368.66187724 1.01657714741
2368.68230908 1.0028691508
2368.70274071 0.992345871831
2368.72317245 0.999938230693
2368.74360429 1.00676165079
2368.76403593 0.975219308167
2368.78446776 1.00191477293
2368.86619472 0.982624078457
2368.88662636 0.974988706786
2368.9070582 0.999815678457
2368.92748994 0.988969011956
2368.94792177 1.01920970362
2368.96835341 1.00013825941
2368.98878515 0.979210233598
2369.05008038 1.01398869486
2369.07051212 1.00122140121
2369.09094386 1.0283749258
2369.1113757 1.01339232106
2369.13180734 1.0286746794
2369.15223908 0.987195799665
2369.17267093 0.978841688558
2369.19310267 0.999732440878
2369.21353431 0.979587056508
2369.23396615 0.973551669642
2369.2543979 0.957071116698
2369.27482964 0.975809855416
2369.37698836 0.989551148944
2369.3974202 1.01365314113
2369.41785185 1.00428319547
2369.43828369 0.986425938192
2369.45871544 1.02252707208
2369.47914708 1.00258252077
2369.49957893 1.00964902591
2369.52001067 1.01236951781
2369.54044232 0.998100142721
2369.60173766 1.00254070035
2369.6221694 0.974625910949
2369.64260115 1.00709364528
2369.6630329 1.0267918719
2369.68346465 1.00802650013
2369.70389639 1.01501859565
2369.72432814 0.985211555751
2369.74475989 1.00200010919
2369.76519174 0.973054586496
2369.78562339 0.995446499082
2369.82648698 1.00247268804
2369.84691873 0.981813072649
2369.86735038 1.00659471794
2369.88778223 0.992967014687
2369.90821398 1.01466923698
2369.92864573 1.0179561587
2369.94907748 0.99991450079
2369.96950923 1.01733814632
2369.98994108 1.01693957978
2370.11253159 0.997880578519
2370.13296324 0.980450618377
2370.1533951 0.985391409482
2370.17382685 0.967912316025
2370.1942585 0.999629574637
2370.21469035 1.02641265019
2370.23512211 1.00210441408
2370.25555386 1.01064384074
2370.27598562 1.02645484229
2370.29641737 0.999439613257
2370.31684922 0.998903799439
2370.33728088 0.987924419885
2370.35771263 0.99031469465
2370.37814439 1.00104888236
2370.39857614 0.990492761281
2370.4190079 0.986291698529
2370.43943965 1.01955215999
2370.45987141 0.9940723149
2370.48030327 0.994046919379
2370.50073502 0.964894916086
2370.56203029 1.00320223612
2370.58246195 1.02976317917
2370.60289381 0.980298704781
2370.62332556 1.03459090024
2370.64375742 0.994868289701
2370.66418908 0.983160474519
2370.68462084 1.01130625052
2370.7050527 1.00904301867
2370.72548436 1.03688741721
2370.74591611 1.01066637201
2370.76634797 0.981124896726
2370.80721149 1.00075158209
2370.82764325 0.978993211635
2370.84807491 0.996388502972
2370.86850677 1.01934458795
2370.88893853 0.990499560048
2370.90937019 1.00504495147
2370.92980206 1.01373416808
2370.95023382 0.998934127068
2370.97066558 1.00957013031
2370.99109734 0.990261232859
2371.0115291 0.977395782596
2371.05239263 1.01282780971
2371.07282439 1.03143778562
2371.09325615 1.01203403504
2371.11368791 1.03085702615
2371.17498321 1.0002515297
2371.19541507 1.03244816656
2371.21584683 0.993613971003
2371.2362785 1.02331970595
2371.25671036 0.991401325543
2371.29757399 0.980653681853
2371.31800566 1.01447341975
2371.33843742 1.01426745941
2371.35886929 1.00180789593
2371.37930096 1.02289782844
2371.39973272 0.989086802109
2371.42016459 1.0268354796
2371.44059626 1.01298902733
2371.46102812 0.993757823565
2371.48145989 1.00696838036
2371.50189732 1.01566114989
2371.5223234 0.995263302962
2371.54275517 0.996782383779
2371.56318684 0.976576177831
2371.5836187 0.999682730019
2371.60405047 0.992971474538
2371.62448234 0.989585917403
2371.64491401 0.971143005672
2371.66534578 0.975864780465
2371.68577765 0.998773705877
2371.70620932 1.00705682928
2371.72664109 0.994233844986
2371.80836827 0.985200342771
2371.82880004 1.00945115507
2371.84923182 1.00254165937
2371.86966359 0.989183343413
2371.89009536 0.993171701156
2371.91052723 0.992036383146
2371.9309589 0.978405222165
2371.95139068 0.97284445776
2371.97182255 1.00454829131
2371.99225422 0.991728726578
2372.03311787 1.0026751948
2372.05354954 1.01467483005
2372.07398142 1.01306273309
2372.09441309 1.01674321294
2372.11484487 1.01182598436
2372.13527674 0.999636596091
2372.15570842 0.987237535332
2372.17614029 1.01398774785
2372.19657207 0.999680825186
2372.21700375 1.00726191317
2372.23743562 0.987437854091
2372.27829917 1.00385788454
2372.29873095 1.00562861096
2372.31916273 0.98299291004
2372.33959461 1.01164619601
2372.36002628 0.987805055743
2372.38045806 0.989748654019
2372.40088994 1.0014286574
2372.42132172 0.998906809253
2372.4417534 1.00635227373
2372.46218527 1.01298653756
2372.48261705 0.996944467943
2372.50304883 1.01644979904
2372.52348061 0.987500231264
2372.54391239 1.01041328497
2372.56434417 1.00870539131
2372.58477595 1.01339696347
2372.60520773 0.990489229652
2372.62563961 0.979957946611
2372.64607129 0.991977045659
2372.66650318 0.985303144507
2372.68693486 0.998376051329
2372.8708209 1.00092897831
2372.89125279 0.996320753053
2372.91168457 1.01270611094
2372.93211625 0.986798249283
2372.95254814 1.00222008981
2372.97297992 0.990016076892
2372.99341181 1.00493474767
2373.01384349 0.986608663268
2373.03427528 0.996321628328
2373.05470717 1.00197309012
2373.07513895 1.01455631903
2373.09557064 1.01150281358
2373.11600253 0.993147360679
2373.13643431 0.993466521451
2373.1568661 0.986326090362
2373.3407522 0.963158503185
2373.36118399 0.975931464081
2373.38161588 0.987805450433
2373.40204757 1.01255704873
2373.42247936 1.00956611014
2373.44291125 0.982542994607
2373.46334294 0.979738936474
2373.48377483 0.965591665367
2373.50420662 1.0165043756
2373.52463831 0.993629520049
2373.5450702 1.01621020345
2373.565502 1.00135675314
2373.58593369 1.00921221292
2373.60636558 0.980701698744
2373.62679737 1.00490443331
2373.64722927 0.994399846245
2373.66766096 1.01674073047
2373.68809276 0.992029404727
2373.70852465 1.00002446168
2373.72895634 1.0050632083
2373.74938814 0.994668320972
2373.76982003 1.01439374123
2373.79025183 1.0268758648
2373.81068352 1.00984523851
2373.83111542 1.00966441867
2373.85154721 1.0090146104
2373.87197901 0.986682697692
2373.89241081 0.997119048159
2373.9128426 0.971570419157
2373.9332745 0.972562377252
2373.9537062 0.990439055454
2373.99456989 0.998811687456
2374.01500159 1.01414271528
2374.03543349 1.00980218536
2374.05586519 0.982783315152
2374.07629699 0.987667489332
2374.09672888 0.984697938983
2374.11716058 0.986086719654
2374.13759238 0.996637233979
2374.30104689 1.0114163675
2374.32147869 0.954162456227
2374.34191049 0.991855153388
2374.36234239 1.00327809338
2374.3827741 0.998049200125
2374.4032059 0.986148545332
2374.4236378 1.00469727673
2374.44406961 0.997151593858
2374.46450131 1.00697245563
2374.48493321 0.990565293177
2374.50536502 1.01452386361
2374.52579682 1.01778385379
2374.54622863 0.995141295459
2374.56666043 1.00084519963
2374.58709234 1.02223486618
2374.60752404 1.00318093965
2374.62795585 1.01198672742
2374.64838775 1.03565173441
2374.66881946 1.01340002997
2374.68925137 1.03102531187
2374.73011488 0.992246897615
2374.75054679 1.00263917723
2374.7709785 1.0185756076
2374.7914103 1.0101029417
2374.81184221 1.01253133778
2374.83227392 1.01520989323
2374.85270583 0.995239949295
2374.87313764 1.01265235769
2374.89356935 0.995362917233
2374.91400126 0.984384476298
2374.93443307 0.974313431498
2374.97529669 1.01136625569
2374.9957285 0.989046135632
2375.01616041 1.00202784492
2375.03659212 1.00260323523
2375.05702393 1.03370991954
2375.07745584 0.983909059278
2375.09788765 0.998529873287
2375.11831947 1.01709794036
2375.13875128 0.987438916421
2375.15918309 0.961146027163
2375.1796149 0.974487299051
2375.24091044 0.995802878385
2375.26134216 1.0046984027
2375.28177407 0.983759395511
2375.30220589 1.01765954193
2375.3226376 1.00106861237
2375.34306952 0.977447438906
2375.36350123 0.996151985342
2375.38393305 0.999300047661
2375.40436496 1.01078243187
2375.42479678 1.01870926736
2375.4452286 1.01623770846
2375.46566041 1.00016800126
2375.48609213 0.994227095076
2375.50652405 0.996840612572
2375.52695586 1.01776707085
2375.54738758 1.0192440475
2375.5678195 0.992527929579
2375.58825132 0.98954643274
2375.60868324 1.02530489216
2375.62911496 0.970631227621
2375.64954678 0.983797693611
2375.73127415 0.991807193987
2375.75170588 1.01490391522
2375.7721378 1.00106124984
2375.79256962 1.00454788452
2375.81300144 1.00644515218
2375.83343326 1.00155172969
2375.85386508 0.992363718868
2375.8742969 1.02048159044
2375.91516055 1.00221061451
2375.9560243 0.983535408463
2375.97645602 0.985141872977
2375.99688794 1.00820525923
2376.01731977 0.974723238305
2376.03775149 1.01169850914
2376.05818342 1.01877304763
2376.07861514 1.01388728331
2376.09904697 0.985081154693
2376.11947889 0.976092873023
2376.13991062 1.02480808342
2376.16034254 0.989454413987
2376.2012061 1.01212517678
2376.22163802 0.97821887195
2376.24206985 1.00075605842
2376.26250158 1.00532662697
2376.28293351 1.00300380411
2376.30336533 0.976195233185
2376.32379726 0.994229526356
2376.34422899 1.01949380235
2376.36466082 1.00303031096
2376.38509275 0.982198858381
2376.40552448 1.0010547319
2376.44638824 1.00030392785
2376.46682007 1.01192476843
2376.4872519 1.02047526039
2376.50768373 0.995561181936
2376.52811556 0.968437369495
2376.54854739 0.97568366239
2376.56897922 0.960693107018
2376.58941106 0.982451952107
2376.73243389 1.0012542565
2376.75286572 1.01309156855
2376.77329766 0.995105938828
2376.79372939 0.999132345139
2376.81416133 1.00749633507
2376.83459316 0.989420315442
2376.8550249 0.991906879223
2376.87545683 0.998541827578
2376.89588867 0.995444263531
2376.93675234 0.998358346959
2376.95718418 0.999741190835
2376.97761612 1.00130728852
2376.99804786 0.991231961612
2377.01847969 1.00575596341
2377.03891163 1.02063318356
2377.05934337 1.02921295321
2377.07977521 0.997743169879
2377.10020715 0.995261055852
2377.12063899 0.996655174194
2377.20236635 1.00943659256
2377.22279819 0.998456044613
2377.24323003 1.01620906004
2377.26366197 1.00916662866
2377.28409371 0.999678469471
2377.30452565 0.981127676257
2377.3249575 1.01169166231
2377.34538924 1.01702185858
2377.36582118 1.01015369798
2377.38625303 1.00722116311
2377.40668477 0.995886607478
2377.42711671 0.987688026077
2377.44754846 1.00471400655
2377.4679804 0.997825348338
2377.48841225 1.02262409356
2377.50884399 0.999914555592
2377.52927594 0.997287833108
2377.54970778 0.992641621
2377.57013953 0.999427532467
2377.59057147 1.00035465373
2377.61100332 0.977708041065
2377.63143527 0.986379089763
2377.67229886 1.01179835049
2377.69273081 0.984062558955
2377.71316255 1.00447478325
2377.7335944 0.999786859622
2377.75402635 0.993238456528
2377.7744582 0.985299346531
2377.79489005 0.996010373646
2377.8153219 0.981912396368
2377.83575375 0.991691147962
2377.8561856 1.0129766393
2377.87661745 0.999105077085
2377.91748125 1.00604494004
2377.937913 0.996748378973
2377.95834495 0.997646476016
2377.9787768 0.973192206496
2377.99920855 0.990546611305
2378.01964051 1.00661452798
2378.04007236 1.00632026009
2378.06050411 1.00036224342
2378.08093607 0.97834526892
2378.10136782 1.01979056213
2378.12179977 0.99951847964
2378.14223163 0.998736788201
2378.16266338 1.0180865177
2378.18309533 0.983352620068
2378.20352719 1.00735597165
2378.22395894 0.993490628437
2378.2443909 1.00010975275
2378.26482276 1.00519945787
2378.28525471 0.980739803787
2378.30568647 0.991415555406
2378.32611833 0.978458270857
2378.34655028 0.984655835656
2378.36698204 0.974052589649
2378.40784585 1.00451988567
2378.42827761 1.01724897417
2378.44870957 1.01115484457
2378.46914143 0.99877977182
2378.48957329 1.01249495438
2378.51000515 1.021692325
2378.53043701 0.998949218731
2378.55086887 0.99943341728
2378.57130073 1.01205087641
2378.59173259 1.02193320535
2378.61216455 1.01151989103
2378.65302817 1.01541615453
2378.67346013 1.00107371237
2378.693892 1.00848495431
2378.71432376 0.979782468649
2378.73475572 0.999271407881
2378.75518748 0.997597649189
2378.77561945 1.00228585222
2378.79605131 1.00224176088
2378.81648307 0.983953776503
2378.83691504 0.997298827467
2378.8573469 0.993374726074
2378.89821063 0.99597628167
2378.9186425 0.988856494386
2378.93907446 0.983669146312
2378.95950623 1.01121755875
2378.9799381 1.00835540676
2379.00037006 1.01371922518
2379.02080183 1.00773284929
2379.0412337 1.00300563558
2379.06166566 0.995596859678
2379.08209743 1.01547590012
2379.1025294 0.984307178017
2379.14339314 1.00488045791
2379.16382501 0.979059390854
2379.18425688 0.992907203937
2379.20468874 1.02020289089
2379.22512062 0.987054490935
2379.24555249 1.01196037004
2379.26598446 1.00925855647
2379.28641633 1.02045287783
2379.3068481 0.993439999929
2379.32728007 0.999474549418
2379.34771194 1.01481812934
2379.36814371 1.00475029517
2379.38857569 1.0060715484
2379.40900756 0.992869221657
2379.42943933 0.994670001611
2379.4498713 0.984863067675
2379.47030308 0.986097102454
2379.49073505 1.01636685811
2379.51116693 0.994481398979
2379.5315987 1.00878365472
2379.55203068 0.998661474514
2379.57246255 0.987138734187
2379.59289433 0.996670077952
2379.63375818 1.01585927096
2379.65419015 0.985645831938
2379.67462193 1.01301717163
2379.69505381 0.993305320527
2379.71548579 0.971688688724
2379.73591756 0.995461904644
2379.75634944 0.983719410918
2379.77678142 0.977702733573
2379.7972133 1.01851347759
2379.81764518 1.00957841206
2379.83807706 0.985173878545
2379.87894082 1.01560671951
2379.8993727 1.01887190382
2379.91980458 1.01559775864
2379.94023656 1.01341962444
2379.96066834 0.98765256065
2379.98110032 0.97913268133
2380.0015322 0.992589090089
2380.02196398 0.965825767327
2380.04239597 0.985474442732
2380.06282785 0.996918692135
2380.08325963 1.00712126494
2380.14455538 0.997749831192
2380.16498727 1.00584011545
2380.18541905 1.00547430659
2380.22628292 0.999577906527
2380.24671471 0.994463171032
2380.26714669 1.02192780496
2380.28757858 1.00738232896
2380.30801056 1.00420901031
2380.32844235 1.00740225927
2380.36930623 0.99287204899
2380.38973801 1.00198116003
2380.4101699 1.00566204927
2380.43060189 0.980668592823
2380.45103368 1.00911394473
2380.47146567 1.00749249957
2380.49189756 0.988691772763
2380.51232945 1.01203279949
2380.53276134 1.02136916259
2380.55319323 1.00276189539
2380.57362512 1.00416247787
2380.6144889 1.00605729968
2380.63492089 1.02592845848
2380.65535278 0.996330190364
2380.67578457 1.02094304239
2380.69621657 1.01699938891
2380.71664846 1.02107605221
2380.73708025 1.03279888491
2380.75751225 0.999870677342
2380.77794404 1.00579300318
2380.79837603 1.02525848687
2380.81880793 1.00480187704
2380.85967172 0.998140380263
2380.90053541 0.992049545224
2380.9209674 1.00471407786
2380.9413993 1.00543620778
2380.9618313 0.994136415414
2380.98226309 0.997861425074
2381.00269499 0.99467952131
2381.02312699 1.01697355304
2381.04355879 1.00478030794
2381.06399069 0.99811816185
2381.10485458 1.00859794776
2381.12528648 1.02038897696
2381.14571838 0.969844366982
2381.16615028 0.994728785426
2381.18658218 0.967668934294
2381.20701408 0.989278102209
2381.22744598 0.991307328578
2381.24787788 0.95986244585
2381.26830978 0.96583068001
2381.28874179 0.968153276604
2381.30917369 0.955456308169
2381.35003749 0.977485329264
2381.3704694 0.984385852359
2381.3909012 0.990207678211
2381.4113332 0.987282189865
