# #0 time, 1 flux
2905.41791901 0.985229833981
2905.43835124 0.984932954625
2905.45878346 0.975363366724
2905.47921569 0.996792042625
2905.49964792 0.999300415842
2905.52008015 0.987151702063
2905.54051237 1.00163321021
2905.58137682 0.997656977602
2905.60180905 0.999384830728
2905.62224137 0.995122271128
2905.6426735 0.984659779602
2905.66310572 0.995322705475
2905.68353804 1.03078427114
2905.70397016 1.00202071202
2905.72440249 0.97666834223
2905.74483471 0.995573837909
2905.76526683 1.00996977556
2905.82656348 0.999983923862
2905.8469958 1.00423477563
2905.86742792 0.994688549735
2905.88786024 1.00915817374
2905.90829245 1.02610245328
2905.92872457 0.98122772439
2905.94915679 0.997175931829
2905.9695891 1.00238383024
2905.99002132 1.01146525927
2906.01045353 0.99618370459
2906.03088574 0.999369726558
2906.07175017 1.03648780584
2906.09218238 1.00762120279
2906.11261459 1.00006022523
2906.1330469 1.01488006805
2906.15347901 1.00767140341
2906.17391122 1.00569004687
2906.19434353 1.00927256148
2906.21477564 0.986886984325
2906.23520784 0.998744474362
2906.25564015 0.995514528087
2906.27607226 0.990732479555
2906.31693677 0.991514089215
2906.33736888 1.00252691176
2906.35780108 0.993020307464
2906.37823338 1.00256808949
2906.39866559 1.02187874221
2906.41909779 1.00343426613
2906.43952999 1.00042871419
2906.45996219 0.999223509247
2906.4803944 1.01263667929
2906.5008266 0.999488237328
2906.5212588 0.991977544385
2906.5621232 1.01381235627
2906.58255539 0.98316937673
2906.60298759 0.99379581086
2906.62341979 1.00579610581
2906.64385189 1.01125544225
2906.66428418 0.996267995915
2906.68471638 1.00048131989
2906.70514847 0.994359836262
2906.72558077 1.00096300253
2906.74601296 0.990117647519
2906.76644506 1.01712599498
2906.80730954 0.998509008868
2906.82774174 1.01286853867
2906.84817393 1.00528323764
2906.86860612 0.987762852139
2906.88903841 0.996919560107
2906.9094705 1.0223323781
2906.92990269 1.01961859746
2906.95033498 0.996723442198
2906.97076716 1.02059673486
2906.99119925 0.981305080467
2907.0729281 1.01027881648
2907.09336028 0.994603400834
2907.11379237 1.00029166025
2907.13422465 1.00403600778
2907.15465684 1.00603621678
2907.17508892 1.00619245092
2907.1955212 1.01761150923
2907.35897854 1.02970367654
2907.37941082 0.999815809416
2907.399843 0.994264037906
2907.42027517 0.999467306267
2907.44070735 0.990895306742
2907.46113952 0.995896049509
2907.4815718 0.986850621498
2907.50200387 0.993019653904
2907.52243605 1.00268826984
2907.54286832 0.990154420676
2907.56330039 1.00720089078
2907.58373256 1.02162514225
2907.60416484 0.995614624178
2907.62459691 1.00182578492
2907.64502908 1.00725564117
2907.66546135 0.991539903394
2907.68589342 0.999554318127
2907.70632559 1.00374834543
2907.72675786 1.00498383967
2907.78805436 0.980753339267
2907.80848652 0.991552995681
2907.82891859 1.00197561371
2907.84935086 0.996386508117
2907.86978302 1.01425128881
2907.89021508 1.007474677
2907.91064735 1.00024553356
2907.93107951 1.00686189312
2907.95151157 0.997688788628
2907.97194384 0.985597313729
2907.992376 0.983239260502
2908.03324032 0.990464656994
2908.05367248 0.984664417647
2908.07410454 0.999498570119
2908.0945368 1.00375136494
2908.11496886 0.994203428555
2908.13540101 0.995716202936
2908.21712974 1.00945981417
2908.2375619 1.00429549364
2908.2784262 0.983761402808
2908.29885836 1.00605320404
2908.31929061 0.997632456138
2908.33972266 1.01651127833
2908.36015482 0.990708353898
2908.38058707 1.01076796171
2908.40101912 0.998291592444
2908.42145127 0.990000048482
2908.44188352 1.00005222979
2908.46231557 1.00842405724
2908.54404416 0.988492898553
2908.56447641 0.998401912995
2908.58490845 0.991387316644
2908.6053406 1.00670843536
2908.62577285 1.00137320089
2908.64620499 1.00126292395
2908.66663703 1.00699785633
2908.68706928 0.99880906116
2908.70750142 0.989432781051
2908.72793346 0.997431795469
2908.74836571 1.00684144831
2908.76879785 1.00325664188
2908.78922989 0.996004547194
2908.80966213 1.00757417578
2908.83009427 1.0029006433
2908.85052631 1.00468488345
2908.87095855 0.990056826013
2908.89139059 0.990617924858
2908.91182272 0.981743134772
2909.07527991 1.01155255306
2909.09571204 1.00590074251
2909.11614417 0.99934260179
2909.13657631 1.00457287358
2909.15700854 1.01186702548
2909.1978727 1.0029516317
2909.21830493 0.994041306932
2909.25916909 0.993381175757
2909.27960132 0.990603850344
2909.30003335 0.993753550605
2909.32046547 0.986671303302
2909.3408977 0.999664792789
2909.36132973 0.999955555379
2909.38176185 1.00421620428
2909.40219408 1.01206078216
2909.4226261 0.993866460728
2909.44305823 1.01777009325
2909.46349045 0.978823368385
2909.5043546 0.989828344694
2909.52478682 1.00033851401
2909.54521894 0.997044586048
2909.56565096 0.992436827122
2909.58608318 0.995949164448
2909.6065152 1.02776476848
2909.62694732 0.998656651104
2909.64737954 1.01032743201
2909.74954003 0.997327541309
2909.76997225 1.00873801608
2909.79040426 1.00244958211
2909.81083638 1.00896409341
2909.85170071 0.997342742299
2909.87213272 0.999374168428
2909.89256493 0.998255158803
2909.91299705 1.01018831724
2909.93342906 1.00255428396
2909.95386127 1.00232142061
2909.97429338 1.00543011974
2909.99472539 1.01937258408
2910.0151576 1.00235606579
2910.03558971 1.00665902171
2910.05602192 0.99893403736
2910.07645393 1.00510628959
2910.09688603 1.00090847019
2910.11731824 1.01310931596
2910.13775025 0.989731105962
2910.15818236 1.00585794296
2910.17861456 0.986048093206
2910.19904657 1.00936473522
2910.23991088 1.01977836923
2910.26034288 0.982708602356
2910.28077498 1.01226645935
2910.30120719 0.99157263932
2910.32163919 1.00325860554
2910.34207129 0.999618402741
2910.36250349 0.997163300975
2910.38293549 0.995367759082
2910.40336759 0.999657859725
2910.42379979 0.997463204245
2910.44423179 0.986405800874
2910.48509609 0.991559869773
2910.50552808 0.990632658689
2910.52596018 1.01540663575
2910.54639238 1.0022702472
2910.56682437 0.995698460352
2910.58725647 0.990072255372
2910.60768867 0.996128398129
2910.62812066 1.00229480809
2910.64855275 1.00368535839
2910.66898495 0.997113628617
2910.68941704 0.987037622941
2910.73028123 1.01189071476
2910.75071332 1.01103398876
2910.77114531 0.997223388483
2910.7915775 1.00891873649
2910.81200959 0.998541791557
2910.83244158 1.00581500687
2910.85287377 0.991984900317
2910.87330586 1.01070318627
2910.89373784 1.00453628071
2910.91417003 1.00025268903
2910.93460212 0.998902294239
2910.97546629 1.00269200734
2910.99589838 1.00856530275
2911.01633046 0.993781706615
2911.03676255 1.01061102374
2911.05719463 0.997409601271
2911.07762671 1.0050207162
2911.0980588 0.995771868515
2911.11849088 1.00113950399
2911.13892296 1.0051029399
2911.15935504 1.00032112117
2911.17978712 1.00285885028
2911.22065128 1.00829743728
2911.24108336 0.999170620919
2911.26151554 1.00368505795
2911.28194752 0.999751209694
2911.3023796 1.01174485105
2911.32281178 1.00515062972
2911.34324375 0.992717224754
2911.36367583 1.00234678255
2911.384108 1.00585811115
2911.40453998 0.994817585201
2911.42497206 0.99846797719
2911.44540423 0.983277601717
2911.4658362 1.00458735479
2911.48626828 0.99705825628
2911.52713252 0.988338642804
2911.54756449 1.00574962553
2911.56799667 0.999168525486
2911.58842874 0.983157739884
2911.60886071 0.994730106647
2911.62929288 0.989425715382
2911.81318148 0.989678310315
2911.83361355 1.00482549295
2911.85404551 0.980092885604
2911.87447768 0.98268642386
2911.89490974 0.990454162714
2911.9153418 1.00810492429
2911.93577387 1.00036613903
2911.95620593 0.986812649196
2911.97663789 0.984881730403
2911.99707005 1.00052197188
2912.01750211 0.997982803711
2912.03793407 0.985289340004
2912.05836623 0.995569572108
2912.07879829 1.00049879317
2912.09923025 1.00073452997
2912.11966241 0.99346776888
2912.14009446 1.0056147495
2912.16052642 1.00851316264
2912.18095858 1.0028661248
2912.20139063 1.00081783187
2912.22182269 1.00511860677
2912.24225474 1.0085315896
2912.2626868 0.984991841468
2912.28311885 0.991807287523
2912.30355091 1.00956668938
2912.32398296 1.00606438595
2912.34441501 1.01589777573
2912.36484716 1.01275674313
2912.46700742 1.01493901997
2912.48743946 0.993723095999
2912.50787141 0.992288913689
2912.52830356 1.00477447591
2912.54873561 0.992721805741
2912.56916756 0.987554397395
2912.5895997 0.993231782062
2912.61003165 1.00377709836
2912.63046369 0.993095732112
2912.65089584 0.983881005779
2912.67132778 1.00277342863
2912.69175983 0.99662218123
2912.71219197 1.00041057675
2912.73262402 0.999301035289
2912.75305596 1.02063503061
2912.7734881 1.00919647761
2912.79392014 1.00533789311
2912.83478422 1.01399399195
2912.85521626 0.996020929811
2912.8756482 1.0129363842
2912.89608034 1.00256709063
2912.91651238 0.982318657772
2912.93694432 1.01590503557
2912.95737646 0.993278937219
2912.9778085 1.00283346535
2913.01867257 1.00777259624
2913.05953664 0.993711278489
2913.07996868 0.988799355491
2913.10040071 1.00157895242
2913.12083274 0.988995657857
2913.14126478 0.997791810189
2913.18212884 0.995576299488
2913.20256097 0.996874165199
2913.22299291 1.00640449181
2913.24342494 0.998389015652
2913.26385707 1.00309473281
2913.284289 1.00655898528
2913.30472103 1.03443363266
2913.32515316 0.987416179302
2913.34558508 1.01185302747
2913.36601711 0.987660054583
2913.38644914 0.990025951554
2913.40688117 1.00797054554
2913.42731319 0.996800373175
2913.44774522 0.984438475231
2913.46817725 1.02137869257
2913.48860927 1.01305089444
2913.5090413 0.982449438214
2913.52947332 0.988887386687
2913.54990534 1.0105376691
2913.57033747 1.01077489406
2913.59076939 1.01888133276
2913.61120151 1.00809111724
2913.63163353 1.00121848955
2913.67249758 0.973820783777
2913.6929296 1.00166223245
2913.71336152 1.03250872581
2913.77465757 1.00742315809
2913.79508969 0.995064300043
2913.81552171 1.0022695043
2913.83595363 0.969090678969
2913.85638574 0.989967573299
2913.87681776 0.981373551466
2913.89724977 0.990499087554
2913.91768179 1.00060434586
2913.9381138 0.992957856076
2913.95854582 0.993182158857
2913.97897783 1.00055357643
2913.99940984 1.00669505953
2914.01984186 0.990789862526
2914.04027397 0.987403357103
2914.06070588 1.00386892133
2914.08113789 0.991477109328
2914.1015699 0.993855559219
2914.12200191 1.0021049863
2914.16286593 0.989767459393
2914.18329794 1.01089998171
2914.20372985 0.996971021681
2914.22416196 0.998756263777
2914.24459397 0.983040355941
2914.26502597 1.01200446407
2914.28545798 1.00548275327
2914.30588999 1.0052507593
2914.32632199 1.00518086192
2914.346754 1.02962675411
2914.367186 0.99571892909
2914.387618 0.999714638709
2914.40805011 1.01473119817
2914.42848201 1.00005148284
2914.44891401 1.00072405415
2914.46934612 0.990040638616
2914.53064212 0.992366536692
2914.55107402 1.01259439849
2914.57150602 1.00856339852
2914.59193812 1.01027776838
2914.67366601 0.987400436205
2914.69409801 0.996506220713
2914.71453011 0.990628310495
2914.7349621 0.982873849403
2914.7553941 0.99920440241
2914.77582609 0.990726363867
2914.79625809 1.00385537323
2914.81669008 1.01746534049
2914.83712208 1.00407024322
2914.85755407 1.00005920542
2914.87798606 0.994492664911
2914.89841805 0.996833255686
2914.91885005 1.00462266953
2914.93928204 1.00155011909
2914.95971403 1.01940815762
2914.98014592 0.995539974301
2915.00057801 0.989881405588
2915.02101 1.00471610449
2915.04144189 0.998898379288
2915.06187398 1.00073577163
2915.08230596 0.992150757422
2915.10273795 0.999236874627
2915.16403391 1.02677557653
2915.1844659 1.00589885714
2915.20489788 1.01943732481
2915.22532987 0.986132097838
2915.24576195 0.999455410686
2915.26619384 1.0036553301
2915.28662582 1.00969909781
2915.3070579 1.00185107964
2915.32748978 1.00014389224
2915.34792177 1.03066838814
2915.36835385 1.00703927501
2915.38878573 1.01993988395
2915.40921771 0.98338970708
2915.42964979 1.00009452562
2915.45008167 1.00746177471
2915.47051365 1.00343323739
2915.49094573 0.989894981875
2915.51137761 0.993443077512
2915.53180958 1.01452642996
2915.55224166 1.00402531861
2915.57267364 0.992957752307
2915.59310551 1.00250726994
2915.61353759 0.993676590335
2915.63396957 0.98064003363
2915.71569736 0.984281751047
2915.73612944 0.984089244884
2915.75656131 1.0043386076
2915.77699328 0.998856140743
2915.79742535 0.999298399591
2915.81785722 0.993478594795
2915.8382892 1.00739242413
2915.85872127 0.999589563027
2915.87915314 1.00032478068
2915.89958521 1.00352592482
2915.92001717 1.00654565151
2915.94044914 0.990076462847
2915.96088111 1.00280866699
2915.98131308 0.997255099551
2916.00174505 0.995503395715
2916.02217701 0.996598303724
2916.04260898 0.996815479306
2916.06304095 0.995446724524
2916.08347301 0.99961539357
2916.10390488 1.01209850235
2916.12433684 1.01107353874
2916.1447689 0.996920498269
2916.16520077 0.998558128158
2916.18563273 1.01693839791
2916.20606479 1.00105004416
2916.22649666 1.00382811478
2916.24692862 1.00823105768
2916.26736068 1.01100351931
2916.28779254 0.99804432484
2916.3082245 0.991276624075
2916.32865656 1.00925051046
2916.34908842 0.989100680423
2916.36952038 1.00908822513
2916.38995234 0.99854946645
2916.41038439 1.00084380268
2916.43081625 1.00755705596
2916.45124831 0.986305576379
2916.47168017 1.00302323442
2916.49211212 0.996909761883
2916.51254418 0.985420715295
2916.53297603 1.00334097495
2916.55340799 1.00568715896
2916.57384004 0.999521809969
2916.5942719 1.00484039183
2916.61470385 0.997821387458
2916.6351359 0.995243176169
2916.65556776 1.00389151264
2916.67599971 1.01271172269
2916.69643176 1.0145448095
2916.71686361 0.977014155924
2916.73729556 1.00516863827
2916.75772761 1.00894439579
2916.77815956 1.00966749389
2916.79859141 0.986697754302
2916.81902346 0.998960771433
2916.83945541 0.994198601063
2916.85988726 1.00840982068
2916.8803193 1.01160588482
2916.90075125 1.00172344076
2916.9211833 1.00322016465
2916.94161514 1.01498446045
2916.96204709 1.00298829002
2916.98247914 0.990250639265
2917.00291098 1.01886065192
2917.02334293 1.00196513719
2917.04377497 1.01178600676
2917.06420681 1.00023059665
2917.1050707 0.999919767026
2917.12550264 0.989104307984
2917.14593458 0.994109459466
2917.16636652 1.0014841721
2917.18679847 0.999861063766
2917.20723041 1.00552870422
2917.22766235 1.01126285966
2917.24809429 0.992032166463
2917.26852622 0.994874537478
2917.28895826 0.990776150683
2917.3093901 0.997756927147
2917.32982204 1.007255066
2917.35025408 0.995546222456
2917.37068591 1.01208483505
2917.39111785 0.99035799465
2917.41154989 0.999864541283
2917.43198172 0.991052185787
2917.45241366 1.00112386557
2917.47284569 1.00416802041
2923.41852117 1.02108790414
2923.43895299 1.02033874015
2923.4593848 1.03223436032
2923.47981671 1.01833812887
2923.50024843 1.0267181169
2923.52068024 1.02277804616
2923.54111205 1.00442575749
2923.56154386 1.00352443991
2923.58197567 1.00999842144
2923.60240748 1.0128979046
2923.62283929 1.01576556842
2923.6432711 1.01155343227
2923.66370291 0.997847756342
2923.68413472 1.0042939338
2923.72499834 1.00052456005
2923.74543014 1.01157902191
2923.76586195 0.996631755744
2923.78629376 0.991207635249
2923.80672556 0.983886279932
2923.82715737 0.983460008118
2923.84758928 0.995017548484
2923.86802098 0.99185682495
2923.88845279 0.997148085122
2923.90888469 0.991304311116
2923.9293164 1.004718798
2923.9497482 0.997101287755
2923.9701801 0.999932391384
2923.99061181 1.00501855718
2924.01104361 1.00866437371
2924.03147551 0.990115384684
2924.05190721 0.993617167448
2924.07233902 1.01769368946
2924.09277092 0.991729045217
2924.11320262 0.999278058886
2924.15406632 0.988983173423
2924.23579352 0.994350512272
2924.25622531 0.994461095405
2924.27665711 1.00864011247
2924.29708891 0.989286310259
2924.31752071 0.996771445826
2924.3379525 0.985764628292
2924.3583843 0.994214425119
2924.3788161 0.994699091318
2924.39924789 1.00152398563
2924.41967959 1.01816216872
2924.46054328 1.00295694789
2924.48097497 1.00901101616
2924.50140686 0.999692963142
2924.52183866 0.981409732378
2924.54227035 0.995415109065
2924.56270224 0.974672876146
2924.60356583 0.997021332088
2924.64442941 0.983399080787
2924.6648612 0.975002153169
2924.68529309 1.01257336461
2924.70572478 0.970626503853
2924.72615657 0.985118539833
2924.74658846 1.00563364679
2924.76702015 1.00550843437
2924.78745194 1.01584959895
2924.80788383 1.00862516367
2924.82831551 0.995738218352
2924.8487473 0.999820073345
2924.86917919 1.00708729065
2924.9917699 0.990942586893
2925.01220159 1.00673570264
2925.03263347 0.983500484176
2925.05306526 0.982079339963
2925.07349704 1.01268248732
2925.09392882 1.01037601951
2925.11436061 1.01423783627
2925.13479229 1.00904733376
2925.15522417 1.00577624413
2925.19608763 0.999257292588
2925.21651951 0.99377782854
2925.23695129 0.987295487292
2925.25738297 1.01128097017
2925.27781485 1.00456539876
2925.29824663 0.999287942437
2925.31867831 0.994753683955
2925.33911019 0.98749734698
2925.35954197 1.00747892259
2925.37997365 1.01039801369
2925.40040553 1.00226609317
2925.4208373 0.97623664627
2925.44126908 0.999605127127
2925.46170086 0.994251771909
2925.48213263 0.994507834982
2925.50256441 0.996767220426
2925.52299628 1.01329983651
2925.54342796 1.00678491546
2925.56385973 1.01401932136
2925.58429161 1.00114806972
2925.60472328 0.996036365818
2925.62515506 1.00405065826
2925.64558693 0.999432092866
2925.68645037 1.00480229827
2925.70688225 0.999390552513
2925.72731392 1.00870497134
2925.74774569 1.00751353812
2925.76817756 0.991150378144
2925.78860923 0.998406756848
2925.809041 1.03250424138
2925.82947277 1.00732860105
2925.84990454 1.0030903327
2925.87033631 0.999420617387
2925.89076808 0.994457717265
2925.93163172 1.00801443003
2925.95206349 0.998230773235
2925.97249515 1.00871782244
2925.99292702 0.988204308653
2926.01335879 0.98589688811
2926.03379045 0.997290482287
2926.05422232 0.994187391079
2926.07465409 0.992969548833
2926.09508575 1.00614525419
2926.11551762 0.998067273291
2926.13594938 0.997368735713
2926.15638105 0.998908648974
2926.17681291 1.00707734203
2926.19724467 1.00530174284
2926.21767634 1.00545968679
2926.2381082 1.00156820345
2926.25853996 0.995308010834
2926.27897172 1.00360087124
2926.29940349 1.00292295638
2926.31983525 0.989292386003
2926.34026701 1.0024267459
2926.36069887 0.980385241855
2926.38113053 1.00654435459
2926.42199415 0.990714580586
2926.44242581 0.997111255605
2926.46285757 0.996535931419
2926.48328943 0.990146815549
2926.50372109 0.992998156738
2926.52415284 0.999511002829
2926.5445846 1.01554899382
2926.56501636 1.00199990363
2926.70803865 0.995115047813
2926.72847041 1.01009081339
2926.74890216 0.989689443258
2926.76933391 1.00809707484
2926.78976577 0.997181057594
2926.81019742 0.98391379062
2926.83062927 0.989422047972
2926.85106103 1.02369648141
2926.87149268 1.0005414858
2926.91235628 1.00124123969
2926.93278793 0.972751867456
2926.95321978 1.00697831066
2926.97365153 1.00704179718
2926.99408318 1.02396008083
2927.01451503 1.0016739557
2927.03494678 0.994052221503
2927.05537843 0.9916269858
2927.07581028 0.982222475413
2927.09624203 1.00014471184
2927.11667378 0.996139266149
2927.13710552 0.998339409254
2927.15753727 0.987751806832
2927.17796902 0.989727695839
2927.19840087 1.01199899982
2927.21883251 1.00580520173
2927.23926426 0.991120556481
2927.2596961 1.00937791073
2927.28012775 1.00311430773
2927.48444518 0.98541225979
2927.50487692 1.01016697178
2927.52530866 1.00745062251
2927.54574041 0.99908191952
2927.56617215 1.00587733144
2927.58660389 0.988564387301
2927.60703563 1.02196888036
2927.62746747 1.01154708133
2927.64789911 0.999002654
2927.66833094 0.993639101011
2927.68876268 1.00177067499
2927.70919432 0.999362451376
2927.72962616 1.02120188205
2927.7500579 1.00334327476
2927.77048953 1.00403673049
2927.79092137 0.99511072277
2927.81135311 1.01070664895
2927.83178474 0.978713872104
2927.91351178 0.99544777301
2927.93394352 0.992044150372
2927.95437525 0.995624305558
2927.97480699 1.01667678408
2927.99523872 1.00991826129
2928.01567045 1.00391275722
2928.03610219 1.00460391238
2928.05653392 1.00032704787
2928.07696565 0.995257827476
2928.09739738 0.997772236826
2928.11782911 0.986807986967
2928.13826074 0.998858048793
2928.15869258 0.997264765229
2928.21998777 1.00373629381
2928.2404195 1.00146957059
2928.26085112 0.99763567805
2928.28128295 0.992796528667
2928.30171468 1.0094539405
2928.32214641 0.999648514634
2928.34257814 1.016290311
2928.38344159 1.01515194909
2928.40387332 0.986441960123
2928.42430505 1.00541242017
2928.44473677 1.00126518632
2928.4651686 1.00983514378
2928.48560022 1.00047862384
2928.50603205 0.993503820682
2928.52646377 1.00906008226
2928.5468954 0.995971642655
2928.56732722 0.999597432617
2928.58775895 0.968015118333
2928.60819057 1.01278438307
2928.62862239 0.994591902708
2928.64905412 0.995364351652
2928.66948574 0.995739590541
2928.68991756 0.99461860415
2928.71034928 0.991240115495
2928.7307809 0.9847693536
2928.75121273 0.993405540543
2928.77164445 1.00102879402
2928.79207617 0.997058403137
2928.81250789 0.994723289465
2928.89423477 0.982515407976
2928.91466639 1.00925922394
2928.9350982 0.990810899286
2928.95552992 1.01181298625
2928.97596154 0.995821475517
2928.99639336 0.989378453052
2929.01682507 1.02151887708
2929.03725669 0.988823041183
2929.05768851 0.994447253373
2929.11898365 0.987429101145
2929.13941537 0.987037019027
2929.15984708 0.998643707475
2929.1802788 0.999728924257
2929.20071051 1.00818229121
2929.22114223 1.00603912046
2929.24157394 1.00110671025
2929.26200565 1.00033445142
2929.28243737 0.996048974054
2929.38459593 1.01418725673
2929.40502774 1.00049120654
2929.42545945 1.00006442053
2929.44589106 1.0090180477
2929.46632287 1.00268183327
2929.48675458 1.00394866253
2929.50718619 1.00900016207
2929.527618 1.00370533607
2929.54804961 0.99810975773
2929.56848132 0.999024664006
2929.58891312 1.00441607199
2929.60934473 0.995056464618
2929.62977644 0.994674334722
2929.65020825 1.01445471548
2929.67063995 0.997853366555
2929.69107156 0.978365772866
2929.73193507 0.998122566904
2929.75236668 1.00232719382
2929.77279848 1.0030429932
2929.79323019 1.00217202318
2929.81366179 1.01327833274
2929.8545253 0.989904848047
2929.87495691 1.00663063495
2929.89538871 0.999769740401
2929.91582041 0.997311914683
2929.93625202 1.00118583754
2929.95668382 1.01440038043
2929.97711552 0.994415022034
2929.99754722 1.01215755889
2930.01797892 1.00781213855
2930.03841063 1.0255554468
2930.12013753 1.0351418126
2930.14056923 0.980877632972
2930.16100083 1.01132893649
2930.18143263 1.00184779548
2930.20186433 0.996744899492
2930.22229592 0.990793000239
2930.24272772 0.982860119375
2930.26315942 0.988275532113
2930.28359102 0.990561206569
2930.30402282 0.996215031716
2930.34488611 0.995600517611
2930.36531791 0.990729649376
2930.3857495 0.99925088362
2930.4061812 1.00623266841
2930.42661299 1.01928218365
2930.44704459 0.994920653471
2930.46747628 0.991290821834
2930.48790808 1.00105296523
2930.50833977 1.0047745366
2930.52877137 0.986573581787
2930.54920316 1.03603843763
2930.56963485 0.998123453839
2930.59006645 1.00739544705
2930.61049824 1.01046252496
2930.63092993 1.00363331984
2930.65136152 0.994549675169
2930.67179332 0.998497074386
2930.69222501 0.97581697373
2930.7126566 0.987427155706
2930.73308839 0.988807746668
2930.75352008 0.975259453131
2930.87611022 0.993179334603
2930.89654191 0.992091076743
2930.9169736 0.988678359746
2930.93740528 0.999393540368
2930.95783707 0.998758743237
2930.97826876 1.01186025727
2930.99870035 1.00327337904
2931.01913213 0.986371017831
2931.10085878 0.988418601419
2931.12129046 0.987150506742
2931.14172225 1.00400658374
2931.16215383 1.00408294583
2931.18258552 1.00418994261
2931.2030173 0.991094036557
2931.22344888 1.00059643361
2931.24388057 1.00483116556
2931.26431235 1.00878283954
2931.28474393 1.00048132208
2931.30517562 1.01605710438
2931.3256074 0.999876161613
2931.34603908 1.00627921378
2931.36647066 1.00346767387
2931.38690244 0.997681546392
2931.40733412 1.00883069746
2931.42776571 1.00623563705
2931.44819749 0.993505220192
2931.46862917 1.00589576466
2931.48906075 0.993198371061
2931.50949253 1.01185793082
2931.59121924 1.00589692154
2931.61165082 0.99346235929
2931.6320826 0.9974292272
2931.65251428 0.996475750957
2931.67294595 1.00381142224
2931.69337763 0.993967367258
2931.71380931 1.0046200976
2931.73424098 1.01373334052
2931.75467266 1.01557583488
2931.77510434 1.00441876702
2931.81596769 0.996440628746
2931.83639936 1.01625171589
2931.89769439 0.998664435393
2931.91812616 1.0065498834
2931.93855773 1.00716118566
2931.95898941 0.996794657083
2931.97942118 0.997766967478
2932.10201121 1.01200723569
2932.12244278 1.00981527344
2932.14287445 0.996420042312
2932.16330622 0.998073162336
2932.18373789 1.00948716097
2932.20416946 0.997150716118
2932.22460123 0.999429654726
2932.2450329 0.99628372897
2932.26546447 0.996300232244
2932.28589624 0.999811945161
2932.30632791 1.00804147946
2932.32675948 1.00356720652
2932.34719125 0.989324462275
2932.36762291 0.997172217894
2932.38805448 1.00944426184
2932.40848625 0.986288055068
2932.42891792 1.00176754847
2932.44934948 0.998323072218
2932.6128029 1.00360981857
2932.63323457 1.00484345814
2932.65366623 0.98351212913
2932.6740979 0.99400858937
2932.69452966 0.992575996576
2932.71496122 1.00600525664
2932.89884618 1.01031215411
2932.91927784 1.00003755377
2932.9397096 0.991599498171
2932.96014116 1.00676871525
2932.98057281 0.989789319483
2933.00100457 1.00887862102
2933.02143623 0.983859867042
2933.04186779 0.999820105805
2933.06229955 0.981434636137
2933.08273121 0.992850949892
2933.10316277 0.992478174968
2933.12359452 1.01164880428
2933.14402618 0.998995736889
2933.16445774 1.0006421037
2933.18488949 0.997116430005
2933.20532115 0.99825404894
2933.22575271 0.986809181333
2933.24618446 1.00769224362
2933.28704767 1.00498564041
2933.30747943 1.01233470505
2933.32791098 0.984838739312
2933.34834274 0.999210791327
2933.36877439 1.01389818273
2933.38920604 1.0060512833
2933.4096377 1.00241470135
2933.43006935 1.01683142915
2933.450501 1.01478684509
2933.47093266 0.986798580849
2933.49136431 1.00663070086
2933.53222771 1.03641471437
2933.55265927 0.995026079472
2933.57309092 0.999822634116
2933.59352267 0.992583312511
2933.61395422 0.996616462358
2933.63438587 1.00771853284
2933.65481762 1.00175578099
2933.67524917 0.997975979875
2933.69568082 0.987285362261
2933.71611257 1.00284340493
2933.73654412 1.01232970662
2933.77740752 0.999392303774
2933.79783907 0.991227818729
2933.81827071 1.00567823293
2933.83870246 1.0010050578
2933.85913411 1.01066930106
2933.87956566 0.992015893853
2933.89999741 0.997758347198
2933.92042905 0.997693159489
2933.9408606 1.00574433458
2933.96129235 1.01175425292
2933.98172399 0.984365128738
2934.02258728 0.999224384436
2934.04301883 1.01109517431
2934.08388222 0.994917315163
2934.10431376 1.00485397051
2934.12474551 0.995168024794
2934.14517715 1.01239421098
2934.1656087 0.995220117598
2934.18604044 1.00718132186
2934.20647208 0.997100421239
2934.22690363 0.999475122881
2934.26776701 0.999988849709
2934.28819865 1.0031171436
2934.3086303 0.979268191753
2934.32906194 0.986173408543
2934.34949358 1.00160563315
2934.36992532 1.00346810127
2934.39035686 1.01047273817
2934.4107885 1.00804833903
2934.43122024 0.984708892766
2934.45165178 0.994108692941
2934.47208342 1.00157885952
2934.49251516 1.00259529596
2934.5129467 1.0060295823
2934.53337834 0.998273817318
2934.55381008 1.00314753687
2934.57424162 1.00408753481
2934.615105 1.01101238316
2934.63553653 1.00600175979
2934.65596817 0.985284482607
2934.81942126 0.997763054841
2934.839853 1.00344774508
2934.86028463 0.999992631224
2934.88071617 0.993003446086
2934.9011479 0.99970327865
2934.92157954 0.993968714246
2934.94201107 0.985696945052
2934.96244281 0.999748274822
2935.00330597 0.991567605404
2935.02373771 0.999906117767
2935.04416934 0.999799424061
2935.06460087 1.01089086099
2935.08503261 1.00478252009
2935.10546424 0.995949151316
2935.12589587 0.997409280389
2935.1463275 0.995209616354
2935.16675913 1.01239961095
2935.18719076 0.990615670237
2935.20762249 0.999551538455
2935.24848566 1.00204177281
2935.26891739 1.0115815049
2935.28934892 1.00641038448
2935.30978055 1.00192825889
2935.33021227 0.996027848676
2935.3506438 0.995695650129
2935.37107543 0.994792693458
2935.39150716 0.989624384329
2935.41193869 1.00063708251
2935.53452846 1.00741910046
2935.55496018 1.00226700962
2935.59582334 0.99885706371
2935.61625506 1.00452686397
2935.63668669 0.996116335974
2935.65711821 1.00948323542
2935.67754994 0.988012810514
2935.69798156 1.00156232642
2935.71841309 1.00078751108
2935.73884481 1.00120016671
2935.75927644 0.994702736193
2935.77970796 1.00242366972
2935.80013969 0.995029829792
2935.82057131 0.99556567845
2935.84100283 0.999834980958
2935.86143456 1.00360930264
2935.88186618 1.02408276118
2935.9022977 0.987901436505
2935.92272942 1.00241865556
2936.00445591 0.991351918719
2936.02488753 0.999697342374
2936.04531925 0.998682948927
2936.06575077 0.993324383673
2936.0861824 0.997302709387
2936.10661412 1.00247494416
2936.12704564 0.995958463974
2936.14747726 0.99634008463
2936.16790898 1.01881660262
2936.24963535 1.00058334335
2936.27006707 1.00902120984
2936.29049859 0.982760784627
2936.31093021 0.992905408687
2936.33136192 0.993582267717
2936.35179344 1.0119611599
2936.37222506 0.990859211196
2936.39265678 0.997269136043
2936.41308839 0.994284230007
2936.43351991 0.999296466455
2936.45395163 1.00366110925
2936.47438324 0.990299930429
2936.49481476 1.02299198707
2936.51524647 0.996084441776
2936.53567809 1.00150738087
2936.5561096 1.00021521589
2936.57654132 1.00384292621
2936.59697293 1.00913760856
2936.61740445 1.00814990499
2936.84215229 1.00632723793
2936.8625839 1.00467579408
2936.88301562 0.990915242512
2936.90344713 0.996125939425
2936.92387884 1.00956652823
2936.94431045 1.01103534401
2936.96474196 1.00539394924
2936.98517367 0.995846846671
2937.08733162 1.00005405647
2937.10776333 0.999132428217
2937.12819484 0.991396979288
2937.14862645 0.987707821944
2937.16905815 1.01445558313
2937.18948966 1.00576222985
2937.20992127 0.987514482359
2937.23035298 0.996906838791
2937.25078459 1.00653946236
2937.27121609 0.995375895855
2937.2916478 1.0023591003
2937.31207941 1.00146650688
2937.33251091 1.00621630739
2937.35294262 1.0093728168
2937.37337423 0.993827919211
2937.39380573 1.00045775472
2937.47553225 1.00475517378
2937.49596386 1.00108202899
2937.51639536 1.00215740586
2937.53682707 0.9956164029
2937.55725867 1.00054204984
2937.57769038 0.99847312514
2937.59812188 0.995935255408
2937.61855348 1.00240453776
2937.63898519 0.999058208694
2937.65941669 1.01027503649
2937.70028 0.989038689023
2937.7207116 0.986639582167
2937.7411431 0.994459766295
2937.7615748 0.991598717246
2937.7820063 0.989029875099
2937.80243791 0.99221762362
2937.82286961 0.991258481899
2937.84330111 0.999176400822
2937.86373271 1.01329866322
2937.88416441 1.00910555714
2937.90459591 1.00361405282
2937.92502751 0.994429403803
2937.94545921 1.00143389456
2937.96589071 1.00723418667
2937.98632231 0.999968147623
2938.00675401 1.00196284596
2938.02718551 1.01040021812
2938.04761711 1.0034664643
2938.06804881 1.00232798626
2938.08848041 1.00275356489
2938.10891191 0.997866898811
2938.23150169 1.00299653164
2938.25193319 0.99398623425
2938.27236479 1.01464762566
2938.29279648 1.00675129521
2938.31322798 1.0084046661
2938.33365957 1.00555357508
2938.35409127 1.00745171972
2938.37452277 1.00236236793
2938.39495436 0.997650590934
2938.43581755 1.00187042964
2938.45624915 0.991302895974
2938.47668084 1.00724217325
2938.49711234 1.00245718533
2938.51754393 0.982159493498
2938.53797552 1.00832633478
2938.55840712 0.987273014917
2938.57883871 1.00603862771
2938.59927031 1.00403137748
2938.6197019 1.00118251619
2938.64013349 0.997642677037
2938.68099668 1.00121775033
2938.70142827 1.00501978952
2938.72185996 0.995345028051
2938.74229145 1.00502867019
2938.76272315 1.01237670625
2938.78315474 0.995769037481
2938.80358623 1.0081046052
2938.82401792 1.00597717591
2938.84444951 0.996504966273
2938.864881 0.998151335358
2938.88531269 1.0136668212
2938.90574428 0.983848506522
2938.92617587 0.98720980581
2938.94660746 1.01555206161
2938.96703905 0.986212259281
2938.98747064 0.996062204091
2939.00790223 1.01261378449
2939.02833382 0.994704051448
2939.04876541 0.985362040326
2939.0691971 0.983035362573
2939.08962859 0.993515339708
2939.11006018 0.997422454696
2939.13049187 0.993777834111
2939.17135494 1.00712835664
2939.19178663 0.983572598343
2939.21221812 1.00880206564
2939.2326497 1.00087063649
2939.25308139 0.997835438348
2939.27351288 1.01127505896
2939.29394446 1.00153831186
2939.31437605 0.990474887035
2939.33480764 0.989380871486
2939.35523932 0.996815886698
2939.37567081 1.00863579262
2939.39610239 0.993455879267
2939.41653408 1.00276387297
2939.43696557 1.00524152773
2939.45739715 0.989918195093
2939.47782884 0.994329969119
2939.49826042 1.00847388161
2939.5186919 1.00184960261
2939.53912359 1.00346941796
2939.55955517 0.988733886159
2939.57998666 0.998390792864
2939.60041834 1.00308158199
2939.62084992 1.01542988816
2939.66171309 0.986370169657
2939.68214467 0.986507599781
2939.70257616 1.00426653978
2939.72300784 1.00564673365
2939.74343942 0.984497515727
2939.763871 0.98366184322
2939.78430259 0.991070835602
2939.80473417 0.988789484788
2939.82516575 0.995809441094
2939.84559733 1.00185883984
2939.92732366 1.00722672403
2939.94775524 1.01351550359
2939.96818692 1.00279391733
2939.9886184 0.995914559574
2940.00905008 1.00219691027
2940.02948156 1.00434949407
2940.04991314 0.999659877867
2940.07034482 1.00537439692
2940.0907763 1.00420528382
2940.11120787 1.00499318474
2940.13163955 1.02543098936
2940.15207103 1.01324055257
2940.17250261 0.998733215367
2940.19293429 0.988650828035
2940.21336577 1.00192541646
2940.23379735 0.993247798045
2940.25422902 0.986617270356
2940.2746605 1.00394296061
2940.29509208 1.00998668494
2940.31552376 1.01077810729
2940.33595533 0.99591372868
2940.35638681 0.99935946357
2940.39725006 0.991344269382
2940.41768154 0.991217377811
2940.43811321 0.996411735409
2940.45854479 0.994223920051
2940.47897647 0.999556992331
2940.49940794 1.00958856527
2940.51983952 1.010432389
2940.54027119 0.989924160834
2940.56070267 0.974737390839
2940.58113424 0.965347265794
2940.66286064 0.994375954666
2940.68329211 1.00889523965
2940.70372369 0.996404610538
2940.72415526 1.00413948473
2940.74458684 1.00470687074
2940.76501841 1.00424229961
2940.78544998 1.0046813782
2940.80588155 1.01665883138
2940.82631313 1.00322747757
2940.8467448 1.00081439635
2940.88760784 1.01127232217
2940.90803952 1.00083764602
2940.94890256 0.993174334397
2940.96933423 0.989029055738
2940.9897657 0.992767842232
2941.01019737 0.994059523585
2941.03062895 0.996259978633
2941.05106042 1.0164937949
2941.07149209 1.00029853963
2941.09192366 1.01032543939
2941.11235513 1.00779539273
2941.1327868 0.999951537351
2941.15321837 0.997321256768
2941.17364994 1.0110503535
2941.19408151 1.02015792798
2941.21451308 0.993782790111
2941.23494465 0.994160967059
2941.25537622 1.00440526474
2941.27580778 1.00535948416
2941.29623935 0.991814104792
2941.4596919 1.00316412611
2941.48012346 1.00579047387
2941.50055503 1.00765426921
2941.5209866 0.99452614231
2941.54141817 0.991769707275
2941.56184973 0.996191804943
2941.5822813 1.00159695253
2941.60271296 1.00016392866
2941.62314443 0.991279926098
2941.643576 0.995457406317
2941.66400766 1.00393001867
2941.68443923 1.01338854271
2941.70487069 1.0079438982
2941.72530236 1.00673145043
2941.74573392 0.998694095744
2941.76616539 1.00758978643
2941.78659705 1.00868919542
2941.80702862 0.990184453453
2941.82746008 0.990764403059
2941.86832331 1.00331607117
2941.88875478 0.998030172675
2941.90918644 1.00296004036
2941.929618 1.00908345703
2941.95004947 0.988186148582
2941.97048113 1.00249597075
2942.01134426 0.992387643194
2942.03177582 0.994962483793
2942.05220738 1.00351232162
2942.07263894 1.00281828369
2942.11350207 1.00538413654
2942.13393373 0.999703293703
2942.15436519 0.993973140959
2942.17479675 1.00014822298
2942.2565231 1.00141286761
2942.27695456 1.0096519671
2942.29738612 0.985066417231
2942.31781778 1.00898018797
2942.33824924 1.01576252874
2942.3586808 1.0052409937
2942.39954392 1.00186629809
2942.41997548 1.00168126004
2942.44040714 0.989306164031
2942.4608386 0.997279599641
2942.48127016 0.993854442202
2942.50170182 1.00050155411
2942.52213338 0.991915539625
2942.54256484 0.990188325536
2942.5629965 0.999173791096
2942.62429117 0.990356550467
2942.64472273 0.990234970605
2942.66515439 0.989950726116
2942.68558585 1.0056669905
2942.7060174 0.991496921133
2942.72644906 1.00274771228
2942.74688052 1.00105988975
2942.76731208 1.00374779594
2942.78774373 1.00946613124
2942.80817519 1.01760169482
2942.8490384 1.00091654468
2942.86946986 1.00415592126
2942.88990142 1.00090933496
2942.91033307 0.991923981638
2942.93076453 0.996336761092
2942.95119609 0.989828314296
2942.97162764 1.00346238006
2942.9920592 0.984469114503
2943.01249075 1.01038134601
2943.03292241 1.00727435024
2943.05335386 1.0016508123
2943.09421707 0.998441187327
2943.11464853 0.999222816737
2943.13508008 1.00055868334
2943.15551174 1.00353542161
2943.17594319 0.993362534716
2943.19637484 0.994883745539
2943.2168064 0.997978658765
2943.23723785 1.01153996257
2943.25766951 0.98375983475
2943.27810106 1.00475165521
2943.29853251 1.01668790763
2943.33939572 0.990616126698
2943.35982727 1.00578793767
2943.38025883 0.993611573984
2943.40069038 1.00926682885
2943.42112193 1.00146773875
2943.44155348 1.00730802842
2943.46198504 0.991865018187
2943.48241659 0.979099545029
2943.50284824 1.00506869823
2943.52327969 1.00328009295
2943.54371124 1.00531157266
2943.56414289 0.995336240609
2943.58457435 1.01314827588
2943.6050059 1.00198453649
2943.62543755 0.998941658616
2943.645869 0.993296599831
2943.66630065 0.996208499356
2943.6867321 0.999778866905
2943.70716365 0.998871545769
2943.7275953 1.00307905615
2943.74802675 0.990241214643
2943.87061615 0.996028911518
2943.8910476 1.00351105866
2943.91147925 0.995162677433
2943.9319108 0.982112415937
2943.95234225 1.00913717289
2943.9727739 0.994673648174
2943.99320545 1.00889278818
2944.01363689 0.994026984964
2944.09536319 1.00638607304
2944.11579474 1.01326796541
2944.13622618 0.983262402069
2944.15665783 0.994224673304
2944.17708938 1.00154287985
2944.19752103 0.987989133604
2944.21795247 1.00247542068
2944.23838402 1.00133348805
2944.25881567 1.00894450652
2944.27924711 1.00588851339
2944.29967866 0.998621247811
2944.32011031 0.984088825535
2944.34054185 1.00319617056
2944.3609733 0.997487447827
2944.38140485 0.988324902033
2944.44269958 0.996460083371
2944.46313103 1.01240190896
2944.48356258 1.00303958207
2944.50399422 0.98666432773
2944.52442567 0.975801858868
2944.56528886 0.985548982702
2944.5857203 1.00769832236
2944.60615185 0.994328107658
2944.62658349 1.00497809111
2944.64701494 0.999138956405
2944.66744658 0.997969137859
2944.68787812 0.998578014048
2944.70830967 0.992643142003
2944.74917276 1.02291634487
2944.7696043 1.0155954488
2944.81046739 1.00139036806
2944.83089893 1.01052822642
2944.85133047 1.00771487721
2944.87176202 1.0129915885
2944.89219356 0.997930302502
2944.9126252 1.00006694057
2944.93305665 1.01877077773
2944.95348819 1.00848394301
2944.97391983 1.01257898968
2944.99435127 1.00128578501
2945.01478282 0.997588388988
2945.0556459 0.994686515979
2945.07607744 1.00912960206
2945.09650898 1.0204077482
2945.11694053 0.996675702324
2945.13737217 0.984490020174
2945.15780361 1.00134239568
2945.17823515 0.967753129719
2945.19866679 1.00118386002
2945.21909823 0.998409642022
2945.23952977 1.00344344599
2945.25996141 0.997855251763
2945.28039295 1.00073893462
2945.30082439 1.00734843039
2945.32125604 1.01564352704
2945.34168758 0.992695397505
2945.36211902 0.989979021446
2945.38255066 0.999165676016
2945.4029822 0.993103379914
2945.42341364 1.01325315054
2945.44384528 0.982986337909
2945.46427682 0.992153531876
2945.48470826 0.997305685824
2945.56643451 1.00960360379
2945.58686605 0.996565852471
2945.60729769 1.00750356147
2945.62772913 1.00053374236
2945.64816067 1.0069607625
2945.66859231 0.97999186928
2945.68902375 1.00640376722
2945.70945528 1.00802390567
2945.72988692 1.00958706732
2945.75031846 0.99061110171
2945.79118154 1.01725786632
2945.81161297 1.0039534937
2945.83204451 1.02241591306
2945.85247615 0.996764852217
2945.87290759 1.00015779971
2945.89333912 1.00621005724
2945.91377076 0.999918577388
2945.97506537 0.998814233707
2945.99549681 1.03374813785
2946.01592835 0.992195211125
2946.03635998 1.01084005869
2946.05679142 1.01997922015
2946.07722305 0.991159960583
2946.09765459 0.99606216635
2946.11808613 1.01075383861
2946.13851766 0.987142950067
2946.1589492 0.986570231809
2946.17938074 1.00839401389
2946.19981237 0.999648659761
2946.32240158 1.01447192997
2946.34283302 0.988574600248
2946.36326455 1.00596874099
2946.38369619 0.998875782477
2946.40412762 0.991368333326
2946.42455916 0.986224415005
2946.44499079 0.99540865229
2946.46542223 0.995495930696
2946.48585376 1.00328283634
2946.52671683 1.02103543675
2946.54714846 1.0087458112
2946.56758 1.00177336878
2946.60844306 0.980518460121
2946.6288746 0.999680512333
2946.64930603 0.984541326887
2946.66973766 1.00362414868
2946.6901692 0.983180429249
2946.71060063 1.00215890568
2946.73103226 1.00474550427
2946.7514638 0.997249927428
2946.77189523 0.991914588543
2946.79232686 1.01046880177
2946.8127584 1.00310852307
2946.83318983 1.01087347424
2946.85362146 1.00587704212
2946.87405299 1.00456471554
2946.89448442 1.0036295328
2946.91491606 1.00235911243
2946.93534759 1.02232849011
2946.95577922 0.997161955951
2947.05793678 1.02738567282
2947.07836841 0.994235619991
2947.09879994 0.991710504306
2947.11923137 0.999603214507
2947.13966301 1.01612887313
2947.16009454 1.01238741919
2947.18052597 1.01182500086
2947.30311515 1.00572759106
2947.32354678 0.995458438822
2947.34397821 1.01456374864
2947.36440974 0.998197568372
2947.38484137 0.99965515949
2947.4052728 1.00607274343
2947.42570443 1.0104058308
2947.44613596 1.01688472302
2947.46656749 1.00002497102
2947.50743055 0.987961175714
2947.52786208 0.999301854591
2947.54829361 1.02202006334
2947.56872514 0.98385941793
2947.58915667 0.986296816039
2947.6095883 0.993268970241
2947.63001973 0.9909530759
2947.65045126 0.999823731879
2947.67088288 0.998670921542
2947.69131431 0.991763233434
2947.71174584 1.003782494
2947.73217747 0.994322166636
2947.7526089 1.00410016897
2947.77304043 1.00108059591
2947.79347206 1.00745935498
2947.81390348 1.00633373825
2947.83433511 1.00862838992
2947.85476664 0.995808068142
2947.87519817 1.00549439805
2947.8956297 1.00227292178
2947.91606122 0.992122785937
2947.93649275 0.98975634029
2947.95692428 0.992700189096
2947.99778733 0.991821071642
2948.01821886 1.00215567319
2948.03865039 0.984255710474
2948.05908182 0.996002740994
2948.07951344 1.00023554531
2948.09994497 1.01401451789
2948.1203764 0.98458548671
2948.28382871 0.991186539028
2948.30426034 0.99526446384
2948.32469176 0.998094098627
2948.34512329 1.0039659382
2948.36555492 1.00178666884
2948.38598634 1.0142206936
2948.40641787 1.01524418274
2948.42684949 0.996447301295
2948.44728102 0.984428128231
2948.48814407 0.987412414936
2948.5085756 1.00191032935
2948.52900702 1.00156689424
2948.54943865 0.998512461754
2948.56987017 1.01564535005
2948.5903016 1.00166208115
2948.61073322 0.996177512945
2948.63116475 1.0019131679
2948.65159637 0.995305378506
2948.6720278 0.994230733479
2948.69245932 1.00347527807
2948.71289085 1.00280766509
2948.73332237 0.983988438363
2948.7537539 0.99548333157
2948.77418542 0.987852412845
2948.79461695 1.01013540058
2948.81504847 0.99697508064
2948.83547999 0.982647001082
2948.85591152 0.997566139634
2948.87634304 0.98813445416
2948.89677457 0.997040855043
2948.91720609 1.00167414411
2948.93763762 0.98683286598
2948.95806924 0.987762149452
2948.97850066 0.994009755494
2948.99893219 1.00988098415
2949.01936381 0.998753384959
2949.03979524 1.01022017086
2949.06022686 0.999142263825
2949.08065838 0.990654370874
2949.10108981 1.00668060505
2949.12152143 0.994543509036
2949.14195295 1.00574701205
2949.16238438 0.994880644721
2949.182816 1.00016476793
2949.22367895 1.03303083894
2949.24411057 1.01767628274
2949.26454209 1.01197459104
2949.28497361 1.02170137603
2949.30540514 1.01093502103
2949.32583666 1.02266922244
2949.34626818 1.00957606001
2949.36669971 1.01327796287
2949.46885742 0.989018637262
2949.48928884 1.01350138412
2949.50972036 1.00915398275
2949.55058341 1.00831517667
2949.57101493 1.01371402302
2949.59144655 1.01774103448
2949.61187797 1.00889891961
2949.65274112 1.02780695751
2949.77533025 1.02918291047
2949.79576177 1.00966623624
2949.81619329 1.00039972977
2949.83662481 0.994630948212
2949.85705633 0.999108632632
2949.87748785 1.02068581208
2949.89791937 1.00234903326
2949.91835089 1.00821189434
2949.95921394 0.998172827471
2949.97964546 1.001551213
2950.00007708 0.991546417839
2950.0205085 1.00252646996
2950.04094002 0.983204464543
2950.06137164 0.994239833405
2950.08180306 0.995637099894
2950.10223458 0.999004926209
2950.30654988 1.00833081727
2950.3269813 0.998215280928
2950.34741292 1.00638238978
2950.36784444 1.00742012364
2950.38827586 0.999870739471
2950.40870748 1.00259406597
2950.44957042 0.997462808489
2950.47000204 0.976385967997
2950.49043356 1.00193483592
2950.51086498 0.995005786523
2950.5312966 0.987024790125
2950.55172812 0.995842844612
2950.57215974 0.992343969867
2950.59259116 0.998779701905
2950.61302268 0.993183677378
2950.6334543 1.00864368157
2950.65388572 1.00056817486
2950.67431724 1.0012661303
2950.69474886 0.994782044486
2950.71518027 0.994516596895
2950.73561179 0.995228514604
2950.75604341 1.00039584841
2950.77647493 0.998996943683
2950.79690635 1.00245152302
2950.81733797 1.01237465719
2950.83776949 1.00452788372
2950.85820091 0.98941215458
2950.98079012 1.00919424113
2951.00122164 1.00429568363
2951.02165306 1.00453358007
2951.04208467 0.996734050797
2951.06251619 1.0045548888
2951.08294761 1.01090759456
2951.10337923 1.01657266561
2951.12381075 0.986142588024
2951.14424226 1.01757530449
2951.16467378 0.988275883885
2951.1851053 1.00722108932
2951.20553682 0.997276415346
2951.22596834 1.00157263935
2951.24639986 0.992600780483
2951.26683137 0.990544092762
2951.28726289 0.98913637427
2951.30769441 1.01012718571
2951.32812603 1.03135351975
2951.34855754 0.99833882328
2951.36898896 0.994042830099
2951.38942058 0.997845812452
2951.4098521 0.994316993858
2951.43028352 0.999830763924
2951.45071513 1.00472636497
2951.47114665 0.99306813317
2951.49157807 1.01912226915
2951.51200969 1.00253426206
2951.5324412 0.999226073178
2951.55287262 0.997291394269
2951.57330424 1.00790284876
2951.59373576 0.993518435055
2951.61416727 0.981000956491
2951.63459879 0.984056340223
2951.65503021 0.988351818546
2951.67546183 0.992647333063
2951.69589334 0.991237578159
2951.71632486 1.00773282398
2951.73675638 0.990269370406
2951.75718789 0.99289620365
2951.77761941 1.03586474435
2951.79805103 0.999457084825
2951.81848244 1.00424247191
2951.83891396 0.981935566604
2951.85934558 0.994628825839
2951.879777 0.99796448715
2951.90020851 1.00308064767
2951.92064013 1.01059810767
2951.94107155 1.00211892633
2951.96150306 1.00381525712
2951.98193468 1.01098759683
2952.0023661 1.00191399848
2952.02279771 0.997139654878
2952.04322923 0.982444967272
2952.06366065 0.998612595023
2952.08409226 0.997894578633
2952.10452378 1.00332644397
2952.1249552 1.00591488867
2952.16581833 1.01038051512
2952.28840743 1.005351013
2952.30883895 0.999475633784
2952.32927046 1.00139212157
2952.34970198 0.999643836753
2952.43142814 0.99843697251
2952.45185956 0.993733661336
2952.47229108 0.990426589011
2952.49272269 1.00076723772
2952.51315411 0.987738800879
2952.53358562 0.991289666252
2952.55401724 0.999462695143
2952.57444866 1.00389557491
2952.59488017 1.01631036543
2952.61531179 0.996637043059
2952.6357433 0.998006185952
2952.65617472 1.01708166934
2952.67660634 1.01894078948
2952.69703785 1.01370841021
2952.71746937 0.998379703822
2952.73790089 1.0118643312
2952.77876402 0.993629481748
2952.79919543 1.0060403299
2952.81962695 1.02200128751
2952.84005856 1.01429157139
2952.98307908 1.00530676451
2953.06480524 1.00002048539
2953.08523665 1.00071752275
2953.10566817 0.983484018836
2958.37699018 1.00769410313
2958.3974218 0.990365080989
2958.41785332 0.985448073169
2958.43828474 0.995838156277
2958.45871637 0.981682311906
2958.47914789 0.998049729608
2958.49957941 0.994178568214
2958.52001093 1.00059933654
2958.54044245 0.996938452961
2958.56087398 0.994917255599
2958.5813056 0.995586761105
2958.60173702 0.994554791319
2958.62216864 0.982910802617
2958.64260016 0.995301552478
2958.66303159 1.00521832641
2958.68346321 1.0148786937
2958.70389473 1.00526155077
2958.72432615 0.998161035535
2958.74475778 1.01039972555
2958.7651893 0.995677476501
2958.84691529 1.01796551781
2958.86734691 1.00705338046
2958.88777834 0.998453361984
2958.90820986 0.996503701723
2958.92864148 1.00500956752
2958.94907291 1.00260959734
2958.96950453 1.01145431418
2958.98993605 0.99917867098
2959.1125252 1.01786548804
2959.13295672 0.995533614432
2959.15338834 0.995957306983
2959.17381977 0.979639826212
2959.19425129 0.988648730237
2959.21468292 0.97956866152
2959.23511434 0.992484051011
2959.25554596 0.994669010078
2959.27597749 1.01314251211
2959.29640891 0.982153804199
2959.31684054 1.01180359358
2959.33727206 1.00140248643
2959.35770349 1.00043668177
2959.37813511 1.02352684554
2959.39856664 1.00010698882
2959.41899816 0.994501808929
2959.60288189 1.00562468449
2959.62331341 0.979035483269
2959.64374494 1.00352843182
2959.66417656 1.00594104463
2959.68460799 1.0159262241
2959.70503952 0.991561074269
2959.72547114 1.00357609847
2959.74590257 0.999228245913
2959.76633409 1.00309419532
2959.78676572 0.994174135719
2959.80719715 1.00272708994
2959.82762867 0.989141553481
2959.8480603 1.01164104872
2959.86849173 0.99940347308
2959.88892335 0.98904549862
2959.90935488 0.99848452827
2959.92978631 0.961149227955
2959.95021793 0.996995923152
2959.97064946 1.00048469763
2959.99108099 1.02007008836
2960.01151251 0.980475299846
2960.05237557 0.991298903628
2960.0728071 1.00235716436
2960.09323862 1.00072424167
2960.11367015 0.998839737731
2960.13410178 1.00108542282
2960.15453321 1.01847007092
2960.17496483 1.00555606966
2960.19539636 0.980248127037
2960.21582779 0.954800835
2960.35884859 0.975115254381
2960.37928002 0.98555762025
2960.39971154 0.993717141793
2960.42014317 0.997622350603
2960.4405746 0.988881629752
2960.46100623 1.00142216873
2960.48143776 0.998104946197
2960.56316388 0.973101037788
2960.58359541 0.984227279622
2960.60402694 0.984270369392
2960.62445847 0.986269972677
2960.64489009 0.998906585063
2960.66532152 0.999387157536
2960.68575305 0.990601535934
2960.70618468 0.9921958562
2960.72661611 1.00104424523
2960.74704774 0.998113459884
2960.76747927 0.996492534545
2960.78791071 0.998744319392
2960.80834234 1.02477746793
2960.82877387 1.00271005572
2960.8492053 0.984748097603
2960.86963693 1.0050170895
2960.89006846 1.00125236545
2960.91049989 1.00291358367
2960.93093152 0.976864313736
2960.95136305 0.975808745497
2960.97179458 0.976933751324
2961.15567837 1.00613080098
2961.1761099 1.00557061568
2961.19654143 1.01152920591
2961.31913073 0.987243020567
2961.33956226 0.999115270087
2961.35999369 1.01249418563
2961.38042533 1.0096421987
2961.40085686 1.00271356271
2961.42128829 0.994265319165
2961.54387769 1.00564402953
2961.56430913 1.00812288206
2961.58474066 0.996764121523
2961.6051723 1.00717778299
2961.62560373 1.00537723974
2961.64603526 0.99407015134
2961.6664669 1.00165879986
2961.82991918 0.995608602151
2961.85035071 1.02877161101
2961.87078215 0.987873637071
2961.89121378 1.00150318322
2961.91164532 0.99174719841
2961.93207676 0.997451528517
2961.95250839 1.0028108017
2961.97293993 1.00511859016
2961.99337136 1.00212073124
2962.013803 1.00729780567
2962.03423454 1.00823442329
2962.05466617 0.989819074157
2962.07509761 1.00787762104
2962.09552915 1.00485833291
2962.11596078 0.982186347725
2962.13639232 0.985839071865
2962.15682376 0.948942287153
2962.3407077 1.01676697467
2962.36113923 0.993282244233
2962.38157067 0.999645629165
2962.40200231 1.00981469263
2962.42243385 1.01124593301
2962.44286529 0.99884337155
2962.46329693 1.01194961594
2962.50416 1.00728066027
2962.52459154 0.997985254933
2962.54502308 0.993473443979
2962.56545472 0.990247959429
2962.58588616 0.99812684166
2962.6063177 1.01014230233
2962.62674934 0.996281471962
2962.64718088 1.0026123031
2962.66761232 1.00747924031
2962.79020166 0.985889263527
2962.8106332 1.00140737247
2962.87192782 0.996155643952
2962.89235937 0.981140372872
2962.91279101 1.00355782032
2962.93322245 1.01708359087
2962.95365399 0.999423866738
2962.99451707 1.0122467289
2963.01494861 1.00084156502
2963.03538016 1.00287937156
2963.0558117 0.989668579192
2963.07624334 0.983866384998
2963.09667478 1.01006366387
2963.11710633 0.992982995071
2963.13753797 1.01434667131
2963.15796941 0.995607522832
2963.17840095 1.00195207325
2963.26012723 0.995749023198
2963.32142186 0.997417101459
2963.3418534 1.0010590036
2963.36228504 1.0036198401
2963.38271649 0.995633891409
2963.40314803 1.00366690895
2963.42357968 1.00207588196
2963.44401112 0.986028118699
2963.46444267 0.988328700979
2963.48487431 1.01458970174
2963.56660039 0.993519740806
2963.58703204 1.01328232734
2963.60746358 1.00432790408
2963.62789503 0.949575765493
2963.7913475 1.01849294386
2963.81177904 1.03197363721
2963.83221059 0.995090871984
2963.85264214 1.02010907815
2963.87307378 0.996091421365
2964.03652617 0.995507525465
2964.05695771 0.993791760407
2964.07738916 1.00133042886
2964.09782081 0.994819890061
2964.11825236 0.995922671052
2964.28170475 0.99483366255
2964.3021363 0.996749822752
2964.32256786 0.972411896201
2964.34299951 1.00856360431
2964.36343096 1.00126144446
2964.38386261 0.993776877575
2964.42472561 0.986125969333
2964.44515726 1.0046528769
2964.46558871 1.00731675032
2964.48602026 1.0027427235
2964.50645191 0.995069872294
2964.52688336 1.00685896426
2964.54731502 1.0016198885
2964.56774657 0.997868284418
2964.58817802 0.998548969695
2964.60860967 1.00941914945
2964.62904122 1.00947557456
2964.73119899 0.999577745853
2964.75163054 1.00822397558
2964.77206209 1.0045569113
2964.79249365 1.00438626748
2964.8129252 1.00084934844
2964.83335685 1.00268524736
2964.85378841 0.996942863125
2964.87421986 1.00328671439
2964.89465151 0.988430217622
2964.91508307 0.962737612854
2964.95594618 0.990144333175
2964.97637773 0.988830662851
2965.01724084 1.00754882377
2965.0376724 0.992705907418
2965.05810395 1.01724536011
2965.07853551 0.985405789295
2965.09896696 1.01058046898
2965.11939862 0.998224540815
2965.24198796 0.997404364194
2965.26241951 0.99561874191
2965.28285107 1.00668976771
2965.30328263 1.00719297243
2965.32371418 0.992068193562
2965.34414584 0.996061663291
2965.3645774 1.00903404174
2965.52802986 0.995424150694
2965.54846142 0.991423098582
2965.56889308 1.00301475925
2965.58932454 1.00592970947
2965.6097561 1.0126046106
2965.73234546 0.985765177927
2965.75277712 1.00154235245
2965.8140717 0.992631930001
2965.95709263 0.990547981661
2965.9775243 0.999263470868
2965.99795586 1.00378983619
2966.01838732 0.997276902766
2966.03881898 0.993713281552
2966.05925055 0.995080659216
2966.07968221 1.0147042474
2966.10011367 1.01301876902
2966.12054524 0.994174787666
2966.1409769 0.997706776195
2966.18183993 1.00250559606
2966.20227159 1.00650024301
2966.22270305 0.991735606864
2966.24313462 1.0064929627
2966.32486098 1.01204349298
2966.34529254 0.995684072602
2966.46788184 1.00838103086
2966.4883135 1.00509314878
2966.50874507 1.01733749921
2966.52917664 1.01264230838
2966.5496082 1.00956712347
2966.57003977 0.998003203901
2966.59047144 0.999806938734
2966.6109029 0.996137219253
2966.63133447 0.993566644877
2966.67219761 0.994820810767
2966.69262917 0.99574768514
2966.71306084 1.01146326973
2966.73349231 0.999403847243
2966.75392388 1.00890546583
2966.77435555 1.0120452829
2966.79478702 1.01037134919
2966.81521869 1.01196888255
2966.83565026 1.01565281572
2966.95823967 1.00195834579
2966.97867124 1.02181611158
2966.99910291 0.99370690125
2967.01953439 1.02216068698
2967.03996596 1.01773570086
2967.06039763 1.00443751159
2967.0808291 1.00856521587
2967.10126077 0.990510234739
2967.12169234 1.00226728148
2967.14212381 0.998466924096
2967.2238502 0.991671239357
2967.24428167 1.00330966473
2967.26471325 0.994921025585
2967.28514492 0.985888100686
2967.30557639 0.983083075426
2967.32600807 0.975203055034
2967.44859751 1.00139344682
2967.46902908 1.00863038023
2967.48946066 0.990840318029
2967.50989223 0.995272551171
2967.53032381 0.993280095466
2967.55075548 0.991330971709
2967.71420799 0.987067625345
2967.73463967 1.00192365811
2967.75507125 1.00624503858
2967.77550272 0.995302276064
2967.7959344 0.99533857527
2967.95938703 1.00563159896
2967.97981861 1.0006482971
2968.00025019 1.00265608995
2968.02068177 1.00607744246
2968.04111335 1.00826195451
2968.06154503 0.992625711169
2968.08197661 1.01285392483
2968.10240809 0.99656450101
2968.14327135 1.00247551996
2968.16370283 0.992337314029
2968.18413451 1.00191953016
2968.20456609 0.981738246411
2968.22499757 1.00040954179
2968.24542925 0.998198071935
2968.26586084 0.99105239706
2968.28629252 1.000093839
2968.44974508 1.0004160919
2968.47017676 0.997033106343
2968.49060825 0.982391746865
2968.51103983 0.991943368914
2968.53147142 0.995897081194
2968.551903 1.00725213192
2968.57233468 0.985595516182
2968.59276627 0.997360943268
2968.61319775 0.987915834023
2968.63362944 1.00537024945
2968.65406103 1.00704086737
2968.67449251 1.01946703447
2968.6949242 0.999585581563
2968.71535578 1.0015242997
2968.73578727 1.0059832772
2968.75621896 1.01287781801
2968.77665054 0.998481764383
2968.79708223 1.01711407395
2968.91967175 0.98838756214
2968.94010324 0.991077202619
2968.96053483 0.997416015899
2968.98096652 0.999370639496
2969.00139801 1.00257667304
2969.0218297 1.0008986286
2969.04226129 0.982885327144
2969.16485083 1.01075310427
2969.18528242 0.990766370009
2969.20571401 1.00043970345
2969.2261456 1.013616705
2969.24657729 1.00687341076
2969.26700878 1.01138173517
2969.28744037 0.999041827949
2969.30787206 0.987522241342
2969.32830356 0.984764448299
2969.34873515 1.00652860335
2969.36916684 0.994096965681
2969.38959833 1.01106736657
2969.41002993 1.00158046082
2969.43046162 0.998536857787
2969.45089311 1.01969836539
2969.47132471 1.00165597905
2969.4917564 0.974567868831
2969.51218789 1.00126804107
2969.53261959 0.971013733096
2969.65520916 1.00977956233
2969.67564075 0.982241464322
2969.69607235 1.00910187128
2969.71650404 1.01713346525
2969.73693554 0.998707960711
2969.75736724 0.976975603869
2969.92081991 1.001499127
2969.94125161 1.000761606
2969.96168311 1.00321074099
2969.98211481 0.996122366116
2970.00254641 0.99222267156
2970.02297791 1.00348772023
2970.04340961 1.00403470294
2970.12513601 0.995769885815
2970.14556761 1.00685327062
2970.16599921 0.978825078256
2970.18643081 0.99327529692
2970.20686251 1.00082388225
2970.22729411 1.00803150327
2970.24772561 0.991651694628
2970.26815731 0.996312712606
2970.28858891 0.994073105216
2970.30902042 1.00088313264
2970.32945212 0.982887706586
2970.34988372 0.995035569969
2970.37031522 1.0074633531
2970.39074693 0.996644498563
2970.41117853 0.999871081076
2970.43161023 0.993720439038
2970.45204174 1.00170712788
2970.47247334 1.00607600878
2970.49290495 1.01212641887
2970.51333655 0.976084645097
2970.63592618 1.00291965532
2970.65635779 1.02339070652
2970.67678939 0.987901335956
2970.7176527 1.00212998665
2970.73808421 1.00057383406
2970.75851582 0.994230904168
2970.88110546 1.00150069573
2970.90153717 0.999592451122
2970.92196878 1.01577889049
2970.94240049 1.00047272838
2970.962832 0.992314935738
2970.98326361 0.985553337281
2971.00369532 1.0167088532
2971.02412683 1.00438906377
2971.04455844 1.00903291757
2971.06499015 1.00208734308
2971.08542166 1.00864805415
2971.10585327 0.99957786162
2971.12628498 0.996507457863
2971.14671649 0.999647805524
2971.1671482 0.987720749057
2971.18757982 1.00276343819
2971.20801133 0.974728813819
2971.24887465 0.96809208537
2971.26930626 1.01455008717
2971.28973788 0.974260184617
2971.330601 1.00044965319
2971.35103272 0.998770161825
2971.37146433 1.00559315895
2971.39189594 0.984827586403
2971.41232756 0.999901171945
2971.43275917 1.01765252297
2971.45319089 0.989050643095
2971.4736224 1.01478840493
2971.49405402 1.00345472036
2971.61664381 1.00251125861
2971.63707543 1.01004646357
2971.67793866 0.994454731978
2971.69837028 0.995816907653
2971.7188018 1.01737391031
2971.88225485 1.01088798274
2971.90268647 1.00535855633
2971.92311819 0.982150999879
2971.94354971 1.00407346352
2971.96398143 1.013744371
2971.98441295 0.997773003223
2972.1274344 1.00258800042
2972.14786602 0.998808105757
2972.16829755 0.999889127779
2972.18872927 1.01660068882
2972.20916089 1.00463391366
2972.22959242 0.99433918222
2972.25002414 1.0026837745
2972.27045577 1.00758192126
2972.29088749 1.00042044322
2972.31131901 0.998584864942
2972.33175064 1.00183264756
2972.35218236 0.994878107052
2972.37261389 1.00120543976
2972.39304551 0.993718041667
2972.41347724 0.973586465741
2972.43390887 0.981010248279
2972.47477212 0.995450403938
2972.49520375 1.00793288339
2972.51563537 0.993783298801
2972.55649863 0.998517422566
2972.57693036 1.00097747925
2972.59736188 0.998639786398
2972.61779351 0.997189561799
2972.63822514 1.00548439803
2972.65865677 1.00441475438
2972.6790883 1.00315860686
2972.69952003 0.993093645289
2972.74038339 0.988098319828
2972.76081492 0.995814586149
2972.80167828 1.00899415671
2972.82210981 1.0126726069
2972.84254144 1.0031526022
2972.86297317 1.0255637405
2972.8834047 0.979703421881
2972.90383633 1.00496777829
2972.92426807 0.981448576904
2972.9446997 1.01569295952
2972.96513133 1.00462330393
2973.08772123 0.993849102017
2973.10815276 1.00483468252
2973.1285844 0.997735781161
2973.14901613 0.988470553153
2973.16944767 0.99841864575
2973.1898794 1.00540542376
2973.21031104 1.0028936507
2973.23074257 0.992075919233
2973.25117431 1.00029830923
2973.27160595 1.00036116818
2973.29203748 0.999608894354
2973.31246922 1.00007831492
2973.33290076 1.00208136199
2973.35333239 1.00315167046
2973.37376413 1.00958690722
2973.39419567 0.987592897601
2973.41462741 1.00614912027
2973.43505905 1.00072766215
2973.45549058 1.00012859759
2973.57808052 1.014993855
2973.59851216 1.00274362323
2973.6189438 0.992143373653
2973.63937554 1.00102043165
2973.65980718 1.00369768327
2973.68023873 0.998017694691
2973.70067047 1.00298471917
2973.72110211 0.99539495162
2973.74153365 0.990210963155
2973.76196539 1.01493795854
2973.78239704 1.00261132147
2973.80282858 0.994152106231
2973.82326032 1.01304836513
2973.84369197 0.964666892695
2973.86412371 0.992050761613
2973.88455525 0.99126249244
2973.9049869 0.98467516977
2973.92541854 1.00046258165
2974.08887181 0.998363070798
2974.10930335 1.00113723315
2974.129735 1.00597873457
2974.15016675 0.99594781242
2974.1705984 1.00011731145
2974.19102995 0.994217268885
2974.21146169 0.997960649385
2974.23189334 1.00908668829
2974.27275664 0.987118921621
2974.29318829 1.00297794987
2974.31362004 1.0071500404
2974.33405159 1.01407068633
2974.35448324 1.00050310286
2974.37491499 0.990402726324
2974.39534654 1.00967252991
2974.41577819 1.00316747063
2974.43620994 1.00170204716
2974.45664149 1.01900866053
2974.47707314 1.0013606517
2974.4975049 1.00422802778
2974.51793645 0.989605641451
2974.5383682 0.996298897955
2974.55879985 1.00871202221
2974.57923151 1.01442430299
2974.59966316 1.0079402792
2974.62009481 1.00090744826
2974.64052647 1.00838318983
2974.66095812 0.997065969735
2974.68138978 0.99763569434
2974.70182133 0.991940464212
2974.72225309 0.962824068409
2974.7631164 1.02751651167
2974.78354805 1.00252483335
2974.80397971 1.0163608922
2974.82441146 1.00280810694
2974.84484302 1.02520779084
2974.86527468 1.00724026471
2974.88570644 1.00649575782
2974.90613799 1.0056815449
2974.92656965 1.0123848069
2974.94700141 0.935302715445
2974.96743297 1.00710828535
2975.00829638 0.988580208061
2975.09002292 1.00968258232
2975.11045468 0.997829373381
2975.13088634 0.988557054001
2975.151318 0.999657853218
2975.17174966 1.00327213843
2975.19218133 1.0274938829
2975.21261309 0.986953767653
2975.25347631 1.00713406903
2975.27390807 1.00068304908
2975.29433964 1.00507842612
2975.3147713 1.00123930303
2975.33520306 0.999917788572
2975.35563473 1.004181016
2975.37606629 0.993821121142
2975.39649805 0.987511137348
2975.55995138 0.985406130137
2975.58038304 0.994949744158
2975.60081461 0.983506878402
2975.62124638 0.991963606679
2975.64167804 1.00151571152
2975.66210981 0.998403781353
2975.68254138 1.00236364625
2975.70297305 0.989010199805
2975.72340482 1.01610690342
2975.74383639 1.01546785252
2975.76426806 0.99653573266
2975.78469983 1.00862018232
2975.80513149 1.01391647406
2975.82556306 1.00071996913
2975.84599484 0.993554890843
2975.86642651 0.989553793566
2975.88685818 0.999994085941
2976.05031155 0.997561008929
2976.07074323 0.989699454131
2976.0911749 0.991971060455
2976.11160668 0.999851388073
2976.13203825 1.01050590985
2976.15246992 1.00454970207
2976.1729017 0.991748500062
2976.19333327 1.00728277601
2976.23419673 0.999144604228
2976.29549176 0.990012154927
2976.31592333 0.99151763388
2976.33635511 1.00935021823
2976.35678679 0.995167361713
2976.37721847 1.00154233552
2976.39765014 1.00602212015
2976.41808182 1.0185729353
2976.4385135 0.998744392454
2976.47937686 1.01810490419
2976.49980854 1.01092854046
2976.52024032 1.00102120106
2976.5406719 1.00186771028
2976.56110368 1.00487919446
2976.58153536 0.99381331148
2976.60196694 0.984747962215
2976.62239872 1.00833376601
2976.6428304 0.979434362392
2976.66326199 0.998470262531
2976.68369377 0.973454371454
2976.72455703 0.986216184029
2976.74498882 0.997727786225
2976.7654204 1.00948087778
2976.78585218 0.996868012243
2976.80628387 1.00202775674
2976.82671555 1.01230178466
2976.84714724 0.985302115691
2976.86757892 1.00237686377
2976.88801061 1.01308702908
2976.90844229 0.981377847414
2976.99016904 0.988159324599
2977.01060083 1.00863629352
2977.03103251 1.00936577864
2977.0514641 0.987607574179
2977.07189589 1.00505762427
2977.09232758 0.998855925963
2977.11275916 0.987107762341
2977.13319095 1.00366641748
2977.15362264 0.990469216665
2977.17405423 0.985279683933
2977.21491771 1.00369418056
2977.2353495 0.994380932153
2977.25578109 1.00503595896
2977.27621278 1.00140322436
2977.29664458 0.9713318787
2977.5213932 1.0015260409
2977.5418249 0.991809695818
2977.56225649 0.985446399901
2977.58268829 1.0125435267
2977.60311998 1.01048864519
2977.62355158 1.00192937695
2977.64398337 1.00323812497
2977.66441507 0.998344189335
2977.70527847 1.00963328815
2977.72571016 0.999836769474
2977.74614196 0.98763707121
2977.76657356 1.00948337384
2977.78700526 0.992562787522
2977.80743706 0.979584621621
2977.82786866 0.991345682988
2977.84830036 0.971738850697
2978.03218577 0.996638693594
2978.05261747 0.981141644225
2978.07304907 0.99408102962
2978.09348088 1.00101975591
2978.11391258 0.994077433455
2978.13434428 1.01486769647
2978.15477599 1.01337359505
2978.17520769 1.0112315272
2978.1956395 1.00907121661
2978.2160711 1.00072156002
2978.23650281 0.998761886497
2978.25693462 1.00577528778
2978.27736622 1.00739281885
2978.29779793 0.981835118685
2978.31822973 0.994306882154
2978.33866134 1.01082829377
2978.37952486 0.994373272462
2978.4816834 0.999723695606
2978.50211511 0.998067598011
2978.52254682 0.989735115658
2978.54297853 1.00290046962
2978.56341024 1.00278389955
2978.58384205 1.00717159656
2978.62470538 0.988945734688
2978.64513719 1.00458047691
2978.68600051 0.98961238765
2978.70643233 1.00307876449
2978.74729565 0.994570557498
2978.76772747 0.987813798244
2978.78815908 0.989964516695
2978.80859089 0.977651594449
2978.82902261 0.980549375849
2978.99247634 1.007561001
2979.01290806 0.997447398482
2979.03333988 1.00301237977
2979.05377149 0.999773577165
2979.07420321 1.01035186069
2979.09463503 0.987414114356
2979.11506665 1.01667715627
2979.13549837 1.00069728679
2979.17636191 1.00846949344
2979.19679353 1.01186839491
2979.21722535 1.00615064545
2979.23765707 1.01393781393
2979.2580888 1.00806145026
2979.27852052 1.00720375253
2979.29895224 0.988908020151
2979.33981569 0.966707921132
2979.36024741 0.968991541007
2979.38067913 1.00480156957
2979.42154258 1.0119189694
2979.44197441 0.980465219903
2979.46240603 0.998195127646
2979.50326948 0.98206228757
2979.52370121 1.00405240372
2979.54413303 1.01166680957
2979.56456466 0.970107548331
2979.58499639 0.948174112684
2979.60542822 0.957597275303
2979.68715513 0.998664093445
2979.70758686 1.00897945293
2979.72801859 0.999175478724
2979.74845032 1.00054215355
2979.76888205 0.991770668888
2979.78931378 0.988697497789
2979.80974551 0.988116878507
2980.01406293 0.981300759206
2980.09578977 0.976890006068
2980.11622161 1.01528741188
2980.13665324 0.999442642964
2980.15708508 1.00315242684
2980.17751682 0.991655589332
2980.19794845 1.01600784206
2980.21838029 0.999413658342
2980.23881203 1.00214369444
2980.25924377 0.986884405084
2980.2796755 1.00071945987
2980.30010724 0.981357291726
2980.32053898 0.995902095009
2980.34097072 0.98485576898
2980.36140246 0.991875127472
2980.40226604 1.00841750192
2980.42269768 0.998177760986
2980.44312952 1.00501282127
2980.46356126 1.00351078349
2980.48399291 1.00668707896
2980.50442475 1.00660952925
2980.52485649 1.00887536898
2980.54528813 1.00363992795
2980.56571998 0.992776254178
2980.60658356 0.994554742703
2980.64744695 1.00742969841
2980.6678788 1.02597512843
2980.68831044 1.00679621163
2980.70874219 0.995468060612
2980.72917403 0.993689826704
2980.74960568 1.02027703474
2980.77003743 0.997280528089
2980.79046917 1.01331635784
2980.81090092 0.996217421471
2980.83133277 1.01076040355
2980.85176442 0.991723837739
2980.89262801 1.00791669832
2980.91305976 1.0022083403
2980.93349141 0.989168370743
2980.95392326 1.00368097037
2980.97435501 0.990395075253
2980.99478666 1.00735474579
2981.01521851 1.00491139709
2981.03565027 0.995370720231
2981.05608212 1.00473437735
2981.07651377 1.00687652173
2981.09694552 1.00156751154
2981.13780903 1.02680969111
2981.15824078 1.00176669369
2981.17867263 1.01442667677
2981.19910429 1.00653846995
2981.21953604 0.999974911355
2981.2399679 0.985507846832
2981.26039955 0.99919360541
2981.28083141 1.00265469632
2981.30126316 0.978828966155
2981.32169492 0.974051213159
2981.34212667 0.977363339095
2981.38299019 1.00089218804
2981.40342195 0.995951930351
2981.4238537 1.00900411165
2981.44428546 0.999330047828
2981.46471722 0.952754106411
2981.48514898 0.963272563297
2981.50558074 0.965615039658
2981.5260125 0.951326126978
2981.54644426 0.971060201063
2981.66903482 1.01696061936
2981.68946669 1.00354458333
2981.70989835 1.00810233757
2981.73033021 1.001652645
2981.75076198 1.00092802486
2981.77119364 0.994063335914
2981.7916255 1.00282604289
2981.81205727 0.967626426162
2981.9142161 0.98183196595
2981.93464786 1.00513861436
2981.95507973 0.995262366988
2981.9755114 1.00400670797
2981.99594317 0.999711328839
2982.01637503 1.00944712351
2982.0368068 0.992340995705
2982.05723847 0.994895579118
2982.07767034 0.998285994331
2982.11853378 1.01623310159
2982.20026096 0.996415218997
2982.22069264 0.999678747567
2982.24112451 1.00654019386
2982.26155628 0.998204004463
2982.30241983 0.995488269717
2982.38414692 0.969869355774
2982.4045788 0.988130398018
2982.42501047 0.978916526061
2982.44544225 1.00222143109
2982.46587413 1.01303692086
2982.4863058 0.997267629663
2982.50673758 1.00048522779
2982.52716946 0.985177851981
2982.54760123 1.00060259447
2982.56803291 1.00213636095
2982.58846479 1.01153624621
2982.60889657 1.00069532928
2982.62932835 1.00180161812
2982.64976013 1.00688107316
2982.67019191 1.01719727388
2982.69062379 1.00213377215
2982.71105547 0.987277281678
2982.73148725 0.97459591672
2982.9153734 0.99367716988
2982.93580508 1.00414485657
2982.95623686 1.00297579818
2982.97666875 1.00361719187
2983.01753222 1.00696343235
2983.03796411 0.998029574807
2983.0583958 0.996474702237
2983.09925947 1.00274218337
2983.11969126 1.02284301018
2983.14012305 0.997193338476
2983.16055484 0.997025233477
2983.18098662 1.00020041876
2983.20141851 0.99580713976
2983.2218502 1.00159408052
2983.28314558 1.01828916599
2983.36487284 0.857607036597
2983.38530464 0.904775072889
2983.40573633 1.01137746626
2983.42616822 0.962395857163
2983.46703171 0.995820885872
2983.67134978 0.975940686706
2983.69178167 0.989329043061
2983.71221347 1.04461611199
2983.73264517 1.01746607667
2983.75307707 0.968699369961
