# #0 time, 1 flux
1977.28271743 0.941394498848
1977.30314953 0.935721713411
1977.32358183 0.950190824003
1977.34401403 0.97507281851
1977.36444623 0.966559701928
1977.38487843 0.971636493841
1977.40531063 0.971646039104
1977.42574283 0.976383103066
1977.44617512 0.982385877398
1977.46660722 0.991573011225
1977.5483361 1.00557682761
1977.5687683 0.97381647702
1977.58920039 0.98793052508
1977.60963269 0.98153564593
1977.63006488 0.984354566608
1977.65049697 0.98422797151
1977.67092927 0.999615393331
1977.69136146 0.999012355512
1977.71179355 0.979401202301
1977.73222584 1.00029023099
1977.75265803 0.985829601386
1977.77309012 0.99863451238
1977.79352241 1.00077893754
1977.8139546 1.00370059625
1977.83438679 0.994868237054
1977.85481898 1.00063557694
1977.89568335 0.990055824623
1977.91611554 0.999755584986
1977.93654773 1.01528406136
1977.95698001 0.983213410604
1977.9774121 1.00513780073
1977.99784428 1.01498827198
1978.01827657 1.01987207726
1978.03870865 1.00383251808
1978.05914084 1.01667754609
1978.07957312 1.01670823247
1978.1000052 1.00032020689
1978.12043738 1.01566266446
1978.14086967 1.00541239368
1978.16130175 1.00582532357
1978.20216621 1.01291341324
1978.22259829 1.00719359478
1978.28389493 1.00738596215
1978.30432711 1.01317911898
1978.32475928 1.00843545758
1978.34519146 1.00181456922
1978.36562364 0.998614615159
1978.38605582 1.0050166341
1978.40648799 1.00948325461
1978.42692017 1.00258087449
1978.46778452 0.995341082835
1978.50864887 1.0066305469
1978.75383492 1.01007959332
1978.77426719 0.995787206001
1978.79469936 0.998589199033
1978.81513142 1.00479625281
1978.83556369 1.00516758096
1978.85599586 1.00533106009
1978.97858885 1.00152161494
1978.99902091 1.01559705838
1979.01945317 0.991177245254
1979.0603174 0.994354911234
1979.08074966 0.994839672304
1979.10118182 1.01181776992
1979.12161408 1.00730613213
1979.14204614 1.00200612376
1979.1624783 0.99514235685
1979.18291046 1.00188320628
1979.20334262 0.993255246306
1979.22377478 1.00630124095
1979.24420694 1.01501704883
1979.26463909 0.999857388302
1979.28507125 0.995728867278
1979.30550341 0.995692320593
1979.32593556 0.985605143754
1979.34636772 0.994546365066
1979.36679998 0.985617546957
1979.38723203 1.01033662108
1979.40766419 0.994026670468
1979.42809644 1.01251385466
1979.44852849 0.993550387499
1979.46896065 0.989540124293
1979.4893929 0.986362480269
1979.50982495 0.988313968321
1979.5302571 0.995273705884
1979.55068935 1.0073657758
1979.57112141 0.993740820307
1979.59155366 1.00426041328
1979.61198581 1.00641201849
1979.63241796 0.996264369351
1979.65285011 1.00216800183
1979.67328225 1.00328046739
1979.6937144 1.00039184448
1979.71414655 1.00165540177
1979.79587514 0.996459714466
1979.81630729 0.989964037255
1979.83673953 1.00666983231
1979.85717158 0.985969704491
1979.87760372 1.00412596351
1979.89803586 1.0037317147
1979.91846801 1.00749237506
1979.93890015 0.97735466953
1979.95933229 1.00222238968
1979.97976444 0.991047423989
1980.00019658 0.984786857235
1980.02062872 1.01261128775
1980.04106086 1.01248964657
1980.0614931 1.01286821394
1980.14322156 0.984771898392
1980.1636537 0.999716875958
1980.18408594 0.998343200303
1980.20451807 0.987306074706
1980.22495011 0.998370419993
1980.24538235 1.00025311925
1980.26581448 0.997232752765
1980.28624652 1.0046962295
1980.30667876 0.987504802684
1980.32711089 1.0005971301
1980.34754293 0.994253066309
1980.36797516 1.00958307276
1980.38840729 1.01982008395
1980.40883933 0.987168712263
1980.42927156 0.991866521473
1980.44970369 1.01416058953
1980.47013582 0.99643132267
1980.49056796 1.00208969618
1980.51100009 1.00150975059
1980.53143232 1.00609704261
1980.55186435 1.00334173809
1980.57229648 0.989124469671
1980.59272871 0.999729009211
1980.61316074 0.995981324101
1980.63359287 0.990475238864
1980.65402509 1.00419638615
1980.67445712 1.00507412038
1980.69488925 1.00196201614
1980.71532148 1.00921131711
1980.7357535 0.990394821749
1980.75618563 0.991640638385
1980.77661785 0.990719075396
1980.79704988 0.978779045
1980.817482 0.999846234696
1980.83791423 1.00224292379
1980.85834625 1.00578889849
1980.87877838 0.994818531787
1980.8992106 0.988048843065
1980.91964262 1.00379294466
1981.02180333 1.00545702428
1981.04223545 1.0061995102
1981.06266757 1.00247808572
1981.08309969 0.991528965525
1981.10353181 0.996939469673
1981.12396392 1.00124850036
1981.14439604 0.982334590326
1981.16482816 0.989973982296
1981.18526038 1.00417728668
1981.20569239 0.999993936914
1981.24655673 0.996462621572
1981.26698874 0.998144338711
1981.28742086 1.00717656855
1981.30785307 1.00328828714
1981.32828509 1.00243152343
1981.3487172 0.996961325402
1981.36914941 1.01195247261
1981.38958143 0.998248925197
1981.41001354 0.990676461028
1981.43044565 0.994650046444
1981.45087776 0.989933308118
1981.47130997 1.00703135865
1981.49174198 1.00105290501
1981.51217409 1.01453390431
1981.59390263 1.00329179964
1981.61433474 0.99735983483
1981.63476675 1.00649194034
1981.65519896 1.00489698583
1981.67563106 0.999105069589
1981.69606307 0.998338612066
1981.71649528 0.999290364561
1981.73692738 0.991569866694
1981.75735939 0.996634584022
1981.77779159 1.0019364056
1981.7982237 1.01169601318
1981.8186557 1.01250828487
1981.8390879 1.00446119642
1981.85952001 0.996844000636
1981.87995211 1.00269842725
1981.90038421 0.996606024441
1981.92081632 1.01767675089
1981.94124852 0.995549226705
1981.96168052 1.00575697108
1981.98211262 0.999009988518
1982.00254482 1.00995353115
1982.02297692 0.987957541709
1982.04340892 0.992571108517
1982.06384112 1.00076751649
1982.08427322 1.00335543767
1982.10470521 1.00036280022
1982.12513741 0.999481555302
1982.2068657 1.00473203664
1982.2272978 1.00910006487
1982.24772999 1.00435824708
1982.26816199 0.987103364082
1982.28859408 0.993937563814
1982.30902627 1.00078307336
1982.32945827 1.01337655676
1982.34989036 0.998958814804
1982.37032255 1.00962081627
1982.39075465 0.993978653443
1982.41118674 1.01748976468
1982.43161883 1.01903225603
1982.51334719 0.990874756716
1982.53377938 1.00551845308
1982.55421137 0.990808858591
1982.57464346 0.9953429882
1982.59507565 1.00294712318
1982.61550764 0.994948085712
1982.63593973 1.00534855645
1982.65637191 0.996792765727
1982.6768039 1.01185955373
1982.69723599 1.00813708116
1982.71766817 1.00324523882
1982.73810016 1.00700185868
1982.75853224 1.00030232542
1982.77896443 0.995396970844
1982.79939641 1.00497189945
1982.8198285 1.00882177297
1982.84026068 0.997025460166
1982.86069276 1.01351655324
1982.88112484 0.995078216782
1982.90155693 1.0027373199
1982.92198891 1.00237323706
1982.94242109 0.992453145588
1982.98328515 0.99715864909
1983.00371733 0.987642968033
1983.02414941 1.01047374427
1983.06501357 1.0059562525
1983.08544565 1.0102294234
1983.10587763 0.99723610322
1983.12630981 1.00559989664
1983.18760604 0.989203285837
1983.20803811 1.00718244831
1983.22847019 0.988221851524
1983.24890226 0.997331142204
1983.26933434 0.988531256026
1983.28976641 0.993940400821
1983.31019849 1.00064528209
1983.33063056 0.999128057405
1983.35106273 1.01356029072
1983.37149481 0.991810165801
1983.39192678 0.997017332268
1983.41235895 1.01649712374
1983.43279102 0.988092835908
1983.45322299 0.991392498514
1983.47365517 1.0068820644
1983.49408724 0.995888093275
1983.51451921 1.01049633685
1983.53495138 1.00362478492
1983.55538345 0.985769104101
1983.57581541 0.975911077339
1983.59624758 1.01788166899
1983.61667965 1.01258547217
1983.67797575 0.997367344328
1983.69840792 1.00481078404
1983.75970402 0.996749910724
1983.78013618 1.01452266511
1983.80056825 0.994992887727
1983.82100031 0.991653657455
1983.84143237 1.00673996597
1983.86186444 1.00879347821
1983.8822966 1.01683842235
1983.92316062 1.00431916445
1983.94359279 0.992994479954
1983.96402475 0.990325799346
1983.98445681 0.993599152409
1984.02532093 0.991447508563
1984.04575299 0.998700408425
1984.06618515 1.00086398486
1984.08661711 0.983679745435
1984.10704917 1.00334214177
1984.12748132 1.00022010713
1984.14791328 1.00379287178
1984.16834534 1.00182066286
1984.1887775 1.00284706987
1984.20920955 1.01193493717
1984.22964151 0.994632124447
1984.25007366 0.992525953885
1984.27050572 0.996101471827
1984.31136983 1.00402044169
1984.33180188 1.00948006003
1984.35223404 1.01000596182
1984.37266599 0.998341945657
1984.4543941 1.00645842922
1984.47482625 0.996569457937
1984.4952583 0.991319459656
1984.51569025 0.999294026467
1984.5361224 1.00445783271
1984.55655445 1.00332295528
1984.5769864 0.998470939143
1984.59741855 0.978376797534
1984.6178506 0.990638173945
1984.63828265 1.00787029539
1984.6587147 0.994862678194
1984.67914674 1.00234680628
1984.69957879 0.992504656786
1984.72001094 1.00493721154
1984.74044288 0.995930549199
1984.76087503 0.995030568592
1984.78130707 1.01193738607
1984.80173902 0.998997553536
1984.82217116 0.990804498654
1984.84260321 0.98853614462
1984.86303515 1.00808153643
1984.8834673 1.0038350823
1984.96519547 0.995514277326
1984.98562741 1.00537684594
1985.00605955 0.993038882323
1985.02649159 1.00152967118
1985.04692363 0.991138260914
1985.06735567 0.994431551702
1985.08778771 1.00605514058
1985.10821975 0.999648337363
1985.12865179 0.999408030076
1985.14908383 0.998490970391
1985.16951577 1.01117856571
1985.1899479 1.00581181553
1985.21037994 1.00137769764
1985.23081208 1.00507482635
1985.25124401 0.99504249052
1985.27167605 1.00329576044
1985.31254012 1.00777007613
1985.33297216 0.995285151999
1985.35340429 0.988938353683
1985.37383622 0.995137227755
1985.39426826 0.991753277549
1985.41470039 1.01466705432
1985.43513233 0.995554079608
1985.45556436 1.00348835555
1985.47599649 0.997931265207
1985.49642842 1.00168229615
1985.51686045 1.00449662259
1985.53729258 0.984721555024
1985.63945263 1.00227364523
1985.65988476 1.00037944112
1985.68031679 0.993064203043
1985.70074892 0.999037202506
1985.72118085 0.986249201483
1985.74161288 0.992332459502
1985.762045 1.01364996626
1985.78247693 0.976774615892
1985.80290895 0.994316009058
1985.82334108 0.995604396023
1985.84377301 0.988679559607
1985.86420503 0.989322748422
1985.88463706 1.0016513773
1985.90506908 1.00043425782
1985.9255011 1.0071004075
1985.94593313 0.988870524341
1985.96636515 0.994146388927
1985.98679717 0.997861447518
1986.0072292 0.998473196604
1986.06852536 0.988744747883
1986.08895728 0.992198938442
1986.1093893 1.0066523299
1986.12982142 1.00268665591
1986.15025334 1.01798476347
1986.2115494 0.999163077668
1986.29327757 1.0024141361
1986.31370958 0.997991933425
1986.3341415 0.97098029017
1986.39543765 0.998736279176
1986.41586966 1.00650497893
1986.43630168 1.00976498127
1986.51802973 0.99419729094
1986.53846184 1.01182628115
1986.55889376 0.994624146946
1986.57932577 1.01180923825
1986.59975778 0.991648735042
1986.62018979 1.01095435903
1986.68148582 0.993408846021
1986.70191793 1.01848193789
1986.72234984 0.988871867369
1986.74278185 1.00134861411
1986.76321396 1.00558476038
1986.906238 1.01859204861
1986.92666991 0.994414343921
1986.94710202 1.0016070668
1986.96753402 1.00010754136
1986.98796592 1.00123990921
1987.00839803 1.01427383822
1987.02883003 0.999343673283
1987.04926194 1.0045485244
1987.11055814 1.00081964666
1987.13099004 0.988214862516
1987.15142205 1.00488971955
1987.17185415 0.998205810455
1987.19228605 1.00194476901
1987.21271805 0.995534724841
1987.23315015 0.987859998949
1987.25358205 0.987004556191
1987.27401405 0.997419743661
1987.29444614 0.985542060447
1987.33531004 0.988849838604
1987.35574214 0.986349839487
1987.37617404 0.999469746581
1987.39660603 1.01981011839
1987.41703803 1.00739859877
1987.43747002 1.00636445629
1987.45790202 0.999927050847
1987.49876601 0.999810420222
1987.51919811 1.00561860634
1987.5396301 1.00289130269
1987.56006199 1.01915074901
1987.58049409 0.998103937768
1987.62135797 0.996472803047
1987.64179007 0.999549660569
1987.66222206 1.0122109508
1987.68265395 1.0081114646
1987.70308604 0.995144463325
1987.72351803 0.986168438869
1987.74395002 1.01479526974
1987.76438201 1.00514769518
1987.784814 0.984495648018
1987.80524599 0.988201061596
1987.82567798 1.00817211242
1987.84610997 0.998278015662
1987.86654196 1.00103702049
1987.88697395 0.987567457755
1987.90740594 0.997120689336
1987.92783792 1.01001443054
1987.94827001 0.982143391284
1987.9687019 0.997495211907
1987.98913398 1.00558236372
1988.00956597 1.00895503941
1988.02999786 1.00177744905
1988.07086192 0.995353334015
1988.09129381 1.00483028769
1988.11172589 1.01935266985
1988.13215778 0.982802138668
1988.15258976 0.997297055908
1988.17302184 1.00793892288
1988.19345373 1.00404150809
1988.21388571 0.992905238984
1988.23431779 0.992129888193
1988.25474967 0.998071460656
1988.27518165 0.99663357368
1988.29561373 1.00689368716
1988.31604572 1.00038097414
1988.3364776 1.00380742537
1988.35690967 0.990481235287
1988.37734165 1.00818765521
1988.39777353 0.999249260001
1988.41820561 0.989726567589
1988.43863759 1.01225561067
1988.45906967 1.00083786543
1988.47950155 0.99604017594
1988.49993352 0.995461677146
1988.5203656 0.997792466217
1988.54079748 0.99184035988
1988.56122945 1.00022209043
1988.58166153 0.998584385891
1988.6020934 1.00014270558
1988.62252538 0.987716428579
1988.64295745 0.996250241504
1988.6838213 1.01221977561
1988.70425338 1.00244477015
1988.72468525 1.01379575657
1988.74511722 1.00027006937
1988.7655493 0.985510702404
1988.78598127 0.988242156511
1988.80641314 1.00757747187
1988.82684521 0.999603168454
1988.86770905 0.982582348785
1988.88814112 1.0084982164
1988.92900506 0.997969685782
1988.94943703 0.999638863154
1988.9698689 1.00696163065
1988.99030097 1.01154657872
1989.01073294 0.98781037355
1989.03116481 0.997085851402
1989.11289278 0.989596765838
1989.13332474 1.01851272249
1989.15375671 1.01105128436
1989.17418868 0.984458011545
1989.19462064 0.998268023881
1989.21505261 0.995225155652
1989.23548457 1.00230805645
1989.25591653 1.00228071176
1989.2763485 0.989256031802
1989.29678056 1.01097538013
1989.31721242 0.981361658958
1989.33764439 0.996583695823
1989.35807645 0.999452760486
1989.37850831 0.998221563574
1989.39894037 0.998877869342
1989.41937233 1.00430434689
1989.4398042 1.01369641179
1989.46023626 1.01197567534
1989.48066822 1.00431804906
1989.50110008 0.992010820174
1989.52153214 0.999497194093
1989.5419641 0.994270332953
1989.56239595 1.00586437567
1989.58282801 0.999696680805
1989.60325997 1.01078913819
1989.62369183 0.999629545437
1989.64412389 1.00009471536
1989.66455584 0.999943667198
1989.6849877 1.01786472828
1989.70541976 0.992883600416
1989.72585171 1.00936473116
1989.74628357 1.00119890966
1989.76671563 0.9994696583
1989.78714758 1.0059890382
1989.80757944 0.996756152095
1989.82801149 0.994628067579
1989.84844344 0.999929902862
1989.8688755 0.99823056568
1989.88930735 0.99724040698
1989.9097393 0.994361864283
1989.93017136 0.998451476898
1989.95060321 1.00259536368
1989.97103516 0.990777147705
1990.01189906 0.998739962346
1990.03233101 1.01287829439
1990.07319492 0.992823335936
1990.09362687 1.00842378189
1990.11405892 1.00505269099
1990.13449086 1.01190176883
1990.15492271 0.999024658029
1990.17535476 1.01825956584
1990.19578671 1.00887954798
1990.21621856 0.999059866059
1990.23665061 0.994962093335
1990.25708255 0.998163343531
1990.2775145 1.00278856256
1990.33881034 0.994818005176
1990.35924228 1.00611529963
1990.37967413 0.986525112654
1990.40010617 1.00009825977
1990.48183395 0.996262857949
1990.50226589 0.999611027919
1990.52269784 0.999905026041
1990.54312978 0.990519329582
1990.56356172 0.988986803561
1990.58399366 0.998946517172
1990.6044256 1.00455788265
1990.62485754 0.994589201506
1990.64528959 1.00695425967
1990.66572143 0.997337298191
1990.68615337 0.998270773739
1990.70658541 0.998155939305
1990.72701725 0.99842066274
1990.74744928 0.989882116964
1990.76788122 1.00110481301
1990.78831306 0.999815404964
1990.82917704 1.00545273956
1990.84960887 1.01288104732
1990.87004091 1.01156601023
1990.89047285 1.01565124436
1990.91090468 1.01162964156
1990.93133672 1.00054973068
1990.95176866 0.993260746448
1990.97220059 1.00882586336
1990.99263253 0.993565365722
1991.01306446 0.997415144349
1991.0334964 0.988118287789
1991.05392833 0.993012637653
1991.07436026 0.991335936168
1991.0947921 1.01811128624
1991.11522413 1.00261016203
1991.13565606 0.996884041735
1991.15608809 0.996083986277
1991.17651993 1.00558107276
1991.19695186 1.00674245048
1991.21738389 0.997304149144
1991.23781572 0.995482352947
1991.25824765 1.00779414982
1991.27867968 0.997455727569
1991.29911151 0.989448582154
1991.31954344 1.00124015236
1991.33997547 1.00755310031
1991.3604073 1.00811222502
1991.38083923 1.00017520455
1991.42170309 1.00417084113
1991.44213501 1.0099155536
1991.46256704 1.00241472195
1991.48299897 1.01349603328
1991.50343079 0.994906712711
1991.52386282 1.00797554425
1991.54429475 0.99929635063
1991.56472657 0.994602144711
1991.5851586 0.996707873546
1991.60559052 1.00722630076
1991.62602255 0.997710709619
1991.64645437 0.990767714813
1991.6668863 1.00003307578
1991.68731832 0.994471693814
1991.72818207 0.986816593747
1991.74861399 0.992584200998
1991.76904591 1.0021474916
1991.78947783 0.995079465727
1991.80990976 1.01492098787
1991.83034168 1.00001117031
1991.8507736 0.9883094421
1991.87120552 0.991570419365
1991.89163744 1.00392477063
1991.91206936 0.994180848967
1991.93250128 1.00372549727
1991.9529332 0.988341940384
1991.97336512 0.996215463502
1991.99379714 1.00456992161
1992.01422896 0.988308640323
1992.03466097 0.987681519609
1992.07552471 0.998534637167
1992.09595673 0.991380645212
1992.11638864 1.00576705211
1992.13682046 1.00272070309
1992.15725248 0.995493762334
1992.17768439 0.986966712021
1992.19811621 1.01174974101
1992.21854822 1.01224939833
1992.23898014 1.00089920448
1992.25941195 0.996394156605
1992.27984397 0.975481193988
1992.30027588 0.99178332972
1992.32070779 0.986454129124
1992.34113971 0.996576193618
1992.36157162 0.986916483134
1992.38200353 0.996788402265
1992.40243545 1.00394569202
1992.42286736 1.00451765292
1992.44329937 1.00159028468
1992.46373128 1.00779997323
1992.48416309 0.984513836468
1992.5045951 1.00476817242
1992.52502691 1.01198756211
1992.54545882 0.985826130838
1992.56589083 1.00282671112
1992.58632264 1.00653447348
1992.60675455 1.00662334681
1992.64761837 1.00769802654
1992.70891409 0.992433614897
1992.729346 1.00916060291
1992.74977801 0.996169686479
1992.79064172 1.01505856839
1992.81107373 0.981775164216
1992.83150563 1.00075451934
1992.85193754 1.0081181434
1992.87236944 1.00092675422
1992.89280135 0.992839240922
1992.91323325 1.00336151749
1992.93366515 0.983162498307
1992.95409706 0.997739259483
1992.97452906 0.977162871175
1992.99496086 0.993701225575
1993.01539277 0.987779242153
1993.03582477 1.00022573224
1993.05625657 1.0085254213
1993.07668847 0.993738899517
1993.09712048 1.00304634771
1993.11755228 0.984031280042
1993.13798418 1.00679146914
1993.15841618 0.993929524906
1993.17884798 0.996924255867
1993.19927988 1.00147352835
1993.21971188 0.998733920156
1993.24014368 1.01963075426
1993.26057568 0.999688942411
1993.28100748 0.991405545284
1993.30143937 1.00283000551
1993.32187137 0.990455918841
1993.34230327 1.01146504764
1993.36273507 0.983309656456
1993.44446275 0.995569264159
1993.46489465 1.00688838221
1993.48532645 0.982920609391
1993.50575844 1.00936557372
1993.52619034 0.991983694783
1993.54662213 1.01285725336
1993.56705412 0.997659231732
1993.58748602 1.02206163299
1993.60791781 1.00619543291
1993.62834981 1.00306433297
1993.6487817 1.00295515359
1993.66921369 1.00830432126
1993.68964548 1.00200279789
1993.71007738 0.994059350395
1993.73050937 1.00375188516
1993.75094116 0.998836132875
1993.77137305 1.01437628189
1993.79180504 1.00589902709
1993.81223693 0.995748583248
1993.83266872 1.00492036204
1993.85310071 1.00680936397
1993.8735326 1.00584562131
1993.95526006 0.995980181528
1993.97569205 0.996600223617
1993.99612383 0.996039944747
1994.01655572 1.00729243935
1994.0574195 0.989604056327
1994.07785148 1.00086879871
1994.09828337 0.984312988469
1994.11871515 1.01715455627
1994.13914714 0.996781622054
1994.15957903 0.990416495755
1994.18001091 0.994890677111
1994.2004428 1.01113638696
1994.22087468 1.00655770857
1994.24130656 1.00050520256
1994.26173845 1.0006831571
1994.28217033 1.02143809422
1994.30260221 1.01648409544
1994.3230341 1.01644222288
1994.34346598 0.982606283887
1994.36389786 0.994913583353
1994.38432984 1.00179780365
1994.40476163 0.99802873813
1994.42519351 0.992211372481
1994.44562549 1.00248114728
1994.46605727 1.0034010769
1994.48648925 1.00914549352
1994.50692113 0.980637718903
1994.52735291 1.0004453985
1994.54778489 1.00816955824
1994.56821677 1.00547384979
1994.58864855 0.993993589789
1994.60908053 1.00245302634
1994.62951241 1.00603289886
1994.64994428 0.994755090315
1994.67037616 1.01801089624
1994.69080804 0.992882114705
1994.71123982 0.990483667615
1994.75210367 0.996898480331
1994.77253545 0.988624178342
1994.79296742 1.01230522786
1994.8133993 1.00248331755
1994.83383107 1.00694282482
1994.85426305 0.99809196856
1994.87469492 0.987106244907
1994.8951269 1.00469178805
1994.91555867 1.00039416726
1994.93599055 0.99619649408
1994.95642252 1.00090091603
1994.97685429 0.999485638775
1995.01771814 1.00059611342
1995.03814991 1.00615506965
1995.05858178 1.00314450232
1995.07901376 0.994106997168
1995.09944553 1.00147949796
1995.1198774 1.00334689332
1995.14030937 0.99031440159
1995.16074114 0.996150077325
1995.18117301 1.00125991749
1995.20160498 0.989336994051
1995.22203685 0.990789809527
1995.24246862 1.00425671043
1995.32419619 0.999212650766
1995.34462806 1.01501582348
1995.36505993 0.999782194222
1995.4467874 0.982909095184
1995.46721926 1.00399460062
1995.48765113 0.998896618135
1995.508083 1.00601939361
1995.52851476 0.986683872166
1995.54894673 0.993403269117
1995.56937859 0.991566112971
1995.58981046 1.00580636969
1995.61024232 0.98835741827
1995.63067418 1.00355818954
1995.65110605 1.00490803961
1995.67153791 1.00698281435
1995.7328336 1.00398840777
1995.75326536 0.996780555977
1995.77369732 0.977827666769
1995.79412918 1.00312069696
1995.81456095 0.997006976202
1995.83499291 0.994580660877
1995.85542477 1.00050368109
1995.87585653 0.996486469358
1995.89628849 0.995657269924
1995.91672035 0.983894449156
1995.93715211 1.00330503692
1995.95758407 1.00574880178
1995.97801593 1.01265534075
1995.99844768 1.00315448064
1996.01887964 0.998069556118
1996.0393115 1.00235352076
1996.05974336 0.991327612596
1996.08017522 1.00283876715
1996.10060707 0.993412561902
1996.12103893 0.991706257138
1996.14147079 0.992795358138
1996.16190264 0.990097110418
1996.1823345 1.00927387128
1996.20276636 0.99829564672
1996.22319821 0.999034740327
1996.24363017 0.994060114171
1996.26406192 0.998457432544
1996.28449378 1.0087646697
1996.30492573 0.993056918232
1996.32535748 0.979252071071
1996.34578934 1.00340702225
1996.36622129 0.999331531038
1996.38665305 1.01034275077
1996.4070849 1.00285003604
1996.42751685 0.992381259078
1996.46838046 0.997676121949
1996.48881241 1.00968222159
1996.50924416 1.00161464199
1996.59097166 0.997918528499
1996.63183536 1.00756244462
1996.65226721 1.0005992585
1996.67269906 1.00424195598
1996.71356286 1.01852384862
1996.73399461 1.00181642977
1996.75442646 1.00492656278
1996.7748584 1.00907161139
1996.79529015 1.00331297393
1996.815722 1.00073305655
1996.83615395 0.998959989823
1996.85658569 0.999422873479
1996.89744939 1.01055537784
1996.91788123 0.999048415516
1996.93831318 0.993341209157
1996.95874492 1.00625125807
1996.97917677 1.00608810081
1996.99960871 1.00722935202
1997.02004046 1.00155955636
1997.0404723 1.00949056158
1997.06090425 0.999231228579
1997.10176783 0.997866949927
1997.14263162 0.992924126218
1997.16306336 1.00121040289
1997.1834953 1.00044108188
1997.20392715 1.00932569553
1997.24479083 1.00862721782
1997.26522267 0.991140671529
1997.34695013 0.993567568928
1997.36738187 1.00360367059
1997.38781371 1.00149155132
1997.40824565 0.999839966345
1997.42867739 0.998154657461
1997.44910923 1.0002159171
1997.46954117 0.996759641614
1997.48997291 0.995358016758
1997.51040474 0.985726693802
1997.55126852 0.977246562306
1997.57170025 1.00782838014
1997.59213219 1.01060697467
1997.61256393 0.999454844646
1997.63299576 1.00008554701
1997.6534277 0.999345632619
1997.67385944 1.00897853514
1997.71472321 0.993751882655
1997.73515494 1.01668436124
1997.75558688 0.995300701588
1997.77601871 1.0090912323
1997.79645045 0.996254338302
1997.81688238 0.992748515203
1997.83731421 0.986870507631
1997.85774595 1.01638952836
1997.87817788 0.999948020337
1997.89860971 0.992778218301
1997.91904154 0.995879199793
1997.93947338 1.00812433818
1997.95990521 1.00078012856
1997.98033704 0.997817984875
1998.08249619 1.01592313559
1998.10292812 0.982428775206
1998.12335995 1.00085110091
1998.14379168 1.00087759857
1998.16422361 0.985211541775
1998.18465544 1.01201740839
1998.20508717 0.99122149873
1998.2255191 0.993758334892
1998.24595093 0.997698521491
1998.26638266 0.994677456672
1998.28681458 0.989811976348
1998.30724641 1.01312408986
1998.34811006 0.995462586798
1998.36854179 1.00242201225
1998.4502691 1.00086686514
1998.49113285 1.0149980484
1998.51156467 1.01441446582
1998.53199649 1.01338523773
1998.55242832 0.998477691812
1998.57286024 1.00204368905
1998.59329197 1.00758695146
1998.61372379 0.98771446234
1998.63415571 1.00386613745
1998.67501926 0.995442895898
1998.69545118 1.00171446108
1998.7158829 0.995584078942
1998.73631473 1.00422779736
1998.75674665 1.00827007185
1998.77717837 0.989933426792
1998.79761019 1.00082375401
1998.81804211 1.00276051749
1998.83847383 1.00460571279
1998.85890565 0.984667527879
1998.87933757 0.993795354569
1998.89976939 1.00980949361
1998.92020121 0.999026143031
1998.94063303 0.990321050293
1998.96106485 0.990498021571
1998.98149667 0.997757261723
1999.00192849 0.992076300769
1999.0223603 0.999417034347
1999.04279222 1.00023209735
1999.06322394 1.00610099677
1999.08365576 0.991512783687
1999.10408757 0.99111726268
1999.12451939 1.00424948094
1999.14495111 0.982234483775
1999.16538302 0.99961133199
1999.18581484 1.01816372458
1999.20624656 1.01062273188
1999.22667847 1.00218166551
1999.24711029 1.01761957361
1999.2675422 1.00716309118
1999.28797392 1.00975678901
1999.34926936 1.00275362049
1999.36970117 0.993743549521
1999.39013309 0.991777385571
1999.4105649 0.993504711728
1999.43099661 0.998508747454
1999.45142853 1.00730169898
1999.47186034 1.00070615573
1999.49229205 0.99291591785
1999.51272396 0.995636681609
1999.53315578 1.00503799484
1999.55358749 1.00947525875
1999.5740194 1.00972298715
1999.59445121 1.00542006654
1999.73747398 0.993033706887
1999.75790569 0.996892674909
1999.7783375 0.993324740597
1999.79876941 1.0062342132
1999.81920112 1.00134442058
1999.83963292 0.99936929316
1999.86006473 1.00567695616
1999.88049654 1.00170336011
1999.90092835 0.992069186362
1999.92136015 1.01151520342
1999.94179196 0.999363524938
1999.96222377 0.995873353158
1999.98265567 0.992395205025
2000.00308738 1.00884369796
2000.02351928 0.990330363051
2000.04395109 0.995698311456
2000.0643828 0.985973173711
2000.0848147 1.00742217213
2000.10524651 0.998492711842
2000.12567821 1.00750979212
2000.14611011 0.992501446462
2000.18697362 0.996916927684
2000.20740553 1.00373239523
2000.22783733 1.00976809614
2000.24826913 1.00977627186
2000.26870093 0.992698431356
2000.28913274 1.01300702738
2000.30956454 1.00314759868
2000.32999634 0.996695323406
2000.35042814 0.978098819894
2000.37085995 0.983931796084
2000.39129185 1.0070391856
2000.41172355 1.00315080993
2000.45258725 0.993686735332
2000.47301895 0.995383593409
2000.49345085 0.999347312603
2000.51388265 0.971091999562
2000.53431435 1.01821374651
2000.55474625 1.00823305539
2000.57517805 1.0007274506
2000.59560975 0.993645507931
2000.63647334 1.01130262181
2000.65690514 0.987026038815
2000.67733704 1.0080091356
2000.69776874 0.981946814421
2000.71820053 0.996648045311
2000.73863243 1.00434228218
2000.75906413 1.0149289684
2000.77949603 1.02297272337
2000.86122321 0.983748181062
2000.88165501 1.01465552206
2000.9020868 0.992582744586
2000.9225186 1.00858277467
2000.96338229 0.998778580013
2000.98381398 1.01301251323
2001.00424577 1.00105904898
2001.02467767 0.997545878477
2001.04510936 0.999125975319
2001.06554115 0.995371574926
2001.08597305 0.998931300575
2001.12683653 1.01625536819
2001.14726843 0.991594508193
2001.16770012 1.0167980154
2001.2085638 0.989274132432
2001.22899559 0.999329704531
2001.24942738 1.01958944234
2001.26985907 1.0024544554
2001.29029097 0.998514846381
2001.31072276 1.00989930238
2001.33115455 0.997876208023
2001.35158624 1.00646507631
2001.37201813 1.01928033907
2001.39244992 1.00181342512
2001.4128816 0.999124660971
2001.43331349 0.992757438815
2001.45374528 0.998652078318
2001.47417697 0.995699712653
2001.49460886 0.997323346092
2001.51504065 1.01373556399
2001.53547254 0.995571092903
2001.55590422 0.987038168871
2001.57633601 0.996667943158
2001.5967679 0.997631537274
2001.61719959 1.01385077767
2001.63763137 1.00824039562
2001.65806326 1.00541983298
2001.67849494 1.0099154558
2001.71935862 1.00286597864
2001.80108576 1.00058132707
2001.82151744 0.993980555523
2001.84194933 0.98814582243
2001.86238111 0.999519154229
2001.88281299 1.00345469889
2001.90324468 1.0041028311
2001.92367646 0.994055577279
2001.94410835 1.00129408407
2001.96454003 0.997607595552
2001.98497181 0.999499557859
2002.00540359 0.999382288769
2002.02583538 1.01161311
2002.04626716 1.00664472431
2002.06669894 0.998404165087
2002.08713072 1.00607781055
2002.1075624 1.00201092156
2002.12799428 0.993683938213
2002.14842606 1.0057478369
2002.16885785 1.00742167082
2002.18928963 0.996394911519
2002.20972141 0.995304752852
2002.23015329 1.00179469416
2002.25058497 1.00455164081
2002.27101675 0.995912162478
2002.29144863 0.99567805573
2002.3118804 0.991050189055
2002.33231208 1.00064608692
2002.35274396 0.998621886159
2002.37317574 0.98916938114
2002.39360742 0.992647337319
2002.4140393 0.999411656841
2002.43447107 0.997678402997
2002.45490275 1.00712872531
2002.47533463 0.994739588039
2002.49576641 0.991254638987
2002.51619808 0.988459582685
2002.55706174 0.997030457369
2002.59792529 1.00853963034
2002.63878894 0.987015642091
2002.65922062 1.00940396176
2002.67965239 1.00272450147
2002.70008427 0.985073860449
2002.72051594 1.00082082391
2002.74094771 0.982307705156
2002.76137949 0.990515988425
2002.78181126 0.998042728867
2002.80224304 1.00628978016
2002.84310658 1.00608605409
2002.86353836 0.990111748235
2002.88397023 0.982354297183
2002.9044019 0.996305652278
2002.94526555 1.00018975028
2002.96569722 0.998685457315
2002.98612909 0.992799331376
2003.06785618 0.996505650298
2003.08828785 1.01016102307
2003.10871972 0.99274876289
2003.12915149 0.999021870251
2003.14958326 0.984643677439
2003.17001503 1.00122130933
2003.1904468 1.00551069068
2003.21087857 0.989942585634
2003.23131033 0.999253985533
2003.2517421 1.00528201391
2003.27217387 1.00197386715
2003.29260574 0.999097891416
2003.31303741 1.00408623403
2003.33346928 1.01715161428
2003.35390104 1.01058162955
2003.37433271 0.995300453911
2003.39476458 0.999348035353
2003.41519635 1.01285870821
2003.45605988 1.00951485331
2003.47649155 0.980307009428
2003.49692331 0.972971381744
2003.51735518 1.00627187905
2003.57865048 1.0062857552
2003.59908214 1.01455543275
2003.61951391 0.998818073394
2003.63994577 1.01256600129
2003.66037754 0.99777925449
2003.6808093 0.990593897193
2003.70124106 0.999294136388
2003.72167283 0.994382132618
2003.74210459 1.0075340601
2003.76253636 0.992256602205
2003.78296812 0.999130482813
2003.80339998 0.983906369824
2003.82383165 0.998300907222
2003.84426341 1.00233942234
2003.86469527 1.00135289089
2003.88512693 1.00459162001
2003.9055587 0.985303927969
2003.92599056 0.992662016333
2003.94642222 1.01739711014
2003.96685398 1.00553705879
2003.98728584 1.01287923794
2004.0077175 0.991389573978
2004.15073992 0.985433862264
2004.17117168 1.0060906485
2004.19160344 1.00056650524
2004.2120352 0.977539060651
2004.23246696 0.992714376681
2004.25289862 0.99326361015
2004.27333048 1.01175098508
2004.29376223 0.991937051438
2004.31419389 1.00491053251
2004.33462575 0.985806740907
2004.35505751 0.981635182491
2004.37548937 1.00893182754
2004.39592102 0.990489802412
2004.41635278 1.0075434674
2004.43678464 0.992710866646
2004.45721629 0.994648695216
2004.47764805 0.986666067113
2004.4980799 1.01180188193
2004.51851156 0.999413944553
2004.55937517 1.0028294018
2004.60023858 0.987573680272
2004.62067044 0.988695600199
2004.64110219 0.990521796029
2004.66153385 0.987067023325
2004.6819657 1.00806089667
2004.70239745 0.996366643579
2004.72282921 1.00054237704
2004.74326096 1.00221234066
2004.76369271 0.998466365139
2004.78412457 1.01900562246
2004.80455622 1.00878372921
2004.88628323 0.999976907307
2004.90671498 0.99282658122
2004.92714673 1.00598145555
2004.94757849 1.00072139424
2004.96801024 1.00461123081
2004.98844199 1.00397079802
2005.00887374 1.00758551209
2005.02930549 1.00568060313
2005.04973724 0.98514379608
2005.07016909 1.00462574644
2005.09060074 0.997243227135
2005.11103249 0.997077947971
2005.13146434 1.01502713962
2005.15189609 1.00233427997
2005.17232774 0.990135424918
2005.19275959 1.0015404806
2005.21319134 1.00240327311
2005.23362299 1.00342024969
2005.25405484 0.99599921744
2005.27448658 0.992731395135
2005.29491823 0.986458336627
2005.31535008 1.00987872773
2005.37664532 0.99032190841
2005.39707707 0.981955989339
2005.41750892 0.985962915907
2005.43794056 0.994184110917
2005.45837231 1.01021886742
2005.47880416 0.998536076643
2005.4992358 0.992344631185
2005.51966755 0.993061370175
2005.54009939 1.01163377285
2005.56053104 1.00428784454
2005.58096279 0.989688415628
2005.60139463 0.989415597337
2005.62182628 0.998847568461
2005.64225802 0.996415123446
2005.66268977 1.0016950493
2005.68312151 1.0128486117
2005.70355325 1.01842558655
2005.7239851 1.01398099704
2005.74441674 1.00241264125
2005.76484859 0.994414929198
2005.78528033 0.997361315286
2005.80571197 1.00328152858
2005.8670072 0.997357909948
2005.88743904 0.9884721182
2005.90787079 1.01331681018
2005.92830243 0.994650936089
2005.94873427 0.994950986484
2005.98959775 0.988377725291
2006.0100295 0.99849894049
2006.03046124 0.993009512173
2006.05089298 1.01004207625
2006.1121883 1.01127039776
2006.13261994 1.01102188435
2006.15305168 0.998802919266
2006.17348352 0.990954008139
2006.19391526 0.99912883503
2006.25521048 0.991685341186
2006.27564212 1.01264035909
2006.29607396 1.00615797724
2006.31650569 0.990566841288
2006.33693733 1.01922351804
2006.35736917 0.991393079027
2006.37780081 1.00116321372
2006.39823255 0.997025622292
2006.41866438 0.999012113889
2006.43909602 1.01406420508
2006.45952786 1.01028186363
2006.4799596 0.993769527382
2006.52082307 0.999890531043
2006.54125481 0.999292404251
2006.56168654 0.994565136223
2006.58211828 1.01269976018
2006.60255001 0.991062715329
2006.62298175 1.00524995712
2006.64341359 0.996997280374
2006.66384522 0.996889998328
2006.68427696 1.00509125202
2006.72514043 0.992107929557
2006.74557216 1.01671114375
2006.766004 1.00070315787
2006.78643563 0.994017789857
2006.80686746 1.0044079823
2006.8272992 1.01631794646
2006.84773083 0.99142522483
2006.86816267 0.999687969754
2006.8885944 0.991071021583
2006.90902603 1.00348525668
2006.92945787 0.993451234957
2006.9498896 1.00374610821
2006.97032123 1.00398937701
2006.99075306 1.00373645351
2007.0111848 0.994643269066
2007.03161653 1.00141757174
2007.05204826 0.99681843392
2007.13377519 1.00684988647
2007.15420692 0.995518181374
2007.17463865 1.00675157892
2007.19507038 0.978226040243
2007.21550221 0.991154705965
2007.23593384 0.985963862261
2007.25636557 0.997252707989
2007.2767974 1.00037472845
2007.29722903 1.01066871003
2007.31766076 1.00618550668
2007.33809259 0.997852932659
2007.35852422 0.998554628999
2007.37895595 0.99469840041
2007.39938778 1.00551938811
2007.4198194 1.01489359809
2007.44025123 0.996754577488
2007.46068296 0.995977677443
2007.48111469 1.00004709579
2007.50154642 1.0031819312
2007.5628416 1.00010670213
2007.58327333 0.998339561149
2007.64456851 1.00261251043
2007.66500024 1.00173492488
2007.68543206 1.0005553572
2007.70586369 0.992447330502
2007.72629542 0.996557609416
2007.74672714 0.984526827136
2007.82845404 0.996931077679
2007.84888587 0.97876032785
2007.86931749 1.00444906459
2007.88974922 1.01154038297
2007.91018104 0.999445702009
2007.93061267 0.997429708295
2007.95104439 1.00728793796
2007.97147622 0.984498818488
2007.99190784 0.999522012847
2008.01233956 0.985776284206
2008.03277139 1.00010601274
2008.05320311 1.00847284659
2008.07363473 1.00098628462
2008.09406656 0.998579003639
2008.11449828 0.989953409458
2008.13493 0.99438447194
2008.15536172 0.990951440666
2008.17579345 1.00267716127
2008.19622527 0.9913773848
2008.21665689 0.992550199697
2008.23708861 1.00315347229
2008.25752044 1.00185293083
2008.27795206 0.987750737606
2008.29838378 0.99863808486
2008.3188156 1.00418930521
2008.33924722 0.992843534126
2008.35967894 1.00212235456
2008.38011076 0.997159632581
2008.40054238 1.00180943191
2008.4209741 1.00581043498
2008.44140592 0.995540493614
2008.50270098 0.996318876081
2008.5231328 1.00087592297
2008.54356452 0.990130947389
2008.56399624 1.01065895752
2008.58442786 1.00812424085
2008.60485968 0.999221910191
2008.6252914 0.989774828072
2008.64572302 1.0054323559
2008.66615483 0.999326745321
2008.68658655 1.00498143263
2008.70701817 0.999504317355
2008.72744999 1.0035004605
2008.74788171 1.01040366167
2008.78874514 0.990245477362
2008.80917686 1.0006548623
2008.82960868 1.00106185567
2008.85004029 0.997663981986
2008.87047201 0.995533873955
2008.89090383 0.994848922708
2008.91133544 0.994739685239
2008.93176716 0.998884920773
2008.95219898 1.00581457782
2008.97263059 1.00394493888
2008.99306231 1.00075177438
2009.01349412 0.994271560062
2009.03392584 1.00681029502
2009.05435745 0.985641722384
2009.07478927 0.995042070622
2009.09522098 1.00424850658
2009.1156527 1.00935213349
2009.13608441 0.992687372552
2009.15651613 0.997968417315
2009.17694794 1.01555520921
2009.19737956 0.990159914504
2009.21781127 1.01416270578
2009.23824298 1.00957726254
2009.2586747 1.00655194768
2009.27910631 1.00267676387
2009.34040145 1.00234404793
2009.36083326 0.996541463804
2009.38126498 0.984524067626
2009.40169679 0.993094392178
2009.4221284 0.991305341118
2009.44256011 1.00979816945
2009.46299193 0.994066150911
2009.48342354 0.996174500902
2009.50385525 0.999306211795
2009.52428706 1.00266751055
2009.54471877 1.01354315215
2009.56515039 1.01501550749
2009.5855822 1.00037711399
2009.60601391 0.992482148393
2009.62644552 0.979797721988
2009.70817246 1.0191724529
2009.72860417 0.993686386658
2009.74903598 1.00766191382
2009.76946759 0.985154849004
2009.7898993 0.992370596369
2009.81033111 1.01689772981
2009.83076272 1.00936432476
2009.85119443 1.00687306319
2009.87162614 0.991648931959
2009.89205785 0.997885191114
2009.91248956 0.997773026771
2009.93292136 1.0047791797
2009.95335297 1.00243965998
2009.97378468 0.989331180298
2009.99421639 1.00040087421
2010.0146481 1.00018654553
2010.03507981 0.995068490217
2010.05551151 0.996510484215
2010.07594322 0.99290401084
2010.09637503 1.00635958244
2010.11680674 0.985954109813
2010.13723834 0.997396026557
2010.15767015 0.999969388814
2010.17810186 0.993630086014
2010.19853346 0.985439954737
2010.21896527 0.998045708545
2010.25982858 1.00878173255
2010.28026039 1.00290421778
2010.30069209 0.994808892075
2010.3211237 1.00516021473
2010.34155551 0.989504918056
2010.36198721 1.00023459928
2010.38241902 0.988307375363
2010.40285062 1.00454451681
2010.44371413 1.00174821271
2010.46414574 0.997728805686
2010.48457744 1.00178075616
2010.50500925 0.99922461338
2010.52544095 1.00905955159
2010.54587255 1.00444537591
2010.56630436 0.99765120624
2010.58673606 0.989756618551
2010.60716767 0.998659350856
2010.64803117 1.00715355493
2010.66846278 0.990313344224
2010.68889458 1.00430101633
2010.70932618 1.00103229638
2010.72975799 0.995749132396
2010.75018969 0.995905310409
2010.77062129 0.980483571157
2010.79105309 0.99952473731
2010.8114848 0.974734579497
2010.8319164 1.01807063071
2010.8523482 0.999164378078
2010.8727799 1.00716133076
2010.8932115 0.98797410198
2010.91364331 1.00830054944
2010.93407501 1.00164194231
2010.95450671 0.993217958738
2010.97493841 0.996117098185
2010.99537011 0.994475568788
2011.03623361 1.00392160895
2011.05666521 1.0076436309
2011.07709701 0.994166724808
2011.09752871 0.999685266281
2011.11796032 0.992646995192
2011.13839212 0.980990400116
2011.15882382 0.973575497045
2011.17925542 1.00238484207
2011.19968721 0.988634472093
2011.22011891 0.987775169717
2011.24055051 1.00091181169
2011.26098231 1.01513154208
2011.28141401 0.999362390379
2011.30184561 0.976489368038
2011.32227741 1.00787628906
2011.34270911 0.997826834007
2011.36314081 1.00757262291
2011.38357251 0.99778805736
2011.4040042 1.008245806
2011.4244359 1.01518164705
2011.4448676 1.01879045236
2011.4652993 1.00609640203
2011.52659439 0.999851324788
2011.54702619 1.00567333231
2011.56745779 1.00122039494
2011.58788948 0.998294717135
2011.60832128 0.998210460961
2011.62875288 0.990071806911
2011.64918467 1.00483935019
2011.66961637 0.999119996895
2011.69004797 0.989274738301
2011.71047976 0.997619255015
2011.73091146 1.01270784015
2011.75134305 0.997159632192
2011.77177485 0.99448905794
2011.81263814 1.00373350217
2011.83306994 0.988172791967
2011.85350163 1.00452798837
2011.87393333 0.995501950023
2011.89436502 0.994705893321
2011.91479672 1.00869523955
2011.93522851 1.00542365427
2011.95566011 1.00407416877
2011.9760918 1.00658279103
2011.9965236 1.00324255973
2012.01695529 0.997836678537
2012.03738689 1.02056220494
2012.05781868 1.02272233625
2012.07825027 0.999199958311
2012.09868197 0.996886240007
2012.11911376 0.988269917982
2012.13954535 0.998348976793
2012.15997705 0.997435290684
2012.18040884 1.00216651899
2012.20084043 1.00694976805
2012.22127213 0.992925672745
2012.24170392 0.983777837796
2012.26213551 0.989762620291
2012.28256731 1.01072310803
2012.302999 1.00705025131
2012.32343059 1.00457157768
2012.34386238 0.998252689985
2012.36429408 0.990551416019
2012.40515746 1.01863898482
2012.42558915 1.00064411495
2012.44602084 1.00900785462
2012.46645253 0.99271844952
2012.48688423 0.996821328399
2012.50731592 0.989580303017
2012.52774761 0.997668639566
2012.5481793 1.00484789126
2012.56861109 1.00980030168
2012.58904278 0.991971077939
2012.60947437 1.01343416364
2012.62990616 1.00288228769
2012.7524963 1.00434205998
2012.77292799 0.990926929834
2012.79335958 1.00453544686
2012.81379137 0.99592978812
2012.83422306 0.984924469789
2012.85465475 0.995502933842
2012.87508644 0.989805508115
2012.91594982 0.996901484563
2012.9363815 0.990931366777
2012.95681319 1.00822275939
2012.97724488 0.995526625091
2012.99767657 1.0011130305
2013.01810826 0.993436539904
2013.03853995 0.995201000137
2013.05897163 1.02105804492
2013.07940332 0.997904194629
2013.09983511 1.01900867136
2013.1202667 1.00816409932
2013.16113017 0.999451496676
2013.18156176 1.01202419725
2013.20199355 0.992229351525
2013.22242523 0.993522726315
2013.24285682 0.999786613454
2013.26328861 1.00809037537
2013.28372029 1.01283174401
2013.30415188 1.01679289376
2013.32458367 1.00323527711
2013.34501535 0.994639115556
2013.36544694 0.993627202944
2013.38587873 0.999956796868
2013.40631041 0.997558028153
2013.4267421 0.997223590503
2013.44717378 0.999530798129
2013.46760547 0.999233303901
2013.48803715 1.00641635714
2013.50846884 1.00765919318
2013.52890053 0.989864755967
2013.54933221 1.00783504351
2013.5697639 0.9975109925
2013.59019558 1.00060865076
2013.61062737 0.997436704029
2013.63105895 0.994614900755
2013.65149063 1.00162942857
2013.67192242 1.00159196039
2013.692354 1.00160237761
2013.71278569 0.983789514518
2013.73321747 1.00168311743
2013.75364906 1.00849358015
2013.77408084 0.98736781668
2013.79451252 0.988734868702
2013.81494411 0.977510065694
2013.83537589 1.00769056552
2013.85580757 0.985595773268
2013.87623916 1.00195789837
2013.89667094 1.02107048394
2013.91710262 1.00487018134
2013.93753431 0.983511276736
2013.95796599 1.00522905585
2013.97839767 1.00675032744
2014.0601245 0.995557029511
2014.08055618 0.99686239857
2014.10098777 0.996890657171
2014.12141955 1.00423500653
2014.14185123 0.976185434993
2014.16228281 1.01010719241
2014.18271459 1.0059162271
2014.20314628 1.00135902778
2014.22357786 1.00412135469
2014.24400964 0.992528390195
2014.26444122 0.995984865655
2014.2848729 1.00456705817
2014.30530468 0.994667659861
2014.32573626 1.00616284679
2014.34616804 0.997930538214
2014.36659973 1.00769040978
2014.38703131 0.997986452507
2014.40746309 0.99202809888
2014.42789477 1.00069100552
2014.44832645 0.999434828169
2014.46875813 0.992282691965
2014.48918981 1.00083538733
2014.50962149 1.00834362209
2014.53005317 0.999731833638
2014.55048485 1.00637166559
2014.57091653 1.01198742693
2014.59134831 1.00037731412
2014.61177989 0.985072201843
2014.63221167 0.997775490921
2014.65264334 1.00477931671
2014.67307492 0.993394627267
2014.6935067 1.00378790376
2014.71393838 0.98785075666
2014.73436996 1.00483658925
2014.75480174 0.995275411783
2014.77523342 0.997877194045
2014.795665 0.99761648161
2014.81609678 0.995232321072
2014.83652845 0.98215631804
2014.85696003 0.994203455462
2014.89782349 0.998130180792
2014.91825517 1.01140985143
2014.93868684 1.00463456922
2014.95911852 1.00908071795
2014.9795502 1.02180003389
2017.88084821 0.999869721036
2017.90127978 0.987064167494
2017.92171144 1.00536521099
2017.94214321 0.988387091374
2017.96257477 0.99584268814
2017.98300644 0.988727189521
2018.0034382 1.00325941939
2018.02386977 0.997937483274
2018.04430143 0.998804252149
2018.0647332 0.994568417405
2018.08516476 1.00689569474
2018.10559653 0.983114786692
2018.12602819 1.00748899325
2018.14645986 0.993055847917
2018.22818651 0.997040015528
2018.24861818 1.00014337036
2018.26904984 0.991930315894
2018.28948161 0.991283095
2018.30991317 0.994663259744
2018.33034484 1.00780883238
2018.3507766 0.994111909658
2018.37120816 1.00543230429
2018.39163993 0.997202098917
2018.41207159 1.00117371191
2018.43250315 1.00929107933
2018.45293492 1.00193743298
2018.47336658 0.989155334498
2018.49379815 0.996462730166
2018.51422991 0.999729439397
2018.53466147 0.99672191719
2018.55509314 0.990954526434
2018.5755249 0.987988003847
2018.59595646 0.999985659104
2018.61638823 0.99771300964
2018.63681989 0.990394893223
2018.65725155 1.01071534255
2018.67768321 1.00011572385
2018.69811488 0.996891326325
2018.71854654 1.00457951674
2018.7389782 0.996781588154
2018.75940987 1.00202301107
2018.77984153 0.986544702564
2018.80027329 1.01453101229
2018.82070485 1.01101684815
2018.84113662 1.01494095265
2018.86156828 0.994967899618
2018.88199984 1.01331673744
2018.94329483 1.00257957731
2018.96372659 1.00079763631
2019.04545324 0.994911342756
2019.0658848 0.998930899351
2019.08631656 1.00087087373
2019.10674822 0.997349172928
2019.12717988 1.00145415463
2019.14761155 1.00890232963
2019.16804321 0.989578101861
2019.18847487 0.996484418814
2019.20890653 0.999438757324
2019.22933819 1.01159176066
2019.24976985 0.998015731078
2019.27020151 0.989080106007
2019.29063317 1.01244293494
2019.31106484 0.992230739942
2019.3314965 0.994835975415
2019.37235992 1.00676999418
2019.39279148 0.998771263681
2019.41322324 0.998701383845
2019.4336549 0.97986904329
2019.45408646 1.01349157031
2019.47451822 0.999681443492
2019.49494988 0.987513276876
2019.51538144 1.0036027908
2019.5358132 1.00526315877
2019.55624487 0.992104853463
2019.57667643 0.991962726417
2019.59710819 1.01741647653
2019.61753985 0.999405138147
2019.63797161 1.01067178308
2019.65840317 1.00687417116
2019.67883483 1.00995938345
2019.69926659 1.0203126663
2019.71969815 1.00347120425
2019.76056157 1.00858523185
2019.78099323 0.991706451031
2019.80142479 0.992485062875
2019.82185655 0.992318255957
2019.84228821 0.993296717374
2019.86271987 1.00904539485
2019.88315153 0.991494329965
2019.90358309 1.00498165755
2019.92401484 0.993683285895
2019.9444465 0.998997008437
2019.96487806 0.99523810778
2019.98530982 1.00880171642
2020.00574148 0.998976461516
2020.02617304 0.994684946154
2020.0466048 1.00691426454
2020.06703646 1.00494671417
2020.08746802 1.00587726638
2020.10789978 1.00460466718
2020.12833144 1.00779052358
2020.1487632 0.999589393746
2020.16919476 0.988454330401
2020.18962641 1.01843951957
2020.21005817 0.999908887371
2020.23048973 1.00757949707
2020.25092139 1.00254315075
2020.27135315 1.00126347326
2020.29178481 0.999494120654
2020.31221637 0.993706092554
2020.33264813 0.994533481257
2020.35307978 0.99607180819
2020.37351144 1.00272625429
2020.3939431 0.99414157584
2020.41437476 0.99378998059
2020.43480652 1.00025753444
2020.45523808 0.995527646781
2020.49610139 1.00261677417
2020.51653305 1.00645170582
2020.53696471 0.99599103006
2020.55739637 1.00470132289
2020.57782802 0.992046442645
2020.59825968 1.00177597665
2020.61869134 0.998694280707
2020.65955476 1.00502714524
2020.67998631 0.996888459629
2020.70041797 1.00560639209
2020.72084973 1.00072910773
2020.74128129 1.00815197371
2020.76171295 0.997081796096
2020.7821447 0.996190278292
2020.80257636 0.983850422951
2020.82300792 1.00537423703
2020.84343968 0.990150469081
2020.86387133 0.986584418995
2020.88430299 1.00026474671
2020.92516631 1.00196950169
2020.94559796 0.995796858878
2020.96602962 1.00576207086
2020.98646128 1.00255308612
2021.00689303 0.992329658338
2021.02732459 0.995009242186
2021.04775625 0.997316420273
2021.06818801 0.973543444013
2021.08861956 1.00025862532
2021.10905122 1.00723017131
2021.12948298 0.996113902749
2021.14991453 1.00317618791
2021.17034629 0.999706943284
2021.19077795 1.00030531548
2021.2112095 1.00588756218
2021.25207292 1.0083427636
2021.27250447 0.991157026378
2021.29293623 1.01891970882
2021.31336779 0.996771121731
2021.33379944 0.997997270592
2021.3542312 0.986762231131
2021.37466286 0.997422586728
2021.39509451 1.00354979357
2021.41552617 1.01193254152
2021.43595783 0.994654698826
2021.45638948 1.00422227363
2021.47682114 0.991740982871
2021.4972528 0.996764273148
2021.51768455 1.02006968244
2021.53811611 0.999301090248
2021.55854776 1.00470848227
2021.64027449 0.996070069482
2021.66070604 1.00856056065
2021.6811378 0.993503587513
2021.74243277 0.998008454022
2021.76286442 0.996277898776
2021.78329598 1.00902573125
2021.80372774 0.995708151864
2021.82415939 1.00170478368
2021.84459105 0.997742263925
2021.8650227 1.00779898678
2021.88545436 1.00244294736
2021.90588602 0.996249100555
2021.92631767 0.989369175681
2021.94674933 0.999346920432
2021.96718098 0.996524407749
2021.98761264 1.00991572918
2022.00804429 1.00078789877
2022.02847605 1.02261031321
2022.0489076 0.996401253015
2022.06933926 1.00805298647
2022.08977102 1.00412440192
2022.11020257 1.01306394033
2022.13063433 0.993751641606
2022.15106598 1.01165625888
2022.17149754 0.996229407398
2022.19192929 0.996656371635
2022.21236095 1.00607199542
2022.2327925 0.999567212925
2022.25322426 1.02149986951
2022.27365591 1.00016679646
2022.29408747 0.992425158946
2022.31451922 0.991269964341
2022.33495088 0.998975602984
2022.35538263 0.996904490163
2022.37581419 0.990302456924
2022.39624584 0.996156042548
2022.4166776 0.985078763807
2022.43710915 1.01443704126
2022.45754081 1.00780696153
2022.47797256 0.993175583064
2022.53926753 0.99527736998
2022.55969918 1.00309063263
2022.58013074 1.00526146991
2022.60056249 1.00947145669
2022.62099415 1.02044756966
2022.6414258 1.02291707199
2022.66185746 1.0169063755
2022.70272077 1.00074537924
2022.72315242 1.00687064318
2022.74358398 0.988076659304
2022.76401573 1.00225726473
2022.78444738 0.993172175681
2022.80487894 1.00650093217
2022.82531069 0.993167338758
2022.84574235 0.997994404769
2029.95596019 1.00061806996
2029.97639175 1.002997971
2029.99682351 1.00737793807
2030.01725517 0.985505067379
2030.03768673 1.00791210684
2030.07855015 1.01686306534
2030.09898191 0.998553159428
2030.11941347 0.99516892309
2030.13984513 1.00990931742
2030.16027689 1.00163165139
2030.20114011 1.01223252896
2030.22157178 1.01712252426
2030.24200344 1.00543021973
2030.2624351 1.00504138427
2030.28286676 0.996093210796
2030.30329842 1.01287325358
2030.32373018 1.01652311242
2030.34416174 1.00029441735
2030.3645934 1.01001288629
2030.38502516 1.00521295307
2030.40545683 1.00004255929
2030.42588839 0.977854948596
2030.44632015 1.00998340549
2030.46675181 0.999321268219
2030.48718347 0.994184606512
2030.50761513 0.983068711275
2030.65063677 0.999000392351
2030.67106853 0.988639159395
2030.69150009 0.983056395332
2030.71193185 0.991962035982
2030.73236352 0.990503585694
2030.75279508 0.975268972441
2030.77322684 0.994548153463
2030.7936585 1.00624655021
2030.81409007 1.0064977703
2030.87538515 1.00114042851
2030.89581682 0.985533197045
2030.91624848 0.986374664611
2030.93668014 1.0040213887
2031.01840679 0.988541526164
2031.03883846 1.00996172008
2031.05927022 1.00105072315
2031.07970178 0.989521488514
2031.10013355 1.0077139903
2031.12056521 0.988548194907
2031.14099678 0.998523943464
2031.16142854 0.988068655893
2031.1818602 1.00333111684
2031.20229177 0.990186871692
2031.22272353 0.980806814939
2031.24315519 1.00217987179
2031.26358696 0.995249164327
2031.28401852 1.00072182597
2031.30445019 0.992714917668
2031.32488195 1.00660851135
2031.34531351 1.0092764354
2031.36574518 1.00266491537
2031.38617694 1.00408492581
2031.40660851 1.00765945977
2031.42704017 0.988452047149
2031.44747194 1.00716757164
2031.4679035 1.0038797259
2031.48833527 0.999580439309
2031.5291986 1.00169898971
2031.59049349 1.0051204363
2031.61092526 0.993461661412
2031.63135692 0.996776664126
2031.65178849 1.0018894321
2031.67222025 0.998586572451
2031.69265192 0.997846377963
2031.71308358 1.01355007371
2031.73351525 1.00024824954
2031.75394691 0.986954116683
2031.77437868 0.984878242822
2031.79481025 1.01090410736
2031.81524191 1.00631941462
2031.83567368 1.00280559868
2031.85610524 0.997539375839
2031.87653701 0.999975976436
2031.89696867 0.992469055752
2031.91740024 1.00160144285
2031.93783201 0.9928784338
2031.95826367 0.989445014116
2031.97869524 0.998105874291
2031.99912701 0.996636883401
2032.01955867 1.00493436186
2032.03999034 1.0015982402
2032.06042201 1.00426775074
2032.08085367 0.998028463134
2032.10128544 1.00701257534
2032.12171701 0.980054773296
2032.14214867 0.993113509459
2032.16258044 0.999362974908
2032.18301201 1.00879061394
2032.20344368 1.02091680695
2032.22387544 1.00707216558
2032.24430711 0.999486437993
2032.26473878 0.994049601803
2032.30560201 1.01953393785
2032.32603378 1.00615284076
2032.34646545 0.990029906813
2032.36689702 1.00293020681
2032.38732878 1.01054121728
2032.40776045 0.991983771672
2032.42819202 1.00864238835
2032.44862379 1.01034730832
2032.46905546 1.01097289019
2032.48948722 1.00019340241
2032.50991879 1.00645788963
2032.53035046 0.999563054993
2032.55078223 0.99243984625
2032.5712138 1.01022777139
2032.59164547 1.00469194649
2032.61207724 0.992594416486
2032.6325088 0.99189825365
2032.65294057 0.998480440905
2032.67337224 0.997383466634
2032.69380381 0.974907994787
2032.71423558 0.996992376886
2032.73466725 0.988008981618
2032.75509892 1.01089361979
2032.77553059 1.00841884859
2032.79596226 0.985821852636
2032.81639393 1.02296213404
2032.8368256 0.991266942268
2032.85725727 0.97977222816
2032.91855228 0.985797947193
2032.93898405 0.97843867994
2032.95941562 1.00982023769
2032.97984729 1.01126284009
2033.00027906 0.989677743337
2033.02071063 1.00012719553
2033.08200564 0.994137335449
2033.10243741 1.00541816325
2033.12286908 0.991315324216
2033.14330065 0.996089591394
2033.20459566 0.982685696986
2033.22502744 1.00493988975
2033.24545911 1.01123793342
2033.26589088 1.00459033924
2033.28632245 0.99586375841
2033.36804914 0.994069059047
2033.38848091 0.97223642513
2033.40891258 1.00092106022
2033.42934425 0.999042816013
2033.44977592 0.983518004563
2033.49063927 1.00186370622
2033.51107094 1.00491110232
2033.55193439 1.00940245289
2033.6132293 0.988167997152
2033.63366098 1.00088041317
2033.65409275 1.00522989286
2033.73581934 1.0073241709
2033.75625102 1.0097240721
2033.77668279 1.00871381984
2033.79711436 0.995218606588
2033.81754614 1.00809956324
2033.83797781 1.01229883502
2033.85840939 1.00469635017
2033.87884116 1.00876097697
2033.89927283 0.993420380261
2033.91970451 0.969362361102
2033.94013618 0.998090548629
2033.96056786 0.991150220441
2033.98099963 1.00486464526
2034.02186288 0.990392396506
2034.04229466 0.992170580413
2034.06272633 1.0104294629
2034.08315791 0.999701855311
2034.10358968 0.997222332636
2034.12402136 0.996623697638
2034.14445293 0.973687082865
2034.16488471 0.983663700655
2034.18531638 0.997611240704
2034.20574806 0.97848301473
2034.22617973 1.003522146
2034.26704309 1.01265317467
2034.28747476 1.01078121091
2034.30790644 0.99548318943
2034.32833811 1.00427412232
2034.34876979 0.997786821718
2034.36920157 1.01404301933
2034.38963314 1.00839679827
2034.41006482 0.99631848493
2034.47135985 0.987300907909
2034.49179163 1.0001054014
2034.5122232 1.00661245039
2034.53265488 1.00640741469
2034.55308666 0.989878985777
2034.57351823 1.01324976875
2034.59395001 0.994710557438
2034.61438169 1.00195826897
2034.63481337 1.00959442292
2034.65524504 0.995182314682
2034.67567672 0.983859496452
2034.6961084 1.00121235572
2034.85956183 1.02017515395
2034.87999361 0.988007421169
2034.90042528 0.985453930983
2034.92085686 0.999727287188
2034.94128864 1.00323773046
2034.96172032 0.994405430698
2034.982152 1.00420284143
2035.00258368 1.00233717469
2035.02301526 1.01823647903
2035.04344704 0.984740430963
2035.06387872 1.00120766181
2035.0843103 0.999623034846
2035.10474208 1.00341868083
2035.12517376 1.00381395893
2035.14560554 1.00017669906
2035.16603712 0.999724860921
2035.1864688 0.979378051289
2035.20690058 1.00890223355
2035.22733216 1.01624305833
2035.24776384 1.0098183627
2035.26819562 1.00590493047
2035.30905898 0.99565604758
2035.32949067 0.993703187241
2035.34992235 1.00258609204
2035.37035403 1.01223612937
2035.39078571 1.00360768645
2035.41121739 0.994770423688
2035.45208075 0.999186243391
2035.47251244 0.990544701523
2035.49294422 1.00219012291
2035.5133758 1.00856578753
2035.53380758 1.00989822199
2035.55423926 1.01794450358
2035.57467085 0.981911546791
2035.59510263 0.994594235044
2035.61553431 1.00224981306
2035.6359659 0.986515314371
2035.65639768 1.02219774155
2035.67682926 0.998807598596
2035.69726104 0.99819104178
2035.71769273 0.998734296867
2035.73812431 1.00277022555
2035.77898778 1.00120515244
2035.81985114 1.00278698572
2035.84028283 1.00133660938
2035.8811462 0.993425187906
2035.90157788 0.985536448881
2035.92200966 0.982184744086
2035.94244135 0.99354193595
2035.96287293 1.01837538555
2035.98330472 0.994816813951
2036.0037364 1.01435055484
2036.02416799 0.992079017078
2036.04459977 1.00263238261
2036.06503146 1.00003173266
2036.08546324 0.979768650332
2036.10589483 1.01451296141
2036.12632651 0.992516145311
2036.1467583 0.9829280981
2036.16718989 0.992542001214
2036.18762157 0.99640301631
2036.20805336 1.00691138458
2036.22848494 1.00785100775
2036.24891673 0.998508224465
2036.26934831 1.00074260884
2036.28978 1.00107882847
2036.31021179 0.992409549503
2036.33064347 0.998635234334
2036.35107506 0.993400312016
2036.37150685 0.999296438615
2036.39193843 0.983198774745
2036.41237012 0.988229561958
2036.43280191 1.02212667315
2036.4532335 0.996545301816
2036.47366528 1.00687314381
2036.55539203 1.001872523
2036.57582372 1.00479387801
2036.59625551 0.991237630523
2036.6166871 0.986540019027
2036.63711889 0.985766415567
2036.65755058 0.991800841343
2036.71884564 1.01417393316
2036.73927723 1.00262933889
2036.75970902 1.02060717852
2036.78014071 0.988911706392
2036.8005725 1.01039118437
2036.82100409 1.00727482028
2036.84143578 1.00777719551
2036.86186757 0.998526378637
2036.88229916 0.993315421684
2036.90273085 0.98531668275
2036.92316264 0.999607355173
2036.94359423 1.01248788976
2036.96402592 1.00729211641
2036.98445771 1.01490808281
2037.0048893 0.997856232255
2037.02532109 1.00631510947
2037.04575268 1.00625076403
2037.06618437 1.00196045349
2037.08661616 1.00514168266
2037.10704785 0.99847257151
2037.12747944 0.976751580759
2037.14791123 1.00463298651
2037.16834293 1.00093638375
2037.18877462 1.00156918597
2037.20920631 1.01636968499
2037.229638 1.00553010572
2037.25006969 0.996163355408
2037.27050139 1.00578875536
2037.29093308 1.00809216556
2037.31136487 1.0077946568
2037.33179646 0.996714862343
2037.35222826 0.993933999499
2037.37265995 0.993151215946
2037.41352333 1.00608943759
2037.43395503 0.988993105434
2037.45438662 1.01253283088
2037.47481841 0.989240457455
2037.49525011 0.997342484337
2037.5156817 0.98516053761
2037.5361135 1.00648902945
2037.55654519 1.00481938361
2037.57697698 0.977623284533
2037.59740858 0.97363462216
2037.61784027 0.979287444528
2037.63827197 1.01355575384
2037.65870366 0.984063378684
2037.67913536 0.999763589921
2037.69956705 1.00843687482
2037.71999875 1.00481655934
2037.74043054 1.00259086881
2037.76086214 0.995047404181
2037.78129383 0.995498018749
2037.82215732 1.00995614385
2037.84258892 0.999428249252
2037.86302071 0.998339455434
2037.88345241 0.99787822723
2037.90388411 1.00320802454
2037.9243158 0.99832701042
2037.9447475 0.992163992912
2037.9651793 1.01556242495
2037.98561089 0.990521548996
2038.00604259 1.00014938841
2038.02647439 0.981553405965
2038.04690598 1.00027023066
2038.06733768 1.01214015897
2038.08776948 0.979015947718
2038.10820107 0.976334876378
2038.12863287 0.972180631687
2038.14906457 0.997555767143
2038.18992797 1.00148975628
2038.21035966 1.00275691163
2038.23079126 0.991664735998
2038.25122306 0.994374666076
2038.27165476 1.00134958448
2038.29208646 1.00483653973
2038.31251816 0.987327304986
2038.33294986 1.00543414187
2038.37381325 0.993750776302
2038.39424495 0.998307164337
2038.41467665 1.00154147033
2038.43510835 1.0017166677
2038.45554015 1.0100820552
2038.47597185 0.999163147761
2038.51683525 0.986191870242
2038.53726695 1.00974450323
2038.55769855 0.990170549878
2038.57813035 0.965513190147
2038.59856206 0.986619838526
2038.61899366 1.00333636264
2038.63942546 1.00465291114
2038.65985716 1.00415018795
2038.68028896 1.00209710091
2038.70072056 0.995694842274
2038.72115226 1.02054474836
2038.74158406 1.01251124188
2038.76201567 1.00571663983
2038.78244737 0.999886368027
2038.80287917 1.00426029713
2038.82331077 1.00334700725
2038.84374258 0.995560023126
2038.86417428 0.986363905535
2038.88460588 1.00083009817
2038.90503768 1.00627961764
2038.92546939 0.999684757203
2038.94590109 1.00606288626
2038.96633279 0.998389949788
2038.9867645 0.995670102779
2039.0071962 1.00644714427
2039.0276279 0.98188017242
2039.04805961 0.984608720887
2039.06849131 0.972110948653
2039.08892302 0.990553657984
2039.10935472 1.00431314132
2039.12978652 0.997650610445
2039.15021813 1.00024138498
2039.17064983 1.00534864526
2039.19108164 1.01324976884
2039.21151324 1.00937819758
2039.23194505 0.98353949765
2039.25237675 0.991160439129
2039.27280836 0.994060104715
2039.29324017 0.989968284818
2039.31367187 0.97396225353
2039.33410348 0.953741710748
2039.37496699 1.01464855903
2039.4158304 1.00601024719
2039.43626211 1.0107842633
2039.45669392 1.00516602967
2039.47712552 1.01240632474
2039.49755723 1.00913992526
2039.51798904 1.0097334842
2039.53842064 1.00713228874
2039.55885235 1.00593451881
2039.57928416 1.0186025214
2039.59971587 0.988773975601
2039.62014758 1.00741258201
2039.64057928 0.994967547474
2039.66101089 0.995913941304
2039.6814427 1.01800924755
2039.70187441 0.995050670464
2039.72230602 0.963857399781
2039.74273783 0.996890343823
2039.76316954 0.996778997918
2039.78360134 1.00951071191
2039.80403295 0.98301565045
2039.82446466 0.987827554794
2039.84489647 1.00060341394
2039.86532808 0.997128372101
2039.88575979 1.0046084715
2039.9061916 1.0135146605
2039.92662321 1.00452815961
2039.94705492 1.00652335397
2039.96748673 1.01356318229
2039.98791835 0.993269899266
2040.00835016 0.981995334024
2040.02878187 0.992902399749
2040.04921348 0.992721876318
2040.13094042 1.00171432207
2040.15137214 1.00781588371
2040.17180395 0.994108589947
2040.19223556 0.99789137468
2040.21266727 0.994335020724
2040.23309909 0.981772796951
2040.2535308 1.00061788245
2040.27396241 1.00124273397
2040.29439422 0.988385162223
2040.31482594 1.00118315196
2040.33525765 0.986636986555
2040.35568936 1.01096726731
2040.37612108 0.994387108898
2040.39655279 1.00564982151
2040.41698451 1.00084889531
2040.43741612 0.99152260231
2040.45784793 1.01101909744
2040.47827965 1.00020124254
2040.49871126 0.996995699219
2040.51914308 0.98153890312
2040.53957479 0.985030183426
2040.56000661 0.993368506332
2040.58043822 1.00846371143
2040.60086994 1.00467604799
2040.62130175 0.995726022793
2040.64173337 1.00553404578
2040.66216509 1.00865697496
2040.6825969 1.00389701586
2040.70302852 1.00289470837
2040.74389205 0.988749351375
2040.76432377 1.00527171006
2040.78475548 0.987505801319
2040.82561892 1.00006959725
2040.84605064 0.995300100611
2040.86648235 0.999337370919
2040.88691417 0.996777596552
2040.90734579 1.00566847248
2040.92777751 0.999739544498
2040.94820932 1.01566607779
2040.96864104 1.00014022532
2040.98907266 1.0133485056
2041.00950448 0.987348080025
2041.0299361 0.99060011351
2041.05036782 0.979030893333
2041.07079964 0.998830965949
2041.11166308 0.993760029606
2041.13209479 1.01266261577
2041.15252641 1.00663117456
2041.17295823 0.992040094536
2041.19338995 1.00421821772
2041.21382157 0.988609150632
2041.2342534 0.99437874356
2041.25468512 0.994576716191
2041.27511694 0.983130992526
2041.29554856 0.973018050991
2041.3364121 1.00356333727
2041.35684372 1.01023211807
2041.37727544 1.00744302944
2041.39770726 1.00283600638
2041.41813889 0.998109939352
2041.43857061 0.985457587246
2041.47943415 1.00880156842
2041.49986588 1.0144331815
2041.5202976 1.02212291775
2041.54072932 1.01697737154
2041.56116104 1.00371981068
2041.58159277 1.00520920148
2041.60202449 0.995337177182
2041.62245631 1.0130912297
2041.64288794 1.00140171062
2041.66331976 0.991303716163
2041.68375139 0.996573450434
2041.70418311 0.99182952477
2041.74504656 0.992737303893
2041.76547828 0.996363332435
2041.78591011 0.996799766922
2041.80634173 0.999351363941
2041.82677356 1.00666026233
2041.84720529 1.01131802269
2041.86763691 0.99322630292
2041.88806874 1.00975840357
2041.90850046 0.987198416203
2041.92893209 0.995081820749
2041.94936392 1.00572337163
2041.96979564 0.994503350717
2041.99022737 1.00216686484
2042.0106591 1.00791907156
2042.03109082 0.976996655402
2042.05152265 0.991501848376
2042.07195428 1.01070438627
2042.092386 1.02226492314
2042.11281783 1.01477513146
2042.13324956 0.983877169791
2042.15368119 1.00779167642
2042.17411302 1.00943504006
2042.19454475 1.00159655687
2042.21497647 0.993474194569
2042.2354082 1.00030806399
2042.25583993 0.999292740478
2042.27627176 0.990704383011
2042.29670339 0.996047375699
2042.31713512 1.00534197533
2042.33756685 1.01078089316
2042.35799858 0.987522609876
2042.37843041 1.0099340322
2042.39886204 0.998030906137
2042.41929377 0.991737019293
2042.4397256 1.00329953881
2042.46015723 1.00923181768
2042.48058896 1.00901844685
2042.50102079 1.0064795876
2042.52145242 1.00987761065
2042.54188416 0.988403785211
2042.56231599 1.00643427531
2042.58274762 0.996821351054
2042.60317945 1.00554372977
2042.62361118 0.984069477704
2042.64404291 1.00190191028
2042.66447465 0.985920736236
2042.68490638 0.99834783153
2042.70533811 0.983115836816
2042.72576985 0.980447776774
2042.74620158 0.980954597531
2042.76663341 0.985367632018
2042.78706515 0.969880986077
2042.80749678 1.01936203482
2042.82792861 1.01408183262
2042.84836035 1.00284476082
2042.86879198 0.997497732821
2042.88922382 0.994859081839
2042.90965555 0.992986350122
2042.93008729 0.991385990935
2042.95051902 0.995160321587
2042.97095076 0.991100038471
2042.99138249 0.988529529793
2043.01181423 0.988053792466
2043.03224596 1.004269472
2043.0526777 0.995794328902
2043.07310944 1.0066410236
2043.09354107 0.998451556698
2043.11397291 1.00832380254
2043.13440464 1.00493730572
2043.15483648 1.01056468293
2043.17526812 1.00652837242
2043.19569986 1.0095551079
2043.21613169 1.01251158658
2043.23656333 0.999948631603
2043.25699507 1.00052820183
2043.29785854 0.992534444351
2043.31829038 1.00036791218
2043.35915386 1.00859790039
2043.40001734 1.01011602662
2043.42044908 1.00839470819
2043.44088092 1.00563716092
2043.46131256 1.00342464729
2043.4817444 0.988843115241
2043.50217614 1.01869263667
2043.52260778 0.998835668774
2043.54303962 1.01529435589
2043.56347136 1.00383254867
2043.583903 0.999915236454
2043.60433484 0.99082593821
2043.62476658 1.01481953562
2043.64519842 0.98949275271
2043.66563006 1.01173951205
2043.6860618 1.01888419493
2043.70649355 0.983436748443
2043.72692529 0.990742652958
2043.74735693 1.00539009011
2043.76778877 1.00004788883
2043.78822052 0.991343020805
2043.80865216 1.01084119119
2043.829084 1.01152436628
2043.84951575 1.00160819533
2043.86994759 1.0038582123
2043.89037923 0.999705308451
2043.91081098 1.0073107642
2043.93124282 0.994783688608
2043.95167446 1.00518230508
2043.97210621 0.99258894231
2043.99253805 1.00041809624
2044.0129698 0.998917653167
2044.03340154 1.00954721297
2044.05383329 1.00759217732
2044.07426503 1.01615646004
2044.09469678 1.01058951812
2044.11512852 0.992696216373
2044.13556027 0.993448414219
2044.17642376 0.989879497274
2044.19685561 0.999002694234
2044.21728736 1.01240514985
2044.237719 0.985320376586
2044.25815085 1.00810192555
2044.2785826 0.987564549907
2044.29901425 1.00578939617
2044.31944609 0.99698716273
2044.33987784 1.00355044561
2044.36030949 0.988310463491
2044.38074134 0.995591050167
2044.40117299 1.01262310287
2044.42160483 1.01110682665
2044.44203658 1.02233861098
2044.46246823 0.997785611854
2044.48290008 1.00522854236
2044.50333183 1.00365865767
2044.52376358 1.00609830655
2044.58505893 0.99297436047
2044.60549058 1.01326489311
2044.62592233 1.00022095004
2044.64635418 1.0168371844
2044.66678593 0.994893889158
2044.68721758 1.01515695498
2044.70764944 1.00093835944
2044.72808119 0.987354143867
2044.74851294 1.00255844972
2044.76894469 1.00927661853
2044.78937644 1.0005489781
2044.8098083 1.00384695455
2044.83023995 1.00192887427
2044.87110356 0.990843041272
2044.89153521 0.983265235842
2044.91196696 0.973414359895
2044.93239882 0.995866850891
2044.95283047 0.982073271617
2044.97326232 0.98660572386
2044.99369408 0.993818055095
2045.01412573 1.00340336695
2045.03455759 1.00277803239
2045.05498934 1.00556274364
2045.075421 0.998056705666
2045.09585285 0.989345883934
2045.11628451 0.99613471672
2045.13671636 0.98079610298
2045.15714812 0.988805794306
2045.17757977 0.993933780006
2045.19801163 0.988773345837
2045.21844339 0.980336355995
2045.2593069 1.0039427395
2045.27973866 1.00902743052
2045.30017052 0.990022192302
2045.32060227 1.01330725488
2045.34103393 1.00890198225
2045.36146579 0.977418336413
2045.38189755 0.995059939869
2045.40232921 0.998720667839
2045.42276106 0.985661785005
2045.5044881 1.00850269901
2045.52491996 1.00660262149
2045.54535162 1.01009092271
2045.56578338 0.986554141659
2045.58621524 1.01446324324
2045.6066469 0.994089833756
2045.62707866 0.989958142496
2045.64751052 0.987356387969
2045.66794218 1.0100656447
2045.68837404 0.989677025309
2045.7088058 0.999370581337
2045.72923747 1.0004346819
2045.74966933 0.994058907837
2045.77010099 1.00996624329
2045.79053275 1.00354792242
2045.81096462 1.00789464319
2045.83139638 1.00876357206
2045.85182814 0.998637891719
2045.8722599 1.00276129183
2045.89269167 0.982999971439
2045.95398696 0.997694333271
2045.97441872 1.00349947461
2045.99485049 0.997041464783
2046.01528235 0.99488037049
2046.03571412 1.00066918243
2046.05614578 1.0076372029
2046.09700941 1.0182123891
2046.11744108 1.00323728048
2046.13787294 1.00748385197
2046.15830471 0.998021515388
2046.17873638 1.00126169388
2046.19916824 1.00216217781
2046.21960001 0.99739106077
2046.24003188 0.998699135281
2046.26046354 0.996518236495
2046.28089531 0.991316240639
2046.30132718 1.010102229
2046.32175885 1.00609905563
2046.34219061 0.996481755636
2046.36262238 0.998019352214
2046.38305415 0.996929521653
2046.40348602 0.999519476724
2046.42391769 1.00318478632
2046.44434946 1.01029391159
2046.46478133 1.00113600632
2046.485213 0.999108191356
2046.50564477 1.00157699828
2046.52607664 1.0164431113
2046.54650841 0.999743528398
2046.56694018 1.00064798301
2046.58737195 1.0166559949
2046.60780372 0.9994630657
2046.62823549 1.0050931752
2046.64866726 0.993158799805
2046.66909903 0.997384171126
2046.6895309 1.01783692422
2046.70996258 0.993292689917
2046.73039435 1.00861315604
2046.75082622 1.00935177224
2046.77125789 1.00246611415
2046.79168977 0.999393983471
2046.81212154 1.00334722039
2046.83255321 0.989267193411
2046.85298509 0.996554891516
2046.87341686 0.999243129529
2046.89384853 0.985287234201
2046.91428041 0.988473915069
2046.93471218 0.994469922942
2046.95514406 1.00240877823
2046.97557573 1.00452694086
2046.99600751 1.00471060911
2047.01643928 1.00006950953
2047.03687106 0.996684216905
2047.05730283 1.00317893848
2047.07773461 1.00959539099
2047.09816638 1.00733029144
2047.11859826 1.00249621509
2047.13902994 0.997951162314
2047.15946171 1.00208853768
2047.17989359 0.991193109086
2047.24118892 1.00043628598
2047.2616207 0.988504403162
2047.28205238 1.00581563472
2047.30248426 1.00885211226
2047.32291604 0.969406028499
2047.34334792 0.993971922378
2047.36377959 1.01302194675
2047.38421137 0.993113127022
2047.40464325 1.02084619603
2047.42507493 0.987037326342
2047.44550671 0.972382399752
2047.46593859 0.984644069337
2047.48637027 1.00127120213
2047.50680215 0.99527637182
2047.52723394 0.991623123358
2047.54766562 0.990149370383
2047.5680975 0.9946475177
2047.58852928 1.00360306794
2047.60896096 0.995593821808
2047.62939284 1.00726064834
2047.64982463 1.00678891005
2047.67025641 0.997481749171
2047.69068819 1.00276729159
2047.71111997 1.00139191688
2047.73155186 0.998397547883
2047.75198354 1.00022953164
2047.77241532 1.00244798526
2047.79284711 1.00495374507
2047.81327889 1.0026512965
2047.83371068 0.981315670852
2047.85414256 0.999277204443
2047.89500613 0.992662771395
2047.91543791 1.00858905939
2047.9358696 1.00514069841
2047.95630149 0.987700482164
2047.97673327 1.00639405105
2047.99716496 1.00474792459
2048.01759684 1.00147263533
2048.03802863 0.986332737082
2048.05846052 1.0060487006
2048.0788922 1.00046341437
2048.09932399 1.00127272019
2048.11975588 0.996708528231
2048.14018757 1.01242589672
2048.16061936 0.991271316275
2048.18105124 0.995024805885
2048.20148293 1.011798849
2048.22191482 1.00110354135
2048.24234661 0.987857860024
2048.2627783 1.0086211924
2048.28321019 1.00444571989
2048.30364198 0.99407020686
2048.38536904 0.990371840913
2048.40580093 0.976595556642
2048.44666451 1.01030707686
2048.4670963 1.00064563813
2048.48752809 0.999737262535
2048.50795999 1.0140971183
2048.52839168 0.998687639
2048.54882347 1.00812159533
2048.56925536 1.00218505342
2048.58968706 1.0062618996
2048.61011895 0.998803399415
2048.63055074 0.993915199423
2048.65098244 1.00556410732
2048.67141433 1.00413250026
2048.69184612 0.99867986161
2048.71227782 1.0142869618
2048.73270971 1.00554735329
2048.75314151 1.01484978647
2048.7735734 1.00207530772
2048.7940051 1.00246374233
2048.81443689 0.994039136034
2048.83486879 1.0076845914
2048.85530049 1.00754071071
2048.87573228 0.998597280835
2048.89616418 0.994504863212
2048.91659588 0.999309703742
2048.93702767 0.992725124119
2048.95745957 0.990535558738
2049.01875496 1.00473632751
2049.03918676 1.00238491551
2049.05961856 0.988144313322
2049.08005036 0.989710121692
2049.10048216 0.988899811519
2049.12091396 0.987860031046
2049.14134576 0.984420312598
2049.18220935 1.01872062924
2049.20264116 0.995559752528
2049.22307306 0.995013869431
2049.24350476 1.01221774975
2049.26393656 0.996618378426
2049.28436846 1.00068420126
2049.30480016 0.991307923914
2049.32523196 0.997473649346
2049.34566386 1.00266353028
2049.36609556 1.00098597805
2049.38652747 1.00070990285
2049.40695927 1.01171881138
2049.42739097 0.996818385952
2049.44782288 0.999159088085
2049.46825468 1.00344309522
2049.48868648 0.994684525073
2049.50911829 1.0034039305
2049.52955009 0.979649695143
2049.54998199 1.00054208829
2049.5704137 0.984316447536
2049.5908455 1.02229349709
2049.61127741 1.01069880579
2049.63170911 0.988670598973
2049.67257282 1.01236711673
2049.69300463 1.00801205335
2049.71343644 1.01725163071
2049.73386824 0.990937598057
2049.75429995 0.995499117455
2049.77473186 1.0009435089
2049.79516366 1.01240119312
2049.81559537 0.996859762798
2049.83602728 1.00539567455
2049.8768908 0.996734555173
2049.8973227 1.0083163416
2049.91775451 1.00784025939
2049.93818642 0.998862347412
2049.95861813 0.987619145382
2049.97904994 0.989048934785
2050.01991356 0.99715934941
2050.04034537 1.01068985796
2050.06077728 0.995895990629
2050.1016409 1.00786528556
2050.12207271 0.998702508337
2050.14250443 0.99987660762
2050.16293634 1.00778398747
2050.18336815 1.01761112115
2050.20379996 0.995483525241
2050.22423177 1.01505489105
2050.24466359 1.00513740056
2050.2650955 1.00694564203
2050.28552721 0.986348652939
2050.30595903 0.996914788219
2050.32639094 0.997061545694
2050.34682275 0.980018541882
2050.36725447 0.987266300851
2050.38768638 0.993389129042
2050.4081181 1.00495735142
2050.42854991 1.00289944908
2050.44898183 0.986118103058
2050.46941354 1.00702998585
2050.48984546 0.992756371475
2050.51027728 1.00309600229
2050.53070899 1.01240226816
2050.55114091 1.00366785678
2050.57157273 1.01264700354
2050.59200444 0.997883571869
2050.61243636 1.00147907156
2050.63286818 1.01012505841
2050.6533001 1.00385622733
2050.67373181 0.996457296738
2050.69416363 1.0159430339
2050.71459555 0.999169246014
2050.73502727 0.992058585559
2050.75545909 1.00189068675
2050.77589101 0.993021946471
2050.79632273 1.00015768442
2050.81675465 0.993973609555
2050.83718647 0.997848268248
2050.85761829 1.0031057307
2050.87805011 1.00222874852
2050.89848193 0.988034407833
2050.95977739 0.995398608495
2050.98020922 1.002323518
2051.00064114 0.994436188602
2051.02107286 1.00186231533
2051.04150478 1.00858459635
2051.06193651 1.0013276345
2051.08236833 1.01006898895
2051.10280025 0.989306514154
2051.1436638 1.00405733863
2051.16409572 1.00479136718
2051.18452745 1.00394531233
2051.20495937 1.00107159961
2051.2253912 0.995738717187
2051.24582292 0.995761184344
2051.26625485 1.0051182088
2051.28668668 1.00740083371
2051.3071184 0.987874641814
2051.32755033 1.00846889338
2051.34798216 1.00200426642
2051.36841408 1.01775344573
2051.38884581 0.994604088761
2051.40927764 0.993341256832
2051.42970956 0.99660369463
2051.45014129 0.99113523931
2051.47057312 1.008718877
2051.49100505 0.996910655191
2051.51143688 1.00247899769
2051.53186861 1.0025197881
2051.55230054 0.99273404236
2051.57273237 0.989203773668
2051.5931642 1.00015726605
2051.61359603 0.982229263963
2051.63402786 1.00477896352
2051.65445969 0.989726338297
2051.67489152 1.0161042059
2051.69532335 1.00081515378
2051.71575518 0.978648508941
2051.73618701 0.988934972184
2051.75661894 0.997687159026
2051.77705068 1.02147299562
2051.79748251 0.976480202288
2051.85877801 0.987409045184
2051.87920994 1.01120312189
2051.89964168 1.00062038551
2051.94050544 0.994878004978
2051.96093718 1.00014957707
2051.98136911 0.998234900211
2052.02223268 0.99697882834
2052.04266462 0.996444049464
2052.06309646 1.00190893341
2052.08352839 1.00067937594
2052.10396013 0.985204670457
2052.12439197 1.00113141848
2052.1448239 1.00424441169
2052.16525574 1.0085256171
2052.18568748 1.00076356478
2052.20611942 1.00453597687
2052.22655125 0.987182556256
2052.24698299 0.988241894561
2052.26741493 1.00167593538
2052.28784677 0.99328323136
2052.30827871 0.999034924801
2052.32871045 0.995000006498
2052.34914229 1.00896927663
2052.36957423 1.01174249491
2052.39000597 0.978036393847
2052.43086965 1.00649352579
2052.45130149 0.981708057711
2052.47173343 0.993399061373
2052.49216518 0.998272885865
2052.51259702 1.00892600272
2052.53302896 1.00077703279
2052.5534607 0.991113042933
2052.57389254 0.989874705609
2052.59432449 0.980204616338
2052.61475623 1.00507690631
2052.63518817 1.00093743856
2052.65562002 1.00366920224
2052.67605176 1.00823509502
2052.69648371 0.993969864228
2052.71691555 1.0067597977
2052.7373474 1.0114261695
2052.75777924 0.99401461188
2052.77821109 1.00290699062
2052.79864293 0.975762143955
2052.81907478 0.969141503194
2052.83950663 1.00275798152
2052.85993857 0.999390619518
2052.88037042 1.00481589377
2052.90080217 1.00864458102
2052.92123411 1.01410585968
2052.94166596 1.00233184716
2052.96209771 1.00003448689
2052.98252966 1.00018668193
2053.00296151 0.992841445769
2053.02339346 0.997297893529
2053.04382521 0.990149855786
2053.06425706 1.00645906873
2053.10512075 0.970414197308
2053.14598446 0.998027847746
2053.16641631 1.00228648036
2053.18684826 1.00596397161
2053.20728001 1.00792235364
2053.22771186 0.997373795991
2053.24814381 1.00689463854
2053.32987112 0.98261970761
2053.37073493 0.98432707472
2053.39116678 1.00523584561
2053.41159864 0.998619302067
2053.43203049 0.993838259694
2053.45246235 1.0014202195
2053.4728942 1.0069361647
2053.49332606 0.992994126791
2053.51375791 1.00091356467
2053.53418987 0.997272832382
2053.55462163 1.00572633612
2053.57505358 1.006707762
2053.59548544 0.996269285998
2053.6159172 1.00070089451
2053.63634915 0.996610092916
2053.65678101 0.999125330946
2053.67721277 1.0019690478
2053.69764473 1.01544662654
2053.71807659 0.994728180965
2053.73850845 1.00758751041
2053.7589403 1.00675747342
2053.77937216 1.00238137993
2053.79980402 0.993247434606
2053.82023588 0.999551605004
2053.84066764 0.98624226286
2053.8610996 1.00176386198
2053.88153146 1.01066796567
2053.90196343 1.00151519248
2053.92239519 0.996175513866
2053.94282705 1.01467115473
2053.96325901 1.00744021866
2053.98369077 1.00872209783
2054.00412264 1.0029096334
2054.0245546 0.981996536396
2054.04498646 0.9909603928
2054.06541832 1.00611895728
2054.08585019 1.00726567372
2054.10628205 0.999138061335
2054.12671392 0.992217651365
2054.14714578 1.02300206126
2054.16757765 0.995438711281
2054.18800961 1.00033397915
2054.20844138 1.0098638945
2054.22887324 1.00038151271
2054.24930521 0.989660524181
2054.26973697 1.00305608982
2054.29016894 1.00085031072
2054.31060081 0.978430949113
2054.33103258 1.00620786821
2054.35146454 1.01225522238
2054.37189641 0.984068749604
2054.39232818 0.991171449503
2054.41276015 1.00268140206
2054.43319202 0.988364040021
2054.45362388 1.01280137638
2054.47405575 0.986661940427
2054.49448752 0.998934197289
2054.51491949 1.01750549284
2054.53535136 0.987535304672
2054.5762151 0.992556541297
2054.59664697 1.00768590012
2054.61707895 1.00483427815
2054.63751072 0.990435454443
2054.65794259 1.01083697507
2054.67837456 0.998139269761
2054.69880633 0.98525511751
2054.71923821 0.992888723214
2054.73967018 1.00049633664
2054.76010205 0.989984440414
2054.78053393 0.987924807833
2054.8009658 0.995311934416
2054.82139767 1.00547836182
2054.84182955 1.01208690996
2054.86226142 1.00554587137
2054.8826933 0.99717555962
2054.90312527 1.02034518929
2054.92355705 1.00642240133
2054.94398893 0.993837939558
2054.9644209 0.992755220457
2054.98485268 1.00895441715
2055.00528466 0.994286687721
2055.02571653 0.996372560323
2055.06658029 1.01123580435
2055.08701207 1.00642847629
2055.10744394 1.00697014732
2055.12787592 1.00760262695
2055.1483077 0.993038334136
2055.16873968 1.00865129066
2055.18917156 1.01140927988
2055.20960334 0.995647852238
2055.23003532 0.988027109238
2055.2504672 0.990060519198
2055.27089908 1.0049985869
2055.29133096 1.00956000052
2055.31176284 1.0012894198
2055.33219483 0.998624844718
2055.35262661 1.00102636799
2055.37305849 1.00927951884
2055.39349047 0.999622081499
2055.41392236 0.991061559578
2055.43435414 0.98920930779
2055.45478612 0.999157732574
2055.47521801 1.00155612633
2055.49564989 1.00429858976
2055.51608177 1.00273867794
2055.53651366 0.993262575639
2055.55694564 0.998741858583
2055.57737743 1.01342052947
2055.59780931 1.00549107235
2055.6182413 1.00962616243
2055.63867309 0.995258521132
2055.65910497 1.01301969432
2055.67953696 1.00824514292
2055.69996875 1.00774263831
2055.72040073 1.0098782763
2055.74083252 0.989611022791
2055.76126441 1.00231663507
2055.7816964 0.998435288441
2055.80212819 0.99003021866
2055.82256008 1.00609049419
2055.84299207 0.997758197195
2055.86342385 1.00341617411
2055.88385584 0.996694308875
2055.90428773 1.01644683291
2055.92471963 0.991513508309
2055.94515152 1.0018041665
2055.96558341 1.01272605955
2055.9860153 1.00051625833
2056.00644719 1.00894635437
2056.02687908 0.99361348588
2056.04731107 1.01194671634
2056.06774297 1.00519847989
2056.08817476 1.00287590184
2056.10860675 0.985958797358
2056.12903865 1.00492362634
2056.14947044 1.00075698704
2056.16990243 1.00328224618
2056.19033433 0.991751930589
2056.21076632 0.986931496315
2056.23119812 1.00022614316
2056.25163001 1.01603305257
2056.27206201 1.0027641446
2056.29249381 0.996296961504
2056.3129257 0.992200110432
2056.3333577 0.986546421801
2056.3537895 0.992958720589
2056.37422139 0.991256088922
2056.39465329 0.987576315166
2056.41508519 0.999612306015
2056.43551719 0.99033540203
2056.45594908 1.00098801019
2056.47638088 0.980668566222
2056.49681288 0.992460146131
2056.51724468 0.990781664639
2056.53767658 0.986147470273
2056.55810858 0.996618829497
2056.57854048 0.984828583779
2056.59897238 0.995501622982
2056.61940428 0.9735848091
2056.63983618 1.00210219962
2056.66026809 1.00648109322
2056.68069999 0.99122351985
2056.70113189 1.00267462414
2056.72156379 1.0011228648
2056.7419957 0.988060012645
2056.7624277 0.985310429408
2056.7828596 1.00187823678
2056.80329141 1.00337754823
2056.82372341 1.00739098135
2056.84415531 1.00090262988
2056.86458712 1.01203448416
2056.88501912 0.990425151616
2056.90545103 0.994443221856
2056.92588303 1.00304950557
2056.94631484 0.99036878018
2056.96674675 0.992281808258
2056.98717875 0.993245737791
2057.00761056 1.01177833681
2057.02804247 0.99441960937
2057.04847448 1.00129381346
2057.06890628 1.01541434513
2057.08933819 0.998622556661
2057.1097701 1.01872862809
2057.13020201 0.999928855543
2057.15063402 1.00845364378
2057.17106583 1.00631588795
2057.19149774 1.00170771694
2057.21192975 1.01512362349
2057.23236166 1.00288684622
2057.25279347 1.00478213072
2057.27322548 1.01532108961
