# #0 time, 1 flux
1977.36448055 0.998892867039
1977.38491277 0.998385486988
1977.405345 0.998663323179
1977.42577722 0.998677363072
1977.46664166 0.999824661263
1977.48707398 0.999219181164
1977.5075062 1.00118768237
1977.52793832 0.998899626928
1977.54837064 0.999734945526
1977.56880285 0.998913173151
1977.58923497 0.997590745206
1977.60966729 1.00142639092
1977.6300995 1.0001551051
1977.65053162 0.999472500515
1977.67096394 0.999796241148
1977.69139615 1.00036804441
1977.71182827 0.999388161733
1977.73226058 0.999520599136
1977.75269279 1.00023959875
1977.77312491 1.00015212994
1977.79355722 1.00068842028
1977.81398943 0.999665577297
1977.83442165 1.00022446297
1977.85485386 1.00071839784
1977.87528607 0.999474731285
1977.89571828 1.00160957402
1977.91615049 1.00052982765
1977.9365827 1.00001074701
1977.95701501 1.00349441386
1977.97744712 1.00075576412
1977.99787933 1.0016310129
1978.01831163 0.999245628014
1978.03874374 0.999759181007
1978.05917595 1.0017611031
1978.07960825 1.00138001261
1978.10004036 1.00034284398
1978.12047257 0.999358875365
1978.14090487 0.999291478467
1978.16133698 1.00093311176
1978.18176918 1.00083356653
1978.20220149 1.00140785796
1978.22263359 0.999423229025
1978.24306589 0.999541889807
1978.26349809 0.998288591137
1978.2839303 0.999357793859
1978.3043625 1.00057293344
1978.3247947 0.999326681662
1978.3452269 0.9983119875
1978.3656591 0.998601193709
1978.3860913 1.00103634415
1978.4065235 0.997906500035
1978.4269557 0.998109178659
1978.4473879 1.00106124927
1978.4678201 0.998191962211
1978.48825229 1.00431142013
1978.59041318 0.99991621902
1978.61084547 1.00086346471
1978.63127767 1.00066572971
1978.65170996 1.0003061269
1978.67214205 1.00037360487
1978.69257425 0.999285445992
1978.71300654 1.00058734595
1978.73343863 0.998995465067
1978.75387082 0.999093695883
1978.77430312 0.999876779397
1978.79473531 1.00101781887
1978.8151674 0.998657881159
1978.83559969 1.00287241185
1978.85603188 0.999598450008
1978.87646397 1.00157278253
1978.91732844 1.00037134891
1978.93776053 0.998536444228
1979.01948938 0.999964349005
1979.06035365 1.00073050771
1979.08078593 1.00079163264
1979.10121812 1.00043220994
1979.1216504 1.00122746826
1979.14208249 0.999361764741
1979.16251467 1.00077243882
1979.18294685 1.00244419916
1979.20337903 0.999177737208
1979.22381122 1.00088852566
1979.2442434 0.998493203526
1979.26467558 1.00890531136
1979.28510776 0.999533553925
1979.30553994 0.997353873015
1979.32597212 0.999004900754
1979.3464043 0.997504953756
1979.36683658 0.999731167458
1979.38726865 0.998061449083
1979.40770083 1.0020684249
1979.42813311 1.00094786846
1979.44856519 0.997727076628
1979.46899736 0.999740019612
1979.48942964 0.999496699503
1979.50986171 0.999001992413
1979.53029389 1.00007934983
1979.55072616 0.997700422085
1979.57115824 0.998772635619
1979.61202269 1.00089726691
1979.63245486 1.00060195464
1979.65288703 0.999739032321
1979.6733192 0.999415625817
1979.69375137 0.999690156893
1979.71418355 0.999111028869
1979.73461572 1.00304164346
1979.75504789 0.999054085138
1979.77548006 0.99811526578
1979.79591223 0.998183141321
1979.8163444 0.999948944233
1979.83677666 0.998768143536
1979.85720873 1.00014322416
1979.8776409 1.00032816367
1979.89807307 1.00048055841
1979.91850523 0.999270690186
1979.9389374 0.998637066976
1979.95936957 0.998620446752
1979.97980173 1.00111061729
1980.0002339 1.00091428154
1980.02066606 0.999760154742
1980.04109823 1.00008376908
1980.06153049 0.999657162911
1980.08196255 1.00086621903
1980.10239472 0.999971209966
1980.12282698 1.00024831494
1980.14325904 1.00062348682
1980.1636912 0.999478116651
1980.18412346 0.999594415399
1980.20455563 0.9993838722
1980.22498769 1.00187515431
1980.24541995 1.00131767676
1980.26585211 1.00104703513
1980.28628416 0.99970138313
1980.30671642 1.00021365745
1980.32714858 0.999873662152
1980.34758064 0.999597200815
1980.3680129 0.999824373741
1980.38844505 1.00047736341
1980.40887711 1.00017660612
1980.42930937 1.00050841944
1980.44974152 1.00036628265
1980.47017368 1.00005576846
1980.49060583 1.00144878516
1980.51103799 1.00101805256
1980.53147024 1.0011547125
1980.55190229 1.00097858357
1980.57233445 1.00032355683
1980.5927667 1.0004549265
1980.61319875 1.001635506
1980.6336309 1.00008723855
1980.65406315 0.998599558379
1980.67449521 1.00132646238
1980.69492736 0.998424548345
1980.71535961 0.999120802792
1980.73579166 0.999673630532
1980.7562238 0.998165715018
1980.77665605 1.00195906514
1980.7970881 0.999754132679
1980.81752025 1.00030959363
1980.8379525 0.999220551251
1980.91968098 1.00083227786
1980.94011313 1.00027412032
1980.96054537 1.00055127753
1980.98097742 1.00005470277
1981.02184181 1.00096078491
1981.04227395 1.00160341821
1981.06270609 1.00142341736
1981.08313823 1.00134557302
1981.10357038 1.00223170064
1981.12400252 1.00070401162
1981.14443466 1.01063904643
1981.1648668 1.00029880917
1981.18529904 1.00022236052
1981.20573108 1.00086096851
1981.22616322 1.00016693358
1981.24659546 0.998968698682
1981.2670275 1.0003901465
1981.28745964 1.00160579338
1981.30789187 0.999567051501
1981.32832391 1.00341331751
1981.34875605 0.999573032925
1981.36918828 1.00092763988
1981.38962032 0.999116720263
1981.41005245 0.998384804069
1981.43048459 0.999258722724
1981.59394176 0.999698244588
1981.61437389 0.998887895624
1981.63480592 1.00029260015
1981.65523815 1.00015204378
1981.67567028 0.999273678847
1981.69610231 1.00225096396
1981.71653454 1.00011454499
1981.73696667 0.998952845721
1981.7573987 0.999505387929
1981.77783092 1.00024064628
1981.79826305 1.00029734999
1981.81869508 1.00046436095
1981.83912731 0.999913956311
1981.85955943 0.997977507089
1981.87999156 1.0001074884
1981.90042368 1.00028270832
1981.92085581 0.999749209251
1981.94128803 1.00011778255
1981.96172006 1.00148979289
1981.98215218 0.999722703162
1982.00258441 1.00041917674
1982.02301653 1.00052972882
1982.04344855 0.999614074301
1982.06388077 0.999092842266
1982.0843129 1.00069087953
1982.10474492 0.999002677789
1982.12517714 0.999212569752
1982.14560916 0.999563500972
1982.16604128 0.998294968499
1982.1864735 0.999236744908
1982.20690552 0.998721994176
1982.22733764 1.00019723727
1982.24776985 0.998827380338
1982.26820187 1.00023864809
1982.28863399 1.0000508293
1982.30906621 1.00058440368
1982.32949822 1.00108730176
1982.34993034 0.99890203762
1982.37036256 0.998619363877
1982.39079467 0.998547124227
1982.41122679 0.997501895709
1982.4316589 0.998407178075
1982.45209102 0.997639529877
1982.47252313 0.998152004936
1982.49295524 0.999471739084
1982.51338736 1.0009570101
1982.53381957 0.999958827556
1982.55425158 0.999495737135
1982.57468369 1.00038119619
1982.59511591 0.998798444196
1982.61554792 0.999706287729
1982.63598003 0.997949028989
1982.65641224 1.00210340653
1982.67684425 0.99891040252
1982.69727636 0.99956745838
1982.71770857 1.00093908992
1982.75857268 0.999381933232
1982.77900489 1.00057135681
1982.7994369 1.00060243369
1982.819869 1.00054954452
1982.84030121 1.00038275133
1982.86073332 1.00029028389
1982.88116542 1.00009216713
1982.90159753 0.99771203074
1982.92202953 0.999452934857
1982.94246174 0.999233167383
1982.98332585 0.998385617769
1983.02419015 0.999387571358
1983.04462215 0.998489227903
1983.06505436 1.00040608067
1983.08548646 0.999498185612
1983.10591846 0.998703465769
1983.12635066 1.0009719878
1983.14678276 0.999388519952
1983.16721476 0.998296405645
1983.18764696 0.997423350263
1983.20807906 0.999371232117
1983.22851116 0.998929129549
1983.24894326 0.998518523149
1983.26937535 0.998832576311
1983.28980745 1.00513882572
1983.31023955 0.998495093293
1983.33067165 0.999969751739
1983.35110384 0.998617777696
1983.37153594 1.00118943996
1983.39196793 0.998955172032
1983.49412851 1.00156436915
1983.5145605 1.00171699145
1983.53499269 1.00288971878
1983.55542478 1.00374468947
1983.57585678 1.00031680059
1983.59628897 1.00216767217
1983.61672106 1.00136977875
1983.63715305 1.00057256435
1983.65758524 1.00176172765
1983.67801723 1.00216230215
1983.69844942 1.00268855793
1983.71888151 1.00304284273
1983.7393135 1.00221755423
1983.75974558 1.00217603759
1983.78017777 1.00177890748
1983.80060986 1.00097477174
1983.82104195 1.00273244755
1983.84147403 1.00209653671
1983.86190612 1.00137161449
1983.88233831 1.00215814562
1983.90277029 0.999424496873
1983.92320238 1.00382325738
1983.94363456 0.999940665006
1983.98449863 0.998693882103
1984.00493081 1.001171488
1984.02536279 1.00139350145
1984.04579488 0.99731429299
1984.06622706 1.00170774075
1984.08665904 0.998327668429
1984.10709112 0.999808694049
1984.1275233 0.998802146564
1984.14795529 1.00038860968
1984.16838737 0.998991689126
1984.18881955 0.997090314072
1984.20925162 1.00153018658
1984.2296836 0.996457383596
1984.25011578 0.999160271229
1984.27054786 1.00034332677
1984.29097994 0.998016977511
1984.31141202 0.997298555167
1984.33184409 0.997353346653
1984.35227627 1.00000679433
1984.37270825 0.999339957626
1984.47486862 0.999904065401
1984.4953007 0.99939236363
1984.51573267 1.0008581629
1984.53616484 1.00033489902
1984.55659692 1.00035931955
1984.57702889 1.00115358822
1984.59746106 1.00130201489
1984.61789313 0.998714629689
1984.6383252 0.999457872569
1984.65875727 1.00045494117
1984.67918934 0.999822262038
1984.69962141 1.00069321323
1984.72005358 1.00095969056
1984.74048555 1.00024371223
1984.76091772 0.999658827321
1984.78134979 1.00252360779
1984.80178176 1.00233061217
1984.82221392 1.00118352608
1984.84264599 0.99785399067
1984.86307796 1.00297402917
1984.98567035 0.998337720837
1985.00610252 0.999823765317
1985.02653458 1.00016630774
1985.04696664 0.998641807505
1985.06739871 1.00134989738
1985.08783077 0.999700696623
1985.10826283 1.00082223266
1985.12869489 1.0015792454
1985.14912695 1.00070083322
1985.16955891 1.00061140674
1985.18999108 0.9991970199
1985.21042314 0.998895185839
1985.2308553 0.999629526319
1985.25128725 0.99888566655
1985.27171931 0.998867667602
1985.29215147 0.998550193483
1985.31258343 0.999191640366
1985.33301549 0.998180824914
1985.35344765 0.998301087665
1985.45560783 1.00034346046
1985.47603998 0.998848798395
1985.49647194 0.999921263431
1985.51690399 1.0003212261
1985.53733615 1.00052773871
1985.5577682 0.999656769108
1985.57820015 0.998792610147
1985.59863231 1.00107720526
1985.61906436 0.999596712024
1985.63949631 1.00088079147
1985.65992846 1.00117289796
1985.68036051 1.00058017879
1985.70079266 0.998624368381
1985.72122461 1.00069433414
1985.74165666 0.998032254759
1985.76208881 0.999873790823
1985.78252076 0.998465781132
1985.80295281 0.999563319202
1985.82338496 0.999674320629
1985.84381691 0.999519229124
1985.94597714 1.00152125723
1985.96640919 0.999313257459
1985.98684124 1.00162453361
1986.00727328 1.00010134002
1986.02770533 1.00114984289
1986.04813737 0.998901954616
1986.06856951 1.00005955076
1986.08900146 1.00008975526
1986.1094335 1.00045483703
1986.12986564 0.999923959679
1986.15029759 1.00019902868
1986.17072973 1.00040907376
1986.19116177 0.998493436672
1986.21159371 0.998674453976
1986.23202585 1.00084667654
1986.25245789 1.00041750566
1986.27288983 0.999866775784
1986.29332197 1.00037189697
1986.31375401 0.999465861263
1986.33418595 0.998405824057
1986.35461809 1.00145038413
1986.37505013 1.00129640446
1986.39548217 1.00313721226
1986.4159142 0.999908534482
1986.43634624 1.00317032027
1986.45677828 0.998783192256
1986.47721032 0.998653457146
1986.49764235 1.00089052104
1986.51807439 0.996997429817
1986.53850652 0.998961908696
1986.55893846 0.999242195033
1986.57937049 1.0023200525
1986.68153066 1.00074572671
1986.70196279 1.00164104306
1986.72239472 1.00072913545
1986.74282675 1.00074481441
1986.76325889 1.00184141877
1986.78369082 1.00066868757
1986.80412285 0.999956686921
1986.82455498 1.0025757076
1986.84498691 1.00117915287
1986.86541894 0.998934833853
1986.90628309 0.99985854778
1986.92671502 1.00115863239
1986.94714715 1.00012583637
1986.96757918 0.998627656225
1986.9880111 1.00104667274
1987.00844323 1.00069221916
1987.02887526 1.00311165256
1987.04930718 1.00020531559
1987.06973931 0.999867885071
1987.17189953 1.00101659396
1987.19233145 1.0011479391
1987.21276348 1.00014642274
1987.2331956 1.00034893626
1987.25362752 0.999998127674
1987.27405954 1.00215849532
1987.29449166 1.00003780555
1987.31492359 1.0012877181
1987.33535561 0.999899365733
1987.35578773 0.998674672813
1987.37621965 0.999216435599
1987.39665167 0.999404724827
1987.41708368 1.00279974176
1987.4375157 1.00055550458
1987.45794772 1.00017016544
1987.47837984 1.00102347605
1987.49881176 1.00135960312
1987.51924388 1.00080565484
1987.53967589 0.997662904996
1987.56010781 0.999402838619
1987.66226799 1.00087894443
1987.6826999 0.999344495687
1987.70313202 1.00072675596
1987.72356403 1.00067974274
1987.74399604 1.00314897569
1987.76442806 1.00016721794
1987.78486007 0.999003238865
1987.80529208 0.995304543112
1987.90745214 1.00190359745
1987.92788415 1.00215280027
1987.94831626 1.00029198226
1987.96874817 1.0027204515
1987.98918027 1.00099077231
1988.00961228 1.00143964341
1988.03004419 0.999739563445
1988.0504763 1.00187224145
1988.07090831 1.0010455953
1988.09134021 1.00053416358
1988.11177232 1.00063613789
1988.13220423 1.00022696358
1988.15263623 0.999909253079
1988.19350024 0.999890580539
1988.21393225 1.00016208005
1988.23436435 0.996670118575
1988.25479626 0.999336562302
1988.27522826 0.999607488404
1988.29566036 0.999896758266
1988.39782028 1.00025928995
1988.41825238 0.999676746086
1988.43868438 0.999483839879
1988.45911648 0.998721247079
1988.47954838 0.999622863173
1988.49998038 1.00269390218
1988.54084438 0.999503011967
1988.64300447 1.00045939582
1988.66343637 1.00048702162
1988.68386836 0.998618999769
1988.70430046 1.00013265929
1988.72473235 0.997153482125
1988.74516435 0.998763730527
1988.76559645 0.999168798082
1988.78602844 0.99960158906
1988.9086203 1.00055104199
1988.92905239 1.00038912996
1988.94948439 1.00078567204
1988.96991628 0.99715612446
1988.99034837 0.997350908938
1989.01078036 0.998239690959
1989.03121225 0.996476493406
1989.05164434 0.99799978541
1989.07207633 0.998274062093
1989.09250822 0.998429424172
1989.11294031 0.997923858477
1989.1333723 0.996804733061
1989.15380429 0.998636582111
1989.17423628 0.997224979728
1989.19466826 0.997747417735
1989.21510025 0.99787102592
1989.23553224 0.998368654904
1989.25596422 0.998751225606
1989.27639621 0.995620915236
1989.37855614 1.0010747152
1989.39898822 1.00159158118
1989.41942021 0.999465752267
1989.43985209 0.999794687404
1989.46028417 0.999407654063
1989.48071615 0.999004141111
1989.50114804 1.00026849548
1989.52158012 1.00071474696
1989.5420121 0.999444238515
1989.56244398 1.00132512943
1989.58287606 1.00104176228
1989.60330804 0.999948007675
1989.62373992 0.999790351373
1989.644172 0.999729807791
1989.66460398 0.998814354904
1989.68503586 1.00061327809
1989.70546794 0.999476729716
1989.72589992 1.00162495014
1989.7463318 1.0002481705
1989.76676388 1.00236561768
1989.86892386 1.00297010717
1989.88935574 1.00389759566
1989.90978771 1.00277413889
1989.93021979 1.00319263511
1989.95065166 1.00138988797
1989.97108364 1.00351024024
1989.99151571 1.00215263481
1990.01194759 1.0029902198
1990.03237956 1.00546436385
1990.05281163 1.00253032143
1990.07324351 1.00250925036
1990.09367548 1.00188106451
1990.11410755 1.00290517815
1990.13453952 1.00028323397
1990.15497139 1.0000655625
1990.17540346 0.998132114235
1990.19583543 1.00130277409
1990.2162673 0.999864686236
1990.23669937 1.00662143685
1990.35929119 1.00697951383
1990.37972306 1.0055944279
1990.40015512 1.00507013263
1990.42058709 1.00142845399
1990.44101896 0.996080611703
1990.46145102 1.0004469448
1990.48188299 0.998598407306
1990.50231495 1.00009810287
1990.60447478 1.00030359884
1990.62490674 1.00116485758
1990.6453388 1.0001538905
1990.66577067 0.999065625754
1990.68620263 0.997696560336
1990.70663469 0.990045954068
1990.72706655 0.997881876697
1990.87009037 1.00189279058
1990.89052233 1.00300444402
1990.91095419 1.00025363314
1990.93138625 0.999923595423
1990.95181821 1.00136627967
1990.97225017 1.00056467297
1990.99268212 1.00118380031
1991.01311408 1.00110594324
1991.03354604 0.998640209603
1991.05397799 0.999511064795
1991.07440995 0.998275484162
1991.09484181 0.999248454551
1991.11527386 0.998775666042
1991.13570582 0.997704179451
1991.15613787 0.999341996943
1991.17656972 0.998555969659
1991.19700168 0.998328389891
1991.21743373 0.999159645144
1991.23786559 0.998539077374
1991.34002545 0.998080827558
1991.3604573 1.00065046108
1991.38088925 0.999090409123
1991.4013213 0.999186814319
1991.42175315 0.999825170227
1991.4421851 1.0006953174
1991.46261715 0.99925771502
1991.4830491 0.999266054185
1991.50348095 1.00019670282
1991.523913 0.999974834472
1991.54434495 1.00056884146
1991.56477679 0.999612671867
1991.58520884 1.00147873207
1991.60564079 0.998244888033
1991.62607284 0.998452961177
1991.64650468 0.999220660647
1991.66693663 0.999628949636
1991.68736867 0.999380928393
1991.70780052 0.997097957794
1991.72823247 1.00071996956
1991.74866441 1.00111768483
1991.76909636 0.999209635277
1991.7895283 0.998436753412
1991.80996024 1.00092070895
1991.83039219 1.00077054462
1991.85082413 1.00123887915
1991.87125607 1.00065854946
1991.89168802 1.00199409568
1991.91211996 1.00101614777
1991.9325519 1.00340095577
1991.95298384 0.999143312604
1991.97341578 1.00016324947
1992.07557549 1.00075507005
1992.09600753 1.00216300389
1992.11643946 1.00002534283
1992.1368713 1.00122972769
1992.15730334 0.999830819069
1992.17773528 1.00083997452
1992.19816712 1.00184966109
1992.21859916 1.0010291673
1992.32075884 1.00022869262
1992.34119077 0.999038272579
1992.36162271 1.00074038311
1992.38205464 0.99950635055
1992.40248658 1.00011656018
1992.42291851 0.998831099558
1992.44335055 1.00050946495
1992.46378248 1.00013014638
1992.48421431 1.00083058455
1992.50464635 0.999117856945
1992.52507818 1.00068668863
1992.54551011 1.00207351219
1992.56594214 1.0006420556
1992.58637397 1.00141462723
1992.60680591 0.999491516192
1992.64766977 1.00028207811
1992.6681017 0.998473653499
1992.68853373 0.999626213608
1992.70896556 1.00274353683
1992.83155723 1.00046428822
1992.85198916 1.00033070804
1992.87242108 0.99807069658
1992.89285301 1.00034628748
1992.91328494 0.998557370962
1992.93371686 0.999740523322
1992.95414879 0.999507092395
1992.97458081 0.998054576005
1992.99501264 0.999246977519
1993.01544456 0.998382937987
1993.03587659 0.998722536997
1993.05630841 0.996791918698
1993.07674034 1.00007144072
1993.09717236 0.999857954683
1993.11760418 1.00040627235
1993.13803611 1.00069313601
1993.15846813 0.99926222959
1993.17889995 0.997824092714
1993.19933187 0.998504540417
1993.30149148 0.999567115218
1993.3219235 0.998438302457
1993.34235542 0.999531800201
1993.36278724 0.999720239614
1993.38321926 1.00078990216
1993.40365118 0.998646763092
1993.424083 0.99942122519
1993.44451501 0.997820199086
1993.5466745 0.998154812156
1993.56710652 0.99869431671
1993.58753843 0.999563971323
1993.60797025 0.999206630551
1993.62840226 0.999146191759
1993.64883418 0.999736044603
1993.66926619 0.999851461709
1993.68969801 1.00039864746
1993.71012992 1.0005435869
1993.73056194 1.0004121178
1993.75099375 0.999362438051
1993.77142566 1.00213311746
1993.79185768 0.999948139137
1993.81228959 1.00088089803
1993.8327214 0.999881118512
1993.85315341 1.00211385089
1993.87358533 1.00093561625
1993.89401714 1.00078308349
1993.91444915 1.00098624239
1993.93488106 0.99795060741
1994.03704061 1.00222914729
1994.05747242 1.0010102403
1994.07790442 1.00096487987
1994.09833633 1.00247352036
1994.11876814 0.999667969039
1994.13920015 1.00012942109
1994.15963206 1.00091042418
1994.28222349 1.00052156579
1994.3026554 0.999944147035
1994.3230873 1.0027939347
1994.34351921 1.00095148836
1994.36395111 1.00297393873
1994.38438312 1.00185491449
1994.40481492 1.00114130283
1994.42524682 1.00015345062
1994.44567883 0.999458822607
1994.46611063 0.999924875102
1994.48654263 0.99950399595
1994.50697453 1.00191859556
1994.52740634 1.00073653824
1994.54783834 1.00125775319
1994.56827024 0.997822513458
1994.58870204 1.00074746055
1994.60913404 1.00096772378
1994.62956594 1.00134553648
1994.64999784 1.00062633227
1994.67042974 1.0003811875
1994.69086164 1.00160982289
1994.77258913 1.00045331403
1994.79302113 1.00146977119
1994.81345303 1.00094108688
1994.83388483 0.998496932908
1994.85431682 1.00266299064
1994.87474872 1.00010919143
1994.89518072 0.993603025371
1994.91561251 0.996740207059
1995.01777209 0.999383716741
1995.03820388 0.998813874189
1995.05863578 0.998897462351
1995.07906777 0.998798301895
1995.09949956 0.997161454833
1995.11993146 0.999095862954
1995.14036345 0.997640490575
1995.16079524 0.997943315606
1995.2629548 0.99778188867
1995.28338669 0.997231450868
1995.30381858 0.998044716958
1995.32425047 1.00053374629
1995.34468236 0.999774744547
1995.36511425 0.997507223566
1995.38554614 0.99896235209
1995.40597803 0.998016939213
1995.42640992 1.00121242866
1995.44684181 0.995834692484
1995.4672737 0.999559969136
1995.48770558 0.999352861737
1995.50813747 0.999213321094
1995.52856926 0.995602558053
1995.54900124 0.999677057573
1995.56943313 0.999269945506
1995.58986502 0.999865543528
1995.6102969 1.00021427244
1995.63072879 0.997080527478
1995.65116067 0.999244362908
1995.7533201 0.999564341413
1995.77375208 1.00007220987
1995.79418396 1.00100765911
1995.81461575 0.999212080826
1995.83504773 1.00059557377
1995.85547961 0.999837697251
1995.87591139 1.00074975642
1995.99850268 1.00209539675
1996.01893466 0.998845598707
1996.03936654 1.0017453082
1996.05979842 1.00237005805
1996.0802303 0.999884161131
1996.10066218 1.00161458513
1996.12109406 1.00113784214
1996.14152594 1.00056875433
1996.16195781 1.00090967546
1996.18238969 1.00320016652
1996.20282157 1.00069284801
1996.22325345 0.999369783446
1996.24368542 1.00296607662
1996.2641172 1.00338979899
1996.28454908 1.00049612559
1996.30498105 0.999129715054
1996.32541283 0.998346049652
1996.3458447 1.00235990835
1996.36627668 0.998638821322
1996.38670845 1.0001267309
1996.48886792 0.998948747515
1996.5092997 0.999148690343
1996.52973167 1.00039967197
1996.57059542 0.998768940097
1996.59102729 0.995295465566
1996.61145916 0.998512332091
1996.63189103 0.999605858893
1996.75448225 0.997044146747
1996.77491422 1.00121632566
1996.79534599 1.00095592521
1996.81577786 1.00232087935
1996.83620983 0.99951677952
1996.8566416 1.00218865607
1996.87707347 1.00032336607
1996.9792328 1.00194245502
1996.99966477 1.00069866688
1997.02009654 1.00171218173
1997.0405284 1.00104868649
1997.06096037 0.999858488405
1997.101824 1.0002771279
1997.12225596 1.00017390186
1997.22441518 1.00146268841
1997.24484714 1.0010740574
1997.26527901 1.00006276006
1997.28571077 0.999909937872
1997.30614273 0.99986839067
1997.32657459 1.00012571316
1997.34700655 1.00055376336
1997.36743832 1.00108052926
1997.38787018 1.00063440072
1997.40830214 1.00041246882
1997.4287339 0.999028247812
1997.44916576 0.998725793984
1997.46959772 1.0012849466
1997.49002948 1.00039519376
1997.51046134 0.998809983315
1997.5308933 0.997370150673
1997.55132516 0.999335662219
1997.57175691 0.998670700955
1997.71478002 1.00279995258
1997.73521177 1.00148753577
1997.75564373 0.999702600436
1997.77607559 0.999819743067
1997.79650734 0.99866246477
1997.8169393 0.999934458349
1997.83737115 0.997733522312
1997.85780291 0.999840715632
1997.95996228 0.998598121036
1997.98039413 1.00102690969
1998.00082598 1.00114636626
1998.02125783 0.998942648956
1998.04168969 0.998763155988
1998.06212164 1.00124918954
1998.08255339 1.00024960399
1998.10298534 0.998869698325
1998.12341719 1.00003771876
1998.14384894 1.00022596788
1998.16428089 1.00009827773
1998.18471275 1.00029691069
1998.2051445 1.0004072312
1998.22557645 1.00067860798
1998.24600829 1.00075502249
1998.26644004 0.998522483291
1998.28687199 0.998913016092
1998.30730384 0.99911315917
1998.34816754 0.997657131439
1998.45032668 0.999620282123
1998.47075862 0.999827681213
1998.49119047 1.00181925511
1998.51162232 0.999940920056
1998.53205416 0.999729743271
1998.55248601 0.99988418278
1998.57291795 1.00021707709
1998.5933497 0.999101867143
1998.71594076 0.999643204536
1998.73637261 0.999657915957
1998.75680455 1.00038796762
1998.77723629 1.00060754194
1998.79766813 0.999255698715
1998.81810008 0.998004581165
1998.83853182 0.999374540532
1998.85896366 0.999877853314
1998.8793956 1.00003659978
1998.89982744 0.999835771931
1998.92025928 0.999660295627
1998.94069112 1.00179835027
1998.96112296 0.999293897908
1998.9815548 0.998914582118
1999.00198664 1.00026246652
1999.02241848 1.00087452649
1999.04285042 0.998383067345
1999.06328216 0.998765496645
1999.083714 0.99936296066
1999.10414584 0.998967667243
1999.12457768 0.996817530015
1999.14500941 0.990639833065
1999.16544135 1.00182267852
1999.18587319 1.00044924247
1999.20630493 0.998888980747
1999.22673686 0.999370075919
1999.2471687 0.999106134926
1999.26760064 0.999863288975
1999.28803237 1.0012383635
1999.30846421 1.00027392634
1999.32889614 1.00035916946
1999.34932788 0.998580928973
1999.36975971 0.999454258747
1999.39019165 0.999480107324
1999.41062348 1.00125142123
1999.43105522 0.997964655142
1999.45148715 1.00415492015
1999.47191899 1.0032631033
1999.49235072 1.00127341005
1999.51278265 1.00108620023
1999.53321449 1.00327762905
1999.55364622 1.00093853165
1999.57407815 0.999337961897
1999.67623741 1.00116227997
1999.69666914 1.00300687236
1999.71710097 1.00426734694
1999.7375329 1.00163809944
1999.75796463 1.00064172828
1999.77839646 1.00410220839
1999.79882839 1.00253960381
1999.81926012 1.0014407237
1999.92141926 1.0006195825
1999.94185109 0.998884322058
1999.96228292 1.00039142687
1999.98271485 1.00009869275
2000.00314657 1.00115998651
2000.0235785 1.00088216893
2000.04401033 1.00056039346
2000.06444205 1.00075578775
2000.08487398 0.999448457535
2000.10530581 1.00135792115
2000.12573753 1.00137381749
2000.14616946 0.999735991798
2000.16660128 0.99994152458
2000.18703301 0.999989310487
2000.20746493 0.999673651598
2000.22789676 0.998572655031
2000.24832858 1.00152876562
2000.2687604 0.99963696515
2000.28919223 0.998473589728
2000.30962405 0.999479863261
2000.41178316 1.00078895792
2000.43221509 0.9994410838
2000.45264691 0.997881198943
2000.47307863 0.998755496025
2000.49351055 0.999146644721
2000.51394237 0.99765348995
2000.53437409 0.997189444158
2000.55480601 0.999062540667
2000.57523783 0.996981559817
2000.59566955 0.997941978513
2000.63653319 0.998453231878
2000.65696501 0.998491746951
2000.67739693 0.999314545842
2000.69782865 0.997455549892
2000.71826047 0.999165434516
2000.73869239 0.998399312009
2000.7591241 0.997932245562
2000.77955602 0.998255616118
2000.79998784 1.00025811436
2000.82041966 0.999933709258
2000.84085147 1.00032083852
2000.86128329 0.998511140291
2000.88171511 0.998792501518
2000.90214692 0.999842100287
2000.92257874 0.999367250709
2000.96344247 1.00094762029
2000.98387418 0.999881710299
2001.004306 1.00227030351
2001.02473791 1.00183846583
2001.04516963 1.00014778347
2001.1473288 1.00069826005
2001.16776051 0.9996492192
2001.18819242 0.999592032486
2001.20862424 1.001268009
2001.22905605 0.999329627838
2001.24948786 0.99899581879
2001.26991957 1.00124002265
2001.29035148 1.000283112
2001.3107833 0.999435697884
2001.33121511 1.00064930535
2001.35164682 1.00036036771
2001.37207873 0.999824349299
2001.39251054 0.999851888248
2001.41294225 0.999980586231
2001.43337416 1.00098859212
2001.45380597 1.00120345031
2001.47423768 1.00265390451
2001.49466959 1.00329427176
2001.5151014 0.999186182834
2001.53553331 0.99962188239
2001.63769225 1.00004912956
2001.65812415 0.999692040685
2001.67855586 0.999450475916
2001.69898767 1.00057007835
2001.71941957 1.00113352274
2001.73985128 1.00060250932
2001.76028309 1.00182132737
2001.78071499 1.00105862995
2001.8011468 1.00046768569
2001.8215785 1.00110420807
2001.84201041 0.999795695466
2001.86244221 1.00095345185
2001.88287412 1.00104581934
2001.90330582 1.00077695962
2001.92373763 0.99888748403
2001.94416953 1.00008232339
2001.96460124 1.00114568885
2001.98503304 1.00277255027
2002.00546484 0.999149228803
2002.02589665 1.00080459614
2002.14848746 1.00081285553
2002.16891926 0.999893503069
2002.18935106 0.999457328731
2002.20978286 0.999898491412
2002.23021476 0.999389217676
2002.25064646 1.00050794502
2002.27107826 0.998998712025
2002.29151016 0.998006901282
2002.31194196 0.999273517927
2002.33237366 0.999539968244
2002.35280556 0.99986946355
2002.37323736 0.999141542347
2002.39366906 0.999256425369
2002.41410096 0.999024644464
2002.43453276 0.997648192348
2002.45496446 0.999978649799
2002.47539636 0.999229844134
2002.49582815 1.00271312489
2002.51625985 1.00109609271
2002.53669175 0.997278587311
2002.63885083 0.999067097864
2002.65928253 1.00042438675
2002.67971432 0.99927166265
2002.70014622 1.00057294267
2002.72057791 1.00004942389
2002.74100971 1.00108055302
2002.7614415 1.00443304709
2002.7818733 1.001509999
2002.80230509 0.999728382888
2002.82273699 0.999881057366
2002.84316868 0.998708307729
2002.86360048 0.99911728045
2002.88403237 1.00138349976
2002.90446406 1.0010611595
2002.92489585 1.0013380555
2002.94532775 0.999350682999
2002.96575944 0.998576671253
2002.98619133 1.0006489568
2003.00662312 0.998445092883
2003.10878208 1.00009915492
2003.12921387 1.00054982145
2003.14964566 0.999008031222
2003.17007745 1.00032100975
2003.19050924 1.0006413105
2003.21094103 1.00066533064
2003.23137282 0.999884077132
2003.25180461 1.00040619433
2003.2722364 0.999936571265
2003.29266829 0.999361627635
2003.31309998 1.00566554417
2003.33353187 1.00014121448
2003.35396366 0.995919998122
2003.37439535 1.00073566438
2003.39482723 0.999229272467
2003.41525902 1.00254206618
2003.43569071 0.999602464734
2003.4561226 0.99977810905
2003.47655428 0.999136694026
2003.49698607 0.9987014174
2003.599145 0.999712276316
2003.61957679 0.999094930419
2003.64000867 1.0006941892
2003.66044046 0.998602122825
2003.68087224 1.00067968678
2003.70130403 0.99932451572
2003.72173581 1.0008044547
2003.7421676 1.00195194718
2003.76259938 1.00025294455
2003.78303116 1.00249223847
2003.80346305 1.00040233844
2003.82389473 0.997649004368
2003.84432651 0.999598794079
2003.8647584 0.997582365446
2003.88519008 1.00077917938
2003.90562186 0.998669619786
2003.92605374 1.00083457448
2003.96691721 0.997626342402
2003.98734909 0.999149373202
2004.089508 0.999775773179
2004.10993978 0.998823660707
2004.13037156 1.00004679902
2004.15080334 1.00005404162
2004.17123512 1.00076274176
2004.19166689 1.00039515677
2004.21209867 1.00013767242
2004.23253045 1.00123717006
2004.25296213 1.00016463653
2004.27339401 0.999525112171
2004.29382579 0.999707593028
2004.31425747 0.999699256977
2004.33468935 0.998367089702
2004.35512112 0.999287370839
2004.375553 1.0009041421
2004.39598468 0.998314239838
2004.41641646 1.00184684762
2004.43684833 0.997188909414
2004.45728001 1.00827048183
2004.47771179 0.995965164736
2004.60030244 1.00013994214
2004.62073432 0.999004597
2004.64116609 0.999688902164
2004.66159777 0.999361479608
2004.68202964 1.00023553178
2004.70246142 0.996798139776
2004.72289319 1.00034819858
2004.74332496 1.00005541453
2004.76375674 1.00007509815
2004.78418861 0.987429502556
2004.80462028 1.00138857424
2004.82505206 1.00028391068
2004.84548383 1.00041626855
2004.8659156 1.00083566308
2004.88634737 1.00046094131
2004.90677915 0.999654702124
2004.92721092 0.998962782124
2004.94764269 1.00607536362
2004.96807446 0.997764652039
2004.98850623 1.00017354861
2005.00893801 1.00117506483
2005.02936978 0.999684105536
2005.04980155 1.00121951972
2005.07023342 1.00081815486
2005.09066509 1.0004569112
2005.13152873 1.00185279117
2005.1519605 1.0020391578
2005.17239217 0.997501560053
2005.19282404 0.999888481525
2005.21325581 0.998992136215
2005.23368748 0.996571915928
2005.27455111 0.995555523474
2005.29498278 0.998946860139
2005.31541465 1.00068608239
2005.33584642 0.999588462105
2005.35627808 1.0002537119
2005.37670995 0.999830843214
2005.39714172 0.999358904664
2005.41757359 1.00086915384
2005.43800525 0.999588063524
2005.45843702 1.00019112644
2005.47886889 0.999420948124
2005.49930055 0.999800522999
2005.51973232 0.997488959439
2005.54016419 0.998203311467
2005.56059585 0.998800472623
2005.58102762 1.00115047059
2005.60145948 1.00065831088
2005.62189115 0.999885616948
2005.64232291 0.998551598425
2005.66275468 0.998877676868
2005.68318644 0.996783093207
2005.70361821 0.998982927476
2005.80577703 1.00365004737
2005.82620889 1.00040956817
2005.84664065 0.999522971932
2005.86707232 1.00349761414
2005.88750418 1.00181820131
2005.90793594 0.999841901777
2005.9283676 1.00130026923
2005.94879946 1.00214975395
2005.96923123 1.00188774797
2005.98966299 1.00078838917
2006.01009475 1.00086578069
2006.03052651 1.00098312377
2006.05095827 0.999733327464
2006.07139003 0.999538025138
2006.09182179 1.00007280837
2006.11225365 1.0017057163
2006.13268531 0.999596335635
2006.15311707 0.999429145564
2006.17354893 0.99987680842
2006.19398069 1.001394411
2006.21441235 0.99745506358
2006.23484421 1.00033925474
2006.25527597 1.00026698513
2006.27570763 0.999143627205
2006.29613949 0.999153223734
2006.31657125 0.998245069539
2006.33700291 0.998894070888
2006.35743477 1.00055076188
2006.37786642 0.992466264034
2006.39829818 0.995649357097
2006.41873004 0.998233066115
2006.4391617 0.992571939274
2006.56175234 1.00098129196
2006.58218409 1.00215887421
2006.60261585 1.00016603723
2006.6230476 1.00003169451
2006.64347946 0.999006687345
2006.66391112 1.00096515374
2006.68434287 1.002083596
2006.70477473 1.00004689792
2006.72520638 0.9994976455
2006.74563814 0.998985339684
2006.76606999 1.00019235503
2006.78650164 0.99946121944
2006.8069335 0.999917631392
2006.82736525 1.00145323716
2006.86822876 1.00102240379
2006.88866051 1.00129992675
2006.90909217 1.00154526297
2006.92952402 0.997893654971
2007.03168278 0.999089654233
2007.05211453 0.999413697245
2007.07254628 0.99936944474
2007.09297804 0.998686797373
2007.11340979 0.998763453803
2007.13384154 1.00060800668
2007.15427329 0.998934563449
2007.17470504 0.99765642756
2007.19513679 1.00071445988
2007.21556864 1.0000185091
2007.23600029 1.00105119393
2007.25643204 1.003155066
2007.27686389 1.00012207904
2007.29729554 1.000299469
2007.31772729 0.998240226425
2007.33815914 1.00053632162
2007.35859079 1.02034117398
2007.37902254 1.00428050836
2007.39945439 1.00251888205
2007.41988603 1.00017383401
2007.52204487 0.997881768003
2007.54247662 0.999505970369
2007.56290837 1.00149409403
2007.58334012 1.00074228549
2007.60377186 0.999085265676
2007.62420371 0.999688938565
2007.64463536 1.00051513283
2007.6650671 0.998131651887
2007.68549895 1.00070549613
2007.7059306 1.00041161187
2007.72636234 1.0011756904
2007.74679409 1.00049590238
2007.76722583 1.0001994074
2007.78765768 1.00079633128
2007.80808942 1.00036420431
2007.82852107 1.0004052659
2007.84895291 1.00128396115
2007.86938456 1.0002604482
2007.8898163 0.99880260717
2007.91024815 0.999493426057
2007.93067979 0.999688774667
2007.95111153 0.999123227211
2007.97154338 1.00124262282
2007.99197502 1.00174909419
2008.01240676 0.999424120127
2008.03283861 0.999490053924
2008.05327035 1.00347929196
2008.07370199 1.00086559251
2008.09413384 1.00082408045
2008.11456558 1.00070196004
2008.13499732 0.99962441509
2008.15542906 0.9993949284
2008.25758787 0.998562106166
2008.27801951 0.998347387914
2008.29845125 0.998401536923
2008.3188831 0.998283912863
2008.33931474 0.999632466399
2008.35974648 0.999981438558
2008.38017832 0.998687176573
2008.40060996 1.0002882224
2008.4210417 0.999083745649
2008.44147354 0.999398063779
2008.50276866 0.998624392791
2008.52320049 1.00092397731
2008.54363223 0.99967596418
2008.56406397 0.998953958088
2008.58449561 0.998299007356
2008.60492745 0.999871484066
2008.62535919 0.997933007229
2008.64579083 1.00080926383
2008.66622266 0.999848195205
2008.6866544 1.00043345035
2008.70708604 1.00047664458
2008.72751788 0.999178077715
2008.74794961 0.998213566805
2008.76838145 1.00014409816
2008.78881309 0.99796184567
2008.80924482 0.999962011956
2008.82967666 1.00001954009
2008.8501083 1.00152071035
2008.87054003 0.999651744965
2008.89097187 0.999847341722
2008.91140351 0.999781989348
2008.93183524 0.99873270234
2008.95226708 1.00148809371
2008.97269871 1.00011817555
2008.99313045 1.00013183461
2009.01356228 1.00079378084
2009.03399402 1.00077686328
2009.05442565 1.00149010988
2009.07485749 1.00269643585
2009.09528922 1.00148993575
2009.11572096 0.997073746859
2009.13615269 1.0000971383
2009.23831136 0.999638538149
2009.25874309 1.00052184172
2009.27917473 1.00256590076
2009.29960656 1.0020436096
2009.32003829 1.00196489746
2009.34046992 1.00098470212
2009.38133349 1.0001467369
2009.40176532 1.00097174228
2009.42219695 1.0012715625
2009.44262868 1.00020589506
2009.46306051 1.00031060318
2009.50392388 1.00196304809
2009.52435571 0.999618426204
2009.54478744 0.999517938301
2009.56521907 1.00117943018
2009.5856509 1.00077190635
2009.60608263 0.998532225818
2009.62651426 1.00009350049
2009.64694609 1.00022154112
2009.66737782 0.999572991009
2009.68780945 1.00008437364
2009.70824128 1.00032817522
2009.72867301 1.00019223337
2009.74910484 1.00171846775
2009.76953647 1.00030289436
2009.7899682 1.00104747893
2009.81040003 1.00062054382
2009.83083166 0.999507432731
2009.85126338 1.00246310889
2009.87169511 0.997165273315
2009.97385375 0.998552621407
2009.99428548 0.998420922251
2010.01471721 0.998522468615
2010.03514893 0.99853891859
2010.05558066 0.998018860952
2010.07601239 0.998920519744
2010.09644421 1.0011172347
2010.11687594 0.999017958766
2010.13730757 0.99716095581
2010.15773939 1.00036515849
2010.17817112 1.00008035514
2010.19860275 0.999211932202
2010.21903457 1.00010181304
2010.2394663 0.999967435284
2010.25989792 0.999793629948
2010.28032975 0.999759989115
2010.30076147 0.998584274683
2010.3211931 1.00020778326
2010.34162492 0.998411811468
2010.36205665 0.998113387185
2010.38248847 0.998195421372
2010.4029201 0.999942805603
2010.44378365 0.998196328654
2010.46421527 0.99733880837
2010.48464699 1.00009704319
2010.50507882 0.999548250596
2010.52551054 0.999206463644
2010.54594216 1.00726163138
2010.56637399 0.9999220462
2010.58680571 0.998941977601
2010.60723733 1.00053943141
2010.62766916 0.999687843654
2010.64810088 1.00190410774
2010.6685325 1.00065124196
2010.68896432 0.999187503175
2010.70939595 1.00290030925
2010.72982777 1.0003026225
2010.75025949 0.999520524801
2010.77069111 1.00183095882
2010.79112293 0.999906800737
2010.81155465 1.00079797662
2010.83198628 1.00108203102
2010.8524181 0.999786995421
2010.87284982 1.00044944176
2010.89328144 1.00067402588
2010.91371326 0.99971116413
2010.93414498 0.998755612844
2010.9545767 1.00069741544
2010.97500842 0.999809969694
2010.99544014 0.99859643115
2011.01587196 0.999163009582
2011.03630368 1.00180892139
2011.0567353 1.00041600354
2011.07716712 1.00089923354
2011.09759884 0.999982698699
2011.11803046 1.00211959603
2011.13846228 1.00074977991
2011.158894 0.997253164575
2011.17932562 0.999773215723
2011.19975743 1.00019216721
2011.22018915 1.00111135755
2011.24062077 0.999808726214
2011.26105259 1.00203453771
2011.28148431 1.00014404995
2011.30191593 1.0002125336
2011.32234774 1.00017698403
2011.34277946 1.00047831093
2011.44493805 1.00132149307
2011.46536976 0.999535146703
2011.48580148 1.00030037327
2011.5062332 1.00099071201
2011.52666491 1.00057699628
2011.54709673 0.999795658983
2011.56752835 1.00252658158
2011.58796006 1.00079503518
2011.60839188 1.00012876384
2011.62882349 1.00043768006
2011.64925531 1.00171592049
2011.66968703 1.00071631594
2011.69011864 1.00065276013
2011.71055046 1.00108849925
2011.73098217 1.00099976316
2011.75141379 0.998878034467
2011.7718456 1.00126611804
2011.79227732 0.998899129611
2011.81270893 1.0005076987
2011.83314074 1.00006673686
2011.85357246 0.999278376554
2011.87400417 0.999541821468
2011.89443589 0.998968768274
2011.9148676 0.999580614342
2011.93529941 0.999281333608
2011.95573103 1.0004885373
2011.97616274 0.999052418431
2011.99659455 0.999070875113
2012.01702627 1.00000444751
2012.03745788 0.999149897275
2012.05788969 0.997067028358
2012.07832131 0.998704073216
2012.09875302 0.999682704311
2012.11918483 0.99823029544
2012.13961644 0.999195841174
2012.16004816 1.000225352
2012.18047997 0.998254489948
2012.20091158 1.0003894703
2012.22134329 0.997745712596
2012.2417751 0.999180310287
2012.26220672 0.999365541162
2012.28263853 0.997240250215
2012.30307024 0.995687090103
2012.44609221 1.00131586763
2012.46652392 1.00080870881
2012.48695563 0.999755040423
2012.50738734 1.00177433316
2012.52781905 1.00126454126
2012.54825076 0.999416554109
2012.56868257 1.00004568539
2012.58911428 0.998734944334
2012.60954589 0.999188228624
2012.6299777 1.00016150025
2012.65040941 1.00069166985
2012.67084102 0.998623811205
2012.69127283 0.998008487514
2012.71170454 1.00054143351
2013.01818015 0.999647990482
2013.03861186 1.00153709227
2013.05904356 1.00177148221
2013.07947527 1.0031364031
2013.09990708 1.00101345398
2013.12033868 1.00066299814
2013.14077049 1.00267655815
2013.1612022 1.00177996431
2013.1816338 1.00066346133
2013.20206561 0.999970801485
2013.22249731 1.00008569385
2013.24292892 1.00003598473
2013.26336072 1.00099445074
2013.28379243 1.00027129084
2013.30422403 1.00046466412
2013.32465584 1.00116966406
2013.34508754 1.00023054958
2013.36551915 1.00094750316
2013.38595095 0.999763343374
2013.40638266 1.00066339849
2013.42681436 0.99935088796
2013.44724607 1.00039753295
2013.46767777 0.999762881699
2013.48810947 1.00047186455
2013.50854118 0.99976999409
2013.52897288 0.99833572303
2013.54940459 0.998104920145
2013.56983629 0.999607563544
2013.59026799 0.999394648317
2013.6106998 0.999070597176
2013.6311314 0.998896303352
2013.6515631 1.00033655164
2013.67199491 0.997584644278
2013.69242651 0.997977596096
2013.71285821 1.0004625404
2013.73329001 1.00170638388
2013.75372162 1.00006039062
2013.77415342 0.999564907385
2013.79458512 0.997655632964
2013.89674363 1.00013017371
2013.91717533 0.999908207092
2013.93760703 0.999477695895
2013.95803873 0.999897500576
2013.97847044 0.998859525493
2013.99890214 1.0010153634
2014.01933384 0.999902841794
2014.03976554 0.99964112739
2014.06019734 1.00156428045
2014.08062904 1.00040111363
2014.10106064 0.999998914752
2014.12149244 1.00036169325
2014.14192414 1.00043264062
2014.16235574 1.00072298713
2014.18278754 1.00124784913
2014.20321924 0.999291582194
2014.22365084 1.00234572247
2014.24408264 0.999391628103
2014.26451424 1.00049861468
2014.28494594 1.00022165084
2014.30537774 0.997437931194
2014.32580934 0.999790501766
2014.34624114 1.00037124385
2014.36667284 1.00121587957
2014.38710444 0.999374558028
2014.40753623 1.00075280466
2014.42796793 1.00101132477
2014.44839963 0.998682602306
2014.46883133 0.99937560933
2014.48926303 0.998097266154
2014.50969473 1.00027673673
2014.53012642 1.00160337438
2014.55055812 0.999627309932
2014.57098982 0.999405976687
2014.59142162 1.00076750649
2014.61185322 1.00031622644
2014.63228501 0.999572704602
2014.65271671 0.999558329717
2014.67314831 1.01999658241
2014.69358011 1.00251066885
2014.7140118 1.00197222833
2014.7344434 1.00177460377
2014.7548752 0.998562917931
2014.77530689 0.999256741202
2014.87746538 0.996947033109
2014.89789707 0.995992552921
2014.91832877 0.997010268737
2014.93876047 0.998219752102
2014.95919216 0.996922509689
2014.97962386 0.997259687722
2017.86049262 1.0007569416
2017.8809244 1.00093397734
2017.90135598 0.999492045006
2017.92178766 1.00724951989
2017.94221945 1.00011768856
2017.96265103 1.02115268906
2017.98308271 0.999461789521
2018.00351449 1.00139507387
2018.02394608 0.999701776315
2018.04437776 1.00051143169
2018.06480954 1.00061438845
2018.08524112 1.00056973685
2018.10567291 0.999123773523
2018.12610459 0.999801106526
2018.14653627 1.00080129213
2018.16696795 1.00095052601
2018.18739963 0.999489880953
2018.20783132 0.999039372743
2018.228263 1.00172487345
2018.24869468 1.00084983006
2018.26912636 0.999941911536
2018.28955814 0.999506039572
2018.30998972 0.998867699443
2018.33042141 0.998482840546
2018.35085319 0.999428857495
2018.37128477 0.999812246484
2018.39171655 1.00045482722
2018.41214823 0.99976331274
2018.43257981 0.999447353169
2018.45301159 1.00069536098
2018.47344327 0.999659294825
2018.49387485 1.0009094456
2018.51430664 1.00044391925
2018.53473822 1.00024607429
2018.5551699 0.998678507106
2018.57560168 0.999317974963
2018.59603326 0.998802605769
2018.61646504 0.999983897631
2018.63689672 0.99852255079
2018.6573284 0.999983435915
2018.67776008 1.00036062932
2018.69819176 1.00145332331
2018.71862344 1.00008132241
2018.73905512 0.999664479485
2018.7594868 0.991778696579
2018.77991848 1.00177975435
2018.80035026 1.00077130339
2018.82078184 1.000261324
2018.84121362 0.999500756842
2018.8616453 0.999874740817
2018.88207688 0.999813161988
2018.90250866 0.999384673228
2018.92294034 1.00239447752
2018.94337192 0.998899281213
2018.96380369 1.0009519778
2018.98423537 1.0006652316
2019.00466695 1.00020889641
2019.02509873 0.999434825359
2019.04553041 0.998962431563
2019.06596199 0.998834631065
2019.08639377 0.999291526126
2019.10682545 0.999358738319
2019.12725713 0.999173705904
2019.14768881 0.99854070954
2019.16812048 0.999986200192
2019.18855216 0.999516925422
2019.20898384 1.00046704519
2019.22941552 0.999757090849
2019.2498472 0.999434838234
2019.27027888 1.0000943429
2019.29071056 0.999280844814
2019.31114223 1.00065883176
2019.33157391 1.00022332527
2019.35200569 0.998059788802
2019.37243737 1.00001694739
2019.39286895 1.00071270478
2019.41330072 1.00035856837
2019.4337324 1.00010161909
2019.45416398 1.00162152912
2019.47459576 1.0001743271
2019.49502743 0.999345027812
2019.51545901 1.00087915556
2019.53589079 0.998533990127
2019.55632247 0.999783520537
2019.57675404 0.999096821213
2019.59718582 0.999826508524
2019.6176175 1.0011184544
2019.63804928 1.00043880495
2019.65848085 1.00160921358
2019.67891253 1.00120612319
2019.69934431 0.997997006429
2019.71977589 0.999036057876
2019.76063934 0.998839177774
2019.78107102 0.997562593551
2019.80150259 0.99802015225
2019.82193437 0.998305616327
2019.84236605 0.999577373851
2019.86279772 1.00017471432
2019.8832294 0.999289951472
2019.90366098 1.00110110576
2019.92409275 0.99924203497
2019.94452443 0.999856863541
2019.96495601 0.99928703082
2019.98538778 1.00023364769
2020.00581946 1.00504406691
2020.02625103 1.00618698034
2020.06711449 1.00016504098
2020.08754606 1.0027178155
2020.10797784 0.999778092965
2020.12840951 0.999628123991
2020.14884129 1.00070431664
2020.16927287 0.999945590961
2020.18970454 0.999932851159
2020.21013632 1.00140249769
2020.23056789 1.0010198644
2020.25099957 1.00066255738
2020.27143134 0.999330278822
2020.29186302 1.00002269921
2020.3122946 1.00020801165
2020.33272637 0.999837147055
2020.35315805 0.999582147165
2020.37358972 0.999998162864
2020.3940214 0.999621810444
2020.41445307 0.99851591256
2020.43488485 0.998890197982
2020.4757481 1.00036178708
2020.49617977 0.997125245225
2020.51661145 0.998692366429
2020.53704312 0.998515301385
2020.5574748 0.998025071955
2020.57790647 1.00133636974
2020.59833815 0.99974202905
2020.61876982 1.00047185824
2020.6392015 1.00007043288
2020.65963327 0.999761018078
2020.68006485 1.00038480607
2020.70049652 1.00010173953
2020.72092829 1.00042436006
2020.74135987 0.998169283572
2020.76179154 0.999315540359
2020.78222332 0.999597241332
2020.82308657 1.00039743668
2020.84351834 0.999360734538
2020.86395001 0.998313126826
2020.88438169 0.9995575493
2020.90481336 0.999930926885
2020.92524504 0.998827212103
2020.94567671 0.999831914601
2020.96610838 1.00113699356
2020.98654006 1.00066058726
2021.00697183 1.00126627569
2021.02740341 1.00032739683
2021.04783508 0.999476393864
2021.06826685 1.00067555531
2021.08869843 0.999648297738
2021.1091301 1.00062291801
2021.12956187 0.999707344972
2021.14999345 0.999973793551
2021.17042522 1.00113526582
2021.1908569 1.00030501409
2021.21128847 1.00030082785
2021.23172024 1.00034053508
2021.25215192 1.00023747088
2021.27258349 1.0008207245
2021.29301526 0.999886571265
2021.31344684 1.00016322935
2021.33387851 0.999538296999
2021.35431028 1.00035337728
2021.37474195 1.00017037785
2021.39517363 1.00024335521
2021.4156053 1.0006969279
2021.43603697 0.998966444871
2021.45646865 1.00074915367
2021.47690032 0.99975799978
2021.49733199 1.00030718523
2021.51776377 1.00079068853
2021.53819534 0.999486685464
2021.55862701 1.00738946634
2021.57905878 1.00007156993
2021.59949036 1.00034097539
2021.61992213 1.00077253243
2021.6403538 1.00147652611
2021.66078537 0.999985111043
2021.68121715 1.00121377917
2021.72208039 1.00013089515
2021.74251216 1.0010321981
2021.76294384 0.999853149914
2021.78337541 0.998965927084
2021.80380718 0.998966432625
2021.82423885 0.999273104258
2021.84467053 0.99987267802
2021.8651022 0.999088729638
2021.88553387 0.998255379197
2021.90596554 0.994796220738
2021.92639721 0.996632993422
2021.94682889 0.997864241582
2021.96726056 0.997720739015
2021.98769223 0.998794217365
2022.0081239 0.998943893481
2022.02855567 0.997897902458
2022.04898725 0.995817277484
2022.06941892 0.997817508561
2022.08985069 0.997170668382
2022.11028226 0.997788132184
2022.13071403 0.997602018649
2022.1511457 0.997887737113
2022.17157728 0.997707620691
2022.19200905 0.994957271857
2022.21244072 0.998736025635
2022.23287229 0.9968283992
2022.25330406 0.996131174668
2022.27373573 0.996309920497
2022.29416731 0.995782143758
2022.31459908 0.995441776394
2022.33503075 0.993985470692
2022.35546252 0.992865623072
2022.37589409 0.993257996635
2022.47805255 0.999093593456
2022.49848422 0.999986014795
2022.51891579 0.998693723672
2022.53934756 0.999907467667
2022.55977923 1.00086372164
2022.5802108 1.00536126668
2022.60064257 1.00161568293
2022.62107425 1.00214006451
2022.64150592 1.00329632965
2022.66193759 1.00436843259
2022.68236916 1.00482822358
2022.70280093 1.00562904169
2022.7232326 1.00536375052
2022.74366417 1.00364776641
2022.76409594 1.00415796695
2022.78452761 1.00606834787
2022.80495918 1.00715846076
2022.82539095 1.00650971497
2022.84582263 1.00720004533
2022.8662544 1.00586002534
2022.90711764 1.00511201685
2022.92754941 1.00739889694
2022.94798098 1.0046905931
2022.96841265 0.994520570391
2022.98884442 0.997714243667
2023.00927609 0.995306060985
2023.02970766 0.995604095609
2023.05013943 0.999872486657
2023.0705711 0.996992003172
2023.09100277 1.00084759158
2023.11143444 0.997836590118
2023.13186611 0.997350285611
2023.15229788 0.998243077338
2023.17272945 0.996326062783
2023.19316112 1.00152074841
2023.21359289 1.00213966981
2023.23402446 0.99843256687
2023.25445613 1.00032639896
2023.27488791 1.00001067323
2023.29531948 1.00118005448
2023.31575115 0.999934565199
2023.33618292 1.00227257247
2023.35661449 0.999014709559
2023.37704626 1.00065307894
2023.39747783 1.00038061505
2023.4179095 1.00077154343
2023.43834127 1.00180872864
2023.45877284 0.999321768024
2023.47920451 1.00137349251
2023.49963628 1.00169728555
2023.52006795 1.00252973184
2023.54049952 0.999972273865
2023.56093129 0.999368495968
2023.58136296 0.999207911884
2023.60179463 0.999441104621
2023.74481632 1.00193805278
2023.76524799 1.00331873309
2023.78567976 1.00333266333
2023.80611133 1.00066828656
2023.82654309 1.00026620739
2023.84697476 1.00170470253
2023.86740633 0.999083421523
2023.8878381 0.999468206641
2023.90826977 1.00056328148
2023.92870134 1.00107007542
2023.94913311 1.0000687233
2023.96956478 1.00006504296
2023.98999645 1.000304299
2024.01042812 0.999821899328
2024.03085979 0.996817067611
2024.05129146 0.997960760901
2024.07172313 0.997593672124
2024.0921548 0.999881078697
2024.11258647 0.997971886836
2024.13301814 0.999713510505
2024.15344981 0.997318034116
2024.17388148 0.999207907901
2024.19431315 0.999216998781
2024.21474482 0.998499698069
2024.23517659 0.999256214959
2024.25560816 0.999210052515
2024.27603993 0.999427899176
2024.2964716 1.00248813546
2024.31690316 1.00114539201
2024.33733493 1.00036650381
2024.3577666 0.999775596928
2024.37819817 0.999557560022
2024.39862994 0.998914628047
2024.41906161 1.00324174321
2024.43949318 1.0033110046
2024.45992495 1.0029247112
2024.48035662 1.00187681885
2024.50078839 1.00050178423
2024.52121996 1.00439683947
2024.54165163 1.00315728686
2024.5620834 1.00165449702
2024.58251497 1.00160561732
2024.60294664 1.00000202682
2024.64380997 0.997959457882
2024.66424164 1.00131348924
2024.68467341 1.00238553343
2024.70510508 1.00301511306
2024.72553675 1.00271255208
2024.74596842 1.002081502
2024.76639999 1.00419830364
2024.78683176 1.00211418732
2024.80726343 1.01149814678
2024.827695 1.00445753332
2024.84812677 0.99730093594
2024.86855844 1.00331445833
2024.88899001 0.998235325593
2024.90942177 1.00143170639
2024.92985344 1.00261140688
2024.95028521 1.00437945022
2024.97071678 1.00330022673
2024.99114845 1.00142956935
2025.01158022 1.00259841418
2025.03201179 1.00301429452
2025.05244346 1.00180304888
2025.07287523 1.00336278955
2025.0933068 1.00185931573
2025.11373847 1.00249061648
2025.13417024 0.997930003548
2025.1546019 1.00310898773
2025.17503357 1.00213489936
2025.19546524 1.00201338559
2025.21589691 0.999758636526
2025.23632858 1.00004803338
2025.25676025 1.00141720853
2025.27719192 0.998275950163
2025.29762369 0.997841316547
2025.31805526 0.999617955657
2025.33848693 0.997311860672
2025.3589187 0.998210294239
2025.37935027 0.995185571566
2025.39978204 0.998537143796
2025.4202136 0.998961835408
2025.44064527 0.996992071673
2025.46107704 0.997159254301
2025.48150861 0.99475229705
2025.50194028 0.996278934672
2025.52237205 1.00082409924
2025.54280362 1.00054225603
2025.56323529 1.00260174012
2025.6858254 0.996990889313
2025.70625707 0.996812557454
2025.72668874 0.997877870626
2025.74712041 0.997085425859
2025.76755208 0.998106506952
2025.78798375 0.997685878804
2025.80841542 0.997775630912
2025.82884709 0.997887778271
2025.84927886 0.996356975689
2025.86971053 0.993129457617
2025.8901421 0.997040950221
2025.91057386 0.995308991717
2025.93100553 0.997751646336
2025.9514371 0.995517481551
2025.97186887 0.997101086179
2025.99230054 0.997744836242
2026.01273211 0.997257729443
2026.03316388 0.996624021376
2026.05359555 0.993980178509
2026.1557539 1.00044193371
2026.17618547 1.00244155608
2026.19661723 1.00035783389
2026.2170489 1.00152044988
2026.23748057 1.00095766835
2026.25791224 1.00184033985
2026.27834391 0.999641930599
2026.29877568 0.999442839889
2026.31920725 1.00114976856
2026.33963892 1.00187916428
2026.36007069 0.995985547024
2026.38050236 1.0010381868
2026.40093393 1.00123584803
2026.44179737 1.00224155218
2026.46222894 1.00263004741
2026.48266071 1.00263268352
2026.50309238 1.00200438088
2026.52352415 1.00119037258
2026.54395572 1.0018908862
2026.56438738 1.00218522613
2026.58481915 1.0012945222
2026.60525072 1.00313296238
2026.62568239 1.00283278256
2026.64611416 1.00230417571
2026.66654573 1.0029855491
2026.6869774 1.00285640406
2026.70740917 1.00304715519
2026.72784074 1.00118436178
2026.74827251 1.00257879483
2026.76870418 1.00184235782
2026.78913575 1.00254843154
2026.80956752 1.00249010952
2026.82999909 0.997641354472
2026.85043086 0.999112365906
2026.87086253 1.00127896481
2026.8912941 1.00333097925
2026.91172577 1.00244876739
2026.93215754 1.00091728554
2026.95258921 1.00162950298
2026.97302088 1.00036981576
2026.99345255 1.00225464493
2027.01388422 0.997738819712
2027.03431599 0.999965945725
2027.05474756 0.998068168227
2027.11604257 1.00413788371
2027.13647424 1.00004576176
2027.15690601 1.00342123901
2027.19776935 1.00193112742
2027.21820102 0.998930856776
2027.23863259 0.999106034346
2027.25906436 0.997632161538
2027.27949603 1.0001120507
2027.38165438 1.00055384617
2027.40208605 1.00067956258
2027.42251782 0.999149181147
2027.44294939 1.00026528272
2027.46338106 0.997591426411
2027.48381273 0.999412942149
2027.5042445 0.999818693699
2027.52467607 1.00113285023
2027.54510784 1.00007873805
2027.56553941 0.998471711157
2027.60640285 0.997830951207
2027.62683442 0.999291884649
2027.64726619 1.00029922393
2027.66769786 0.999198234158
2027.68812943 0.998319874358
2027.7085612 0.998509210052
2027.72899287 0.998303742245
2027.74942444 0.996933990161
2027.76985622 0.99921221525
2027.87201467 0.99838022995
2027.89244624 0.99892174261
2027.91287791 0.999583948099
2027.93330968 0.997939003458
2027.95374125 0.99852232161
2027.97417292 0.999360222024
2027.99460469 0.999482471919
2028.01503636 0.999379885356
2028.03546804 0.999786189975
2028.05589971 1.000150924
2028.07633138 0.99910634727
2028.09676305 0.999739441995
2028.17848973 0.998781017917
2028.1989214 0.99954077956
2028.21935307 0.99829820117
2028.23978475 0.999819427637
2028.26021652 1.00058773111
2028.28064809 0.999668134723
2028.30107976 0.998813148516
2028.32151153 0.996792073224
2028.3419431 0.99881994324
2028.38280655 0.999982480814
2028.40323812 1.00106910984
2028.42366989 1.00030171718
2028.44410156 1.00025838808
2028.46453313 1.00063565362
2028.4849649 1.00015613721
2028.50539657 1.00007766163
2028.6279866 0.999727277971
2028.64841838 0.999867646669
2028.66884995 1.00014660391
2028.68928162 1.00095487132
2028.70971339 1.00153786472
2028.8527351 0.999712275835
2028.87316677 0.999963829431
2028.89359844 1.00049561851
2028.91403001 1.00036684744
2028.93446179 0.999972945174
2028.95489346 1.00240648056
2028.97532503 0.999919071104
2028.9957568 0.999011099488
2029.01618848 0.99887720108
2029.03662005 1.00041759778
2029.05705182 1.00168011677
2029.07748349 1.00078264893
2029.09791527 0.999246265481
2029.11834684 1.00094327006
2029.13877851 0.996971805311
2029.15921028 0.998534517136
2029.17964186 1.00062271303
2029.20007353 1.0011387377
2029.2205053 1.00150612099
2029.24093697 1.00179064456
2029.34309534 0.997699590175
2029.36352701 0.998040458371
2029.38395879 1.00015644481
2029.40439036 1.00016269368
2029.42482203 0.998918334499
2029.44525381 0.997570639121
2029.46568538 0.999462501056
2029.48611715 0.999262999454
2029.60870719 0.997800843649
2029.62913877 0.997618533828
2029.64957044 0.999408491264
2029.67000221 1.00044509099
2029.69043379 0.997071061808
2029.71086556 0.999050307631
2029.73129724 1.01442102957
2029.75172891 1.00075638302
2029.77216058 1.00022989971
2029.79259226 0.99601947321
2029.81302393 0.999118434165
2029.83345561 0.997840079972
2029.85388728 0.998199126536
2029.87431905 0.999124224731
2029.89475073 0.998860790508
2029.93561408 0.99915519067
2029.95604575 1.00154042495
2029.97647733 0.99984863739
2030.09906757 0.998206517218
2030.11949915 0.998756594342
2030.13993082 1.00011223064
2030.1603626 0.999690505577
2030.18079417 1.00374678556
2030.20122585 1.00145367215
2030.22165752 1.0000220074
2030.2420892 1.00052768098
2030.26252087 0.999850636438
2030.28295255 0.998338386532
2030.30338422 0.998675325519
2030.323816 1.00094593131
2030.34424757 1.00041725343
2030.36467925 0.99991643408
2030.38511102 0.999136601078
2030.4055427 0.999665117989
2030.42597428 0.999433613369
2030.44640605 1.00011168449
2030.46683773 0.998560507802
2030.4872694 0.997635019689
2030.50770108 1.00054431371
2030.52813275 0.999271661566
2030.54856443 0.999487661414
2030.56899611 1.00079224598
2030.58942778 1.00088388032
2030.60985956 1.00075784973
2030.63029113 0.999425234504
2030.65072281 1.00199447455
2030.67115459 1.00127611267
2030.71201794 1.00064726282
2030.81417622 1.00180997735
2030.834608 1.00098544826
2030.85503967 1.0015986207
2030.87547135 1.00110210855
2030.89590303 1.0009762475
2030.9163347 1.00109043796
2030.93676638 1.00256665537
2030.95719806 0.997708488409
2031.05935654 1.00164981353
2031.07978812 1.00317080644
2031.1002199 1.00362970566
2031.12065157 1.00236722866
2031.14108315 1.00165864727
2031.16151493 1.0017420467
2031.18194661 1.00159822735
2031.20237818 1.00143535827
2031.30453667 1.00273127608
2031.32496845 1.00147517961
2031.34540003 1.00088530831
2031.36583171 1.0005916253
2031.38626348 0.99898823133
2031.40669506 0.999274634276
2031.42712674 0.998303556087
2031.44755852 0.996145124453
2031.4679901 0.998581802198
2031.48842188 0.998597048378
2031.52928523 1.00003607493
2031.54971691 0.999085274493
2031.57014859 0.998283812715
2031.59058017 0.997131125586
2031.61101195 0.997752622425
2031.63144363 0.999459058188
2031.65187521 0.996554161924
2031.67230698 0.998407775208
2031.69273866 0.996501513068
2031.71317034 0.995879806527
2031.73360202 0.99698561202
2031.7540337 0.991291531673
2031.77446548 0.998405305069
2031.79489706 0.999776134967
2031.81532874 0.996733708829
2031.83576052 0.996742706475
2031.8561921 0.996104033423
2031.87662388 0.998403131428
2031.89705556 0.997064642351
2031.91748714 0.995785454031
2031.93791892 0.994670795927
2031.9583506 0.996482383591
2031.97878218 0.996887293906
2031.99921396 0.995586070583
2032.01964564 0.997901907942
2032.04007732 0.998205570162
2032.060509 0.99878853482
2032.08094068 0.999021881103
2032.10137246 0.997860963377
2032.12180404 0.997986499131
2032.14223572 1.00939558655
2032.1626675 0.998454895692
2032.18309908 0.997771995577
2032.20353076 0.997947556243
2032.22396254 0.996949741053
2032.24439422 0.995143209662
2032.2648259 1.00082256224
2032.28525759 1.0012027119
2032.30568917 0.999690087164
2032.32612095 1.00095700122
2032.34655263 1.0041316795
2032.36698421 1.00153033555
2032.38741599 0.997861331204
2032.40784767 0.997333223902
2032.42827925 1.00030315751
2032.44871104 0.998712416535
2032.46914272 1.00057349674
2032.4895745 1.00080797599
2032.51000608 0.999834957149
2032.53043776 0.998838771757
2032.55086954 1.0007784966
2032.57130113 0.998475752781
2032.59173281 1.00079253132
2032.63259617 1.00082839758
2032.65302795 0.999557496996
2032.67345964 1.00034854244
2032.77561805 1.00201488299
2032.79604973 1.00245756278
2032.81648142 1.00205268549
2032.8369131 1.00149352443
2032.85734478 1.00063330671
2032.87777646 1.00135231354
2032.89820825 1.00048488111
2032.91863983 1.00217421207
2032.93907161 1.00659044524
2032.9595032 1.00121559966
2032.97993488 0.997320716331
2033.00036667 1.00186329706
2033.02079825 1.00216401406
2033.04123003 1.00281765717
2033.06166172 1.00327779991
2033.0820933 0.999284218823
2033.10252508 1.00220257468
2033.12295677 1.00085721406
2033.14338835 1.00049842363
2033.16382014 1.00099495115
2033.26597866 1.00135560929
2033.28641024 1.00022167225
2033.30684193 1.00086608842
2033.32727371 0.999509824461
2033.3477053 0.999148714149
2033.36813698 1.00337095674
2033.38856877 0.998722753512
2033.40900045 0.999205355434
2033.53159056 1.00162859003
2033.55202235 1.00076126574
2033.57245394 0.999434176121
2033.59288572 0.999906515926
2033.61331731 1.00216837805
2033.63374899 0.999123816069
2033.65418078 1.00123028401
2033.67461237 1.0001833185
2033.69504405 0.998999385944
2033.71547584 0.998155581949
2033.73590743 1.00103137609
2033.75633911 1.00066108822
2033.7767709 1.0006477925
2033.79720249 1.00203035642
2033.81763427 1.00000299392
2033.83806596 0.999671638602
2033.85849755 1.00010847291
2033.87892933 0.999912662253
2033.89936102 1.00385652002
2033.91979271 0.999998624871
2033.94022439 0.997455087447
2033.96065608 0.997613906538
2033.98108787 1.00084172168
2034.00151946 0.9997242303
2034.02195114 0.999456717092
2034.04238293 0.998795982507
2034.06281462 0.996060377702
2034.08324621 0.999052444068
2034.103678 1.00840427029
2034.12410968 0.997092226702
2034.14454127 0.995827001509
2034.24669981 1.00093347992
2034.2671315 1.00016073738
2034.28756319 1.00134957466
2034.32842657 1.00074357962
2034.34885826 0.998022206741
2034.36929005 0.999699080713
2034.38972164 1.00034157669
2034.41015333 0.999806292617
2034.43058512 0.997614433217
2034.45101671 0.997348315042
2034.49188019 0.999221112831
2034.51231178 1.00068183389
2034.53274347 1.00081207128
2034.55317525 0.999411297735
2034.57360685 1.00010149938
2034.61447033 0.997240469102
2034.63490202 0.99972819251
2034.75749226 0.99918513907
2034.77792395 0.999252068271
2034.79835554 1.00119904274
2034.81878733 0.998408741171
2034.83921902 0.997615656576
2034.85965062 0.997549580881
2034.88008241 0.997921180342
2034.9005141 0.997321254647
2034.92094569 0.998338736707
2034.94137748 0.9917315516
2034.96180917 1.00016125561
2034.98224087 0.999357976356
2035.00267256 1.00150102373
2035.02310415 0.999034014689
2035.04353594 0.999711661087
2035.06396764 0.998972024324
2035.08439923 0.99851193884
2035.10483102 0.999005351315
2035.12526271 0.998013158729
2035.22742118 0.99912559336
2035.24785287 0.997654695457
2035.26828466 1.00083006548
2035.28871636 1.00000445726
2035.30914805 1.00021935941
2035.32957974 0.997763318181
2035.35001144 1.00011628894
2035.37044313 0.998760560795
2035.39087483 0.99890682084
2035.41130652 0.997631279775
2035.45216991 0.999029934551
2035.4726016 0.999973448044
2035.4930334 1.00089760958
2035.53389679 1.00237450271
2035.55432848 0.999674624697
2035.57476008 0.998838578308
2035.59519187 1.00038549497
2035.61562357 0.999523546988
2035.63605516 0.99878397725
2035.65648696 0.99828526423
2035.67691855 0.998149381848
2035.69735035 1.00217670182
2035.71778204 1.00256433187
2035.73821364 1.00260798966
2035.75864543 1.00127744638
2035.77907713 0.99614743636
2035.79950883 1.00291843951
2035.81994052 1.00025294025
2035.84037222 0.998843731122
2035.86080402 0.998282111306
2035.88123561 1.00041824723
2035.90166731 0.998661331734
2035.9220991 0.996966039601
2035.9425308 1.00144285685
2035.9629624 1.00137903043
2035.9833942 1.00174475451
2036.00382589 1.00270014895
2036.02425749 1.00034458204
2036.04468929 1.00311632528
2036.06512098 0.99993582196
2036.08555278 1.0012923112
2036.10598438 1.00086791639
2036.12641608 1.00023263517
2036.14684787 0.995197202652
2036.16727947 0.998312063038
2036.18771117 1.00128354144
2036.20814297 1.00114227865
2036.22857457 1.00018395307
2036.24900637 0.99975872425
2036.26943796 1.00086705693
2036.28986966 1.00028299446
2036.31030146 1.00213860104
2036.33073316 0.999418976843
2036.45332326 0.999516983498
2036.47375505 1.00111707898
2036.49418675 1.0015807518
2036.51461845 1.00130913873
2036.53505015 1.00205145655
2036.55548185 1.00192825491
2036.57591355 1.00127870027
2036.59634535 1.00068388945
2036.69850386 1.00326844224
2036.71893556 0.999737704701
2036.73936716 1.00118437278
2036.75979896 1.00065482948
2036.78023066 0.998391846995
2036.80066246 0.99186037949
2036.82109406 0.998663726432
2036.84152577 0.996306786484
2036.86195757 0.998818079969
2036.94368428 1.00027494255
2036.96411598 1.00147930496
2036.98454778 1.00242560379
2037.00497938 1.0028312067
2037.02541119 1.00170948043
2037.04584279 1.00129376964
2037.06627449 0.998321604631
2037.08670629 1.00296342881
2037.18886481 1.00195576865
2037.20929651 1.0052382515
2037.22972822 1.00284562319
2037.25015992 1.00131000289
2037.27059163 1.00284541775
2037.29102333 1.00291937569
2037.31145514 1.00124266341
2037.33188674 1.00071938617
2037.35231854 1.00275431152
2037.37275025 0.999878064582
2037.41361366 1.00231340133
2037.43404536 1.00245418817
2037.45447697 0.998978014947
2037.49534048 0.999868521235
2037.51577209 0.996199414007
2037.53620389 0.99698020818
2037.5566356 0.998017281398
2037.5770674 0.997745746465
2037.59749901 0.994800574311
2037.61793071 0.994034698783
2037.63836242 0.989550597804
2037.65879413 0.997874496218
2037.67922583 0.998843133964
2037.69965754 0.997812232603
2037.72008925 0.998646604877
2037.74052105 0.998301828171
2037.76095266 0.996821949908
2037.78138437 0.998754475263
2037.80181618 0.997984884885
2037.82224788 0.997051068847
2037.84267949 0.996848175343
2037.8631113 0.998014387274
2037.88354301 0.995034294291
2037.90397471 0.998192054503
2037.92440642 0.997527620505
2037.94483813 0.998771292105
2037.96526994 0.997356658623
2037.98570155 0.998319399795
2038.00613325 0.997945939627
2038.02656506 0.996495477372
2038.04699667 0.996383488316
2038.06742838 0.999480171968
2038.16958693 0.999171786321
2038.19001874 1.00119083383
2038.21045045 1.00121264846
2038.23088206 1.00105987866
2038.25131387 1.00049487058
2038.27174558 1.0005382135
2038.29217729 1.00132462856
2038.312609 1.00055569618
2038.33304071 1.00011007818
2038.35347242 0.999302301509
2038.37390413 1.00252215595
2038.39433584 0.999238417845
2038.41476755 0.999704931292
2038.43519926 1.00077551776
2038.45563107 1.00063893117
2038.47606279 1.00169004899
2038.4964944 1.00159085174
2038.51692621 1.0017788979
2038.53735792 1.00599044111
2038.55778953 1.00023904676
2038.65994819 1.00079471218
2038.68038001 1.00103350897
2038.70081162 1.00380429298
2038.72124333 0.999922139013
2038.74167515 1.00184116541
2038.76210676 1.00137662084
2038.78253847 1.00031219795
2038.80297029 1.00066531975
2038.8234019 1.00142565379
2038.84383372 0.999713758015
2038.86426543 0.995330299756
2038.88469704 1.00141536798
2038.90512886 0.999718646727
2038.92556057 1.00059119881
2038.94599229 1.00372963116
2038.966424 0.997829634805
2038.98685572 1.00168959294
2039.00728743 1.00465063594
2039.02771915 1.00139191919
2039.04815086 0.999840015888
2039.06858258 0.998223025612
2039.08901429 1.00376609409
2039.10944601 0.992608487169
2039.12987782 1.00031126856
2039.15030944 1.00107048741
2039.17074116 1.00222440862
2039.19117297 0.997781766842
2039.21160459 0.996618854927
2039.2320364 0.998535426322
2039.25246812 0.997038130864
2039.27289974 1.00480887683
2039.29333155 0.99543161098
2039.41592186 1.00382353729
2039.43635358 1.00298095907
2039.45678539 1.00011665352
2039.47721701 1.00227376399
2039.49764873 1.0012067613
2039.51808055 1.00087459123
2039.53851217 1.00072736268
2039.55894389 1.00010876686
2039.57937571 1.00122615164
2039.59980743 0.996652637977
2039.62023914 1.00011519235
2039.64067086 1.00011340776
2039.66110248 1.00148112593
2039.6815343 0.999883093891
2039.70196602 1.00046490457
2039.72239764 0.999398707913
2039.74282946 0.998780475185
2039.76326118 0.999880096611
2039.783693 1.00159733411
2039.88585151 0.999655777698
2039.90628333 1.00056643354
2039.92671495 1.0005626746
2039.94714667 1.00141277049
2039.96757849 1.0001065733
2039.98801011 0.99959425712
2040.00844194 0.998885912225
2040.02887366 0.998621691092
2040.04930528 0.998214075951
2040.0697371 1.0008000949
2040.09016882 0.998404814673
2040.11060045 1.00117880254
2040.13103227 1.00066772643
2040.15146399 1.00102120366
2040.17189582 1.00335622298
2040.19232744 0.998367251845
2040.21275916 1.00168500368
2040.23319099 1.00298106568
2040.25362271 0.999255245579
2040.27405433 1.00126663029
2040.29448616 0.998644839983
2040.31491788 1.00118130213
2040.33534961 0.993231562406
2040.35578133 1.00062251286
2040.37621305 0.999562483064
2040.39664478 1.00121021962
2040.4170765 1.00101331722
2040.43750813 0.99545292808
2040.45793995 1.00006518482
2040.47837168 0.997756194922
2040.49880331 0.998720307848
2040.51923513 1.00081497245
2040.53966686 1.00216669914
2040.60096204 1.00122280925
2040.64182549 0.999662916061
2040.66225721 1.00093518441
2040.68268904 1.00039633076
2040.70312067 1.00029564888
2040.7235525 1.00287093955
2040.74398422 0.99943862855
2040.76441595 1.00287971575
2040.78484768 0.999178215608
2040.82571113 0.996274217525
2040.84614286 0.998330961087
2040.86657459 0.998597428078
2040.88700642 1.00055344516
2040.90743805 0.999538793584
2040.92786978 1.00061982749
2040.9483016 1.00186163543
2040.98916496 1.00210560725
2041.00959679 0.999118540336
2041.03002842 1.00294921303
2041.05046015 0.996277940741
2041.07089198 0.995951174464
2041.09132361 1.00421239326
2041.11175544 0.999747687831
2041.13218717 0.999862404894
2041.1526188 1.00155384677
2041.17305063 1.0015497533
2041.19348236 0.999649331662
2041.21391399 1.00161411053
2041.23434582 0.998615331335
2041.37736795 1.00114166812
2041.39779978 1.00049476863
2041.41823141 1.00098586576
2041.43866314 1.00055785387
2041.45909498 1.00027023732
2041.47952671 1.00078557294
2041.49995844 0.999173971378
2041.52039018 0.999452706915
2041.54082191 0.999813392647
2041.56125364 1.00012862462
2041.58168538 0.999132995794
2041.60211711 1.00014076418
2041.62254895 1.00141134981
2041.64298058 1.00046959291
2041.66341241 0.999200214668
2041.68384405 1.00119580229
2041.70427578 1.00010985471
2041.74513925 0.999348535468
2041.76557099 0.999372777655
2041.78600282 0.996287176095
2041.80643446 0.996981706645
2041.8268663 1.00065723983
2041.84729803 1.00095011296
2041.86772967 0.999370226749
2041.8881615 1.00124245319
2041.90859324 1.00013388114
2041.92902488 0.997816712503
2041.94945671 1.00018579319
2041.99032019 0.999685371803
2042.09247888 1.00038781965
2042.11291071 1.01021354512
2042.13334245 0.999128964236
2042.15377409 0.999625873
2042.17420593 0.999178119639
2042.19463767 1.00014276087
2042.33765984 0.999620586843
2042.35809158 1.00127051266
2042.37852342 1.00035863993
2042.39895506 1.00095611404
2042.4193868 0.999759874042
2042.43981864 1.00018623097
2042.48068203 1.00044567214
2042.50111387 1.00050138496
2042.52154551 1.00102721006
2042.54197725 1.00025082746
2042.56240909 0.998185462495
2042.58284074 1.00042088287
2042.60327258 0.99934952353
2042.62370432 1.00136803392
2042.64413606 1.00100838468
2042.6645678 0.998723422709
2042.68499955 1.00191295491
2042.70543129 1.00011565624
2042.72586303 0.992196590532
2042.74629478 0.996780706624
2042.76672662 0.99357816659
2042.78715836 0.987504052219
2042.80759001 0.998781458017
2042.82802185 0.998331819659
2042.8484536 0.99942961574
2042.86888524 1.00055088499
2042.88931709 1.0041792602
2042.90974883 0.999848156013
2042.93018057 1.00044323227
2042.95061232 1.00124188511
2043.07320279 1.00160645923
2043.09363444 1.00376508946
2043.11406629 0.999594217593
2043.13449803 1.0007756654
2043.15492988 0.999820428375
2043.17536153 1.00113675294
2043.19579327 0.999851941553
2043.21622512 1.00155531888
2043.23665677 0.997767706789
2043.25708852 1.00031691891
2043.29795201 1.00239207767
2043.31838386 1.00111612013
2043.33881561 1.00000648857
2043.35924736 1.00142931433
2043.37967911 1.00208802489
2043.40011086 1.00289224969
2043.42054261 1.00283268198
2043.44097445 1.0006062262
2043.4614061 1.00410080798
2043.48183795 0.999385776415
2043.5022697 0.999877382549
2043.52270135 0.99741615184
2043.5431332 0.999505658267
2043.56356495 1.00624990936
2043.58399661 1.00312104278
2043.60442846 1.00083337916
2043.62486021 1.00163707095
2043.64529206 1.00084767593
2043.66572371 1.00327569212
2043.68615546 1.00065201452
2043.70658721 0.997727064906
2043.72701896 1.001143947
2043.74745062 0.997593870879
2043.76788247 0.998111135165
2043.78831422 1.00148101584
2043.80874587 1.00122648124
2043.82917773 1.00036229953
2043.84960948 1.00383927227
2043.87004133 1.00148627045
2043.89047299 1.00300235377
2043.91090474 1.00087860282
2043.93133659 0.999970991328
2043.95176825 1.00121783183
2043.9722 0.99957190849
2043.99263186 1.00138987863
2044.01306361 0.998788944053
2044.03349537 0.998487362261
2044.05392712 0.999681870748
2044.07435888 1.00076523874
2044.09479063 1.00294181638
2044.11522239 1.00050022522
2044.13565414 1.00050245191
2044.156086 0.998383706558
2044.17651765 0.997560885539
2044.19694951 0.998621023961
2044.29910819 1.00154459156
2044.31954005 0.999809835453
2044.33997181 0.998265281174
2044.36040347 0.998879325046
2044.38083532 0.999020978843
2044.40126698 0.998239713441
2044.42169884 0.997926799452
2044.4421306 0.99954592566
2044.46256226 0.999321406963
2044.48299412 1.00171220158
2044.50342587 0.991391903999
2044.52385763 0.996515567835
2044.54428939 0.998680954457
2044.58515301 1.00482500463
2044.60558467 1.00452296275
2044.62601643 1.00760744759
2044.64644829 1.00450232133
2044.66688005 1.00406059506
2044.68731171 1.00287732283
2044.70774357 1.00397921755
2044.72817534 1.00269170957
2044.7486071 1.00203178114
2044.76903886 1.00137699403
2044.80990248 1.00233071119
2044.83033414 1.00453620632
2044.85076591 0.999587384678
2044.87119777 1.00276163991
2044.89162943 1.00034432368
2044.91206119 1.00524541584
2044.93249306 0.999769352251
2044.95292472 1.00034057546
2044.97335658 1.01029559461
2044.99378835 0.995397767008
2045.01422001 1.00068392597
2045.03465188 0.999299236873
2045.05508364 1.00008660345
2045.0755153 0.999081177162
2045.09594717 1.00327072016
2045.11637883 0.999708209556
2045.1368107 0.999646820596
2045.15724246 0.996973888599
2045.17767413 0.997721586901
2045.19810599 0.999927519825
2045.21853776 1.00240057268
2045.25940129 0.999846009088
2045.27983306 0.999407928575
2045.30026493 0.998647095062
2045.32069669 1.00013903372
2045.34112836 1.00048916237
2045.36156023 0.999897581753
2045.38199199 1.00030744556
2045.40242366 0.991690368826
2045.42285553 0.998857826742
2045.4432873 1.00046608975
2045.46371897 0.997586255633
2045.48415083 0.985560748519
2045.5045826 1.0004046783
2045.52501447 0.998984971716
2045.54544614 1.00002455637
2045.56587791 1.00121433145
2045.58630978 1.00174477401
2045.60674145 1.00046977467
2045.62717322 0.999374780993
2045.64760509 1.00013953629
2045.66803676 1.00076946843
2045.68846863 0.999123705949
2045.7089004 0.998574289525
2045.72933207 0.999438956886
2045.74976394 0.999837136111
2045.77019561 1.00060385908
2045.79062738 0.999909293034
2045.81105925 1.00098849852
2045.83149103 0.99869045057
2045.8519228 1.00002745564
2045.87235457 0.998697214794
2045.89278634 1.00158523325
2045.91321812 0.998330514336
2045.93364989 1.00004714469
2045.95408166 0.998437475816
2045.97451343 0.995876321602
2045.99494521 1.00128950343
2046.01537708 1.00022912917
2046.03580886 1.00066913501
2046.05624053 1.00034993473
2046.0766724 0.999098710663
2046.09710418 1.00113088141
2046.11753585 0.998972508531
2046.13796773 0.999498350375
2046.1583995 1.0019280564
2046.17883118 1.0005181554
2046.19926305 0.997706743069
2046.21969483 0.998037548861
2046.24012671 1.00012584633
2046.26055838 1.00027963857
2046.28099016 1.0007991509
2046.30142203 1.00243941854
2046.32185371 1.00004810491
2046.34228549 1.00032180987
2046.36271726 0.999901893192
2046.38314904 0.999523342144
2046.40358092 1.00818992265
2046.4240126 1.00035243178
2046.44444438 1.00057618917
2046.46487625 0.997689892614
2046.48530793 0.999401521658
2046.50573971 0.999915213407
2046.52617159 1.00050057583
2046.54660337 1.00175161436
2046.56703515 0.999563316376
2046.58746693 0.999311840386
2046.60789871 0.999531420902
2046.62833049 0.999012852474
2046.64876227 0.9990470981
2046.66919405 1.00026078692
2046.68962593 0.98456959216
2046.71005761 0.997491946552
2046.73048939 1.00066125655
2046.75092127 1.00031750228
2046.77135295 1.00226795382
2046.79178483 0.999077835246
2046.81221662 0.99972527254
2046.8326483 0.999878165309
2046.85308018 0.999113448587
2046.87351196 0.999683930198
2046.89394364 0.998683497122
2046.91437553 1.0025182501
2046.93480731 0.998737487273
2046.95523919 0.992690126826
2046.97567088 0.999519370564
2046.99610266 1.00074594556
2047.01653444 1.00135601078
2047.03696623 1.00011757393
2047.05739801 1.0005855955
2047.0778298 0.999619498952
2047.09826158 0.999355603205
2047.11869347 0.999659867238
2047.13912515 0.997943330923
2047.15955694 0.999017004592
2047.17998882 1.00097030298
2047.2208523 1.00180004378
2047.24128418 0.998917955291
2047.26171597 0.999175305791
2047.28214766 0.997885123444
2047.30257954 1.00017108904
2047.32301133 1.00081958261
2047.40473858 0.998845353603
2047.42517027 0.999230915379
2047.44560206 0.99519809919
2047.46603395 0.998763904336
2047.48646563 0.997810882031
2047.50689752 0.999855480272
2047.52732931 0.999493415007
2047.547761 1.00027845773
2047.56819289 0.999352993332
2047.58862468 1.00181393841
2047.60905637 1.00035821162
2047.62948826 0.998786083756
2047.64992005 0.997902071382
2047.67035184 1.00059919699
2047.69078364 0.999058346913
2047.71121543 1.00092687302
2047.73164732 1.00037026314
2047.75207901 0.999482237498
2047.7725108 0.998719821374
2047.79294259 0.999894920745
2047.81337439 1.00072874223
2047.83380618 0.9990707451
2047.85423807 1.0024922907
2047.87466977 1.00009767722
2047.89510166 1.00017008676
2047.91553345 0.998304795961
2047.93596515 0.992980091186
2047.95639704 1.00173892598
2047.97682883 1.00185088493
2047.99726053 1.00065861005
2048.01769242 1.00045098404
2048.03812422 1.00308508852
2048.05855611 0.998810162788
2048.07898781 0.999638688367
2048.0994196 1.00114436256
2048.1198515 0.998815345685
2048.1402832 0.999994089263
2048.16071499 0.999927995393
2048.18114689 1.00115544095
2048.20157859 1.00068857502
2048.22201048 0.999176096311
2048.24244228 1.00815433195
2048.26287398 0.998471244366
2048.28330587 1.0002235018
2048.30373767 0.997297628065
2048.32416947 1.00258160182
2048.34460127 0.997088522546
2048.36503307 0.998560783471
2048.46719206 1.00017511449
2048.48762386 0.998765647027
2048.50805576 1.00038142651
2048.52848746 0.998109269436
2048.54891926 1.00095732329
2048.56935117 1.00013855636
2048.58978287 1.00058805127
2048.61021477 1.00083703934
2048.63064657 1.00065349956
2048.65107827 0.997163138857
2048.67151017 0.992488503158
2048.69194198 0.998441333511
2048.71237368 1.00200818316
2048.73280558 1.00019615423
2048.75323738 0.999658312702
2048.77366929 1.00041424485
2048.79410099 0.998613455037
2048.81453279 0.999907893576
2048.8349647 0.998972993761
2048.8553964 0.998918306594
2048.87582821 0.999313577715
2048.89626011 1.00094563337
2048.91669181 0.999872274971
2048.93712362 0.999948082489
2048.95755552 0.999208393982
2048.97798733 0.998292708876
2048.99841914 0.998142640672
2049.01885094 0.999174542429
2049.03928275 1.00011329128
2049.05971455 1.00033854945
2049.08014636 0.999362350476
2049.10057817 0.99736356561
2049.22316911 0.998232864929
2049.26403263 0.999662734243
2049.28446454 0.999684382438
2049.30489625 0.999773166071
2049.32532806 1.00121686919
2049.34575997 0.998451325809
2049.36619168 1.0002440714
2049.38662359 0.999186596234
2049.4070554 0.998880588124
2049.42748711 0.999052843909
2049.44791902 1.00187549948
2049.46835083 0.999298206643
2049.48878264 1.0008938569
2049.50921445 0.999900725749
2049.52964627 0.998543026765
2049.55007818 1.00113559718
2049.57050989 0.998222436735
2049.61137362 1.00109428443
2049.63180533 1.00115481672
2049.65223714 0.998824651488
2049.67266906 0.999915865806
2049.69310087 1.0009185637
2049.71353268 0.998776841473
2049.7339645 0.999265977792
2049.75439621 1.00095728411
2049.77482813 1.00008602485
2049.79525994 0.998968691384
2049.81569166 1.00160589514
2049.83612357 1.00021907845
2049.85655539 0.999431138153
2049.8769871 0.999865665802
2049.89741902 1.00008194608
2049.91785084 1.00028612784
2049.93828275 1.00241559501
2049.95871447 1.00126181563
2049.97914629 0.999906147473
2049.9995782 0.999526147104
2050.02000992 1.00306354035
2050.04044174 1.00036296839
2050.06087366 0.997345676686
2050.08130538 1.00196294893
2050.10173729 1.00161704399
2050.12216911 1.00649014825
2050.14260083 0.998278536421
2050.16303275 1.00169461915
2050.18346457 1.00183814552
2050.20389639 0.999681309063
2050.22432821 1.00194804335
2050.24476003 1.00017336457
2050.26519195 0.998932845957
2050.28562367 1.00269047731
2050.30605549 1.00123152939
2050.32648741 0.996886093586
2050.34691924 0.996592801691
2050.36735096 1.00431458167
2050.38778288 0.997156089045
2050.4082146 1.00169325177
2050.42864642 1.00204560211
2050.44907835 1.00061070789
2050.46951007 1.00296846472
2050.48994199 1.00147917312
2050.51037382 1.00336516097
2050.53080554 1.00060761545
2050.55123746 0.999408305624
2050.57166929 0.995920023853
2050.59210101 1.00196260573
2050.61253294 0.998686582962
2050.63296476 0.997718463846
2050.65339669 1.00118209319
2050.67382841 1.00139747201
2050.69426024 1.00148301288
2050.71469217 1.00005275206
2050.73512389 1.00212308592
2050.75555572 0.999260632263
2050.77598765 0.99902609107
2050.79641937 1.0016989954
2050.8168513 1.00067989513
2050.83728313 0.996587703318
2050.85771495 0.997063789197
2050.87814678 0.986645498215
2050.89857861 0.999172929383
2050.91901044 0.997803733106
2050.93944227 1.00036123396
2050.9598741 0.999674896679
2050.98030593 0.999041119917
2051.00073786 1.00050073338
2051.02116959 1.00011576552
2051.04160152 0.999042918411
2051.06203325 0.998256126721
2051.08246508 0.999737847531
2051.10289701 0.99938465739
2051.14376057 0.999055444914
2051.1641925 1.00021215314
2051.18462423 1.00035034283
2051.20505616 1.00080748111
2051.225488 0.999327744209
2051.24591973 0.999840305129
2051.26635166 1.00077029297
2051.2867835 1.00014007148
2051.30721523 0.998015822577
2051.32764716 1.00270862898
2051.348079 0.998835852453
2051.36851093 0.997408394592
2051.38894266 0.999128170906
2051.4093745 1.00188304678
2051.42980643 0.998691103592
2051.45023817 1.00042608752
2051.49110194 0.998855826587
2051.51153378 1.02270210907
2051.53196551 0.999018971008
2051.55239745 1.00194321656
2051.57282929 0.998437697645
2051.59326112 1.00591216554
2051.61369296 0.99749829017
2051.6341248 0.999906255407
2051.65455663 1.0003496621
2051.67498847 1.00165041318
2051.69542031 1.00108960421
2051.71585215 0.999697214562
2051.73628399 1.00080509997
2051.75671593 1.00102493109
2051.77714767 0.999121373847
2051.79757951 0.998349443258
2051.81801145 0.998876603734
2051.83844319 0.998061588906
2051.85887503 0.998465043813
2051.87930697 1.00165486558
2051.89973871 1.00079283467
2051.92017065 1.0008334074
2051.94060249 0.999492604812
2051.96103423 1.00204885818
2051.98146617 1.00360945359
2052.00189801 1.00080448287
2052.02232976 1.00061631802
2052.0427617 0.999809716156
2052.06319354 0.997916001464
2052.08362549 0.999339700235
2052.10405723 0.999075699607
2052.12448907 1.00499645033
2052.14492102 1.00005124164
2052.16535286 1.00190641666
2052.18578461 1.00142672432
2052.20621655 1.00211649548
2052.2266484 0.999066079406
2052.24708014 0.999601616222
2052.26751209 1.00171774614
2052.28794393 0.999641163199
2052.30837588 0.99878126181
2052.32880762 1.00240466943
2052.34923947 0.996092394962
2052.36967142 1.0003537836
2052.39010317 1.00046041507
2052.41053501 1.00124047192
2052.43096686 1.00187301796
2052.45139871 1.0010518762
2052.47183066 0.999648176365
2052.4922624 1.0004313174
2052.51269425 0.997338157436
2052.5331262 0.997919787717
2052.55355795 1.00296848586
2052.5739898 0.998737761557
2052.59442175 0.993550119849
2052.6148535 1.00078078601
2052.63528545 1.00201298557
2052.6557173 1.00234990381
2052.67614905 1.0003649869
2052.696581 1.00031234048
2052.71701286 0.999412625613
2052.73744471 1.00261759275
2052.75787656 0.999826099277
2052.77830841 0.999370448476
2052.79874026 0.998594640107
2052.81917212 1.00070624646
2052.83960397 0.99671423422
2052.86003592 1.00040058469
2052.88046778 1.00078600786
2052.90089953 1.00191655744
2052.92133148 1.00022804597
2052.94176334 0.999227038577
2052.96219509 1.00215664684
2052.98262705 1.00166356427
2053.0030589 0.999740462208
2053.02349086 0.997589128775
2053.04392261 1.00051052747
2053.06435447 0.997689838286
2053.10521818 0.938130972841
2053.12564994 0.995886240539
2053.1460819 1.00098587551
2053.16651375 0.998847227951
2053.18694571 0.999610586633
2053.20737747 0.99945248029
2053.22780933 1.00181351517
2053.24824129 1.00021820443
2053.26867305 1.00227601352
2053.2891049 1.00162652543
2053.30953686 0.998207542151
2053.32996862 0.996978200351
2053.35040058 1.00017396441
2053.37083244 1.00018572384
2053.3912643 1.00097851313
2053.41169616 0.999652750625
2053.43212803 0.997773557415
2053.45255989 0.999454425736
2053.49342361 0.998112675917
2053.51385547 0.998827365895
2053.53428743 1.00147063032
2053.5547192 0.999816960468
2053.57515116 1.00035946772
2053.59558302 1.00109564525
2053.61601479 1.00178643241
2053.63644675 1.00072164001
2053.65687861 1.00120573546
2053.67731038 0.998990990879
2053.69774234 1.00195994946
2053.71817421 1.00065940941
2053.73860607 0.999356412858
2053.75903794 0.99950330312
2053.7794698 0.998895740637
2053.79990167 1.00068181545
2053.82033354 0.997010928111
2053.8407653 1.00055427358
2053.86119727 0.99958107764
2053.88162914 1.00133758196
2053.9020611 1.00120566623
2053.92249287 0.999594612299
2053.94292474 1.00033766968
2053.96335671 1.00058981486
2053.98378848 0.997401398036
2054.00422034 1.00232985632
2054.02465231 1.00075131433
2054.04508418 0.999472759507
2054.06551605 0.996592806289
2054.08594792 1.00109443325
2054.10637979 1.00105072256
2054.12681166 0.999170539252
2054.14724353 1.00144726808
2054.1676754 0.999753263594
2054.18810738 0.999710984823
2054.20853915 1.00071425576
2054.22897102 1.00068385009
2054.24940299 1.00145311613
2054.26983476 1.00002334173
2054.29026674 1.00087001371
2054.31069861 0.999899219503
2054.33113038 1.00109787149
2054.35156236 0.99961643993
2054.37199423 0.999915405809
2054.392426 0.999337692226
2054.41285798 1.00170987534
2054.43328985 0.999669827837
2054.45372173 1.00091785948
2054.4741536 1.0010663259
2054.49458538 1.00157774541
2054.51501735 1.00040655319
2054.53544923 0.997644410624
2054.55588111 0.996970627305
2054.57631298 0.999398833115
2054.59674486 0.999183926623
2054.61717684 1.00422931037
2054.63760861 1.00071259942
2054.65804049 0.998218908505
2054.67847247 1.00300537016
2054.69890425 0.997100010336
2054.71933613 1.00054788689
2054.76019999 1.00204276836
2054.78063187 0.997210713746
2054.80106374 0.99539291502
2054.82149563 0.999301805506
2054.84192751 1.00121361752
2054.86235939 1.00148590388
2054.88279127 0.999919776091
2054.90322325 0.999293263091
2054.92365503 1.00343700573
2054.94408691 0.998665615102
2054.96451889 0.998582740479
2054.98495068 0.999246464086
2055.00538266 1.00090725628
2055.02581454 0.996296539421
2055.06667831 1.00238038212
2055.08711009 0.9995096707
2055.10754198 1.00180926008
2055.12797396 1.00222488614
2055.16883773 1.00105082618
2055.18926962 1.0006409829
2055.2097014 1.00061017203
2055.23013339 0.999642648953
2055.25056527 0.997524193969
2055.27099716 1.0032219445
2055.29142905 1.00198348294
2055.31186093 0.999949171892
2055.33229292 0.999893278262
2055.35272471 1.00117197399
2055.3731566 0.999758561318
2055.39358859 0.999475581062
2055.41402047 1.00018132955
2055.43445226 1.00077462514
2055.45488425 1.0014313341
2055.49574803 0.998493925424
2055.51617992 1.00117083861
2055.53661181 0.997921743003
2055.5570438 1.00048874593
2055.57747559 1.00038005118
2055.59790748 1.00174182619
2055.61833948 1.00053612019
2055.63877127 0.998555244991
2055.65920316 0.99766839727
2055.67963515 1.00039832633
2055.70006694 1.00030721093
2055.72049894 0.999864510648
2055.74093073 1.00025692796
2055.76136262 0.999331402444
2055.78179462 0.997587283874
2055.80222641 1.01457198386
2055.82265831 1.00171065043
2055.8430903 1.00170125447
2055.8635221 1.00158175723
2055.88395409 0.999372159782
2055.90438599 1.00036937925
2055.92481788 1.00072285028
2055.94524978 0.999958408913
2055.96568168 1.00092546708
2055.98611357 0.998151551932
2056.00654547 0.99805885355
2056.02697737 0.989172127937
2056.06784126 1.00071433675
2056.10870506 1.00085560676
2056.12913696 1.00115618931
2056.14956876 1.00082822648
2056.17000076 1.00040534675
2056.19043266 1.00031161119
2056.21086466 1.00011872051
2056.23129646 1.00002693674
2056.25172836 0.999959703692
2056.27216036 0.999055298154
2056.29259216 0.999533536355
2056.31302406 0.99883971326
2056.33345607 0.999333193402
2056.35388787 0.997708789961
2056.37431977 1.00770547632
2056.39475167 0.998803644841
2056.41518358 0.999847131183
2056.43561558 1.00056763518
2056.45604748 0.999885156697
2056.47647929 0.996406946723
2056.49691129 0.996134845616
2056.5173431 0.996398674992
2056.537775 0.997635470487
2056.55820701 0.999834529844
2056.57863891 0.998072720201
2056.59907082 1.00012322749
2056.61950272 0.997908080363
2056.63993463 0.999373552621
2056.66036654 0.998479074787
2056.68079844 0.997689618052
2056.70123035 1.00121025384
2056.72166226 0.996785257665
2056.74209417 0.997250643314
2056.76252618 0.999121041685
2056.78295808 1.00148608928
2056.80338989 1.00042370798
2056.8238219 0.999002942285
2056.84425381 1.00035826504
2056.86468562 0.99933240875
2056.88511763 1.00154634042
2056.90554954 1.00073641339
2056.92598155 0.999263530302
2056.94641337 1.00166603503
2056.96684528 0.999944884065
2056.98727729 1.00309747141
2057.0077091 0.996709990309
2057.02814101 1.00041317579
2057.04857302 1.00068469149
2057.06900484 0.998903760337
2057.08943675 1.00033633441
2057.10986866 1.00153787958
2057.13030058 1.00575555892
2057.15073259 1.00181258189
2057.17116441 1.00048217525
2057.19159632 0.999979876569
2057.21202834 1.00318068903
2057.23246025 0.99893744742
2057.25289207 0.998008132122
2057.27332408 1.00156882169
2057.293756 1.00124663231
2057.31418792 1.00199504529
2057.33461983 1.00238653625
