# #0 time, 1 flux
1975.38296633 0.485447193968
1975.83247937 0.522664144816
1975.85291167 0.539639351778
1977.32404386 0.952209846
1977.34447622 1.00289819347
1977.36490859 0.976647004201
1977.38534095 0.985157792438
1977.40577331 1.00040252948
1977.42620567 0.976384750596
1977.44663813 1.00788319252
1977.46707039 0.990650539704
1977.48750285 0.98910449109
1977.50793521 0.991792174485
1977.52836747 1.00021638661
1977.54879993 1.00166409474
1977.56923229 0.996288472797
1977.58966454 0.992739066223
1977.610097 1.00759740278
1977.63052936 0.996030156336
1977.65096161 1.00022611976
1977.67139407 0.984065804912
1977.69182642 1.00367087701
1977.71225868 1.00263607255
1977.73269113 0.989245147482
1977.75312348 1.01921969892
1977.77355573 1.00499707373
1977.79398819 0.997276768196
1977.81442054 0.991135241347
1977.83485289 1.00464206795
1977.85528524 0.994924069331
1977.87571759 0.989724973934
1977.89614994 1.00560235412
1977.91658229 1.01440218102
1977.93701464 1.00104883975
1977.95744709 1.00007248959
1977.97787933 0.99814583301
1977.99831168 1.01745345393
1978.01874413 1.01066618458
1978.03917637 1.02556911544
1978.05960872 1.01008695712
1978.08004117 1.01310911937
1978.10047341 1.00978384357
1978.12090575 0.998469800364
1978.1413382 0.997808926442
1978.16177044 1.00753149929
1978.20263523 1.02513447457
1978.22306747 0.991198254763
1978.24349991 0.998676487277
1978.26393225 1.0020671341
1978.28436459 0.987471751448
1978.30479693 0.985690763452
1978.32522927 0.993584465977
1978.34566161 0.99280600876
1978.36609395 0.96432150685
1978.38652628 0.99931337027
1978.40695862 0.976001705235
1978.42739096 0.996900687721
1978.44782329 0.9796088558
1978.46825563 0.979042197416
1978.48868796 0.999130762614
1978.5091203 1.00182704091
1978.5704173 1.00803915299
1978.59084953 1.00128109324
1978.61128197 1.00257674759
1978.6317143 0.997239514703
1978.65214673 0.994694757111
1978.67257896 0.99107912319
1978.69301129 1.00500106513
1978.77474071 1.00502974432
1978.79517303 1.00045298388
1978.81560526 1.00225104923
1978.83603769 1.01157713511
1978.85647001 1.01229261945
1978.87690224 1.00113518661
1978.91776699 1.01415986316
1978.93819922 1.00208323357
1978.95863164 1.00042482839
1978.97906396 1.00104174163
1979.06079315 1.01642737566
1979.08122557 0.9958681654
1979.10165789 0.99358304131
1979.12209031 1.00359130812
1979.14252253 0.991024025504
1979.16295485 0.99675032092
1979.18338717 0.999495108332
1979.20381949 1.00313984501
1979.2242518 1.02362553506
1979.24468412 0.999990550164
1979.26511644 0.984968727778
1979.28554875 1.00270011934
1979.30598107 0.999847889042
1979.32641338 1.00670968671
1979.3468457 0.999448606816
1979.36727811 1.00964329485
1979.38771033 1.00148205864
1979.40814264 1.00950744891
1979.42857505 0.996848873587
1979.44900726 1.00750405889
1979.46943958 1.00672442053
1979.48987199 0.99599276621
1979.5103042 1.00659009886
1979.53073651 0.991942907832
1979.55116892 1.0077815452
1979.57160113 0.978964081301
1979.59203354 0.995471908821
1979.61246584 0.998283154099
1979.63289815 0.998660106463
1979.65333046 1.0037098894
1979.67376277 1.00888345023
1979.69419507 0.978077017742
1979.71462738 0.995981285608
1979.73505968 1.01085807494
1979.75549199 0.999318910064
1979.77592429 1.01277326196
1979.7963566 0.988692717746
1979.8167889 1.0033870785
1979.8372213 0.994834955329
1979.8576535 1.00379901989
1979.87808581 1.01162959624
1979.89851811 1.01985041485
1979.91895041 0.990124096344
1979.93938271 0.98352358422
1979.95981501 0.985352339386
1979.98024731 1.0049321189
1980.00067961 1.0370487272
1980.02111191 0.990848064385
1980.0415442 1.00193294232
1980.0619766 1.0000555466
1980.0824088 1.00107740996
1980.10284109 0.996777264595
1980.12327349 0.993691596445
1980.14370569 1.00874486209
1980.16413798 0.98401867554
1980.18457038 0.999069719135
1980.20500267 0.997114332391
1980.22543486 1.00168473797
1980.24586726 1.00322735267
1980.26629955 1.01372534291
1980.28673174 1.00569870139
1980.30716413 0.99244581288
1980.32759643 1.001234847
1980.34802862 1.019933607
1980.36846101 1.00832357429
1980.3888933 1.01084024172
1980.40932549 1.0025485558
1980.42975787 1.00728143151
1980.45019016 0.989898922882
1980.47062245 0.990597516966
1980.49105474 0.985558459084
1980.51148702 0.989842960426
1980.53191941 1.00883669771
1980.59321627 0.994077975852
1980.61364845 1.00427200023
1980.63408074 0.992688926765
1980.65451312 1.01603977731
1980.6749453 0.990039079153
1980.69537758 1.00756340957
1980.71580997 0.987336316416
1980.73624215 1.00434824055
1980.75667443 0.988791861046
1980.77710681 1.0069175396
1980.79753899 1.00556346354
1980.81797127 1.00769214333
1980.83840365 0.988413552047
1980.85883583 1.00251609749
1980.87926811 0.989554355421
1980.89970048 1.00561317687
1980.92013266 0.990041744822
1980.94056494 0.986006387129
1980.96099731 0.990664019976
1980.98142949 0.977594859543
1981.02229414 1.00539054909
1981.04272642 1.00819490957
1981.08359096 1.01546605082
1981.10402324 0.988420661406
1981.12445551 1.00052838707
1981.14488778 0.998466808826
1981.16532005 1.01069918168
1981.18575242 0.999571536855
1981.20618459 1.00043616341
1981.24704923 0.986792156262
1981.2674814 0.99252570288
1981.28791367 0.994690367921
1981.30834604 0.998561361775
1981.32877821 1.01080739322
1981.34921048 1.00271617224
1981.36964284 1.00032248999
1981.39007501 0.991403725587
1981.41050727 1.00141956511
1981.43093954 1.00595991149
1981.4513718 0.98070064576
1981.61483001 1.04031646034
1981.63526217 0.983614262467
1981.65569453 1.00164270432
1981.67612679 1.0020929101
1981.69655895 1.00144068499
1981.71699131 0.995721178201
1981.73742356 1.00361424848
1981.75785572 0.993137881931
1981.77828808 1.02864780479
1981.79872034 1.00202608683
1981.81915249 1.00080327226
1981.83958485 1.00171342676
1981.8600171 0.981899765249
1981.88044936 1.01318407953
1981.90088161 0.993169043748
1981.92131387 0.999792933591
1981.94174622 1.00526824773
1981.96217838 0.997459833955
1982.02347523 1.00239819874
1982.04390738 0.998883143794
1982.06433973 0.997179250478
1982.08477198 1.00303549949
1982.10520413 0.989836915953
1982.12563648 0.98084977046
1982.16650088 0.992835893322
1982.18693323 0.994127161517
1982.20736538 1.00481731916
1982.22779762 1.01548527185
1982.24822997 0.994528636515
1982.26866212 1.00118882811
1982.28909436 0.997014585194
1982.30952671 0.999924269617
1982.32995885 1.00042866001
1982.3503911 1.00636838129
1982.37082344 1.01468556173
1982.39125568 1.01832051356
1982.41168793 1.01163067594
1982.43212017 0.994619585532
1982.45255241 1.01908803222
1982.47298465 0.995608587446
1982.49341689 0.998936630389
1982.51384913 0.995634810571
1982.53428147 1.01379969666
1982.55471361 1.00438807561
1982.57514585 0.99918074412
1982.59557819 0.994234305066
1982.61601033 0.985979698548
1982.63644257 1.00396821782
1982.6568749 1.02232955664
1982.67730704 1.00385939999
1982.69773928 1.00239001575
1982.71817161 1.00289590612
1982.73860375 0.992802933938
1982.75903598 1.00639784857
1982.77946832 1.0023840099
1982.79990045 1.00464166736
1982.82033269 0.996318553878
1982.84076502 0.998825734314
1982.86119725 0.993882173142
1982.88162948 1.00198509897
1982.90206172 0.998872904489
1982.92249385 0.995193320354
1982.94292618 0.996135862776
1982.98379054 1.00132887261
1983.00422287 0.994793504343
1983.0246551 0.993595239083
1983.04508723 0.996374623066
1983.06551955 0.992558948242
1983.08595178 1.00826052528
1983.10638391 1.00000157647
1983.12681624 0.988228863208
1983.14724846 0.977304153375
1983.16768059 0.992540408765
1983.18811291 0.981897504879
1983.20854514 0.994549751656
1983.22897736 0.986146111664
1983.24940959 0.998549936084
1983.26984181 1.0045344512
1983.29027403 0.991320993
1983.31070626 1.00152033689
1983.33113848 1.00681850673
1983.3515708 1.0313366961
1983.37200302 0.989651190943
1983.39243514 0.987127574799
1983.41286746 0.973859534375
1983.47416412 0.987047922497
1983.49459634 0.994973636468
1983.51502846 1.01352290607
1983.53546077 1.00610399616
1983.55589299 1.0028528388
1983.57632511 1.00284263199
1983.59675742 1.01951825815
1983.61718964 1.00949015093
1983.63762175 1.0068975918
1983.65805407 0.989992470951
1983.67848618 0.99012610865
1983.6989185 1.01144777682
1983.71935071 1.00861506545
1983.73978282 1.0189842638
1983.76021504 0.991895062594
1983.78064735 1.00772801068
1983.80107956 1.0093539705
1983.82151177 1.01548965706
1983.84194398 1.01320119823
1983.86237619 1.01498420252
1983.8828085 1.00462697924
1983.90324061 0.998189538592
1983.92367282 0.998703242444
1983.94410513 1.00467859732
1983.96453724 1.00788642598
1983.98496944 1.01052786725
1984.00540175 0.988423915016
1984.02583386 0.987961388329
1984.04626606 0.993912750213
1984.06669837 1.00818369404
1984.10756268 1.01447707945
1984.12799498 1.00604051389
1984.14842709 1.00399338524
1984.16885929 0.985620011139
1984.18929159 0.994610005629
1984.2301559 1.00849723377
1984.2505882 0.987714360578
1984.2710204 0.991471687631
1984.2914526 0.986711172536
1984.3118848 0.99374959927
1984.332317 0.987027087307
1984.3527493 0.991254959738
1984.3731814 1.01362924007
1984.3936135 0.98777070152
1984.4140458 0.990405976153
1984.43447799 1.0047686181
1984.45491009 1.00169675611
1984.47534239 1.00017046809
1984.49577458 1.00083107916
1984.51620668 1.00428657822
1984.53663897 0.998303539961
1984.55707117 1.0289114813
1984.57750326 1.00639319304
1984.59793556 1.00685895185
1984.65923214 0.993328132344
1984.67966433 1.03175721536
1984.70009652 1.00507650835
1984.72052881 0.989947245567
1984.7409609 0.996994488672
1984.76139319 0.990894549175
1984.84312195 1.00493613673
1984.86355404 0.998209291887
1984.88398633 1.00045512017
1984.98614716 0.999950424468
1985.00657944 1.00507883296
1985.02701163 1.00714385476
1985.04744381 0.999467414488
1985.067876 1.00850314883
1985.08830818 1.00599604354
1985.10874036 1.0172292702
1985.12917254 1.01334337336
1985.14960473 1.01250640555
1985.17003681 1.00151696596
1985.19046909 1.00514084107
1985.21090127 0.995452346675
1985.23133355 1.00308117607
1985.25176563 0.995199820454
1985.27219781 0.992930359122
1985.29263009 1.00406498542
1985.31306217 0.99728462088
1985.33349434 0.993894613205
1985.35392662 0.985628553241
1985.3743587 0.996845161777
1985.39479088 0.985305683357
1985.41522315 0.969815115631
1985.43565523 1.00531119249
1985.4560874 1.01057189336
1985.47651968 1.01497089789
1985.49695175 0.997447761752
1985.51738393 0.988758902164
1985.5378162 0.99713275183
1985.55824837 1.00770036149
1985.57868045 1.00357879992
1985.59911272 1.02253573456
1985.61954489 0.99365682053
1985.63997696 0.993304861103
1985.66040923 0.999768430411
1985.6808414 0.99454885176
1985.70127367 0.979072522796
1985.72170574 1.016489821
1985.74213791 0.981414931113
1985.76257018 0.993271139602
1985.78300225 0.988216106418
1985.80343442 1.01076284304
1985.82386668 0.995509608799
1985.84429875 1.00170404007
1985.86473092 0.989094513541
1985.90559525 1.0054858411
1985.92602741 0.973071172222
1985.94645958 1.01972954337
1985.96689174 0.996714617868
1985.98732391 0.986647331959
1986.00775607 0.997552508762
1986.0486204 1.00847565233
1986.06905266 0.99230706479
1986.08948472 0.977222988332
1986.17121346 1.00234825048
1986.19164562 0.984387985778
1986.21207768 0.99519131285
1986.23250994 1.00895047207
1986.2529421 0.99912388578
1986.27337416 1.00396014183
1986.29380641 1.00174884347
1986.31423857 1.00069800921
1986.33467063 0.996880132999
1986.35510288 1.0061410023
1986.37553504 0.988151857746
1986.39596719 1.02074290681
1986.41639935 1.00633330642
1986.4368315 1.01968240525
1986.45726366 1.00674516134
1986.47769581 0.970574807016
1986.49812796 1.02657740038
1986.51856011 0.974862002836
1986.53899237 1.01628784627
1986.55942442 0.986471493986
1986.57985657 1.01348779283
1986.68201732 0.994229602121
1986.70244957 0.996510053051
1986.72288162 1.01378894574
1986.74331377 0.98657005767
1986.76374601 1.00584342571
1986.78417806 0.984410024507
1986.80461021 1.01723460851
1986.82504245 0.993980253858
1986.8454745 0.999289137028
1986.86590664 0.999142675796
1986.90677103 0.995236150466
1986.92720308 1.00358993536
1986.94763532 1.0154714288
1986.96806746 1.00163412418
1986.98849951 1.01864925365
1987.00893175 0.988356198083
1987.02936389 0.986437765214
1987.15195673 1.00950838469
1987.17238897 1.00661025533
1987.19282101 1.02423721619
1987.21325315 0.989811155337
1987.23368538 1.00215996886
1987.25411742 0.998326715441
1987.27454956 0.990166621658
1987.29498179 0.988726524356
1987.31541383 1.00265288292
1987.33584597 0.993239591136
1987.3562782 1.00803510725
1987.37671024 1.00644636494
1987.39714237 1.00000464547
1987.4175745 0.998141312933
1987.43800664 1.01889186065
1987.45843877 0.993232133128
1987.478871 1.00017744426
1987.49930303 0.993099606802
1987.51973527 1.0069860961
1987.5401674 1.00882922529
1987.56059943 0.993273799153
1987.58103166 0.976560187482
1987.62189582 0.973246540071
1987.64232805 1.02828194651
1987.66276018 1.01736734027
1987.6831922 1.01557920214
1987.70362443 0.98748227599
1987.72405656 0.998043022925
1987.74448869 1.00723765515
1987.76492081 0.997713448633
1987.78535294 1.0174397918
1987.80578506 1.0054165741
1987.82621719 0.997631833157
1987.92837781 0.991604793922
1987.94881003 1.00913783031
1987.96924205 1.01893325006
1987.98967428 1.03001397207
1988.0101064 0.986073452446
1988.03053842 1.00188866269
1988.05097064 0.997696818678
1988.07140276 1.00899373826
1988.09183478 1.00457601085
1988.112267 0.997705817237
1988.13269902 0.996852592938
1988.15313114 1.0146359163
1988.17356335 0.99359352798
1988.19399537 0.986627779325
1988.21442749 1.02734776648
1988.23485971 1.00998912388
1988.25529172 1.00888581017
1988.27572384 1.00714126996
1988.29615605 0.977279119947
1988.31658817 1.00113893063
1988.37788451 0.984984294471
1988.39831653 0.986534655624
1988.41874874 1.00018084357
1988.43918085 0.996154356131
1988.45961306 1.00199180407
1988.48004508 1.00428392114
1988.50047719 1.00829585033
1988.5209094 1.01674046862
1988.56177352 0.987657724194
1988.58220573 0.988928092085
1988.60263774 0.992996684804
1988.62306985 0.993236606984
1988.64350206 0.982098865821
1988.66393406 0.998468947377
1988.68436617 0.984362997786
1988.70479838 1.00887961723
1988.72523039 0.999363578803
1988.74566249 1.0092794065
1988.7660947 1.00312506083
1988.7865268 0.998480679038
1988.80695881 1.0150584813
1988.88868733 0.983721667485
1988.97041564 1.00868635616
1988.99084784 1.01822009712
1989.01127994 0.999160267841
1989.03171194 0.984138322739
1989.05214414 0.982222663802
1989.07257624 1.02234667863
1989.09300824 1.03021348741
1989.11344044 1.00188037415
1989.19516883 0.998926545963
1989.21560093 1.00387418627
1989.23603302 1.00831829718
1989.25646512 1.00147102713
1989.27689722 1.00002711345
1989.29732941 0.998774501944
1989.31776141 1.00504654311
1989.3381935 0.986842101873
1989.35862569 0.987769833619
1989.37905769 0.989601188622
1989.39948988 1.00303199346
1989.41992197 1.01220148776
1989.44035397 0.998237148552
1989.46078616 1.00514458569
1989.50165024 0.993173874968
1989.52208243 1.00491495269
1989.54251452 0.995776203304
1989.56294651 0.998377167514
1989.5833787 1.01511344838
1989.60381079 0.993331878855
1989.62424278 0.991036248746
1989.64467497 1.02591204123
1989.66510706 0.999466424132
1989.68553905 1.0090640247
1989.70597123 0.984321452114
1989.72640332 1.00228874352
1989.74683531 0.967729393941
1989.76726749 0.982716117952
1989.78769958 0.984780659832
1989.80813156 0.989758467879
1989.82856375 0.995282372382
1989.84899583 0.990684381078
1989.86942802 0.999592320329
1989.88986 1.02130381255
1989.91029208 1.0157355182
1989.93072427 0.995836933095
1989.95115625 0.987794624398
1989.97158833 0.997528027337
1989.99202051 1.0088046581
1990.01245249 0.999437408258
1990.03288457 1.00962977944
1990.05331675 1.01003465695
1990.1963413 0.983179039353
1990.21677328 0.965956569228
1990.23720546 0.997150001747
1990.25763753 0.986712549783
1990.35979791 0.991351852634
1990.38022988 1.03427003978
1990.40066206 1.0192259372
1990.42109413 1.00903023931
1990.4415261 1.01870668393
1990.46195828 1.00616111796
1990.48239035 0.975938915996
1990.50282242 1.00266279397
1990.60498277 1.00896950368
1990.62541484 1.00873145936
1990.64584701 0.97734570202
1990.66627898 0.998753983806
1990.68671105 0.986810178593
1990.70714321 1.011156241
1990.72757518 0.988793644813
1990.74800735 0.977890040443
1990.87059974 1.00580101617
1990.8910318 1.00096403408
1990.91146377 1.01304113269
1990.93189593 0.995049522911
1990.95232799 0.997996704587
1990.97276006 0.989251286821
1990.99319212 0.991518790795
1991.01362418 1.00483298652
1991.0544883 1.01327357384
1991.07492036 1.00272038493
1991.09535232 1.01127218758
1991.11578448 0.991581711971
1991.13621654 1.00489016993
1991.1566487 1.00946834649
1991.17708066 0.99955457587
1991.19751272 0.98656641869
1991.21794487 0.995524206224
1991.23837683 1.01208573749
1991.25880889 0.999378693837
1991.27924104 1.00608529121
1991.299673 0.984987802267
1991.32010506 0.998482264493
1991.34053721 1.01464440685
1991.36096917 1.0083714509
1991.38140122 0.989374801085
1991.40183337 0.9844561102
1991.42226533 1.00453457751
1991.44269738 1.00343957149
1991.48356159 1.01956746236
1991.50399354 0.99281324414
1991.52442569 1.01055248893
1991.54485774 1.01342587899
1991.56528969 1.00396452511
1991.58572184 0.989551973895
1991.6061539 0.999854195266
1991.62658604 1.02836253638
1991.64701799 0.99734129883
1991.66745004 1.01837415732
1991.68788219 0.993195453016
1991.70831414 1.01663389571
1991.72874619 0.98628592218
1991.74917824 0.975522386734
1991.76961028 1.01055180157
1991.79004233 0.998554963953
1991.81047438 0.995083165609
1991.83090642 0.992258331031
1991.85133847 0.996395258118
1991.87177051 1.01307269682
1991.9126346 0.998826822905
1991.93306665 0.990979522368
1991.95349869 1.01622311711
1991.97393073 1.01952501491
1992.07609094 0.981753833811
1992.09652308 1.00792422325
1992.11695513 1.01241983594
1992.13738707 1.00809282813
1992.15781921 0.990490209182
1992.17825124 0.993355504902
1992.19868318 1.00569437444
1992.21911532 1.0078684893
1992.23954736 0.990997846673
1992.2599793 1.00067435843
1992.28041144 0.975043164133
1992.30084347 0.969038275892
1992.32127551 0.986192108466
1992.34170755 0.986666228124
1992.36213958 0.982116073417
1992.38257162 0.990150908542
1992.40300365 1.00469474526
1992.42343569 1.00257186088
1992.44386782 0.994349038549
1992.46429986 1.00808102831
1992.48473179 0.994833534938
1992.50516392 1.00283991506
1992.52559586 1.025660313
1992.54602789 1.02252090366
1992.56646002 1.00716898524
1992.58689195 1.02430181024
1992.60732398 1.00090891411
1992.64818805 1.00211247748
1992.66862008 0.981596660692
1992.68905221 0.976379101873
1992.70948414 0.979852044228
1992.8320764 1.01286042653
1992.85250843 1.00858954995
1992.87294046 1.02565597482
1992.89337248 0.999930943882
1992.91380451 0.993494365183
1992.93423654 1.00502737863
1992.95466856 0.984498446459
1992.97510068 1.0007604512
1992.99553261 0.975285330733
1993.01596463 0.979562856668
1993.03639676 0.996780514575
1993.05682868 1.01075948549
1993.0772607 0.990334541908
1993.09769282 0.998337603855
1993.11812475 0.991361595549
1993.13855677 0.990579346281
1993.15898889 0.97809760166
1993.17942081 0.983205124189
1993.19985283 1.00026125969
1993.30201293 0.98861197446
1993.32244504 0.993758336274
1993.34287706 1.0005467767
1993.36330898 0.985670853248
1993.3837411 1.00618589198
1993.40417311 1.0118542139
1993.42460503 0.995741379375
1993.44503715 0.98539999542
1993.46546916 1.0070891636
1993.56762923 0.989808778914
1993.58806125 1.00231287517
1993.60849316 0.996525846223
1993.62892527 1.01063199695
1993.64935729 1.0043982169
1993.6697894 1.00442302344
1993.69022131 1.01284465927
1993.71065332 0.990061113601
1993.73108543 1.00055755357
1993.75151734 1.01594684247
1993.77194935 0.993518246896
1993.79238146 1.00740342461
1993.81281347 0.997601213725
1993.83324538 1.00499433414
1993.85367749 1.01498183349
1993.8741095 1.00833068183
1993.8945414 1.00419281051
1993.91497351 0.989085467158
1993.93540552 1.02885540847
1993.95583742 0.990758950308
1993.97626953 0.982015753124
1993.99670144 0.986494806884
1994.01713344 1.01353573064
1994.03756555 1.01637158129
1994.05799745 0.998627708585
1994.07842956 1.01427779293
1994.09886156 0.998763860805
1994.11929346 1.01182303036
1994.13972557 1.02245911503
1994.16015757 0.988954539344
1994.18058957 0.988664670818
1994.20102158 1.00818845315
1994.26231758 1.00077581662
1994.28274958 1.00340014668
1994.30318158 1.0104650602
1994.32361358 1.025910483
1994.34404558 1.01272750815
1994.36447758 1.0128785752
1994.38490968 0.993236156121
1994.40534158 0.998750183882
1994.42577358 0.994642625102
1994.44620567 1.01304788038
1994.46663757 0.989588836231
1994.48706967 0.994804801339
1994.50750167 1.02061724885
1994.52793356 1.00436160825
1994.54836566 0.998395781412
1994.56879765 1.00569662323
1994.58922955 0.983966748742
1994.60966164 0.973739623061
1994.63009364 1.00932607555
1994.65052563 0.999704103012
1994.67095763 0.980956151219
1994.69138962 1.01074241293
1994.83441347 0.997830865206
1994.85484556 1.02079180574
1994.87527755 0.984953898846
1994.89570964 0.998019322024
1994.91614153 0.971234226055
1995.01830157 1.00552991352
1995.03873346 0.990290648639
1995.05916544 0.994263457886
1995.07959753 1.00432131679
1995.10002942 1.00380929659
1995.1204614 0.982269862728
1995.14089349 0.996438083249
1995.16132537 0.984333019615
1995.26348539 1.00474064085
1995.28391738 1.01098321637
1995.36564531 1.00110573223
1995.38607729 0.983256104688
1995.40650927 1.01278386042
1995.42694125 1.00305901441
1995.44737323 0.986055917559
1995.46780521 0.99981243145
1995.48823719 0.986897562633
1995.50866917 0.997526880837
1995.52910105 0.99696438038
1995.54953313 1.00431831671
1995.5699651 0.988724128648
1995.61082906 0.962315031304
1995.63126104 1.03293901735
1995.65169301 0.998751978462
1995.75385289 1.0094676149
1995.77428497 1.00681298953
1995.79471694 1.00091192502
1995.81514881 0.984827436275
1995.83558089 0.993167881401
1995.85601286 0.997823937529
1995.87644473 1.0233055357
1995.89687681 0.983064003886
1995.91730878 1.00581233788
1995.97860469 1.00074915634
1995.99903656 0.996692483847
1996.01946863 1.01099167259
1996.0399006 0.988940230111
1996.06033257 1.00407766082
1996.08076454 1.02026442882
1996.10119651 1.00509038008
1996.12162848 0.996067915275
1996.14206045 1.00072170174
1996.16249242 0.999799651192
1996.18292438 1.03156239834
1996.20335635 0.990225654817
1996.22378832 1.01899426291
1996.24422038 0.996817875282
1996.26465225 1.00521546295
1996.28508422 0.971094149702
1996.30551628 0.999914729743
1996.32594815 0.990359935683
1996.34638011 0.957521622354
1996.36681218 0.975206379988
1996.38724404 0.982953063502
1996.48940396 1.00832828548
1996.50983582 0.979026274078
1996.53026788 1.00802569436
1996.55069984 0.994454939943
1996.5711318 1.01756864654
1996.59156376 0.997986070408
1996.61199572 0.964388151173
1996.63242768 0.993111857861
1996.81631531 1.03002358027
1996.83674736 1.00289087111
1996.85717922 0.988440022728
1996.87761118 0.991039972727
1996.89804313 1.0401471969
1996.91847509 0.991228136436
1996.93890714 0.977304393256
1996.959339 1.02064305045
1996.97977095 1.00153891935
1997.000203 1.00034961514
1997.02063486 1.01456848504
1997.04106681 0.986279649142
1997.06149886 1.01868588654
1997.10236267 0.998439982909
1997.12279472 1.01968068485
1997.14322667 0.998464041351
1997.16365852 1.00103954305
1997.18409057 0.995136603786
1997.20452252 1.00523327621
1997.22495437 1.00215981263
1997.24538642 1.01324371854
1997.26581837 0.999205861195
1997.28625022 1.02737647236
1997.30668227 0.991102796798
1997.32711422 1.00880290703
1997.34754627 1.00137639109
1997.36797811 0.996470566227
1997.38841006 0.989410866677
1997.40884211 1.0055223404
1997.42927395 0.993610843183
1997.4497059 1.01658762726
1997.47013795 0.986773398836
1997.49056979 0.995510317793
1997.51100174 1.00863386532
1997.53143378 1.00309211715
1997.55186573 0.997840494736
1997.57229757 1.02495931793
1997.59272962 0.996806025093
1997.61316146 0.996372071483
1997.71532127 1.00798891246
1997.73575311 0.99886656743
1997.75618516 0.991351106453
1997.7766171 0.999302482005
1997.79704894 0.999621991344
1997.81748098 1.02603007537
1997.83791292 0.989406940989
1997.85834476 0.99759715577
1997.8787768 0.999587562229
1997.89920874 0.99290551975
1997.91964067 0.984176430108
1997.94007261 0.995294317529
1997.96050455 1.00517483462
1997.98093649 0.997751199919
1998.00136843 0.989938228188
1998.02180036 1.00072915131
1998.0422323 0.998048790165
1998.06266434 1.00212536019
1998.08309617 1.00410564766
1998.10352821 0.987076655286
1998.12396014 0.983770029494
1998.14439198 1.00122431704
1998.16482401 1.02267625203
1998.18525595 1.01604591515
1998.20568778 0.997801189132
1998.22611981 1.00810112621
1998.24655175 1.02037349728
1998.26698358 1.00335011917
1998.28741561 0.99310122659
1998.30784755 1.00491355946
1998.34871141 1.00877459407
1998.36914324 0.999870383461
1998.43043913 1.01627089413
1998.45087096 0.999447636108
1998.47130299 1.01290651567
1998.55303071 0.990710167001
1998.57346274 0.996138262846
1998.59389456 1.03312317627
1998.61432649 0.997757062524
1998.63475852 1.00276164355
1998.67562227 0.995093589354
1998.6960543 1.00845203778
1998.71648612 1.00492892946
1998.73691805 0.992214302042
1998.75735007 0.999036334952
1998.7777819 1.01915361067
1998.79821382 1.00286466476
1998.81864585 0.994629230051
1998.83907767 0.994151815632
1998.85950959 0.997498140437
1998.87994162 1.01043614057
1998.94123739 0.994533655404
1998.96166931 1.00241253547
1998.98210123 1.01115967721
1999.00253315 0.998086447315
1999.02296507 0.99476778123
1999.04339709 1.00106717195
1999.06382891 0.999731125413
1999.08426083 0.991787203024
1999.10469275 1.01447321472
1999.12512467 1.00535106131
1999.14555649 0.988382162013
1999.16598851 0.987142801849
1999.18642043 1.00722042847
1999.20685224 1.01449663803
1999.22728426 0.981215200616
1999.24771618 1.00778182621
1999.2681482 0.998918824101
1999.28858001 1.02537882265
1999.30901193 0.995959169524
1999.32944395 0.993124698595
1999.34987576 0.997693570922
1999.37030768 1.00836621607
1999.39073969 1.01805648131
1999.41117161 0.999508175419
1999.43160342 0.993357567654
1999.45203544 1.00215650344
1999.47246735 1.00380325156
1999.49289916 1.02314677724
1999.51333118 0.997886934646
1999.53376309 0.968661961545
1999.5541949 1.04456870492
1999.57462691 0.993838299568
1999.59505883 0.964240412943
1999.61549064 0.925306494498
1999.63592265 0.979642890903
1999.65635456 1.01305144414
1999.67678657 1.00516593748
1999.69721838 0.977643230947
1999.71765029 0.99741054494
1999.7380823 0.988465550266
1999.75851411 1.01452558447
1999.77894602 0.985499908282
1999.79937803 1.01834864296
1999.81980984 1.01972917374
1999.84024175 0.999426465536
1999.90153747 0.994036456149
1999.92196938 0.985048010912
1999.94240128 0.995480897723
1999.96283319 1.00187880832
1999.98326519 1.00263957533
2000.003697 1.00771830523
2000.024129 1.00185863255
2000.04456091 1.00527599515
2000.06499271 0.99298699225
2000.08542472 0.994411708508
2000.10585662 1.00058023534
2000.18758414 1.02986079894
2000.20801614 1.00509942644
2000.22844804 1.00127378276
2000.24887994 0.996465511505
2000.26931184 1.00742247797
2000.28974375 0.996131100975
2000.31017565 1.00230600144
2000.33060755 1.0104152164
2000.39190335 0.994686197078
2000.41233515 0.99973551766
2000.43276715 1.01599263443
2000.45319905 0.988951939552
2000.47363084 0.989713820878
2000.49406284 1.00713883986
2000.51449474 0.990820297198
2000.53492654 1.00152075363
2000.55535853 1.00337308715
2000.57579043 1.02033680605
2000.59622223 0.999789662818
2000.63708602 1.02591914901
2000.65751792 0.99394542672
2000.67794991 0.996879570306
2000.7188136 1.00703242713
2000.7392456 0.992478181785
2000.78010938 1.00619619908
2000.80054128 0.998104551591
2000.82097317 0.996631949722
2000.84140506 0.990524301517
2000.86183696 1.00364478647
2000.88226885 0.989059780407
2000.90270074 1.01367599024
2000.92313263 1.00504168381
2000.96399652 0.998355535347
2000.98442831 0.991915549549
2001.0048602 0.997105116874
2001.02529219 0.985674766728
2001.04572398 1.02941879954
2001.06615587 0.996329165294
2001.12745153 0.990860532226
2001.20917918 1.0056095664
2001.22961107 1.00227536179
2001.25004296 1.0058214761
2001.27047475 0.993934961995
2001.29090673 1.02310985738
2001.31133862 0.998433480273
2001.3317705 1.00208488799
2001.35220229 0.995867893845
2001.37263427 1.00225846127
2001.39306616 0.999816802221
2001.41349794 1.0279554748
2001.43392993 0.99580940453
2001.49522558 0.969860966048
2001.51565746 0.992607026768
2001.53608944 1.0000766802
2001.63824875 1.0071161976
2001.65868073 0.991523968794
2001.67911251 0.997982977062
2001.69954439 1.03626159395
2001.71997637 1.00127808688
2001.74040815 1.00459104436
2001.76084003 1.0129553724
2001.78127201 0.979982519327
2001.80170389 1.01463727564
2001.82213567 0.999814526923
2001.84256765 0.987706360413
2001.86299953 1.01745797023
2001.8834315 1.00159947378
2001.90386328 1.00620123316
2001.92429516 0.998440212838
2001.94472713 1.01740126441
2001.96515891 0.980846643806
2001.98559079 0.993929110356
2002.00602266 0.999522414873
2002.02645454 0.997169064489
2002.12861391 0.986425693907
2002.14904579 0.997705896636
2002.16947766 0.995165456622
2002.18990953 1.0099691076
2002.2103414 1.0064162111
2002.29206899 1.00619598018
2002.31250086 1.00545691943
2002.33293264 1.00345664503
2002.35336461 0.984125060733
2002.37379648 1.00962840354
2002.39422825 0.996757372559
2002.41466022 0.993900097178
2002.43509209 1.00964435963
2002.45552386 0.985949171098
2002.47595583 0.984888754424
2002.49638769 1.00349637486
2002.51681946 0.998934569131
2002.53725143 1.0048849653
2002.63941087 0.995008394312
2002.65984263 0.99804094749
2002.6802745 0.998094272345
2002.70070647 0.991818905324
2002.72113823 0.971754309785
2002.7415701 0.983549833473
2002.76200196 0.997509706549
2002.78243383 1.00427928445
2002.80286569 1.01202817845
2002.82329766 0.991121988914
2002.84372942 1.0098833027
2002.86416128 1.01699661715
2002.88459325 1.0016656076
2002.90502501 0.985534908596
2002.92545687 1.01098946466
2002.94588883 1.00887065466
2002.9663206 0.986024110952
2002.98675256 1.00040035304
2003.00718442 0.982876096904
2003.10934372 0.99915905094
2003.12977558 1.00841676583
2003.15020744 1.00026440204
2003.1706393 0.994077779937
2003.19107116 1.00636695632
2003.21150302 0.999524000995
2003.23193488 1.00366858524
2003.25236674 0.984195248883
2003.2727986 0.983957985371
2003.29323055 0.996730693098
2003.31366231 1.0059100152
2003.33409427 0.989524797536
2003.35452612 1.00571223195
2003.37495788 1.00028297641
2003.39538984 0.99323106631
2003.41582169 0.994062706034
2003.43625345 0.97173468724
2003.4566854 1.00525110752
2003.47711716 0.991270292297
2003.49754901 0.985128795765
2003.59970828 1.00924624689
2003.62014014 1.00907023713
2003.64057209 1.00072426288
2003.66100394 1.00449742048
2003.68143579 0.994507386251
2003.70186765 0.99379591813
2003.7222995 0.981983530072
2003.74273135 0.984047649189
2003.7631632 0.994309424836
2003.78359505 0.983226519198
2003.804027 0.994638287845
2003.82445875 1.0069259444
2003.8448906 0.993479207358
2003.86532255 0.996764166077
2003.94704985 0.972681020045
2003.9674817 0.99300728427
2003.98791364 1.00544727637
2004.09007288 1.02098400024
2004.11050473 1.00639638842
2004.13093657 0.99645974909
2004.15136842 1.01427597132
2004.17180027 0.997432256666
2004.19223211 1.01237393658
2004.21266396 0.988642778884
2004.2330958 1.00140497452
2004.25352755 1.0049188969
2004.27395949 1.00373785066
2004.29439133 1.00505964683
2004.31482308 0.999988453389
2004.33525502 1.0049555078
2004.35568686 0.994168553319
2004.37611881 1.0092878596
2004.39655055 1.00525997791
2004.41698239 1.01679503269
2004.43741433 1.00134031999
2004.45784608 0.988377262139
2004.47827792 0.988137867751
2004.60086896 1.00318756246
2004.6213009 0.99846674585
2004.68259642 1.01177060009
2004.70302826 1.00568261117
2004.72346009 0.999095733664
2004.74389193 0.99859465296
2004.76432377 0.977044882905
2004.84605112 1.01215343671
2004.86648296 1.00582996648
2004.88691479 1.00828115606
2004.90734663 0.993365209961
2004.92777846 1.01268327733
2004.9482103 0.994457046653
2004.96864213 1.00208870812
2004.98907397 0.998755723173
2005.0095058 1.02562575431
2005.02993764 1.00240146929
2005.05036947 0.982263563317
2005.0708014 1.02855634692
2005.09123314 0.999205520091
2005.11166497 1.0059814768
2005.1320969 0.998484735705
2005.15252874 1.00197210295
2005.17296047 0.997939340137
2005.1933924 0.995417378006
2005.21382423 0.997435439519
2005.23425596 1.01844011404
2005.2546879 0.999998289051
2005.27511973 0.988323216111
2005.29555146 0.996410493088
2005.31598339 0.996514138039
2005.33641522 0.991549653269
2005.35684695 0.998820486927
2005.37727888 1.02388801282
2005.39771071 1.00173582357
2005.41814264 1.00329653054
2005.43857437 1.01863610983
2005.4590062 0.994198072859
2005.47943812 1.01727573048
2005.49986985 0.995745913945
2005.52030168 1.01577768422
2005.54073361 1.00412933167
2005.56116533 0.994245602301
2005.58159716 1.00679862072
2005.60202909 1.00543131615
2005.62246082 0.999586588922
2005.64289264 0.98189128611
2005.66332447 1.00119330722
2005.68375629 1.00988428794
2005.70418812 0.999673101252
2005.72462004 0.993961111985
2005.78591552 1.02145174931
2005.80634724 0.988382451017
2005.82677917 0.999500312471
2005.84721099 1.01393595994
2005.86764271 1.0044470788
2005.88807464 1.02113292808
2005.90850646 1.01237058178
2005.92893818 1.00564923989
2005.94937011 1.01019938636
2005.96980193 1.00668700184
2005.99023375 0.989621600201
2006.01066557 0.989981092286
2006.03109739 1.00433464134
2006.05152921 1.00686153126
2006.07196104 1.0002050577
2006.09239286 0.996541952034
2006.11282478 0.98953652985
2006.1332565 1.00109387463
2006.15368832 1.01771429258
2006.17412024 1.00652145704
2006.21498377 1.00546744372
2006.23541569 1.00017443159
2006.25584751 0.999584954557
2006.27627923 1.00165947292
2006.29671115 0.989769448653
2006.31714297 0.987314798623
2006.33757468 1.00926676313
2006.3580066 0.998457919406
2006.37843832 0.989998647697
2006.39887014 0.985151457365
2006.41930205 0.987326753185
2006.43973377 0.975062853747
2006.56232476 0.996266922498
2006.58275658 0.996535380223
2006.60318839 0.984972218373
2006.6236202 1.00583462313
2006.64405212 0.992019862262
2006.66448383 0.993224108139
2006.68491565 1.00824006038
2006.70534756 1.00514592416
2006.72577927 0.999433445151
2006.82793843 1.01929792213
2006.84837014 1.01347179994
2006.86880205 1.01789872506
2006.88923386 0.992552549463
2006.90966558 0.979690067393
2006.93009749 1.00782164201
2006.9505293 0.976166011801
2007.01182472 0.987183031218
2007.03225653 0.988168683267
2007.05268834 1.02601005677
2007.07312015 1.00323993727
2007.09355196 1.00717648626
2007.11398377 0.98313017199
2007.13441558 1.0012234025
2007.15484738 0.998308547615
2007.17527919 0.996276237624
2007.195711 1.00344023607
2007.2161429 0.989771244238
2007.23657461 0.997112401216
2007.25700642 1.00199716602
2007.27743832 0.993337454413
2007.29787003 0.990094619392
2007.31830183 0.992055958781
2007.33873374 1.00948506075
2007.40002915 1.00455093651
2007.42046086 0.989354876726
2007.44089276 0.989178802201
2007.46132457 0.985988293553
2007.48175637 0.998212747527
2007.50218817 1.00059915046
2007.52261998 1.00157846282
2007.54305178 1.00605145274
2007.56348358 1.00438953173
2007.58391539 1.01573675473
2007.60434719 1.01771493176
2007.62477909 1.0184260603
2007.64521079 0.990600362695
2007.66564259 1.00583782159
2007.68607449 1.00079048811
2007.7065062 0.991979600428
2007.726938 0.992616639884
2007.7473698 0.996426250814
2007.7678016 1.01609961705
2007.7882335 1.00254460133
2007.8086653 1.0192412364
2007.829097 0.998734748367
2007.8495289 0.999833037712
2007.8699606 1.00234686742
2007.89039239 0.995952952667
2007.91082429 1.01464270219
2007.93125599 0.998108971803
2007.95168779 0.997357503482
2007.97211969 0.984641380017
2007.99255139 0.995042366677
2008.01298318 0.985915234252
2008.03341508 0.998296983993
2008.05384688 0.992073607943
2008.07427857 1.02592126313
2008.15600586 0.975156239009
2008.27859663 0.999770751554
2008.29902842 0.98612207795
2008.3807557 1.00486447203
2008.40118739 1.00682136344
2008.42161918 0.993335718644
2008.44205107 0.996742953229
2008.50334635 1.01931092816
2008.52377824 1.0025394901
2008.54421003 0.984004304618
2008.56464182 0.997698403198
2008.58507352 1.00603240989
2008.60550541 1.02813937045
2008.6259372 1.00446709513
2008.64636889 1.01055315082
2008.66680078 1.01475590416
2008.68723257 1.008017461
2008.70766426 1.00263410989
2008.72809614 0.98940509979
2008.74852793 1.00646429214
2008.76895982 0.98923321822
2008.78939151 0.983899677007
2008.8098233 1.00271782608
2008.83025519 1.00009355599
2008.85068688 1.00015335059
2008.87111866 1.01734131131
2008.89155055 1.00635338213
2008.91198224 0.999705414928
2008.93241402 1.00285934263
2008.95284591 1.00662911678
2008.9732776 1.01118087273
2008.99370938 1.00958920469
2009.01414127 1.00901151243
2009.03457306 1.01686954708
2009.05500474 0.989961538236
2009.07543663 0.994032213029
2009.09586841 1.00863897614
2009.1163002 1.0025457314
2009.13673198 1.01733237553
2009.15716377 0.98650358644
2009.17759565 0.993715329097
2009.19802733 0.993583021878
2009.21845912 1.01217880329
2009.2388909 1.00862746216
2009.25932268 0.993612967377
2009.27975437 0.994600861681
2009.30018625 0.999446737365
2009.32061803 0.994289550193
2009.34104972 0.986665914817
2009.3614816 1.01952599554
2009.38191338 0.990122901298
2009.40234526 0.996326747989
2009.42277694 0.991664411878
2009.44320872 0.99973556086
2009.46364061 0.997664887325
2009.48407229 0.991884819212
2009.50450407 1.00307723404
2009.52493595 1.00480943024
2009.54536773 0.993378880888
2009.56579941 0.998958383081
2009.58623129 1.00069444059
2009.60666307 0.995123007649
2009.62709475 1.01393430316
2009.64752663 0.994321664348
2009.6679584 1.01416969394
2009.68839008 1.00277792565
2009.70882196 1.00473508818
2009.72925374 0.979787794352
2009.74968562 0.994948691084
2009.77011729 0.99744497317
2009.79054907 0.980131717545
2009.81098095 0.98283462313
2009.83141263 1.0139014466
2009.8518444 1.01095121708
2009.87227618 0.977508949775
2009.89270796 0.972564771346
2009.95400328 0.980913126683
2009.97443506 1.02336899523
2009.99486684 0.985884988904
2010.01529861 1.00888753539
2010.03573039 1.01348292964
2010.05616216 0.999890672463
2010.07659393 1.00493472041
2010.09702581 0.991833618059
2010.11745758 1.01120624854
2010.13788926 1.00364485794
2010.15832113 1.00224078172
2010.1787529 0.989923902597
2010.19918458 1.00761179237
2010.21961645 0.991861219121
2010.30134354 1.00409063688
2010.32177521 0.999324713589
2010.34220708 1.01094940515
2010.38307072 0.994711599533
2010.4035024 1.00889181068
2010.44436604 1.0142731605
2010.46479771 1.01054475126
2010.48522948 1.01422492237
2010.50566135 0.981341337913
2010.52609312 0.99823863089
2010.54652479 0.995870944984
2010.56695666 0.991056501909
2010.58738842 1.00637412578
2010.60782009 0.990976141577
2010.62825196 1.01249884195
2010.64868373 0.995194940055
2010.6691154 1.00070580015
2010.68954727 0.991966364511
2010.70997893 1.01105504169
2010.7304108 1.00634734743
2010.75084257 1.00284497332
2010.77127424 1.00753069089
2010.7917061 0.996470367727
2010.81213787 1.00962491308
2010.83256954 0.9998623507
2010.8530014 0.994337959559
2010.87343317 0.998999000928
2010.89386484 1.01520083457
2010.9142967 1.00546060931
2010.93472847 1.00275242142
2010.95516023 0.993569444085
2010.975592 0.968947649217
2010.99602376 0.992243842329
2011.01645563 1.00438101007
2011.03688739 1.00866906633
2011.05731905 1.00290889536
2011.07775092 0.984487206498
2011.09818268 0.982631875817
2011.11861435 1.0074448826
2011.13904621 0.978281411039
2011.15947797 0.971950653731
2011.17990964 1.00940469726
2011.2003415 0.98007400416
2011.22077326 0.976543598712
2011.24120492 1.01517393552
2011.26163679 0.991838800515
2011.28206855 1.01596225556
2011.30250021 0.988709677937
2011.32293207 0.979491426336
2011.34336383 0.984391972695
2011.36379559 1.00481319987
2011.38422735 1.02711876632
2011.40465911 1.01415912395
2011.42509087 0.999059502114
2011.44552264 0.995336474722
2011.4659544 0.994810910569
2011.48638616 0.999903132607
2011.50681791 0.988751361142
2011.52724967 1.00580015335
2011.54768153 1.02521618865
2011.56811319 1.00409691265
2011.58854495 1.02277716037
2011.60897681 0.999706399482
2011.62940847 0.996686211437
2011.64984033 0.999575243228
2011.67027208 1.00315678646
2011.69070374 1.00327103412
2011.7111356 1.01420310696
2011.73156736 1.00503351097
2011.75199902 0.979285278315
2011.77243087 1.00512864254
2011.79286263 0.990034439154
2011.81329429 0.988361356338
2011.83372614 1.00987963164
2011.8541579 0.991856210026
2011.87458965 1.0200152399
2011.89502141 0.995754116192
2011.91545317 0.994698889028
2011.93588502 0.98877495045
2011.95631668 1.01327573212
2011.97674843 0.992819561894
2011.99718029 1.02282252995
2012.01761204 1.01183521636
2012.0380437 0.988418091386
2012.05847555 0.976352380021
2012.0789072 0.996369110413
2012.09933896 1.00116137679
2012.11977081 0.998485626642
2012.14020246 0.98280708668
2012.16063422 1.01609142431
2012.18106607 0.991651842833
2012.20149772 1.00152316986
2012.22192948 1.0056560762
2012.24236133 1.01787826858
2012.26279298 0.999921297316
2012.28322483 0.979920155639
2012.30365658 0.999948097465
2012.32408824 0.969879050917
2012.34452009 0.991759870002
2012.42624709 1.01084024037
2012.44667884 0.999936857377
2012.46711059 1.00915066233
2012.48754234 0.996108581945
2012.50797409 1.00742271902
2012.52840584 1.0281241215
2012.54883759 1.01651811916
2012.56926944 0.995424233346
2012.58970119 0.998910209641
2012.61013284 1.01358023303
2012.63056469 0.999664417853
2012.65099644 0.990178368479
2012.67142809 1.00462687074
2012.69185993 0.998788639912
2012.71229168 1.02595498496
2012.73272333 1.00278600559
2012.75315518 0.990783348231
2012.77358692 0.987729299305
2012.79401857 0.993077852797
2012.81445042 0.997755958819
2012.83488217 1.00414439435
2012.8961773 0.989814062913
2012.91660915 1.00509522893
2012.9370409 0.996744455147
2012.95747264 1.00276936788
2012.97790439 0.990670735968
2012.99833613 1.00586764385
2013.01876788 0.990438446921
2013.03919962 1.01889931597
2013.05963137 0.993669706774
2013.08006311 0.999898645083
2013.10049496 1.00783081035
2013.1209266 1.00940008382
2013.14135845 1.00601390785
2013.16179019 0.995090491275
2013.18222183 0.982351980348
2013.20265368 1.00336405417
2013.22308542 0.994487886332
2013.24351706 1.01281454851
2013.26394891 0.998002828258
2013.28438065 1.00943095715
2013.30481229 1.00175126599
2013.32524413 0.980636206568
2013.34567588 0.999992647429
2013.36610752 0.996801335241
2013.38653936 1.01321123049
2013.4069711 0.999882018669
2013.42740284 1.00704509901
2013.44783458 0.997069312861
2013.46826632 1.01247273509
2013.48869806 0.999735664837
2013.50912981 1.01083633314
2013.52956155 0.989631520258
2013.54999329 0.997126511463
2013.57042503 1.0217698005
2013.59085677 1.015119388
2013.61128861 1.00571525681
2013.63172025 1.01575616175
2013.65215199 1.01925243568
2013.67258382 0.986314837162
2013.69301546 0.991991642838
2013.7134472 0.980064752435
2013.73387904 0.991781681648
2013.75431068 1.00062847926
2013.77474252 0.979808167201
2013.79517426 0.959693088133
2013.81560589 0.951350700041
2013.87690111 0.988712235739
2013.89733294 1.00510388469
2013.91776468 1.00315146604
2013.93819642 0.992909065592
2013.95862815 1.00535707152
2013.97905989 1.00935036557
2013.99949163 1.00901141672
2014.01992336 1.00627413849
2014.0403551 0.987175166828
2014.06078693 0.995792348739
2014.14251388 0.987389983848
2014.16294551 1.00916841971
2014.20380908 1.01789707352
2014.22424071 1.00483715903
2014.24467255 1.00527704774
2014.26510418 0.985101972451
2014.28553592 1.00958795905
2014.30596775 1.00055135361
2014.32639938 0.994787715467
2014.34683122 0.997876079577
2014.36726295 0.975130408479
2014.38769458 0.995343563207
2014.40812642 0.993160491868
2014.42855815 0.993198608978
2014.44898988 1.00451615641
2014.46942161 1.00385008509
2014.48985334 1.00741307526
2014.51028508 1.00317587169
2014.53071681 0.988346131435
2014.55114854 0.987288257037
2014.57158027 0.984367517342
2014.5920121 1.01272278926
2014.61244373 0.975106322055
2014.63287556 1.00544572045
2014.65330729 1.00733623631
2014.67373892 0.980683431839
2014.69417076 0.982280912533
2014.71460249 0.988152825936
2014.73503412 1.00107239479
2014.75546595 0.975624568836
2014.77589767 0.966606720618
2014.87805632 1.0186835448
2014.89848805 1.0032399969
2014.91891978 1.02190047899
2014.93935151 0.993663832571
2014.95978323 0.99875421824
2014.98021496 1.02783314314
2017.8610876 0.992265711092
2017.8815194 1.02786173521
2017.90195101 0.995963049088
2017.92238271 1.0170407077
2017.94281452 1.01616261479
2017.96324612 1.04307591
2018.00410963 1.00037797504
2018.02454124 1.01060892592
2018.04497294 1.02077010242
2018.06540475 0.990584482862
2018.08583635 0.999350635597
2018.10626816 1.04096407276
2018.12669986 1.01528826919
2018.14713156 0.995575529144
2018.16756327 0.988236563337
2018.18799497 1.01414912373
2018.20842668 1.00795880167
2018.22885838 0.991320660526
2018.24929008 0.982099394639
2018.26972179 1.00713255211
2018.29015359 0.997993097323
2018.31058519 0.98582972431
2018.3310169 0.993830293295
2018.3514487 0.999302390404
2018.3718803 1.02990977067
2018.3923121 1.02205740467
2018.41274381 0.994177512317
2018.43317541 1.02224882982
2018.45360721 1.00380207525
2018.47403891 1.00323519222
2018.49447051 1.02768169755
2018.51490231 1.00040838688
2018.53533392 0.996247967941
2018.55576562 1.01100002295
2018.57619742 1.02594781679
2018.59662902 1.01256841917
2018.61706082 0.989851990314
2018.63749252 0.996501691715
2018.65792422 0.992697474709
2018.67835592 1.02631429168
2018.69878762 0.999024940873
2018.71921932 0.984703300529
2018.73965102 0.986087051264
2018.76008272 0.999686537376
2018.78051442 0.996169169712
2018.80094622 1.00325074146
2018.82137782 1.00300522979
2018.84180962 1.001098025
2018.86224132 1.00712647015
2018.88267292 0.970542815923
2018.90310472 0.999292381809
2018.92353642 1.01448841715
2018.94396802 0.995941829221
2018.96439982 1.00603274365
2018.98483151 0.990952067296
2019.00526311 0.989082838579
2019.02569491 1.00815318682
2019.04612661 1.0060434016
2019.06655821 1.03371516935
2019.08699001 1.0072023875
2019.1074217 1.02966971063
2019.1278534 0.990354908854
2019.1482851 1.00573329886
2019.1687168 0.992152855639
2019.18914849 1.01076295776
2019.20958019 1.00258634702
2019.23001189 0.998897000039
2019.25044358 1.00667074023
2019.27087528 0.992697402989
2019.29130698 0.985791584633
2019.31173867 1.01408728669
2019.33217037 1.00069695447
2019.35260217 1.00632657247
2019.37303386 0.985077749981
2019.39346546 1.00804301021
2019.41389726 0.974511957596
2019.43432895 1.01085222259
2019.45476055 0.984488920147
2019.47519234 0.998638850676
2019.49562404 0.989434584155
2019.51605563 0.977990786014
2019.53648743 0.986094102562
2019.55691912 1.00303648224
2019.57735072 0.978023147134
2019.59778251 0.984179713025
2019.61821421 1.00151663756
2019.638646 0.988782390159
2019.6590776 0.985967970495
2019.67950929 0.986561701481
2019.72037268 1.01220755652
2019.76123617 1.01770463884
2019.78166786 1.01206537966
2019.80209945 1.00137848892
2019.82253125 1.00051347061
2019.84296294 0.991766444217
2019.86339463 1.01101176513
2019.88382633 1.01985806654
2019.90425792 0.988230849674
2019.92468971 0.987441391933
2019.9451214 0.98885552238
2019.965553 1.00222978621
2019.98598479 1.00906159239
2020.02684807 1.02405597846
2020.04727987 1.00042771939
2020.06771156 1.01856357022
2020.08814315 1.00709450255
2020.10857494 1.01452524878
2020.12900663 1.00474564437
2020.14943843 1.00793374565
2020.16987002 1.03308035116
2020.19030171 1.02836436846
2020.2107335 0.981714939125
2020.23116509 1.00216772516
2020.25159678 1.00255246251
2020.27202857 1.00977454378
2020.29246026 0.978684017007
2020.31289185 0.986407236792
2020.33332364 0.996995398482
2020.35375533 0.996750776424
2020.37418702 0.988427351261
2020.39461871 0.998418124121
2020.4150504 0.986572968204
2020.43548219 1.00902616889
2020.45591378 0.995369867713
2020.47634547 0.995035770676
2020.49677716 0.99547091546
2020.51720885 0.985079659336
2020.53764054 0.999385893302
2020.55807223 0.995087075752
2020.57850392 1.0010123039
2020.59893561 0.975216301003
2020.6193673 0.988585638832
2020.63979899 1.00755404184
2020.66023077 0.99204647529
2020.68066236 1.00243922874
2020.70109405 0.995458723566
2020.72152584 1.01037634342
2020.74195743 0.987072533804
2020.76238912 0.998699845418
2020.7828209 1.00877045443
2020.80325259 1.00360127613
2020.82368418 1.01116724111
2020.84411597 0.999522945475
2020.9462744 0.998003491895
2020.96670609 0.988878758311
2020.98713778 0.975854400167
2021.00756956 1.00946121014
2021.02800115 1.00330256266
2021.04843284 1.01850602808
2021.06886462 1.00406004946
2021.08929621 1.00840931008
2021.1097279 0.996070353049
2021.13015968 0.984566570813
2021.15059127 0.997566089802
2021.17102305 1.00916773134
2021.19145474 1.00798593295
2021.21188633 1.00936225649
2021.23231811 1.00095369963
2021.2527498 1.01941100844
2021.27318138 0.985059150525
2021.35490822 1.00488038846
2021.37533991 0.98920575945
2021.45706665 1.0111189471
2021.47749833 1.01852721865
2021.49793001 1.0022260967
2021.5183618 0.999474681698
2021.53879338 0.998141221585
2021.55922507 1.01536647574
2021.57965685 0.989242367501
2021.60008843 1.00589897814
2021.62052022 1.00188774875
2021.6409519 0.980150898897
2021.66138348 1.02103698894
2021.68181527 0.986595808216
2021.72267853 0.983276435531
2021.74311032 0.982948248383
2021.763542 1.01277009721
2021.78397358 1.01559874518
2021.80440536 0.983924266249
2021.82483705 0.996294997555
2021.84526873 1.00188218007
2021.86570041 0.999650052211
2021.88613209 1.01641191667
2021.90656377 1.00398934802
2021.92699546 1.00075274414
2021.94742714 1.0097983484
2021.96785882 0.99931531871
2021.9882905 1.00809599457
2022.00872218 1.0228325037
2022.02915397 0.979439426371
2022.04958555 1.01437130987
2022.07001723 1.00567523248
2022.09044901 1.00774819601
2022.11088059 1.00798464961
2022.13131237 1.01685378923
2022.15174405 1.01217428889
2022.17217563 1.00466619177
2022.25390246 0.971587385772
2022.27433414 0.996710384582
2022.29476572 0.98551348066
2022.3151975 0.965634305689
2022.33562918 0.987850573778
2022.35606096 0.972734101974
2022.37649254 0.968899530391
2022.39692422 0.992692296571
2022.417356 0.996138056802
2022.43778758 0.990270881553
2022.45821925 1.00114418751
2022.47865103 1.00428910358
2022.49908271 0.991598853322
2022.53994607 0.992327038578
2022.56037775 0.956735130586
2022.58080933 1.00891726657
2022.60124111 0.984131729773
2022.62167279 1.00900121049
2022.64210447 1.00925577399
2022.66253614 0.984713489099
2022.68296772 1.0056801078
2022.7033995 1.00823799151
2022.72383118 0.986344095502
2022.74426276 1.01504337424
2022.76469454 1.01675142266
2022.78512621 1.01869663918
2022.80555779 1.00185496105
2022.82598957 1.00055718052
2022.84642125 1.00195556764
2022.86685302 0.98896989043
2022.8872846 1.02581716747
2022.90771628 1.00267510357
2022.92814806 1.00215148507
2022.94857963 0.9888209676
2022.96901131 1.02651508541
2022.98944309 0.97032367436
2023.00987477 0.993296464087
2023.03030634 1.01916709161
2023.05073812 0.98793072774
2023.13246483 0.95578080276
2023.1528966 0.980818412042
2023.17332818 0.999631886192
2023.19375985 1.01628121339
2023.21419163 0.993549009232
2023.23462321 0.995521793563
2023.25505488 1.0191091435
2023.27548666 1.00697112096
2023.29591823 1.00022713913
2023.31634991 0.988112331273
2023.33678169 1.00292133558
2023.35721326 0.966336409498
2023.37764504 0.982015622099
2023.39807661 0.974391345338
2023.41850829 1.00070642362
2023.43894006 1.00291982518
2023.45937164 0.998830714613
2023.47980331 0.980023244095
2023.50023509 0.999797845037
2023.52066676 0.969121033695
2023.54109834 0.984692648807
2023.56153011 0.980254897192
2023.58196179 0.994055763578
2023.60239346 0.970612106839
2023.62282513 0.942816569994
2023.64325681 0.941454515092
2023.74541518 1.01133461241
2023.76584685 1.00539192206
2023.78627863 0.996817582733
2023.8067102 1.01539928449
2023.82714197 1.01428857969
2023.84757365 1.02777063666
2023.86800522 1.0288380609
2023.88843699 1.01693151808
2023.90886867 1.03693880342
2023.92930024 1.01138573513
2023.94973201 1.02725541524
2023.97016369 1.01162623601
2023.99059536 1.02261805938
2024.01102703 1.00116884524
2024.03145871 1.01212164173
2024.05189038 1.00411233199
2024.07232205 0.98294196171
2024.09275372 0.982848507378
2024.1131854 0.972996886067
2024.13361707 0.974406632004
2024.15404874 0.996277356768
2024.17448041 1.01309700674
2024.19491208 1.00228762813
2024.21534376 1.00932217909
2024.23577553 1.01343558632
2024.27663887 0.993629846893
2024.29707054 1.00406820347
2024.31750212 0.991084477104
2024.33793389 0.994353110513
2024.35836556 0.962955219287
2024.37879713 0.972516027993
2024.3992289 0.982496814697
2024.41966057 1.00068209656
2024.44009214 1.01377337966
2024.52181893 0.993562809272
2024.5422506 1.01287666223
2024.56268237 0.985091251479
2024.58311394 0.971220634917
2024.60354561 0.971015878496
2024.62397738 0.95605551056
2024.64440895 1.00583522284
2024.66484062 1.00831549338
2024.68527239 1.02200871498
2024.70570406 1.01971259809
2024.7465674 1.01782119883
2024.76699897 1.04452659418
2024.78743074 1.0006624938
2024.80786241 0.988642953558
2024.82829398 0.973568170756
2024.84872575 0.993241855095
2024.86915742 0.984934796978
2024.88958899 1.00177163807
2024.93045243 1.00808844989
2024.9508842 1.02481621539
2025.03261078 1.03501161838
2025.05304245 1.00219409382
2025.07347422 1.00321224089
2025.09390579 0.984109062607
2025.11433746 0.965247878366
2025.13476922 1.01121598041
2025.17563256 1.02787229092
2025.19606423 1.04275900301
2025.2164959 1.0213356485
2025.23692757 1.00514603223
2025.25735924 1.01265843248
2025.2777909 0.999294754905
2025.29822267 1.002833283
2025.31865424 0.969113374579
2025.33908591 0.951939041479
2025.35951768 0.967097636375
2025.37994924 0.977116951562
2025.40038101 1.00772035866
2025.42081258 0.999060000142
2025.44124425 0.989974779246
2025.46167602 1.00291545789
2025.48210758 0.99183850866
2025.50253925 0.935624222864
2025.52297102 0.933291259648
2025.54340259 0.915717372378
2025.56383425 0.925226571957
2025.58426602 0.903246531429
2025.60469759 0.890140354035
2025.64556102 1.02453963087
2025.66599259 1.02372629488
2025.68642436 1.02707863493
2025.70685602 1.00014735956
2025.72728769 1.01919754052
2025.74771936 1.01631148602
2025.76815102 1.02101022478
2025.78858269 1.01493811062
2025.80901436 0.988793597905
2025.82944602 1.00604743681
2025.84987779 0.991573275459
2025.87030946 0.99423887675
2025.89074102 0.998870398387
2025.91117279 1.01621078758
2025.93160446 1.03081379755
2025.95203602 1.01394654077
2025.97246779 1.00147535662
2025.99289946 1.01636344062
2026.01333102 1.01302190189
2026.03376279 1.01002702115
2026.05419445 0.987408075198
2026.07462612 0.999960811144
2026.09505779 0.994924926489
2026.11548945 0.990560680433
2026.13592112 0.997472864777
2026.15635278 0.998654140628
2026.17678435 0.999431536293
2026.19721611 1.00064589517
2026.21764778 0.998639755803
2026.23807944 0.979649119056
2026.25851111 0.995965786325
2026.27894278 1.0188059921
2026.29937454 1.02769460492
2026.31980611 0.976109505684
2026.34023777 1.03907439991
2026.36066954 0.97868747496
2026.3811012 0.999022505296
2026.40153277 1.01906360163
2026.42196453 0.988292617341
2026.4423962 1.00646325061
2026.46282776 1.00882736594
2026.48325953 1.00191841428
2026.50369119 0.967330904072
2026.52412296 1.01356296411
2026.54455452 1.03333196535
2026.56498618 1.00629758042
2026.58541795 1.01276870093
2026.60584951 1.00075956582
2026.62628118 0.999819017122
2026.66714451 1.00737606733
2026.68757617 0.997148395965
2026.70800794 1.00291546115
2026.7284395 0.990475035803
2026.74887126 0.973267720918
2026.76930293 1.00234467862
2026.78973449 0.972082906449
2026.81016626 0.981726104848
2026.83059782 0.944165811155
2026.85102958 0.98876886159
2026.87146125 1.00840710608
2026.89189281 1.00457294835
2026.91232447 1.01608913697
2026.93275624 1.00958599418
2026.9531879 0.991037772311
2026.97361957 0.991127490461
2026.99405123 0.974532431949
2027.01448289 0.944903890097
2027.03491466 0.9399754556
2027.05534622 0.924228924463
2027.07577788 0.922777938171
2027.09620965 0.990222255915
2027.11664121 1.00057469859
2027.13707287 1.00036627672
2027.15750463 1.00834235292
2027.1779362 0.989659025705
2027.19836796 0.970281549887
2027.21879962 0.960524199486
2027.25966295 0.939816090434
2027.28009461 0.941275904179
2027.30052618 0.936274584484
2027.32095794 0.87507257951
2027.3413896 0.953681803007
2027.36182136 1.00964292198
2027.38225293 1.00322425925
2027.40268459 0.984012414323
2027.42311635 1.02985513762
2027.44354791 0.998670080211
2027.46397958 1.00489644289
2027.48441124 1.00738161144
2027.504843 1.01047548405
2027.52527456 1.00754281629
2027.54570633 1.00452148855
2027.56613789 1.00580238517
2027.60700131 1.01483775856
2027.62743287 1.02730965908
2027.64786464 1.01469147167
2027.6682963 0.998855025847
2027.68872786 1.03498960926
2027.70915962 1.00805642467
2027.75002285 1.03690084437
2027.77045461 1.00226619302
2027.79088627 0.996363389517
2027.81131803 0.990716603934
2027.83174959 1.0091028384
2027.85218125 1.00097558256
2027.87261302 0.989934125485
2027.89304458 1.01068781849
2027.91347624 0.988582849669
2027.933908 0.975650569321
2027.95433956 0.990854074791
2027.97477122 0.996066937658
2027.99520298 0.982066448792
2028.01563465 0.991336221613
2028.03606631 1.00720184792
2028.05649797 0.992278147434
2028.07692963 1.00084253613
2028.09736129 1.00829537808
2028.17908793 0.99877529055
2028.1995196 0.995361449399
2028.21995126 1.00271618704
2028.24038292 0.984842693533
2028.26081468 0.978689150311
2028.28124624 0.998332207482
2028.3016779 0.963228508162
2028.32210966 0.989503017895
2028.34254122 1.00861951326
2028.36297288 1.01613131576
2028.38340464 1.01425419628
2028.4038362 1.01358467074
2028.42426796 0.981030311918
2028.44469962 1.01677198853
2028.48556295 1.0007202988
2028.50599461 1.01249011077
2028.52642617 0.96735252186
2028.54685793 0.997293355151
2028.56728959 0.999845285822
2028.58772125 0.986972082332
2028.60815291 0.992232036023
2028.62858457 1.0157803399
2028.64901633 1.00428726849
2028.66944789 1.02391042333
2028.68987955 0.985083907718
2028.77160629 0.991476154347
2028.79203795 1.01060366226
2028.81246951 0.978956486241
2028.83290127 1.03496207225
2028.85333293 0.998338740145
2028.87376459 1.00215782012
2028.89419625 0.978243162534
2028.91462781 1.00643928423
2028.93505957 0.995389626167
2028.95549123 1.03679650241
2028.97592279 1.01211283175
2028.99635455 1.01215803436
2029.01678621 0.991322361251
2029.03721777 1.00940432718
2029.05764953 1.01582813109
2029.07808119 1.00335992998
2029.09851295 1.00925919139
2029.1189445 1.00085196978
2029.13937616 1.00046746973
2029.15980792 0.992428184301
2029.18023948 0.988270819626
2029.20067114 0.987954589398
2029.2211029 0.981439983386
2029.24153456 0.939237676953
2029.26196622 0.967091692891
2029.28239788 0.916166418914
2029.30282954 1.0020403876
2029.3232612 0.998729805392
2029.34369286 1.01498318468
2029.36412452 1.02805036101
2029.38455628 0.995273336563
2029.40498784 0.985771115927
2029.42541949 1.00950259679
2029.44585125 0.990799445886
2029.46628281 0.965280097551
2029.48671457 0.975513254529
2029.50714623 0.954984725818
2029.52757779 0.9769696882
2029.56844111 0.98762431723
2029.58887277 1.00929041298
2029.60930453 0.984576959718
2029.62973608 1.01348363302
2029.65016774 0.986387432668
2029.6705995 1.01778122393
2029.69103106 1.00298483547
2029.71146282 0.999918190485
2029.85448443 1.03373663848
2029.87491619 0.989963824176
2029.89534785 1.01201017879
2029.91577941 1.00339136055
2029.93621117 1.03992859693
2029.95664282 0.990192016024
2029.97707438 1.01053028819
2029.99750614 1.04323749973
2030.0179378 1.01360962878
2030.03836936 1.00536228875
2030.05880112 0.992384701218
2030.07923278 0.985000295192
2030.09966453 1.02737058244
2030.12009609 0.983058646247
2030.14052775 0.97571853255
2030.16095951 0.958110794592
2030.18139107 1.01132847383
2030.20182273 1.00452727038
2030.22225438 1.02564730115
2030.24268604 0.995131389778
2030.2631177 1.0235632607
2030.28354936 1.00968385173
2030.30398102 1.02670816451
2030.32441278 1.00281698649
2030.34484433 1.00570015001
2030.36527599 1.01065320253
2030.38570775 0.993461312085
2030.54916102 1.01762208422
2030.63088765 0.983072401083
2030.65131931 1.00016510597
2030.67175106 1.00487271894
2030.73304604 0.965407398178
2030.7534776 0.950737735854
2030.77390935 0.993862345739
2030.79434101 1.01151904561
2030.81477257 0.998550803489
2030.83520433 1.00175043301
2030.85563599 0.987374045058
2030.87606764 1.00689216907
2030.8964993 0.992409307737
2030.91693096 0.983368103363
2030.93736262 0.986595464812
2030.95779428 0.99974495436
2030.97822593 0.987224162682
2030.99865759 1.02965957411
2031.01908925 0.975358900482
2031.03952091 0.991792163364
2031.05995266 0.989861571128
2031.08038422 1.0161442081
2031.10081598 0.996373197298
2031.12124764 0.996113862155
2031.1416792 1.00018877056
2031.16211095 1.02698944989
2031.18254261 1.02872073163
2031.20297417 1.01213915673
2031.22340593 0.996380399225
2031.24383758 0.990554806641
2031.26426934 0.984435594601
2031.2847009 0.976882596005
2031.30513256 1.00122307056
2031.32556432 0.977288028295
2031.34599587 1.02075946734
2031.36642753 1.01933441723
2031.38685929 0.997254542369
2031.40729085 1.01767122409
2031.4277225 1.000383412
2031.44815426 1.01668470855
2031.46858582 1.00433786891
2031.48901758 0.96673677458
2031.52988089 1.00963116971
2031.55031255 1.03664937408
2031.57074421 1.03186590593
2031.59117577 0.997648188802
2031.61160752 0.990230568381
2031.63203918 0.982088529926
2031.65247074 0.992576074791
2031.6729025 0.991676856084
2031.69333416 0.969486824164
2031.71376581 0.970988480679
2031.73419747 0.997420946846
2031.75462913 0.994658204463
2031.77506089 1.03085882473
2031.79549244 1.01332170893
2031.8159241 0.990384439516
2031.83635586 1.00032016194
2031.85678742 0.990554317358
2031.87721917 1.01056133969
2031.89765083 1.01937218036
2031.91808239 0.998947207794
2031.93851415 1.00220372388
2031.95894581 1.02150373723
2032.02024078 0.953093192957
2032.04067244 0.990312912686
2032.06110409 1.01132723284
2032.08153575 0.997225080271
2032.10196751 0.995970802785
2032.12239907 1.00687738116
2032.14283072 0.990278325095
2032.16326248 1.01313080404
2032.18369404 1.0098130268
2032.2041257 0.978041130552
2032.22455746 1.00633526069
2032.24498911 0.99190358698
2032.26542077 0.961691950708
2032.28585243 0.989617440946
2032.30628399 0.959695329155
2032.32671574 1.01181782873
2032.3471474 0.973763519354
2032.40844238 1.00206532433
2032.42887393 1.0317953361
2032.55146408 0.99085219974
2032.57189564 1.01979766063
2032.5923273 1.00374343346
2032.61275905 1.01339551593
2032.63319061 1.00734085937
2032.65362237 0.981259974018
2032.67405403 0.990148708986
2032.69448559 0.958167151894
2032.71491734 0.966940831607
2032.735349 1.01059750595
2032.75578066 1.02138704697
2032.77621232 1.02310827878
2032.79664398 1.03927852195
2032.81707563 0.992119864072
2032.83750729 0.992636659521
2032.85793895 0.986739493742
2032.87837061 0.994891356695
2032.89880236 1.0137315093
2032.91923392 0.996253917162
2032.96009724 0.985346994533
2032.9805289 1.00539031934
2033.00096066 1.02289039706
2033.02139221 1.00005127509
2033.04182397 1.01976787551
2033.06225563 0.997898577885
2033.08268719 0.990125663764
2033.10311895 0.964147627767
2033.1235506 0.985309240625
2033.14398216 0.958668147442
2033.16441392 0.928792184982
2033.18484558 0.966102855657
2033.20527714 0.918440748338
2033.22570889 0.999930897299
2033.24614055 1.01563820066
2033.26657231 1.00975768494
2033.28700387 0.987275087004
2033.30743553 0.999209166993
2033.32786729 0.975558823011
2033.34829884 1.0138322328
2033.3687305 0.99687467369
2033.38916226 0.971722828008
2033.40959392 0.956118507518
2033.43002558 0.929684289602
2033.55261563 1.02744567472
2033.57304719 0.980172125371
2033.59347894 1.03968763287
2033.63434216 1.03053293858
2033.65477392 1.01580605636
2033.67520548 1.03201085018
2033.69563714 1.03527098168
2033.7160689 0.989897815448
2033.77736387 1.04253849853
2033.79779543 1.02798333133
2033.81822719 1.00632454159
2033.83865885 1.003253571
2033.85909041 1.00766291405
2033.87952217 0.993836414236
2033.89995382 1.00083797263
2033.92038548 0.995779613246
2033.94081714 0.996762580736
2033.9612488 1.00584444393
2033.98168056 1.00953681056
2034.00211212 0.987283762412
2034.02254378 1.01627846375
2034.04297554 0.993898234236
2034.0634072 0.993786618953
2034.08383875 0.987483984894
2034.10427051 0.972826545245
2034.12470217 0.978598758023
2034.14513373 0.975501506276
2034.16556549 0.953433800654
2034.18599715 0.931494853749
2034.20642881 0.987122871361
2034.22686047 0.985925715115
2034.24729213 1.01140287148
2034.26772379 1.0112348625
2034.28815545 1.01857146087
2034.3085871 0.999496002226
2034.32901876 1.02943426944
2034.34945042 1.02975493362
2034.36988218 0.979100656682
2034.39031374 1.01321327487
2034.4107454 1.00484639725
2034.43117716 0.976916030143
2034.45160872 1.00169104172
2034.47204038 0.997718564684
2034.49247214 1.02169841211
2034.5129037 1.00627968318
2034.53333536 1.02752865784
2034.55376712 1.00448500086
2034.57419868 1.00380474943
2034.59463044 1.01116076898
2034.6150621 1.01343601339
2034.63549376 0.988166629501
2034.65592542 0.986536588561
2034.67635708 0.98912085425
2034.69678874 0.995327593084
2034.73765205 0.985535663827
2034.75808381 0.987765489315
2034.77851547 0.992324679511
2034.79894703 0.992040989863
2034.81937879 1.02384613205
2034.83981045 1.01213239038
2034.86024201 1.03436241609
2034.88067377 1.0222731089
2034.90110543 1.01250449782
2034.92153699 1.00402498194
2034.94196875 0.967356645278
2034.96240041 0.984494252679
2034.98283207 0.975133311525
2035.00326374 0.964281264119
2035.0236953 1.02485902371
2035.04412706 0.998659801233
2035.06455872 1.00354117039
2035.08499028 1.02316522693
2035.10542204 0.99348670781
2035.1258537 1.01912817939
2035.228012 0.990600854116
2035.24844366 0.989174611929
2035.26887542 0.996923833161
2035.28930708 1.01532106953
2035.30973874 1.02674086262
2035.3301704 1.02594014084
2035.35060206 1.02128963509
2035.37103372 1.00803777797
2035.39146539 0.990886308853
2035.41189705 0.994824481624
2035.45276037 1.01793023807
2035.47319203 1.0083143601
2035.49362379 1.00900872802
2035.51405535 1.00830462799
2035.53448711 1.00989906502
2035.55491877 1.00875149945
2035.57535034 1.00467144179
2035.5957821 1.00250533423
2035.61621376 0.993669052123
2035.63664532 0.981062213206
2035.65707708 0.981462719657
2035.67750864 0.976030176301
2035.6979404 1.00328529618
2035.71837206 1.0295759703
2035.73880363 0.986238336883
2035.75923539 0.979870266482
2035.77966705 0.997998293395
2035.80009871 0.992946678829
2035.90225702 0.993250139642
2035.92268878 0.997740449934
2035.94312044 1.03134626241
2035.96355201 1.01350442083
2035.98398377 1.03016529093
2036.00441543 0.97362802698
2036.02484699 1.00278841436
2036.04527875 0.987799533751
2036.06571042 1.00794698919
2036.08614218 0.982153650374
2036.10657374 0.988988385081
2036.1270054 0.963035679792
2036.14743716 0.976935295511
2036.16786873 0.985535173198
2036.18830039 1.02646207038
2036.20873215 1.02893375249
2036.22916371 0.994625950953
2036.24959548 0.989254468011
2036.27002704 0.988029601069
2036.2904587 1.00107701996
2036.31089047 0.984303949864
2036.33132213 0.96402037596
2036.35175369 0.927295110805
2036.37218545 0.946832599457
2036.39261702 0.930088089428
2036.41304868 0.995040228268
2036.43348044 1.01669841981
2036.45391201 1.04304326246
2036.47434377 1.01822766201
2036.55607042 1.0051377
2036.57650208 0.999161336637
2036.59693385 0.997628091769
2036.61736541 1.00044583082
2036.63779717 0.964007386186
2036.65822884 0.999894370707
2036.69909217 1.02770040566
2036.71952383 1.00272843235
2036.73995539 1.02607824685
2036.76038716 0.988485864662
2036.78081882 1.01332051678
2036.80125058 1.01869454873
2036.82168215 1.00051560633
2036.84211381 0.996422785227
2036.86254558 0.956443411209
2036.88297714 0.976393048606
2036.9034088 1.00541603056
2036.92384057 1.0076788158
2036.94427213 1.03749066624
2036.9647038 1.02841080413
2036.98513556 1.00786061663
2037.00556713 0.997411388775
2037.02599889 0.964891271739
2037.04643045 0.978661820624
2037.06686212 1.01049694497
2037.08729388 1.00447692008
2037.10772555 0.989066276719
2037.12815711 0.964646150875
2037.14858888 1.00163082642
2037.16902054 0.99812794077
2037.18945221 0.983165814446
2037.20988387 1.00314123164
2037.23031554 0.975646986493
2037.2507472 1.02514558391
2037.29161053 0.99039990066
2037.3120423 1.01504274946
2037.33247386 1.00523451373
2037.35290563 1.00924332232
2037.37333729 0.983940435795
2037.41420062 1.0326386326
2037.43463229 0.999109654923
2037.45506386 0.987888012299
2037.47549562 1.02162229815
2037.49592729 0.98940345818
2037.51635885 0.971981218237
2037.53679062 0.983001861857
2037.55722228 1.00740846821
2037.57765405 0.969771438121
2037.59808562 0.994887120559
2037.61851728 0.994753066314
2037.63894895 1.00787220639
2037.65938061 1.02422821965
2037.67981228 1.04546370016
2037.70024395 1.00878020113
2037.72067561 1.01670191167
2037.74110738 1.00721189678
2037.76153895 1.02119666245
2037.78197061 1.00626801289
2037.80240238 1.00116165415
2037.82283405 1.00601276146
2037.84326561 0.998406892535
2037.86369738 0.964195506669
2037.88412905 0.98237384608
2037.90456071 1.00140684013
2037.92499238 0.982636207616
2037.94542405 1.01612373872
2037.96585581 1.00304189203
2037.98628738 1.01289385705
2038.00671905 1.01082368725
2038.02715082 1.01260081876
2038.04758238 0.988866452714
2038.06801405 1.00091253419
2038.08844582 0.972399695045
2038.10887739 0.965685760411
2038.14974082 0.96599999673
2038.17017239 0.981648188763
2038.19060416 1.01331565988
2038.21103582 0.988113769845
2038.23146739 0.982509994704
2038.25189916 0.978756706221
2038.27233083 0.997510249474
2038.2927625 0.994073918918
2038.31319416 1.02295521491
2038.33362583 1.01287424049
2038.3540575 1.01116250806
2038.37448917 1.00298530151
2038.39492084 1.00945538301
2038.41535251 1.00891328016
2038.43578417 1.01007987934
2038.45621594 0.989557189072
2038.47664761 0.999609284429
2038.49707918 0.986859473777
2038.51751095 1.00688724374
2038.53794262 1.00191042949
2038.55837419 0.972020876566
2038.57880596 0.955450741686
2038.59923763 0.937372822973
2038.61966919 0.987748626127
2038.64010096 1.01033573745
2038.66053263 1.00655343129
2038.6809644 1.01281698883
2038.70139597 1.00821496645
2038.72182764 1.01904364893
2038.74225941 0.979453223465
2038.76269098 0.998985132361
2038.78312265 1.01584712253
2038.80355442 0.989475859036
2038.82398599 0.988940765029
2038.84441776 1.00402994215
2038.86484943 1.00607903567
2038.885281 1.03654551349
2038.90571277 1.01803505125
2038.92614444 1.02390034045
2038.94657611 1.00159739364
2038.96700778 0.999819967305
2038.98743945 1.00738640318
2039.00787112 1.00204965489
2039.02830279 0.98291805643
2039.04873446 0.98818387069
2039.06916613 0.969774205146
2039.08959781 0.95103362036
2039.11002948 0.994416834802
2039.13046125 1.00110713735
2039.15089282 1.03121983122
2039.17132449 1.01079342779
2039.19175626 0.994915490216
2039.21218783 1.00238406576
2039.2326196 0.984211146703
2039.25305127 0.976355943655
2039.27348285 0.970986129287
2039.29391462 0.952444589486
2039.31434629 0.945761841442
2039.33477786 0.920249780124
2039.3756413 1.01552558704
2039.39607308 1.01862749168
2039.41650465 1.00267327258
2039.43693632 1.01327228775
2039.45736809 1.01044566466
2039.49823134 1.03350885101
2039.51866311 1.03034661248
2039.53909468 0.996008508322
2039.55952635 0.997722246194
2039.57995813 1.02541774825
2039.6003898 0.99770487403
2039.62082147 0.993239881512
2039.64125315 1.01527319658
2039.66168472 1.00724912538
2039.68211649 0.988661516124
2039.70254816 1.00242418245
2039.72297974 0.982412837079
2039.74341151 0.987345043893
2039.76384318 1.0040584683
2039.78427496 0.964178696846
2039.80470653 0.975735465754
2039.8251382 0.973609757205
2039.84556998 0.978675369174
2039.86600155 1.00884503918
2039.88643323 1.00250759494
2039.906865 1.01849139972
2039.92729657 1.01541509303
2040.00902337 1.01230097416
2040.02945505 0.978515080478
2040.04988662 1.00354078564
2040.07031839 0.960474253757
2040.09075007 1.00203436003
2040.11118164 1.00873772799
2040.13161342 1.02363794697
2040.15204509 0.982869722058
2040.17247687 0.999493150357
2040.19290844 1.00229847128
2040.21334012 0.981489541163
2040.23377189 0.984591613804
2040.25420357 0.983922334183
2040.27463514 1.00568228273
2040.29506692 1.01534115515
2040.3154986 0.96778958215
2040.33593027 0.994328839238
2040.35636195 1.0152747337
2040.37679362 1.01402539435
2040.3972253 1.00461180553
2040.41765698 0.99915762089
2040.43808855 0.992095547793
2040.45852033 0.991651257994
2040.478952 1.01089949459
2040.49938358 0.974894527594
2040.51981536 1.00497211701
2040.54024703 1.00854581556
2040.56067881 0.975255123884
2040.58111039 0.991684489382
2040.60154206 0.974072486639
2040.62197384 1.00343768441
2040.64240542 0.991746926938
2040.66283709 1.02886348992
2040.68326887 0.999607166699
2040.70370045 1.02545444843
2040.72413223 0.989001639486
2040.7445639 1.0060373511
2040.76499558 1.01057370973
2040.78542726 0.979927689213
2040.82629061 0.996579485592
2040.84672229 1.00190753012
2040.86715397 1.00337279449
2040.88758575 1.00749091544
2040.90801733 1.03683030586
2040.928449 1.00790834083
2040.94888078 1.0096943812
2040.96931246 0.990296857235
2040.98974404 0.995464569135
2041.01017582 0.98796444155
2041.0306074 1.00778448388
2041.05103908 0.99611407882
2041.07147086 0.998155800681
2041.09190243 0.994667563585
2041.11233421 1.01336093214
2041.13276589 1.0089714907
2041.15319747 0.996522107398
2041.17362925 0.970386661054
2041.19406093 1.01697565331
2041.21449251 1.00174473636
2041.23492429 1.01398873561
2041.25535597 0.988669786273
2041.27578775 0.961498957095
2041.29621933 0.939729961973
2041.33708279 0.984895522431
2041.35751437 1.00881545673
2041.37794605 1.02644646876
2041.39837783 1.0050486197
2041.41880941 0.99680793414
2041.43924109 0.981506471966
2041.45967287 1.01934800171
2041.48010455 0.977234585739
2041.50053623 1.02481870073
2041.52096792 1.02648151005
2041.5413996 0.992855854824
2041.56183128 1.00067782212
2041.58226296 0.997520226681
2041.60269464 0.979543092543
2041.62312642 1.00794687257
2041.643558 1.01648649483
2041.66398979 0.999543331603
2041.68442137 0.995541901076
2041.74571641 1.0082014406
2041.7661481 0.993988830664
2041.78657988 1.01498025346
2041.80701146 1.00991513956
2041.82744324 1.01237260645
2041.84787493 1.0192805558
2041.86830651 1.00772760215
2041.88873829 0.960154234539
2041.90916997 0.980996140719
2041.92960156 1.00131638926
2041.95003334 1.00794339752
2041.97046502 1.00417581163
2041.99089671 0.997855025548
2042.01132839 1.0154932148
2042.03176007 0.98434972551
2042.05219186 0.975774059843
2042.07262344 0.995367256695
2042.09305513 1.01567515345
2042.11348691 0.987447884012
2042.13391859 1.01222467107
2042.15435018 1.02124608551
2042.17478196 0.985429547729
2042.19521365 0.963952424945
2042.21564533 1.00721379251
2042.23607702 0.980981107602
2042.2565087 1.00047446328
2042.27694048 0.987383592619
2042.29737207 0.992797572162
2042.37909891 1.00468232048
2042.3995305 1.01098711196
2042.41996218 1.01619592669
2042.44039397 1.00138732559
2042.46082555 1.01434856544
2042.48125724 0.983320347882
2042.50168902 1.01351489442
2042.52212061 1.01898251803
2042.5425523 1.00179902252
2042.56298408 1.0067685218
2042.58341567 0.981397332602
2042.60384746 1.01827382401
2042.62427914 0.984551918284
2042.64471083 0.993056742278
2042.66514252 1.01444456591
2042.6855742 0.998399073585
2042.70600589 0.999674142476
2042.72643758 0.966328449214
2042.74686926 0.991445242662
2042.76730105 0.987741111944
2042.78773274 0.970876242233
2042.80816433 0.997515928398
2042.82859612 1.02397466572
2042.8490278 1.01206291195
2042.86945939 1.02798075959
2042.88989118 1.00360806517
2042.91032287 0.995173215882
2042.93075456 0.995532089161
2042.95118624 1.00782633653
2042.97161793 0.993881497088
2042.99204962 0.991582338579
2043.05334469 1.0248426502
2043.07377638 1.02363305533
2043.09420797 1.02495266997
2043.11463976 1.03762326588
2043.13507144 0.996332467928
2043.15550323 1.01386278037
2043.17593482 1.01749161659
2043.19636651 0.980583705345
2043.2167983 0.982015065891
2043.23722989 0.976478203638
2043.25766158 1.00798650212
2043.29852496 0.990818641714
2043.31895675 0.997741786841
2043.33938845 1.01084023694
2043.35982014 1.02055652275
2043.38025183 1.03193394364
2043.40068352 1.00279907196
2043.42111521 1.021456105
2043.441547 0.985202767976
2043.46197859 1.02798023273
2043.48241038 0.997790065222
2043.52327367 1.02010212995
2043.54370546 0.986981677922
2043.56413715 0.998501178023
2043.58456874 1.00860361075
2043.60500053 1.01233356374
2043.62543223 1.00722858855
2043.64586402 0.99769770119
2043.66629561 0.996906664781
2043.6867273 0.979579601731
2043.707159 0.9939251598
2043.72759069 0.988753996234
2043.74802228 0.9691922228
2043.76845407 1.00164228392
2043.78888577 0.986349833741
2043.80931736 0.999729032879
2043.82974915 0.992635812292
2043.85018085 0.98151323853
2043.87061264 1.01719517504
2043.89104424 1.02557630238
2043.91147593 0.995018731315
2043.93190772 1.00196816834
2043.95233932 1.00748406605
2043.97277101 1.02541914859
2043.99320281 1.01054932948
2044.0136345 1.0093179123
2044.0340662 1.00803967296
2044.05449789 1.00672699942
2044.07492959 1.01500529846
2044.09536128 1.00644373449
2044.11579298 1.00159433587
2044.13622467 0.994977517786
2044.15665647 0.988321877815
2044.17708806 0.977026210067
2044.19751986 0.995191596601
2044.21795155 1.02133853127
2044.23838315 0.97213385447
2044.25881494 0.987349404031
2044.27924664 1.01677899323
2044.29967824 0.988138738373
2044.32011003 0.991493137721
2044.34054173 0.990927256199
2044.36097333 1.01967426683
2044.38140512 0.992465074082
2044.40183672 1.02711424123
2044.42226852 1.02881683445
2044.44270021 0.979530637932
2044.46313181 0.999820156974
2044.48356361 0.987200137665
2044.50399531 1.00673658621
2044.524427 0.994233035385
2044.5448587 1.00166373363
2044.5857222 1.00874491805
2044.6061538 1.00130509587
2044.6265855 1.0090063068
2044.64701729 0.999418252442
2044.66744899 0.999032575728
2044.68788059 0.988031739555
2044.70831239 1.01836361089
2044.72874409 0.991894601568
2044.74917579 0.991449341699
2044.76960749 1.02296298605
2044.79003919 0.980632813196
2044.81047099 0.997111623393
2044.83090259 1.00517105006
2044.85133429 1.00548843501
2044.87176609 0.982624840697
2044.89219769 0.997910926327
2044.93306119 0.99851617292
2044.95349279 0.95712579449
2044.97392459 0.982567699658
2044.99435629 0.982385581638
2045.01478789 1.00719795316
2045.03521969 1.00822837284
2045.05565139 0.992483366618
2045.07608299 0.999080771922
2045.09651479 0.999817096104
2045.11694639 1.00176569824
2045.1373782 0.991393004026
2045.1578099 1.02356343681
2045.1782415 0.994266983383
2045.1986733 1.00763594331
2045.219105 0.977879607499
2045.25996841 1.00451890711
2045.28040011 0.98913553223
2045.30083191 1.00534690262
2045.32126362 1.00077330063
2045.34169522 0.987146079757
2045.36212702 1.02505238066
2045.38255873 1.01022047656
2045.40299033 0.992322576484
2045.42342213 1.02713385969
2045.44385384 0.995621262911
2045.46428544 1.00374952088
2045.48471724 0.988269232948
2045.50514895 1.0183596424
2045.52558075 1.01464905856
2045.54601236 1.00413402505
2045.56644406 1.00337227669
2045.58687587 0.997636048248
2045.60730747 1.01144201184
2045.62773918 0.999463055252
2045.64817098 1.02348980679
2045.66860259 1.00814691329
2045.68903439 0.984310273663
2045.7094661 1.01151350354
2045.7298977 0.994375066783
2045.75032951 0.99217885087
2045.77076111 1.00806980163
2045.79119282 1.00542960255
2045.81162463 0.989214834335
2045.83205633 0.989565955612
2045.85248804 0.988911706701
2045.87291975 1.00454586849
2045.89335145 0.999432101064
2045.91378316 0.970991445803
2045.93421487 1.0063099505
2045.95464657 0.996577162576
2045.97507828 0.993526188617
2045.99550999 0.998616155025
2046.0159418 1.01185378454
2046.05680511 0.981288785568
2046.07723692 1.0222838918
2046.09766863 1.00645023722
2046.11810024 0.998890551728
2046.13853204 0.972469716006
2046.15896375 1.00973064986
2046.17939536 0.998721385363
2046.19982717 1.00934463196
2046.22025888 0.985580159483
2046.24069069 1.00054507625
2046.2611223 1.00988008442
2046.28155401 1.01567711637
2046.30198582 1.02651611705
2046.32241743 1.00360355249
2046.34284914 1.00489352916
2046.36328085 0.998043026389
2046.38371256 0.997731554094
2046.40414437 1.01901247906
2046.42457598 0.988843758848
2046.50630282 0.989758466076
2046.52673463 1.00069034243
2046.54716634 1.01324517888
2046.56759805 1.02010541309
2046.58802977 1.0018174042
2046.60846148 1.00857016623
2046.62889319 0.994776867629
2046.6493249 1.00135132494
2046.66975661 0.981599378
2046.69018843 0.973194692965
2046.71062004 0.988587459084
2046.73105175 1.01257149072
2046.75148357 1.00054924707
2046.77191518 1.00151109178
2046.79234699 0.989799286011
2046.8127787 1.01520420044
2046.83321032 0.99997360557
2046.85364213 1.00188861133
2046.87407385 1.03308734079
2046.89450546 1.00082692161
2046.91493727 1.00109959156
2046.93536899 0.978652828144
2046.9558008 0.9937404272
2046.97623242 1.04245833955
2046.99666413 0.999694410375
2047.01709585 1.01789601028
2047.03752756 0.958939868579
2047.05795928 1.02050365754
2047.07839099 0.996839151017
2047.09882271 1.01575811663
2047.11925452 0.985825143652
2047.13968614 0.98859264547
2047.16011785 0.999858733766
2047.18054967 1.00065512786
2047.221413 0.993209617264
2047.24184482 0.996082399297
2047.26227654 0.981004396505
2047.28270815 0.976495045443
2047.30313997 0.998278571346
2047.32357169 1.02025402567
2047.3440035 1.01035860662
2047.36443512 1.03231637676
2047.38486684 1.00821218585
2047.40529866 1.0202102789
2047.42573028 1.00409991962
2047.44616199 1.01214095104
2047.46659381 1.00903320638
2047.48702543 1.00685881159
2047.50745725 1.00335315907
2047.52788897 0.999017454709
2047.54832059 0.993150800652
2047.56875241 0.994087575929
2047.58918412 1.00004720345
2047.60961574 0.993560293904
2047.63004756 0.991228591542
2047.65047928 1.00299463595
2047.670911 1.01075632771
2047.69134272 1.01882442018
2047.71177444 1.00850497331
2047.73220626 0.988144196211
2047.75263788 1.01570355585
2047.77306961 1.01819119302
2047.79350133 0.990227356036
2047.81393305 1.00498020004
2047.83436477 1.01477553527
2047.85479659 0.986491423446
2047.87522821 0.99563617692
2047.89566003 0.981141962927
2047.91609175 0.969780117588
2047.93652338 1.00436231938
2047.9569552 0.996671825118
2047.97738692 0.984484022704
2047.99781854 1.01081877495
2048.01825037 0.965319892288
2048.03868209 0.982092887254
2048.05911391 0.981600583282
2048.07954553 0.995989497416
2048.09997726 1.02168771885
2048.12040908 1.0049778562
2048.1408407 0.988147882591
2048.16127243 0.976675782173
2048.18170425 1.00336753307
2048.20213588 1.01664296284
2048.2225677 1.03737135475
2048.24299942 0.994697926
2048.26343105 1.03340188506
2048.28386287 1.01473215281
2048.3042946 1.0041049086
2048.32472632 0.998611118583
2048.34515805 1.00314601149
2048.36558977 0.95942157761
2048.3860214 0.96585026645
2048.40645323 0.952938374759
2048.42688495 0.96862055509
2048.44731668 0.99932135877
2048.4677484 0.985234969971
2048.48818013 1.03200906339
2048.50861196 1.01718038741
2048.52904358 1.00627406291
2048.54947531 1.00688241756
2048.56990714 1.02253869938
2048.59033877 0.990068785784
2048.61077059 1.03753743692
2048.63120232 1.01220435939
2048.65163395 1.01602743667
2048.67206578 0.998903770398
2048.6924975 0.997821113533
2048.71292913 0.974413649443
2048.73336096 1.0244324049
2048.75379269 0.97331875248
2048.77422452 0.972077434871
2048.79465615 1.01802192812
2048.81508788 0.991088412498
2048.83551971 1.04449295354
2048.85595133 0.987732513102
2048.87638306 0.999725483016
2048.89681489 1.00250722206
2048.91724652 1.03476005582
2048.93767825 1.02598127806
2049.01940528 0.975273655918
2049.03983701 0.988235879966
2049.06026874 0.951560375525
2049.08070047 1.03884804211
2049.1011322 0.966686771409
2049.12156393 0.936876379899
2049.14199566 0.929121246763
2049.18285913 1.01336618672
2049.20329086 1.00512517766
2049.22372269 1.00810150489
2049.24415433 0.975860119168
2049.26458606 0.975399535569
2049.28501789 0.977352292244
2049.30544953 0.997879331368
2049.32588126 0.971429128467
2049.34631309 0.975421778844
2049.36674473 0.986934424704
2049.38717656 0.983507999414
2049.4076083 0.978858587485
2049.42803993 0.996943946036
2049.44847176 0.986865854963
2049.4689035 1.00239165139
2049.48933523 1.00003417934
2049.50976697 1.01454037322
2049.5301987 1.0117927788
2049.55063054 0.990289261726
2049.57106217 1.00879647075
2049.59149391 1.02173219467
2049.61192575 1.01497262422
2049.63235738 1.00998646079
2049.65278912 0.959353779441
2049.67322096 0.978533221323
2049.69365269 0.980404183901
2049.71408443 1.02219227118
2049.73451617 0.996375812903
2049.7549478 0.991844309706
2049.77537964 1.02023889299
2049.79581138 1.01967571496
2049.81624302 0.985083609884
2049.83667485 0.995781009513
2049.85710659 0.999668524092
2049.87753823 1.0246399583
2049.89797007 0.999083580497
2049.91840181 1.00166880338
2049.93883365 1.01303187508
2049.95926528 1.00729436474
2049.97969702 1.00531942912
2050.0205605 1.01092854768
2050.04099224 1.02199456934
2050.06142408 1.00320257754
2050.08185572 0.979326994154
2050.10228756 1.01448113775
2050.1227193 0.989091247267
2050.14315094 0.993531345677
2050.16358278 1.00734703863
2050.18401453 1.00535595613
2050.20444627 1.00158675674
2050.22487801 0.999508553231
2050.24530975 0.996536794105
2050.26574159 0.996449905444
2050.28617323 1.01806717795
2050.30660498 0.981988809811
2050.32703682 0.991353395302
2050.34746856 0.983391508415
2050.3679002 0.965731712923
2050.38833205 0.989218440329
2050.40876369 0.988200417834
2050.42919543 1.00612008968
2050.44962728 1.03722275458
2050.47005892 1.01113098132
2050.49049076 1.01145968777
2050.51092251 1.025281008
2050.53135415 1.03069635058
2050.551786 1.00380320062
2050.57221774 0.990207742666
2050.59264939 0.984066369645
2050.61308123 0.972730546923
2050.63351298 0.996982062824
2050.65394482 1.00531422131
2050.7356717 1.01021353989
2050.75610345 1.01386773086
2050.7765353 0.993943499393
2050.79696694 0.992794222282
2050.81739879 0.992671475463
2050.83783054 0.989950233291
2050.85826228 0.983099608012
2050.87869403 0.996656788313
2050.89912578 1.0044873738
2050.91955753 1.04721700755
2050.93998927 1.03302478195
2050.96042102 1.01115301388
2050.98085277 0.998310018319
2051.00128462 0.987971122558
2051.02171627 1.03164722655
2051.04214812 1.01250585497
2051.06257977 1.00004572689
2051.08301152 0.978018357796
2051.10344337 0.987384290557
2051.14430677 1.00841340539
2051.16473862 1.01009186763
2051.18517027 0.978262988162
2051.20560212 1.01108868351
2051.22603387 1.00034462454
2051.24646552 1.01184319103
2051.26689737 0.989792988818
2051.28732912 1.00793767625
2051.30776077 0.999153787646
2051.32819262 1.00429949462
2051.34862438 0.981083263051
2051.36905623 1.00063386572
2051.38948788 0.995589037655
2051.40991963 1.00202964664
2051.43035148 0.988140581693
2051.45078314 1.01215504
2051.47121489 0.997262393489
2051.49164674 0.979453274327
2051.5120785 0.992408204263
2051.53251015 0.985771316372
2051.552942 0.983614509329
2051.57337376 0.977560942873
2051.59380551 0.983811983661
2051.61423727 1.00995239306
2051.63466902 1.00626794232
2051.65510078 0.997646406136
2051.67553253 1.00740284334
2051.69596429 0.980894700182
2051.71639604 0.999502175913
2051.7368278 0.998916892215
2051.75725965 0.993618462068
2051.77769131 1.00370161055
2051.79812307 0.99532319398
2051.81855492 1.01412033367
2051.83898658 0.990788940735
2051.85941834 0.977591736575
2051.87985019 1.0060890638
2051.90028185 0.993598082737
2051.92071371 1.00737153798
2051.94114547 1.00377044197
2051.96157712 1.00557533997
2051.98200898 0.997216359579
2052.00244074 1.03255136728
2052.0228724 0.999218900199
2052.04330426 0.997255414155
2052.06373602 0.97987530027
2052.08416787 0.991444399724
2052.10459953 0.983806893231
2052.12503129 0.988668142312
2052.14546315 0.992083478415
2052.16589491 0.989548159131
2052.18632657 1.00700025926
2052.22719019 0.995194175658
2052.24762185 1.02490598621
2052.26805371 0.995881741815
2052.28848548 1.02521753309
2052.30891734 0.984355557278
2052.329349 0.959755109893
2052.34978076 0.992745123078
2052.37021262 1.0310564091
2052.39064428 0.988828369751
2052.41107605 0.978991188649
2052.43150781 1.01602280167
2052.45193957 1.0142240009
2052.47237143 1.00906762726
2052.4928031 0.98199935514
2052.53366672 1.01527031079
2052.55409839 0.995581848693
2052.57453015 1.001297728
2052.59496202 1.00066519894
2052.61539368 1.02130558685
2052.63582555 1.0053319245
2052.65625731 1.03122345889
2052.67668898 1.02080523538
2052.69712084 0.995338764699
2052.71755261 0.999051941036
2052.73798437 1.00904350971
2052.75841614 0.981265199717
2052.7788479 0.999102654029
2052.79927967 0.999035858929
2052.81971144 0.987711684216
2052.8401432 1.0187111442
2052.86057507 1.03176719433
2052.88100684 1.01305005297
2052.9014385 1.01898459374
2052.92187037 1.0188398826
2052.94230214 0.975972762702
2052.96273381 0.983433607347
2052.98316568 1.00274491639
2053.00359744 1.03011339591
2053.02402931 0.999131521102
2053.04446098 0.996170837534
2053.06489275 0.980554125257
2053.10575629 0.916763509092
2053.12618796 0.997141908493
2053.14661983 1.02473043282
2053.1670516 1.00475341545
2053.18748347 1.01907458783
2053.20791514 1.01788655553
2053.22834691 0.998566265338
2053.24877878 0.999286104553
2053.26921045 0.977883350789
2053.28964222 0.961554339554
2053.49396005 0.996579946526
2053.51439182 0.998933053246
2053.5348237 0.98594498742
2053.55525537 0.993158040874
2053.57568725 0.976060484417
2053.59611902 1.04067766325
2053.6165507 0.989075123178
2053.63698257 1.01294121572
2053.65741435 0.993189622427
2053.6982779 1.00198577687
2053.71870967 0.992494161561
2053.73914145 1.01464714823
2053.75957323 0.991477756632
2053.780005 1.00156536806
2053.80043678 0.997640223558
2053.82086856 0.989358370037
2053.84130023 0.994616184965
2053.86173211 1.01235372429
2053.88216389 0.989286726495
2053.90259577 1.00323787348
2053.92302744 0.996228050981
2053.98432278 0.992873129265
2054.00475456 0.980926990121
2054.02518644 1.01934347657
2054.04561822 1.01013315377
2054.06605 1.02101160368
2054.08648178 1.01055616467
2054.10691356 1.01576245072
2054.12734534 1.00589332543
2054.14777712 0.983548289461
2054.1682089 0.996739907603
2054.18864078 1.00442822502
2054.20907246 0.973601443031
2054.22950424 0.992454484705
2054.24993612 0.992640790017
2054.27036781 0.975581769662
2054.33166315 0.985933231479
2054.35209504 0.983397242316
2054.37252682 1.01185715908
2054.3929585 1.00327881309
2054.41339039 0.985499572468
2054.43382217 1.01936899176
2054.45425395 1.01066314308
2054.47468574 0.986039180603
2054.49511742 0.990043029342
2054.51554931 1.03289255373
2054.53598109 0.990021118713
2054.55641288 0.996318983911
2054.57684466 1.00892009297
2054.59727645 1.00100924881
2054.61770833 1.00327802824
2054.63814002 1.00788823201
2054.65857181 1.0305546128
2054.67900369 1.01170109414
2054.69943538 0.992180083269
2054.71986717 1.01185418598
2054.74029905 0.991906911808
2054.76073084 1.0017019305
2054.78116263 1.01540625663
2054.80159442 0.95887682788
2054.8220262 0.974347021445
2054.84245799 0.993930557972
2054.86288978 1.00666328072
2054.88332157 0.986887949987
2054.90375346 1.00794775168
2054.92418515 1.01230081373
2054.94461694 0.985487192258
2054.96504883 1.00461876787
2054.98548052 0.986560105355
2055.00591241 1.02893743009
2055.0263442 0.990770618182
2055.06720778 1.00207184418
2055.08763947 1.01083942134
2055.10807126 1.01334992419
2055.12850315 1.01445429389
2055.14893484 0.998319035841
2055.16936674 0.995768254522
2055.18979853 1.00738772055
2055.21023022 1.00015357057
2055.23066211 0.970224886226
2055.25109391 0.997328206369
2055.2715257 0.997810771123
2055.29195749 1.01046479572
2055.31238929 0.985301688032
2055.33282118 0.976359507194
2055.35325287 0.990171241828
2055.37368467 0.993193502586
2055.39411656 1.0035803521
2055.41454836 1.01809652151
2055.43498005 0.999170827372
2055.45541195 1.0034575982
2055.47584374 0.992819135272
2055.49627554 0.974336776789
2055.51670734 0.986798409947
2055.53713913 0.983381071683
2055.55757103 0.992891372779
2055.57800272 1.02610700825
2055.59843452 0.966398164089
2055.61886642 1.01418212706
2055.63929812 1.04288811243
2055.65972991 0.981914656065
2055.68016181 0.974744842915
2055.70059351 1.00120420247
2055.72102541 1.0057909477
2055.74145711 0.963904009974
2055.76188891 0.996613554496
2055.7823208 0.982634395873
2055.8027525 0.967480162252
2055.8231843 0.986453015826
2055.8436162 1.00041066408
2055.8640479 0.988059465771
2055.8844798 0.994249441752
2055.9049116 0.968992896024
2055.9253434 1.00079905146
2055.94577521 1.01439546006
2055.96620701 0.97643072139
2055.98663881 1.0053938357
2056.00707061 1.00787062161
2056.02750241 0.983356680193
2056.06836612 1.03445953357
2056.23182054 1.03297057391
2056.25225235 1.01939881092
2056.27268425 1.02413914528
2056.29311596 0.997667306808
2056.31354776 0.992732876601
2056.33397967 1.00904123438
2056.35441138 0.996833103442
2056.37484318 0.995590864719
2056.39527499 0.982030574847
2056.41570679 0.998029162496
2056.4361387 0.993415148798
2056.45657051 1.01239133097
2056.47700222 1.00010921272
2056.49743412 1.02487728622
2056.51786583 1.03108803266
2056.53829764 1.03309593875
2056.55872955 1.03192492109
2056.57916136 0.993042121492
2056.59959316 0.990986648842
2056.62002497 0.976156869552
2056.64045678 1.01480318307
2056.66088859 0.995462462589
2056.6813204 0.995640326067
2056.70175221 1.0017857552
2056.72218402 0.989821430493
2056.74261583 1.01663854028
2056.76304774 0.996473388583
2056.78347956 1.00918319883
2056.80391127 1.0043216258
2056.82434318 0.986260905008
2056.84477499 0.969098059598
2056.8652067 0.986814604852
2056.88563861 0.999005593848
2056.90607043 1.02471104639
2056.92650234 0.995312288
2056.94693405 1.00492056875
2056.96736587 0.971924758287
2056.98779778 1.00124748484
2057.00822949 1.01949815368
2057.02866131 1.0084499517
2057.04909322 1.00013205599
2057.06952494 0.993787866059
2057.08995675 0.987896848277
2057.11038857 1.01044673767
2057.13082038 0.995790176838
2057.1512523 0.967735470349
2057.17168401 0.981998580283
2057.19211583 0.99467016836
2057.21254774 0.990511617872
2057.23297956 0.987159100121
2057.25341128 1.02513337889
2057.29427501 1.01826913468
2057.31470683 1.03758951307
2057.33513865 1.01735864904
