# #0 time, 1 flux
2228.8410805 0.997744651532
2228.86151282 0.999409494027
2228.88194513 0.995846730157
2228.90237745 0.997269305175
2228.92280976 0.996444049943
2228.94324207 1.00027778522
2228.96367428 0.999064843368
2228.9841067 0.997881579318
2229.00453901 0.999432802069
2229.02497122 0.999068629749
2229.04540363 0.998092810732
2229.06583594 0.998501264391
2229.08626815 0.999363540239
2229.10670055 1.00038712653
2229.12713286 1.00072001356
2229.14756527 0.9999454845
2229.16799748 0.999187849146
2229.18842978 1.00213660843
2229.20886219 1.00061296254
2229.22929439 0.999270480819
2229.2497267 1.00396950089
2229.2701591 1.00059975534
2229.2905913 1.00347622387
2229.3110236 1.00168100687
2229.33145601 1.00046039771
2229.35188831 1.00234253847
2229.37232061 1.0009881086
2229.39275291 1.0020749891
2229.55621139 1.00096733339
2229.57664358 1.00075756875
2229.59707588 1.00034825686
2229.61750817 0.999634341349
2229.80139879 0.999030920924
2229.82183108 0.998189821475
2229.84226346 0.998676133183
2229.86269575 1.00097441408
2229.88312794 1.0017870093
2229.90356032 0.999999119554
2229.92399261 1.00016219218
2229.94442479 1.00009138738
2229.96485718 1.00013750259
2229.98528946 0.998610337157
2230.00572164 1.00041822455
2230.02615402 1.00238517137
2230.04658631 0.998012919549
2230.06701869 1.00035258981
2230.08745087 1.00186703635
2230.10788315 0.998619309308
2230.12831553 1.0018941338
2230.29177364 1.00077017072
2230.31220602 1.00100219318
2230.33263819 0.997282266347
2230.35307046 1.00213938519
2230.37350283 0.997512520429
2230.39393501 0.999783033974
2230.41436728 0.99987209684
2230.45523182 0.998051490879
2230.47566419 0.999247126283
2230.49609646 1.0006089049
2230.51652863 1.00065922664
2230.53696099 0.999296439911
2230.55739326 0.998025350976
2230.57782543 0.998451388096
2230.59825779 0.999403329894
2230.61869006 0.998636578493
2230.78214816 1.00053632405
2230.80258042 1.00045124097
2230.82301268 0.998898035618
2230.84344504 0.999858496659
2230.8638772 1.00252604725
2230.88430946 1.00131558066
2230.90474182 1.00105490431
2230.92517397 0.999462095285
2230.94560633 1.00068369479
2230.96603859 1.00047675312
2230.98647074 1.00074909455
2231.0069031 0.997506470159
2231.02733535 1.00049290602
2231.04776751 0.998600365168
2231.06819986 1.00002994115
2231.08863211 1.00127525261
2231.10906426 0.99992929325
2231.12949662 1.00099006181
2231.14992877 0.997330983429
2231.17036102 0.999621157196
2231.19079337 0.998835544306
2231.21122562 1.00008959841
2231.23165776 0.999741197042
2231.25209011 0.997857803267
2231.27252236 1.00074775281
2231.29295451 1.00068987946
2231.31338685 1.00018313644
2231.3338191 1.00070601636
2231.35425124 1.00033719982
2231.37468359 0.999361540219
2231.49727704 1.00057793567
2231.51770928 1.00135591976
2231.53814163 0.999877354921
2231.55857376 1.00175218829
2231.579006 1.00022186432
2231.59943834 1.00106975159
2231.76289613 1.00190752424
2231.78332846 0.999944347791
2231.8037607 0.998999397845
2231.82419283 0.998622480485
2231.84462516 0.999894317093
2231.86505729 0.997596502983
2231.88548952 0.999459530196
2231.90592185 1.00145857343
2231.92635398 1.00237924414
2231.94678621 1.00129886811
2231.96721854 0.998895027506
2231.98765067 0.999543356775
2232.00808289 0.998754827658
2232.02851522 1.00115812135
2232.04894745 0.999815611946
2232.06937967 0.999340362933
2232.0898119 0.997809555708
2232.11024412 1.00032192169
2232.23283746 1.00048127816
2232.25326978 1.00137615308
2232.2737019 1.00006866761
2232.29413412 0.999814700097
2232.31456644 1.00278420457
2232.33499856 1.00236368843
2232.35543077 1.00029195529
2232.37586309 1.00131615472
2232.39629521 1.00056533688
2232.41672742 1.00198941515
2232.43715974 0.99989970858
2232.45759185 0.999361768963
2232.47802407 0.998046866814
2232.49845638 0.999453494808
2232.5188886 1.00055029657
2232.53932071 0.999090802891
2232.55975292 0.999747749931
2232.58018513 0.999220717061
2232.74364291 1.00332149172
2232.76407502 0.99934005807
2232.78450722 1.0019400317
2232.80493953 1.00017072497
2232.82537163 1.00094771466
2232.84580394 1.0000064683
2232.86623614 1.00089816168
2232.88666835 0.999743791744
2232.90710055 0.999121027829
2232.92753275 0.997784348264
2232.94796495 0.998788873239
2232.96839715 1.0011553138
2232.98882935 1.0000936922
2233.00926155 0.99953658402
2233.02969375 1.00057052441
2233.05012595 0.999156063866
2233.07055815 0.999503916168
2233.09099045 1.00258770434
2233.21358363 1.00046776208
2233.23401572 1.00103357888
2233.25444792 1.0005389934
2233.27488011 1.00271126698
2233.2953123 1.00100199092
2233.31574449 0.999186172507
2233.33617668 1.00048179582
2233.35660888 1.00090578873
2233.37704107 0.997972296647
2233.39747326 1.00103802914
2233.41790545 1.00193981678
2233.43833763 0.998008352107
2233.45876992 0.998431527502
2233.47920201 0.999287974589
2233.4996342 1.00053504485
2233.52006648 0.999523819053
2233.54049857 1.00081452239
2233.56093076 1.00049812661
2233.58136304 0.995738480652
2233.60179512 0.995485586395
2233.68352396 0.999819098982
2233.70395614 1.00063163852
2233.72438832 1.00052936611
2233.7448205 0.999605149415
2233.76525268 1.00055921752
2233.78568486 0.998843784434
2233.80611704 0.997665173757
2233.82654922 0.998808964877
2233.8469814 1.00065902612
2233.86741357 1.00122543001
2233.88784575 0.999826410607
2233.96957445 0.998028475494
2233.99000663 0.996729121385
2234.0104388 0.997744438918
2234.03087097 0.999984833184
2234.05130315 0.99921260456
2234.21476051 0.999531008407
2234.23519268 1.00105521794
2234.25562484 1.00121958478
2234.27605701 0.999215328553
2234.29648927 1.00003105373
2234.31692134 1.00082320008
2234.45994658 1.00171717013
2234.48037875 1.00158947275
2234.50081081 0.999271653704
2234.52124307 1.00004632511
2234.54167523 1.00017054377
2234.56210739 0.999424730897
2234.58253954 1.0009615814
2234.6029717 1.00006704175
2234.64383602 1.00126035337
2234.66426817 1.00195859942
2234.68470033 0.999919338683
2234.70513249 1.00277408992
2234.72556464 0.998916977123
2234.74599679 0.997676071286
2234.76642895 0.998551168719
2234.7868611 1.00084116972
2234.80729325 1.000188563
2234.82772541 0.999347183068
2234.84815756 1.00271752115
2234.86858961 1.00233660592
2234.88902186 0.999060899882
2234.90945401 0.998560961726
2234.92988606 0.996227711213
2234.95031831 1.00017003022
2234.97075046 0.998243460111
2234.99118261 0.998397930693
2235.01161475 0.99994810212
2235.0320469 0.999706497765
2235.19550416 0.99735771347
2235.2159362 1.00330871958
2235.23636834 1.00264228361
2235.25680058 0.999954786435
2235.27723262 1.00045948595
2235.29766486 1.00023622163
2235.33852904 0.999153176078
2235.35896128 0.999002888668
2235.37939342 1.00056939222
2235.39982556 0.999732744081
2235.42025769 0.994387999554
2235.44068983 0.997954949685
2235.46112197 0.999716416904
2235.4815541 0.999424106522
2235.50198624 1.00010736379
2235.52241837 1.00218587939
2235.5428505 1.00057676282
2235.56328264 0.999540659209
2235.58371477 1.00048394324
2235.6041469 0.997062676838
2235.62457903 1.00019082747
2235.64501107 0.997182805981
2235.6654433 1.00026827138
2235.68587543 1.00009689331
2235.70630746 1.00051195539
2235.72673968 0.998438974576
2235.74717181 0.999235844891
2235.76760384 0.999560431639
2235.93106095 1.00344103991
2235.95149307 0.999835467674
2235.97192529 0.999273931145
2235.99235732 1.00224154855
2236.05365368 1.0012578585
2236.0740859 0.999807824454
2236.09451802 1.00084547345
2236.11495004 1.00222170106
2236.13538226 1.00130751576
2236.15581438 1.00105263536
2236.17624639 1.00093728422
2236.21711073 0.998893619126
2236.23754284 1.00045226129
2236.25797496 1.00054707911
2236.27840697 0.999303590223
2236.29883919 0.999145399783
2236.3192713 1.00019159661
2236.33970342 0.999443299899
2236.36013543 0.998219105089
2236.38056764 1.0001859244
2236.40099975 1.00098553797
2236.42143177 1.00121509504
2236.44186398 0.998769784688
2236.46229609 1.0003607385
2236.4827281 1.00021663908
2236.50316031 0.999382608433
2236.52359242 0.999768422704
2236.54402442 1.00000036077
2236.56445663 1.00217337101
2236.60532075 0.998870000061
2236.62575295 0.999462267746
2236.64618506 1.00009156499
2236.66661716 1.00048471528
2236.68704927 0.998631071121
2236.70748137 0.998372402096
2236.72791348 0.998214261848
2236.74834558 0.998915964996
2236.91180249 1.00094109531
2236.93223459 1.00001887184
2236.95266659 1.00220716955
2236.97309878 0.998403338537
2236.99353078 1.00208059988
2237.03439507 0.998927539458
2237.05482707 1.00078938946
2237.07525916 1.00109875674
2237.09569136 1.00078875205
2237.11612335 1.00242886721
2237.13655545 0.999130757154
2237.15698764 1.00097582932
2237.17741973 1.0020813767
2237.19785172 1.0011654844
2237.21828392 1.00050636586
2237.23871601 1.00008240376
2237.259148 1.00075952106
2237.27958019 0.999805353862
2237.30001228 0.998995075726
2237.32044427 0.999453726071
2237.34087645 0.999522509773
2237.36130854 1.00105772678
2237.38174053 0.999996954771
2237.40217272 1.00096126754
2237.4226048 1.00006332726
2237.44303679 0.998935636599
2237.46346898 0.998917877413
2237.48390106 1.00085165138
2237.50433314 0.999018156346
2237.52476523 0.998061076852
2237.54519731 0.997740809444
2237.5656294 0.998071230914
2237.58606148 0.999135791136
2237.60649356 1.00045301607
2237.62692564 0.999896107903
2237.64735782 1.00152598134
2237.6677898 0.999210901134
2237.68822188 1.00067406912
2237.70865406 1.00055077085
2237.72908604 0.999076052654
2237.74951822 0.999200112618
2237.7699502 1.00166977981
2237.79038228 1.00064745898
2237.81081445 1.00270081264
2237.83124643 0.999258351273
2237.8516785 1.00175928741
2237.87211068 1.00002313795
2237.89254266 1.00048676479
2237.91297473 1.00052034218
2237.9334069 0.997558939404
2237.95383888 1.00026162875
2237.97427095 1.00079222526
2237.99470312 1.00227362357
2238.01513519 0.999011528355
2238.03556717 1.00162820184
2238.05599934 1.00142910744
2238.07643141 1.00003617788
2238.09686338 1.0005854297
2238.11729555 1.00260653643
2238.13772762 0.99910057563
2238.15815958 0.999356919199
2238.17859175 1.0012532414
2238.19902382 1.00095297338
2238.21945579 0.999453668524
2238.23988795 0.998322185112
2238.36248034 1.0012591716
2238.38291241 1.00097506795
2238.40334447 1.00229941033
2238.42377653 1.00076352257
2238.44420859 0.998313659198
2238.46464065 1.00172284773
2238.62809712 0.999156453186
2238.64852928 0.999015520642
2238.66896124 1.0011625418
2238.68939329 1.00115734115
2238.70982545 1.00109711553
2238.7302574 1.00001685278
2238.75068946 0.999361985828
2238.77112161 0.99948683095
2238.79155356 0.99941636845
2238.81198561 1.00174852801
2238.83241777 1.00139777463
2238.85284982 1.00001991773
2238.87328177 1.00024828397
2238.89371392 0.996730493931
2238.91414597 0.999719189964
2238.93457792 0.996979154684
2238.95501007 1.00098715787
2238.97544212 1.00013043892
2238.99587407 1.00053225424
2239.01630621 0.999337326557
2239.03673826 1.00133446475
2239.05717021 1.00056254877
2239.07760236 0.999725550794
2239.0980344 1.00007244648
2239.11846635 1.00122466373
2239.13889849 1.00083117129
2239.15933054 0.999605449641
2239.17976258 0.999797443675
2239.20019462 1.0001220346
2239.22062667 0.999037232774
2239.24105871 0.998343191182
2239.26149075 0.998297093933
2239.28192279 0.997886065877
2239.30235483 0.999973281686
2239.32278687 0.997917761881
2239.34321891 0.999179673807
2239.36365105 0.997009341801
2239.38408299 0.999660360928
2239.40451503 0.998176861225
2239.42494717 1.00027748354
2239.44537911 0.999094127829
2239.46581114 0.999116045541
2239.48624328 0.996207533451
2239.50667522 1.00047831702
2239.52710725 1.00112995329
2239.54753939 0.99897660511
2239.56797132 0.998331639417
2239.58840336 0.998183983662
2239.60883549 0.999471523839
2239.62926742 1.00090313306
2239.64969945 1.00068767137
2239.67013159 0.999006402109
2239.71099555 1.00149279291
2239.73142768 0.998697611002
2239.75185971 0.998141398122
2239.77229164 0.998930678498
2239.79272377 0.999774568772
2239.8131558 1.00017464201
2239.83358773 0.999794932006
2239.85401986 0.997562636072
2239.87445188 0.996568356278
2239.89488381 1.0009782099
2239.91531594 0.998553378259
2239.93574796 1.00160068431
2239.95617989 0.998056416919
2239.97661201 0.999196349535
2239.99704404 1.0029245084
2240.01747606 0.999570351497
2240.03790809 1.00056433168
2240.05834011 0.998336380436
2240.07877213 1.00013510532
2240.09920415 0.999560922427
2240.11963618 1.00129065883
2240.1400682 1.00027576357
2240.16050022 0.99901138866
2240.18093224 1.0009811809
2240.20136436 0.998958162105
2240.22179628 1.00050061494
2240.2422283 0.999910358159
2240.26266041 0.999658404977
2240.28309233 1.00222522615
2240.30352435 1.00097094421
2240.32395647 0.999097117745
2240.34438838 0.999349908386
2240.3648204 1.00177826994
2240.38525252 0.99977323916
2240.40568443 0.999359859029
2240.42611644 1.0010561104
2240.44654856 0.99776957367
2240.46698047 1.00210609657
2240.48741249 1.0016685609
2240.54870852 0.998719200696
2240.56914063 0.999885320514
2240.58957264 0.997503353718
2240.61000455 0.999786516868
2240.63043666 0.998339071952
2240.65086867 0.99801688537
2240.67130058 1.000064801
2240.69173269 0.999132841127
2240.7121647 0.999744327799
2240.73259671 0.998897577695
2240.75302871 0.999017054921
2240.77346072 0.999675835784
2240.79389273 1.00091069507
2240.81432473 1.0010151501
2240.83475674 0.997852342862
2240.85518874 0.999204416265
2240.87562075 1.00212619661
2240.89605275 1.00264052654
2240.91648475 0.99997887653
2240.93691676 1.00042469998
2240.95734876 0.998945735517
2240.97778076 0.997985778985
2240.99821276 1.00168504722
2241.01864476 1.0001840659
2241.10037286 0.999906836324
2241.12080476 1.00137018302
2241.14123676 1.00187818805
2241.16166886 1.00031823586
2241.18210075 0.999847298145
2241.20253275 1.00155230856
2241.22296485 1.0017045823
2241.24339674 1.00320086509
2241.26382874 1.0016630667
2241.28426083 0.999194306278
2241.30469273 1.00375133916
2241.32512472 1.00172369548
2241.34555681 0.999659242432
2241.36598881 1.00159138716
2241.3864207 0.999459793684
2241.40685279 0.999581211779
2241.42728478 0.999093770343
2241.44771677 0.999499326683
2241.46814877 1.00007416875
2241.48858066 1.00066051562
2241.50901275 0.998290818352
2241.52944474 0.999687815938
2241.54987672 0.999381809734
2241.57030871 1.00074588829
2241.5907407 1.0000867692
2241.61117259 1.0015983996
2241.63160467 1.00065328895
2241.65203666 1.00062560436
2241.67246855 1.00293035347
2241.69290063 0.999998132428
2241.71333262 1.00079008345
2241.7337646 0.999354886618
2241.75419659 0.998515791595
2241.77462857 1.00106563631
2241.79506055 0.998964436705
2241.81549254 1.0020392947
2241.83592452 0.997599822864
2241.8563565 0.999454142321
2241.87678858 0.99952749646
2241.89722046 1.00014038142
2241.91765244 0.999665571294
2241.93808452 1.00015431434
2241.9585164 0.998586173825
2241.97894838 1.00113067779
2241.99938046 0.999250450651
2242.01981234 0.998945692369
2242.04024432 1.00079399807
2242.0606764 1.00124667271
2242.08110827 0.997691336135
2242.10154025 1.00091444819
2242.12197233 0.997748203398
2242.1424042 0.999968097056
2242.16283628 1.00139840695
2242.18326825 1.00263547721
2242.20370022 1.00017374269
2242.2241322 1.00166746103
2242.24456417 1.00117019679
2242.26499614 0.998232642042
2242.28542812 1.00015672968
2242.30586009 1.00009444963
2242.32629196 1.00046358948
2242.34672403 0.997032052496
2242.367156 1.00104260567
2242.38758787 1.00032221801
2242.40801994 0.999429268023
2242.42845191 0.99624578366
2242.51017968 0.998906258487
2242.53061175 0.999643567111
2242.55104372 0.99795125441
2242.57147568 0.997993468017
2242.59190765 0.999597361455
2242.61233961 1.00242317812
2242.63277158 0.998713504865
2242.65320354 0.999991003949
2242.67363551 1.00134274916
2242.69406747 0.996769449798
2242.71449953 1.00072917112
2242.73493139 0.999318214439
2242.75536336 1.00151465576
2242.77579542 0.998434937515
2242.79622728 0.999402835521
2242.81665924 0.999570609072
2242.8370913 0.9997933155
2242.85752316 0.999723382904
2242.87795522 1.00208185203
2242.89838718 1.00043967926
2242.91881904 1.0005833368
2242.93925109 0.999379650666
2242.95968305 1.00081792648
2242.98011491 1.00038914472
2243.00054697 0.998793436092
2243.02097882 0.99993076192
2243.04141088 0.99821893053
2243.06184283 1.0013910057
2243.08227469 0.999965675348
2243.10270664 0.999973451657
2243.1231387 0.998574980933
2243.14357065 1.00344801955
2243.1640025 1.0007664885
2243.18443456 1.00052934833
2243.20486651 0.999849157527
2243.22529836 1.00184039818
2243.24573041 1.00221289807
2243.26616236 1.00040870046
2243.28659421 0.999040061455
2243.30702626 0.999982305214
2243.32745821 1.00201931958
2243.34789006 0.999734195143
2243.36832211 0.999545067334
2243.38875406 0.999580128103
2243.40918601 1.00030337321
2243.42961795 0.999902379305
2243.49091379 0.99887728091
2243.51134574 0.998402855008
2243.53177768 0.999611283411
2243.55220973 1.00172126556
2243.57264157 1.00264498706
2243.59307361 1.00037389936
2243.61350556 1.00133848861
2243.6339374 0.998552503837
2243.65436944 0.998220371168
2243.73609711 1.00097362575
2243.75652905 0.998511202081
2243.77696109 0.998012438457
2243.79739293 0.999214844659
2243.81782487 1.00360439182
2243.83825691 0.999729347093
2243.85868874 0.999972038881
2243.87912068 0.998503525452
2243.89955272 0.999575646388
2243.91998456 1.00066762046
2243.94041649 0.999214723888
2243.96084853 1.00045375072
2243.98128046 1.00030950188
2244.0017123 0.99851939656
2244.02214433 1.00088902662
2244.04257627 0.99948936499
2244.0630081 1.00221355568
2244.08344013 0.999967989787
2244.10387207 0.998100721504
2244.1243039 0.999072884596
2244.14473593 0.997860702076
2244.16516786 1.00110737992
2244.20603173 1.00127120668
2244.22646366 0.999830852247
2244.24689569 1.00217029795
2244.26732751 0.998627659804
2244.28775944 1.00029341965
2244.30819147 0.999992158293
2244.3286233 0.997772372284
2244.34905523 1.00059995594
2244.36948726 0.998059660922
2244.49207881 0.99941736506
2244.51251063 0.998080530843
2244.53294256 1.00000658475
2244.55337458 1.00111407795
2244.5738064 0.999503887603
2244.59423833 1.00083492087
2244.61467035 0.997454282599
2244.63510217 1.00054203706
2244.65553409 1.00012827617
2244.69639793 1.00121639376
2244.71682985 1.00317464673
2244.75769369 0.998945067205
2244.77812561 0.999235530382
2244.79855763 1.0015036798
2244.81898955 1.00005791822
2244.83942136 0.99827804389
2244.85985338 0.998762458996
2244.8802853 0.999544755327
2244.90071711 1.0011851835
2244.94158104 0.999650859708
2244.96201306 0.999077609057
2244.98244487 0.998351202327
2245.00287679 1.00070574559
2245.0233088 1.00031623715
2245.04374061 1.00016198401
2245.06417253 1.0000288461
2245.08460454 1.00103731539
2245.10503635 1.00063253625
2245.12546826 0.998697575367
2245.207196 1.00084017145
2245.22762781 1.00069766027
2245.24805972 1.00132617696
2245.26849173 0.999588811173
2245.28892354 0.99912068027
2245.30935545 1.00051720348
2245.32978745 0.99996788347
2245.35021926 0.998889440231
2245.45237889 1.00055616
2245.47281069 0.99853430411
2245.4932426 0.999858007854
2245.5136746 0.99807865975
2245.5341064 0.998567051158
2245.55453831 0.999010794793
2245.57497031 0.999779142549
2245.59540211 1.00049436722
2245.61583401 1.00019798836
2245.63626601 0.999077188201
2245.65669791 0.999622322708
2245.67712981 0.999609242086
2245.69756171 1.00103990075
2245.71799361 0.999848686708
2245.73842561 0.998746247907
2245.75885741 1.00215531853
2245.77928931 1.00093382274
2245.7997213 1.00154656133
2245.8201531 0.998450543089
2245.840585 0.999514866534
2245.861017 1.00046700863
2245.88144879 1.00017561494
2245.90188069 1.00121596097
2245.92231268 1.00142845858
2245.94274448 0.997383467642
2245.96317637 0.999440542013
2245.98360826 1.00108466474
2246.00404016 1.00010214661
2246.02447205 0.999685988864
2246.04490394 1.00068389123
2246.06533584 0.999112161898
2246.08576773 0.998975788503
2246.10619972 1.00151130262
2246.12663151 0.997093806913
2246.16749539 1.00251323076
2246.18792718 1.00025169967
2246.20835907 0.997584373657
2246.22879106 1.00187158145
2246.24922285 0.998403936524
2246.26965474 1.00094364854
2246.29008672 0.998953294529
2246.31051851 0.999769764732
2246.3309505 0.999396427323
2246.35138238 1.00143689557
2246.43310983 1.00102111816
2246.45354181 1.00133284586
2246.4739737 0.999807960961
2246.49440558 0.999831773322
2246.51483746 0.998538857839
2246.53526934 1.00123603775
2246.55570123 0.997811375469
2246.57613321 0.999303806265
2246.59656499 1.00154513967
2246.61699687 0.998841569615
2246.63742885 1.00188401919
2246.65786063 0.998804659904
2246.67829251 0.996459706349
2246.69872449 0.999312656075
2246.71915627 1.00031595938
2246.73958815 1.00134720339
2246.76002003 1.00032116404
2246.78045191 1.00062849945
2246.80088368 1.0011426252
2246.82131566 1.00010169827
2246.84174754 1.00033418073
2246.86217942 0.999545016249
2246.90304317 1.00041494858
2246.92347504 0.99990236824
2246.94390702 1.00114433733
2246.96433879 1.00113968933
2246.98477076 0.999803223309
2247.00520264 1.00158510126
2247.02563441 0.999307853534
2247.04606638 1.00121213121
2247.06649826 0.999952609966
2247.08693003 0.998131587826
2247.107362 1.00321690931
2247.12779387 0.999432945769
2247.14822564 0.999220947983
2247.16865761 0.999383195996
2247.18908948 1.00145509451
2247.20952125 0.998505773064
2247.22995322 1.00054220149
2247.25038509 1.00006494702
2247.29124883 0.999843091035
2247.31168069 0.999088780656
2247.33211256 1.00009912014
2247.35254443 0.997197194455
2247.39340816 0.999937102128
2247.41384013 0.998737746734
2247.43427189 1.00010066074
2247.45470376 1.00002275414
2247.47513562 0.997706106311
2247.49556748 0.997241999324
2247.51599925 1.00053300938
2247.53643121 0.999369413209
2247.74074982 1.00019618153
2247.76118178 1.00082275318
2247.78161364 0.997922804371
2247.82247735 1.00056620404
2247.84290921 0.99837905845
2247.86334097 1.0000215781
2247.88377292 0.999529010218
2247.90420478 1.00118511066
2247.92463654 0.998328605354
2247.94506849 1.00106613059
2247.96550035 0.999386598963
2247.9859321 0.997662428818
2248.00636406 1.0006954568
2248.02679591 1.00089799881
2248.06765962 1.00210556728
2248.08809147 1.00128855714
2248.10852322 0.999974180329
2248.12895517 0.999485253346
2248.14938702 1.00054626863
2248.16981887 1.0027594977
2248.19025073 1.00079630708
2248.21068258 0.998833632533
2248.23111443 0.999095112974
2248.25154628 0.999564812302
2248.27197812 0.997629400821
2248.29240997 0.999013066773
2248.41500116 1.00069211219
2248.4354329 0.999684636389
2248.45586475 0.998457223316
2248.47629669 0.9985801936
2248.51716028 1.00037722375
2248.53759223 1.00177046166
2248.55802397 1.00089398309
2248.57845581 1.0018719708
2248.59888776 0.997642366595
2248.6193196 0.996197105794
2248.63975134 1.00027043517
2248.66018328 1.0017566058
2248.68061513 1.00085044717
2248.70104687 1.00294471573
2248.72147881 0.997954956656
2248.74191065 1.00082132985
2248.76234239 1.00004187851
2248.78277433 0.999277931549
2248.80320617 0.998466264649
2248.82363811 0.999971331545
2248.86450168 0.997527369833
2248.88493352 0.999924958291
2248.90536536 0.999161285036
2248.92579719 0.997169228997
2248.94622903 0.998167439396
2248.96666087 1.0019695962
2248.9870927 1.00032628327
2249.00752454 0.999875899384
2249.02795637 1.00132102461
2249.04838821 1.00209187898
2249.06882004 1.00149168203
2249.15054737 1.00272267058
2249.17097921 0.997531453884
2249.19141114 0.998764228281
2249.21184287 0.99982973457
2249.2322747 0.999819320301
2249.25270663 0.999274158693
2249.27313836 1.00140555644
2249.29357019 0.999580244396
2249.31400212 1.00038240733
2249.33443385 1.00059500679
2249.35486568 1.00060311531
2249.43659309 0.999793014447
2249.45702492 0.999866675967
2249.47745675 1.00134605288
2249.49788857 1.00064126796
2249.5183204 0.999889285041
2249.53875222 1.00098254836
2249.62047952 0.99877710099
2249.64091135 1.00199976158
2249.66134317 1.00077724244
2249.68177499 0.99898844235
2249.70220682 0.998371360141
2249.72263864 1.00149414158
2249.74307046 0.999968547012
2249.90652502 0.999381793608
2249.92695684 0.999023737709
2249.94738866 1.00223775301
2249.96782048 0.999817157082
2249.98825229 0.999433237336
2250.00868411 0.998242125184
2250.02911603 0.999127048875
2250.04954774 0.999181414871
2250.06997966 1.00102789691
2250.09041148 1.00088156264
2250.11084319 1.00242741279
2250.13127511 0.999969702217
2250.15170692 0.998989748322
2250.17213863 1.00149946365
2250.19257055 1.00047381005
2250.21300236 0.998063748459
2250.23343407 0.999258564948
2250.25386599 0.99858508291
2250.2742978 0.999107027669
2250.29472961 1.00343264491
2250.33559323 0.999152102404
2250.35602505 1.00107489812
2250.37645686 0.999647259078
2250.39688867 0.999772628694
2250.41732048 0.999611217782
2250.43775229 1.00001549737
2250.45818409 0.999921650419
2250.4786158 0.998251188616
2250.49904771 1.00151646676
2250.51947952 0.99832514317
2250.53991123 1.00055150925
2250.56034313 0.997941198693
2250.58077494 0.999983706483
2250.60120665 1.00042328828
2250.62163855 0.999496132757
2250.64207036 0.999823288162
2250.66250227 0.998805193011
2250.70336578 0.997830230909
2250.72379768 0.998814470934
2250.74422938 1.00015130305
2250.76466119 0.996895851358
2250.78509309 1.00144647695
2250.80552479 1.00100338497
2250.8259566 1.00098006939
2250.8463885 1.00081022928
2250.8668203 0.999727269258
2250.9076839 1.00026282275
2250.9281157 0.998955723826
2250.94854741 0.998116829298
2250.96897931 1.00114796948
2250.98941111 1.00017294021
2251.0098428 1.00021799989
2251.0302747 0.999774019704
2251.0915701 0.999933089176
2251.1120019 1.00195598141
2251.13243369 0.99826791028
2251.15286549 1.00148488322
2251.17329729 0.998787212202
2251.19372908 0.9989886576
2251.21416088 0.998036243719
2251.23459268 1.00010669963
2251.35718344 0.999260146138
2251.37761533 0.999315848965
2251.39804703 1.00031164352
2251.41847882 0.999245501954
2251.4593424 0.998895279492
2251.47977419 1.00284138823
2251.50020609 0.999881301385
2251.52063778 0.999884946782
2251.56150146 0.997385922249
2251.58193315 0.997742920495
2251.74538755 1.00013133438
2251.76581934 1.00072810915
2251.78625112 0.997826284981
2251.80668291 1.00077127199
2251.82711469 1.00042555648
2251.84754648 1.00160142227
2251.86797826 0.999526697455
2251.88841005 0.999899168213
2251.90884183 0.999158490953
2251.92927362 1.000236455
2251.9497054 1.00247557714
2251.97013718 1.00002308833
2251.99056896 1.00042595364
2252.01100065 1.00090977259
2252.03143253 1.00180138892
2252.05186431 0.998726091484
2252.07229609 1.00002573338
2252.09272787 1.00070828926
2252.11315965 0.999480140237
2252.13359143 1.00083560501
2252.15402321 1.00090576587
2252.17445499 0.999526963632
2252.19488677 0.997995779369
2252.21531865 0.999900434038
2252.23575033 1.00160840094
2252.33790932 0.998662853803
2252.358341 0.999641155592
2252.37877287 1.00005502505
2252.39920465 0.999401530448
2252.41963632 1.0001191282
2252.4400682 0.998689231719
2252.46049997 0.999063784555
2252.58309061 0.999338899996
2252.60352239 0.999755689475
2252.62395416 1.00061871415
2252.64438593 1.00177030641
2252.6648177 0.998439778618
2252.68524947 0.999733332372
2252.70568124 1.00026511847
2252.82827186 0.99841143997
2252.84870373 0.99964980011
2252.8691354 1.00206377445
2252.88956717 0.997747336709
2252.90999904 0.997895474064
2252.9304307 1.0003957384
2252.95086247 0.999485108011
2252.97129434 1.00005988088
2252.991726 1.0004390091
2253.01215777 1.00077662085
2253.03258963 1.00120240919
2253.07345306 0.99727449081
2253.09388493 1.00135341049
2253.11431669 1.00166687954
2253.13474836 1.00000513177
2253.15518022 1.00133956849
2253.17561198 0.999315225767
2253.33906608 1.00068550085
2253.35949784 0.999633108854
2253.3799296 0.999633060856
2253.40036136 0.999524880062
2253.44122487 1.00057153499
2253.46165663 0.999897423534
2253.48208839 1.00077231877
2253.50252015 1.00072570603
2253.52295191 0.99971849724
2253.54338366 0.998153516724
2253.56381552 1.0010297377
2253.58424718 0.998853750285
2253.60467893 1.00083033247
2253.62511079 1.00199255135
2253.64554245 0.999139951372
2253.6659742 1.00075219296
2253.82942823 1.00020709067
2253.84985999 0.999612426839
2253.87029184 0.99931750918
2253.89072359 1.00028228527
2253.91115534 0.999809988409
2253.93158709 1.00026021464
2253.95201884 0.99848130327
2253.97245059 1.00116366887
2253.99288234 0.999187631232
2254.01331409 0.999434810039
2254.03374594 1.00040637681
2254.05417759 1.0007730209
2254.07460934 0.998030646177
2254.09504109 0.997983866616
2254.11547284 0.998515277069
2254.13590449 0.999422869373
2254.15633633 1.00167384176
2254.17676808 0.997516473034
2254.19719973 1.00098553304
2254.27892681 1.00018915259
2254.29935856 1.00082329883
2254.31979031 0.999141605137
2254.34022205 0.998714356362
2254.36065379 1.00226745814
2254.38108554 1.00104275857
2254.40151738 0.998372902539
2254.42194903 1.00372123403
2254.44238087 1.00048317726
2254.46281261 0.998832733297
2254.48324426 0.999159603024
2254.5036761 0.999732235804
2254.52410784 1.00046758887
2254.54453948 0.999427583734
2254.56497132 0.999330761185
2254.58540306 1.00186695515
2254.6058347 0.999985280686
2254.62626655 1.00078505615
2254.64669829 1.000100152
2254.66712993 1.00005871234
2254.68756176 0.999515727302
2254.7079935 0.999516616842
2254.74885698 1.00019307621
2254.78972046 0.998738129961
2254.8101522 0.998916661853
2254.83058393 0.998699220184
2254.85101567 1.00056886559
2254.87144741 0.999739158975
2254.89187914 1.00137751722
2254.91231088 1.00203116578
2255.03490139 0.999439347337
2255.05533302 0.99860068935
2255.07576476 1.00217881967
2255.09619659 1.00174083417
2255.11662822 0.999992042625
2255.13705996 0.999839438199
2255.15749179 0.999287915545
2255.17792342 0.997736736802
2255.19835515 1.00130573314
2255.21878699 0.999374449831
2255.23921872 0.998873515694
2255.25965035 0.999457150732
2255.28008218 0.998979716414
2255.30051391 1.0007014781
2255.32094554 0.998934611058
2255.34137737 0.999060316934
2255.3618091 0.999735885304
2255.38224073 0.998221640341
2255.40267256 1.00240161627
2255.52526292 1.00153196728
2255.54569465 1.00023023333
2255.56612638 1.00038091284
2255.5865581 1.0003841911
2255.60698983 1.00100275093
2255.62742155 1.00138421765
2255.64785328 0.999843181155
2255.668285 0.999257699383
2255.68871673 1.00010146593
2255.70914845 1.00154690156
2255.72958018 0.999552629201
2255.7500119 0.998927867534
2255.77044362 1.00227316324
2255.79087535 1.00004473861
2255.81130717 0.997937743553
2255.83173879 0.998552425085
2255.85217051 0.998345333679
2255.87260234 0.998631295171
2256.0360561 1.00318597694
2256.05648782 1.00049651318
2256.07691954 0.996050995927
2256.09735126 1.00001630384
2256.11778298 0.998485374511
2256.1382147 0.999163503928
2256.15864641 0.998943943186
2256.17907813 1.00092170422
2256.24037328 1.00138318931
2256.260805 0.998901529868
2256.28123671 1.00105361834
2256.30166843 0.997123537387
2256.32210015 1.00074480376
2256.34253186 0.99872418614
2256.36296358 1.00128848327
2256.38339539 0.998971441837
2256.40382701 1.00125137724
2256.42425872 0.999709780862
2256.44469053 0.998410104518
2256.46512215 1.00207702695
2256.48555386 0.999706067511
2256.50598567 0.997171959935
2256.52641729 0.998890093719
2256.546849 1.00156893774
2256.56728081 1.00014667694
2256.58771242 1.00081437704
2256.60814413 1.00055627085
2256.62857594 1.0012486008
2256.64900766 1.00202467783
2256.66943927 0.998962830502
2256.68987108 1.00041117125
2256.71030279 0.999242519532
2256.7307344 0.998457298257
2256.75116621 0.999824664854
2256.77159791 0.998307562357
2256.79202952 1.00378453493
2256.81246133 0.999079315692
2256.83289304 0.999383022689
2256.85332485 1.00213478135
2257.03721011 0.998645394348
2257.05764181 1.00128305959
2257.07807352 1.00022678155
2257.09850522 0.999717937119
2257.11893693 0.999116308165
2257.13936863 1.00122282896
2257.15980044 0.999403624032
2257.18023204 1.00010017822
2257.20066374 1.00174097446
2257.22109555 0.999773509733
2257.24152715 0.999758782607
2257.26195885 0.999008256068
2257.28239065 0.999122599724
2257.30282225 0.999754249507
2257.32325406 0.999733156574
2257.34368576 1.00079353378
2257.36411736 1.00164549747
2257.38454916 1.00067372829
2257.40498086 1.00286166319
2257.42541246 1.00101522381
2257.44584426 1.00094782504
2257.46627596 0.997981702674
2257.48670766 0.999777809155
2257.50713936 1.00291300954
2257.54800276 1.00037969484
2257.56843455 1.00144260636
2257.58886615 0.999689543944
2257.75231973 0.999323581169
2257.77275142 1.00033112898
2257.79318322 1.00070997953
2257.81361481 1.00192478195
2257.83404651 0.999183841295
2257.8544783 0.998591219968
2257.8749099 1.00000154267
2257.89534159 0.999134627294
2257.91577338 0.999138524233
2257.93620498 0.999763108856
2257.95663667 1.00087823555
2257.97706846 1.0003565762
2257.99750015 1.00060332095
2258.01793175 0.99963413818
2258.03836354 0.997439314817
2258.05879523 0.999592107921
2258.07922682 1.00021933008
2258.09965861 1.00127232857
2258.1200903 0.999235951249
2258.20181697 1.00169896028
2258.22224875 0.999470390579
2258.24268044 0.999777614541
2258.26311223 1.00232790518
2258.28354382 1.00075030892
2258.30397551 1.00110172338
2258.3244073 1.00364989348
2258.34483889 1.00216752962
2258.46742911 0.998774343596
2258.4878607 1.00188283641
2258.50829248 0.999669568645
2258.52872407 0.999566381749
2258.54915575 1.00026075888
2258.56958754 0.999041822253
2258.59001912 0.999668304748
2258.61045081 1.00084850395
2258.63088259 0.999082167158
2258.65131418 0.999567437272
2258.67174586 0.999528457681
2258.69217764 1.0000343933
2258.71260923 1.00025177538
2258.73304101 1.00231862366
2258.75347269 0.997818755076
2258.77390427 1.0004396926
2258.79433606 1.00038730265
2258.81476774 0.999992281601
2258.97822129 1.00031441253
2258.99865286 1.00364388893
2259.0599479 1.0003872416
2259.08037958 0.999116748678
2259.10081136 0.996842960515
2259.12124294 0.998393426844
2259.14167462 0.999698261787
2259.16210639 0.999843682576
2259.18253797 0.998774475194
2259.20296975 0.999002682968
2259.22340142 1.00109524442
2259.243833 1.00012632849
2259.26426478 1.00111460498
2259.28469635 1.00094600723
2259.30512803 0.998211439903
2259.3255598 1.00094750973
2259.34599148 1.0005674022
2259.36642305 1.00280581408
2259.38685483 0.999225875994
2259.4072865 0.999004747799
2259.42771808 0.999573095516
2259.44814985 1.00113225451
2259.46858153 0.99973511075
2259.4890131 0.999841490057
2259.50944487 0.999513975653
2259.52987655 0.999748822819
2259.55030812 0.999117555351
2259.71376159 0.998598500929
2259.73419336 0.99877744399
2259.75462493 1.00025507748
2259.7750566 1.00249452717
2259.79548837 0.999213217989
2259.81592004 0.999675292526
2259.83635161 1.00056552493
2259.85678338 0.999706947964
2259.87721505 0.999427479914
2259.89764662 0.999499446387
2259.91807839 1.00172378242
2259.93851005 0.99839859086
2259.95894162 1.00161121098
2259.97937339 1.00073130036
2259.99980496 1.00137740012
2260.02023662 0.997781725567
2260.04066839 1.00077185117
2260.06109996 1.0010677764
2260.08153172 0.999915739578
2260.10196339 0.998358468355
2260.16325839 1.00055596375
2260.18369005 1.00000709012
2260.20412172 0.998782614601
2260.22455338 1.00094848188
2260.24498505 0.999255906597
2260.26541671 0.999004828689
2260.28584838 0.999367084044
2260.30628004 1.00014945926
2260.3267118 0.999905340695
2260.34714337 1.00161304625
2260.36757503 0.999995674692
2260.38800679 0.998916939551
2260.40843835 0.999159757036
2260.42887002 0.999412423778
2260.44930178 0.999120361754
2260.46973334 0.998924662213
2260.490165 1.00154429504
2260.51059676 1.00339956613
2260.53102832 0.99867035791
2260.55146008 1.00075982779
2260.57189175 1.00059874984
2260.59232331 0.998252865679
2260.61275507 1.0001525938
2260.63318673 1.00069484455
2260.65361839 1.00030191274
2260.67405004 1.00080177467
2260.6944817 1.00004741608
2260.71491336 1.00026395441
2260.73534502 0.999097953969
2260.75577668 1.00199947144
2260.9396616 0.99788868594
2260.96009315 0.998351358828
2260.98052491 0.996102887414
2261.00095656 1.00234871385
2261.02138832 1.00125974804
2261.04181987 0.999922178428
2261.06225153 0.999349913196
2261.08268328 0.99963735362
2261.10311484 0.999212228624
2261.12354649 0.999744359931
2261.14397825 0.999385119213
2261.1644099 0.999249167876
2261.18484145 0.998833367355
2261.20527321 1.00059557814
2261.22570486 1.0001125804
2261.24613641 1.00046081609
2261.26656817 0.999861812564
2261.28699982 1.00041868628
2261.30743137 0.999816667088
2261.32786312 0.999225953587
2261.34829477 0.999545160072
2261.36872633 0.999452823273
2261.38915808 1.00121627837
2261.40958963 0.999580908233
2261.43002138 0.999346416375
2261.45045303 1.00289099805
2261.47088458 0.999943368658
2261.49131633 0.99907803588
2261.51174798 0.999493706426
2261.53217963 0.99853474263
2261.55261128 1.0006432301
2261.57304293 1.00229636356
2261.59347458 1.00017952402
2261.61390623 1.00239224176
2261.63433787 1.00058533648
2261.65476952 0.999486817597
2261.67520127 0.999629545007
2261.71606447 1.00178071777
2261.73649621 0.998161831748
2261.75692776 0.999835893216
2261.92038103 0.999437830786
2261.94081258 1.00026921424
2261.96124432 0.998379179266
2261.98167597 1.00064069219
2262.00210761 1.00045487761
2262.02253926 1.00361763103
2262.0429709 0.999211508921
2262.06340254 0.999704587349
2262.10426583 0.997906338157
2262.12469747 0.997590376235
2262.14512912 0.999727108866
2262.16556076 0.998909345954
2262.1859923 0.997585260199
2262.20642405 0.998995094702
2262.22685569 0.999993910996
2262.24728743 1.00037277205
2262.26771897 0.998745989817
2262.28815061 0.996848114467
2262.30858235 1.00146332167
2262.3290139 1.00037575582
2262.34944554 1.00122438281
2262.36987728 0.996874142147
2262.39030882 1.0007707347
2262.41074046 1.00186494106
2262.4311722 1.00108351548
2262.45160374 1.00195744711
2262.47203538 1.00096359285
2262.49246712 1.0010525853
2262.51289876 1.00035072451
2262.53333029 0.998736521841
2262.55376203 1.00073635928
2262.57419367 1.0012229914
2262.59462521 1.00040874206
2262.61505695 1.00210073596
2262.63548859 1.00088108174
2262.65592022 0.996227702726
2262.67635186 1.00022936547
2262.6967835 1.00034425085
2262.71721524 1.00009320244
2262.73764677 1.0018575875
2262.75807841 0.998249351665
2262.77851005 1.00163664282
2262.79894168 0.999967860063
2262.81937332 1.00048136565
2262.83980495 0.999782770664
2262.86023659 1.00020340456
2262.88066823 1.00049609193
2262.90109986 1.00200210709
2262.9215315 0.999699200099
2262.94196313 0.999158159731
2262.96239476 1.00226651026
2262.9828264 1.00223311697
2263.00325803 1.00028792625
2263.02368967 1.00074877443
2263.0441213 0.999477875728
2263.06455303 1.00034796326
2263.08498467 0.999440581257
2263.1054162 0.999473426056
2263.12584793 0.999618514819
2263.14627957 1.00204360737
2263.1667111 0.999310915541
2263.18714283 1.001330087
2263.20757446 0.999519222761
2263.22800599 0.999811595589
2263.24843773 1.00196639367
2263.26886936 0.998559898739
2263.28930089 0.999725246697
2263.30973262 0.998689625763
2263.33016425 0.999070478872
2263.35059588 0.997694036047
2263.37102751 1.000756018
2263.39145914 0.999759870008
2263.41189077 1.00022296592
2263.4323224 1.00178910363
2263.45275403 0.999322775032
2263.47318576 1.00002366759
2263.63663869 0.997932368078
2263.65707042 0.998584077309
2263.67750195 0.997556155817
2263.69793357 0.998768487318
2263.7183653 0.997267740685
2263.73879683 0.999434843096
2263.75922845 0.999048552422
2263.77966018 0.99936597718
2263.80009171 1.00050698159
2263.82052343 1.00146530358
2263.84095506 1.00161816393
2263.86138658 0.999806530382
2263.90224993 1.000187316
2263.92268156 1.00111981379
2263.94311318 1.003230074
2263.96354481 1.00203960103
2263.98397643 0.999940374779
2264.00440816 1.00013337019
2264.02483968 1.00037079115
2264.06570303 0.999508779225
2264.08613455 1.00031841133
2264.10656618 1.00035282457
2264.1269979 0.999931054033
2264.14742942 1.00106859536
2264.16786105 1.0006905995
2264.18829277 0.997423892595
2264.20872429 0.999226009691
2264.22915601 0.999998592187
2264.24958763 1.00106534926
2264.27001916 0.999675996902
2264.29045088 0.999086302057
2264.3108824 0.998903789396
2264.33131402 1.00084627052
2264.35174574 1.00144331781
2264.37217726 1.00223149237
2264.39260888 1.00335847997
2264.4130406 1.00034686737
2264.43347222 1.0001859115
2264.45390374 1.00068682062
2264.47433546 1.00270014761
2264.49476708 0.997772941232
2264.5151986 0.999779589213
2264.53563032 1.00216190484
2264.55606194 1.00229368625
2264.57649346 1.0005910196
2264.59692518 1.0026224135
2264.6173568 1.00091241773
2264.63778852 0.99907306935
2264.65822003 0.999928150153
2264.67865165 1.00189382759
2264.69908337 1.00394123076
2264.71951489 0.998244912017
2264.73994651 1.00102600859
2264.76037822 1.00247955689
2264.78080974 0.999088065343
2264.82167307 1.00070031302
2264.84210469 1.00013616346
2264.86253621 0.999432702874
2264.88296792 1.00010664159
2264.90339954 1.00195630051
2264.92383106 0.998759842172
2264.94426277 0.998219107083
2264.96469439 0.99877245369
2264.985126 0.999893602789
2265.00555762 1.00090608775
2265.02598913 1.00261539272
2265.04642085 0.99913110113
2265.06685246 0.999073171933
2265.08728398 0.999892981485
2265.10771569 1.00038885029
2265.1281473 0.999174636762
2265.14857882 0.998724927422
2265.16901053 1.00113773318
2265.18944214 1.00100475325
2265.20987366 1.00053564366
2265.23030537 1.00076636124
2265.2711686 0.999469856197
2265.29160021 1.00059975684
2265.31203182 0.999761308443
2265.33246343 0.999383005158
2265.35289505 0.998607343315
2265.37332666 0.999495540595
2265.39375837 1.00023209292
2265.41418998 1.00223554055
2265.43462149 1.00342558404
2265.4550532 1.00099697364
2265.47548481 1.00191200715
2265.49591633 0.997698507943
2265.51634804 1.0002923146
2265.53677965 0.997033228029
2265.55721116 1.00020130208
2265.57764287 1.00058170409
2265.59807448 0.999851380494
2265.61850599 1.00207024398
2265.6389377 1.00336981979
2265.65936931 0.998277622189
2265.67980091 1.00162241125
2265.70023252 1.00157337467
2265.72066413 0.99967455174
2265.74109574 1.00187021975
2265.76152735 1.00142097281
2265.78195896 0.999247794081
2265.80239057 1.00147029194
2265.82282217 1.00036619667
2265.84325378 0.999173309627
2265.86368539 0.998340296189
2265.884117 0.999232517017
2265.90454861 0.999729722767
2265.92498031 0.999712640157
2265.94541182 1.00133072312
2265.96584343 0.999702230512
2265.98627513 0.999570504001
2266.04756995 0.998932973165
2266.06800146 0.999781329115
2266.10886477 0.998007163172
2266.12929628 1.000703766
2266.14972798 1.00000076631
2266.17015959 1.00317751236
2266.19059109 1.0010203054
2266.2110228 1.00289602729
2266.2314544 0.999639141408
2266.251886 1.00111371805
2266.27231761 0.999053621036
2266.29274921 1.00078930587
2266.31318082 0.998721615741
2266.33361242 0.999125198745
2266.35404403 1.00021825881
2266.37447563 1.00143383107
2266.39490723 0.999712974109
2266.41533883 0.999253059865
2266.43577044 1.00036708476
2266.45620204 1.00280567752
2266.47663364 1.00162174639
2266.49706525 1.00094870901
2266.51749685 1.00120739106
2266.53792845 0.999861499533
2266.55836015 0.998806406327
2266.57879165 1.00185848548
2266.59922326 0.999241798062
2266.61965496 0.99841288894
2266.64008646 1.0014149741
2266.66051806 0.999932792181
2266.82397097 0.998092224943
2266.84440246 0.997973774979
2266.86483416 0.997514238869
2266.88526576 0.999580491238
2266.90569746 0.99878103718
2266.92612896 1.00018403961
2266.94656056 0.998167469741
2266.96699226 0.998948569267
2266.98742376 1.00064647829
2267.00785536 1.00148976321
2267.02828706 0.99972823628
2267.04871855 0.999428413478
2267.06915015 0.998718601068
2267.08958185 0.999623238667
2267.11001335 1.00375065345
2267.13044495 0.998287586564
2267.15087664 0.999145695649
2267.17130814 1.00202213122
2267.19173974 1.00233809156
2267.21217133 0.999177201951
2267.23260293 0.998063716151
2267.25303463 0.997899710555
2267.27346623 1.00121135697
2267.29389772 1.00040385812
2267.31432942 0.999805072771
2267.33476101 1.00053672359
2267.35519251 1.00005112735
2267.37562421 0.999556071196
2267.4164873 1.00199966993
2267.43691899 0.999428214555
2267.45735059 0.998358706968
2267.47778208 0.998281609178
2267.49821378 1.00251927294
2267.51864537 0.99998358715
2267.53907687 0.999600756447
2267.55950856 1.00004636816
2267.57994016 1.00111497008
2267.60037185 0.999691939415
2267.62080334 0.998998429893
2267.64123494 1.00192516894
2267.66166663 0.999976984018
2267.68209812 0.999609046189
2267.70252972 0.999473045413
2267.72296141 1.00057295021
2267.743393 1.0016350525
2267.7638245 0.999408258838
2267.78425619 1.00160438513
2267.80468778 1.00081522925
2267.82511928 0.997910097003
2267.84555097 0.998631356794
2267.86598256 1.0001594454
2267.88641405 0.999716435858
2268.04986678 0.998375962965
2268.07029847 0.997782694756
2268.09073007 1.00184276798
2268.11116166 0.999296277018
2268.13159325 0.999232008808
2268.15202484 0.998990421315
2268.17245643 1.00083305706
2268.19288802 1.00080794998
2268.21331961 1.00008528114
2268.2337512 0.999659072074
2268.29504596 1.00040741984
2268.33590914 1.00082677856
2268.35634083 0.998917618345
2268.37677242 0.998203500679
2268.39720391 1.00027117694
2268.4176356 1.00076810558
2268.43806718 0.998489364759
2268.45849867 0.999734679975
2268.47893036 0.997415628792
2268.49936195 0.998941404723
2268.51979344 0.99871065373
2268.54022512 1.00082963772
2268.56065671 0.998478466726
2268.5810883 1.00001486874
2268.60151989 1.00076757979
2268.62195147 1.00033163318
2268.64238296 1.00052446643
2268.76497268 1.00026142993
2268.78540416 1.00157041793
2268.80583575 0.996632774444
2268.82626744 0.997391826356
2268.84669892 1.00046455566
2268.86713051 0.999855131253
2268.88756219 0.999621755293
2268.90799368 0.999386123431
2268.92842526 0.998565757314
2268.94885695 0.999838745962
2268.96928843 1.00063300069
2268.98972002 0.998655429375
2269.0101517 1.00030035809
2269.05101487 0.998574556174
2269.07144645 0.999433836144
2269.09187794 1.00199455524
2269.11230962 1.00189569281
2269.13274121 0.998430297601
2269.15317279 0.999812318594
2269.17360437 0.999807578672
2269.19403596 0.999566440777
2269.21446754 1.0018062186
2269.25533071 1.00064804848
2269.27576229 1.00163240063
2269.29619387 1.00400632708
2269.31662545 0.998817534354
2269.33705714 0.999547995616
2269.35748862 0.99765932443
2269.3779202 0.998243263391
2269.39835188 0.998938135425
2269.41878336 1.00031060185
2269.43921495 1.00203790639
2269.45964663 0.997928387148
2269.48007811 0.998764728083
2269.50050969 0.998629738235
2269.52094137 1.00136365798
2269.54137285 1.00090138043
2269.56180444 1.00105359488
2269.58223612 1.00001751108
2269.6026677 0.99835046085
2269.62309918 1.001317151
2269.64353086 1.00071552772
2269.68439402 1.00013230063
2269.7048256 1.00037232892
2269.72525718 1.00254291744
2269.74568886 0.998520565987
2269.76612034 0.999141350206
2269.78655192 1.00180288263
2269.8069836 1.00096966749
2269.82741508 0.997798882891
2269.84784666 1.00015587096
2270.01129929 0.998149905556
2270.03173097 0.999897756371
2270.05216244 0.997217853504
2270.07259402 1.00014330006
2270.11345718 0.997702180393
2270.13388876 0.997832381154
2270.15432043 1.00007541559
2270.17475201 0.99935217936
2270.19518349 1.0016356648
2270.21561517 1.00034100129
2270.23604674 0.999064066575
2270.2769099 0.998912290686
2270.29734147 0.998355371198
2270.31777315 1.00099152814
2270.33820463 0.999209806691
2270.3586362 0.997643257243
2270.37906788 1.00395206442
2270.39949936 1.00178269926
2270.41993093 1.0021587183
2270.44036261 0.999183779149
2270.46079408 1.00209866973
2270.48122566 0.99889385386
2270.50165734 0.997323635558
2270.52208881 0.999588580883
2270.54252039 1.00019081637
2270.56295206 1.00043768311
2270.58338364 0.999924930913
2270.60381511 1.00084756355
2270.62424679 1.00009445556
2270.64467836 1.00006033148
2270.66510994 1.00070029202
2270.68554151 0.999984610163
2270.70597309 1.00136613118
2270.72640466 1.00007918578
2270.74683624 0.999243367682
2270.76726781 0.997113250004
2270.78769938 1.00042983084
2270.80813096 1.00122133297
2270.82856243 1.00064334633
2270.84899411 1.00214653491
2270.86942568 0.999903250929
2270.88985715 1.00008079098
2270.91028883 0.999752402139
2270.9307204 0.999479658861
2270.95115187 1.00005887261
2270.97158355 0.997143037108
2270.99201512 0.998793650772
2271.01244679 0.998193565346
2271.03287827 0.997475296197
2271.05330984 0.999099080445
2271.07374151 0.997361985577
2271.09417298 1.00083927284
2271.11460456 0.997418110528
2271.13503623 0.998915951327
2271.1554678 0.999182592177
2271.17589927 1.00019847647
2271.19633094 1.00067759301
2271.21676252 1.00166656841
2271.23719399 1.0002912034
2271.25762566 1.00116636617
2271.27805723 1.00154990353
2271.2984889 0.998846401729
2271.31892038 1.00148704748
2271.33935195 0.997783957182
2271.35978362 0.9972396438
2271.38021509 0.99998056607
2271.40064666 0.998547752651
2271.42107823 1.00113793397
2271.4415098 1.00052913335
2271.46194127 0.997623029094
2271.48237294 1.00051538868
2271.50280451 0.998890286793
2271.52323608 1.0002020032
2271.54366765 1.00101794809
2271.56409922 1.00235921086
2271.58453079 1.00071006921
2271.60496236 0.999646992911
2271.62539393 1.00165079776
2271.6458256 0.997954932924
2271.66625717 0.999823565507
2271.68668864 1.00101701808
2271.70712031 0.999600834462
2271.72755188 0.999337385538
2271.74798335 0.999720305551
2271.76841502 0.99892850767
2271.78884659 1.00101096731
2271.80927806 0.999158673847
2271.97273071 1.00135489861
2271.99316238 0.997797013307
2272.01359385 1.00014444541
2272.03402541 0.999740545369
2272.05445708 1.00012735984
2272.07488855 0.998773412169
2272.09532012 0.999734778439
2272.11575168 1.00014178371
2272.13618335 1.00001194302
2272.15661482 1.00187817771
2272.17704649 1.00157777588
2272.19747795 1.00027839944
2272.21790952 0.999173962609
2272.23834119 1.00034536012
2272.25877266 1.00014503897
2272.27920432 0.998265706401
2272.29963589 1.00027545388
2272.32006736 0.996294344846
2272.34049902 0.998773794011
2272.36093059 0.998005083805
2272.38136206 0.997820463434
2272.40179372 1.00095687932
2272.42222529 0.997657652793
2272.44265676 1.00006466363
2272.46308842 0.999460072051
2272.48351999 1.00173681878
2272.50395155 0.999492847297
2272.52438312 1.00048808625
2272.54481469 1.00323405854
2272.56524635 0.99863690331
2272.58567782 0.998669346981
2272.62654105 0.998570242828
2272.64697261 0.998378917896
2272.66740408 1.00098087806
2272.68783574 0.99731172133
2272.70826731 0.99819360096
2272.72869877 0.998529973174
2272.74913044 0.998875289482
2272.769562 1.00086821241
2272.78999347 1.00238449533
2272.81042513 1.00048001466
2272.85128826 1.00070279307
2272.87171983 1.00091581436
2272.89215139 1.00017484134
2272.91258296 0.999553312842
2272.93301452 1.00029028928
2272.95344599 0.999963115765
2272.97387765 1.00157138826
2272.99430921 0.998658438203
2273.01474068 0.998457283087
2273.03517234 1.00063458229
2273.0556039 0.999676589778
2273.07603547 1.0011164944
2273.09646703 1.00104468797
2273.1168986 0.999298197433
2273.13733016 0.99894350989
2273.15776182 1.00162871819
2273.17819329 0.997750314152
2273.19862495 0.999131428823
2273.21905651 1.00164607589
2273.23948798 0.999978342518
2273.25991964 0.999201254421
2273.2803512 1.00047118981
2273.30078266 1.00057358269
2273.32121433 1.00013706372
2273.34164589 0.998882138988
2273.36207735 0.998096767178
2273.38250901 0.997562709597
2273.40294058 1.0000842281
2273.42337204 0.999909790116
2273.4438037 1.00145241677
2273.46423526 1.00066353521
2273.48466693 1.00092785243
2273.50509839 1.00112978075
2273.52552995 1.00110160105
2273.54596161 0.998244731844
2273.56639307 1.00098576178
2273.58682464 0.999959233279
2273.6072562 0.99986695682
2273.64811932 1.00004198968
2273.66855098 1.00051423757
2273.68898244 1.00128854847
2273.70941401 0.999954577064
2273.72984567 0.998593000924
2273.75027713 1.00276818513
2273.77070879 1.00029019263
2273.79114035 1.00005833766
2273.81157181 0.999556132479
2273.83200347 1.00242314551
2273.87286649 0.999183945545
2273.89329816 1.0016057136
2273.91372972 0.999313212063
2273.93416118 0.996882406122
2273.95459284 0.998918857384
2273.99545596 1.00061402219
2274.01588752 1.00096220364
2274.03631908 1.00045265233
2274.05675074 1.00188047107
2274.09761376 0.999962037645
2274.11804542 0.999490410154
2274.13847698 1.00050569636
2274.15890844 0.996892033657
2274.1793401 0.999515565021
2274.19977166 1.00204351708
2274.22020312 0.999124857551
2274.24063478 0.998778500514
2274.26106634 0.996229160329
2274.2814978 0.998490966683
2274.30192946 0.997650444692
2274.38365559 1.0002788422
2274.42451881 1.00177143887
2274.44495027 1.00063972563
2274.46538193 1.0006069742
2274.48581349 1.00322505501
2274.50624505 1.00233162492
2274.52667661 0.999013086747
2274.54710817 1.00037965067
2274.56753972 1.00178411524
2274.58797128 1.00046006185
2274.60840284 1.0003134666
2274.6288345 1.00173997809
2274.64926596 1.00122337546
2274.66969752 1.00003775762
2274.69012917 1.00153484981
2274.71056073 1.00177521876
2274.73099219 1.00237883618
2274.75142385 1.00223474029
2274.77185541 1.00117818775
2274.79228687 1.00138632615
2274.81271852 1.00060170749
2274.83315008 1.00120174318
2274.85358154 0.99734977426
2274.8740132 0.999832476053
2274.89444476 1.00074165935
2274.91487641 0.99804509511
2274.93530787 1.00268120253
2274.95573943 1.00070811111
2274.99660254 0.99907130826
2275.160055 1.00391605766
2275.18048656 1.00129739359
2275.20091821 1.00377080858
2275.22134977 1.00135311655
2275.24178123 0.996588666475
2275.26221289 0.99549056158
2275.28264444 0.995472961005
2275.3030759 0.996382012229
2275.32350756 0.9992457533
2275.34393911 0.996022788648
2275.36437057 0.998185904739
2275.38480222 0.998848611685
2275.40523378 0.997477376489
2275.42566544 0.996568733468
2275.44609689 0.999968032257
2275.67084401 0.998081003289
2275.69127557 0.998635114561
2275.71170722 1.00000539927
2275.73213878 0.997944901526
2275.75257023 0.997996353938
2275.77300189 0.998746917006
2275.79343344 0.99927546518
2275.83429656 1.00009559544
2275.85472811 1.00004749066
2275.87515957 0.999087207724
2275.89559122 1.00051315573
2275.91602278 0.997885048822
2275.93645423 0.999275664353
2275.95688589 0.999820571743
2275.97731744 1.0007988415
2276.16120144 0.999777850966
2276.18163309 1.00005396386
2276.20206465 0.99873244693
2276.2224962 1.00103362512
2276.24292776 1.00130849475
2276.36551708 0.999903438253
2276.38594854 1.0001402203
2276.40638019 0.99931999517
2276.42681175 0.999893901425
2276.4472432 0.998266260277
2276.46767485 1.00386091098
2276.50853806 1.00221267158
2276.52896952 1.00028316783
2276.54940107 1.00053413604
2276.56983273 1.00177295799
2276.59026418 1.000787994
2276.61069573 0.998124739434
2276.63112739 1.00149448027
2276.65155884 1.00232096189
2276.6719904 1.002450586
2276.69242205 1.00045674084
2276.7128536 1.00049730567
2276.87630603 0.997763100802
2276.89673759 1.00098594118
2276.91716924 0.997437828175
2277.10105312 1.00152534658
2277.12148467 1.00032550843
2277.14191633 0.996932286134
2277.16234778 1.00193392025
2277.18277933 1.00055428566
2277.20321099 0.997663108699
2277.22364254 0.999367906087
2277.34623186 0.99938290338
2277.36666351 1.00233569795
2277.38709496 1.00065565738
2277.40752652 0.999473378052
2277.42795817 1.00006453542
2277.44838962 1.00104773235
2277.61184214 0.998409420929
2277.6322736 1.00014672181
2277.65270525 1.00005991294
2277.6731368 1.00077043998
2277.69356835 1.00078585937
2277.71399991 1.00029487039
2277.73443146 1.00214880225
2277.75486301 0.999529873159
2277.79572612 1.00143275634
2277.81615767 0.997980072096
2277.83658922 0.997838575086
2277.85702077 1.00174540798
2277.87745233 0.997871520548
2277.89788388 1.00101884811
2277.91831543 0.997617371349
2277.93874708 1.0001440356
2278.1021995 0.997258902019
2278.12263105 1.00030884665
2278.14306251 1.00130079481
2278.16349416 0.998493577246
2278.18392571 0.999738038632
2278.20435726 0.999426858576
2278.22478881 1.00133286499
2278.24522037 0.999601538501
2278.26565202 1.00021582899
2278.28608347 0.998548885982
2278.30651502 0.9980305844
2278.32694667 0.996365494461
2278.34737813 0.999988123574
2278.36780968 1.0009652208
2278.38824133 1.00027746046
2278.40867288 1.0011140159
2278.42910434 1.00260318201
2278.59255675 1.00003074635
2278.6129884 0.998942328439
2278.63341995 1.00058898005
2278.65385141 1.00013265422
2278.67428306 1.0023315968
2278.69471461 0.999752909716
2278.81730392 0.998817663407
2278.83773557 1.00021924958
2278.87859858 1.00093136067
2278.89903023 1.00084760748
2278.91946178 0.997633566704
2279.0829142 0.996761819108
2279.10334575 1.00133853839
2279.1237773 1.00267480874
2279.14420885 0.999968164661
2279.1646403 0.999964760806
2279.32809282 0.999334674391
2279.34852447 0.999793439422
2279.36895592 1.00006798645
2279.38938747 0.999843030934
2279.40981912 0.999772759261
2279.43025068 0.999716237064
2279.45068223 1.00007835024
2279.53240844 1.00198978924
2279.55283999 0.99910922937
2279.57327164 1.00367310307
2279.59370309 1.00233239894
2279.61413464 0.999218935472
2279.63456629 0.999389152918
2279.65499775 0.998843248933
2279.81845016 1.0008017493
2279.83888171 1.00028452723
2279.85931337 1.00114989607
2279.87974482 1.0011634055
2279.90017637 1.00222894513
2280.12492354 0.999260111555
2280.14535519 1.00115122618
2280.16578664 1.00088384622
2280.1862183 1.00193616709
2280.20664985 0.999793751901
2280.24751295 1.00300531869
2280.26794451 1.00119684813
2280.28837596 1.00265695602
2280.30880761 0.999030717812
2280.32923916 0.999262364248
2280.34967061 1.00036516569
2280.37010227 0.999272692444
2280.39053382 0.997939879071
2280.57441779 1.0020294549
2280.59484934 0.999537929504
2280.61528089 0.999495566395
2280.63571255 0.999776971136
2280.6561441 0.999275089312
2280.67657555 1.0000271919
2280.75830186 1.00209938963
2280.77873341 1.00169054569
2280.79916487 0.997650622999
2280.81959652 0.998906572832
2280.84002807 0.998569369097
2280.86045952 1.00099257264
2280.88089118 1.00219210011
2281.02391204 1.00072563075
2281.0443437 1.00072842067
2281.06477525 0.998854415015
2281.0852067 1.00320776487
2281.10563836 1.00178981251
2281.12606991 0.998747084517
2281.28952233 0.996390102589
2281.30995378 1.00287201387
2281.33038544 0.999266044623
2281.35081699 1.00083903099
2281.37124864 0.99827945853
2281.3916801 1.00155942466
2281.51426942 1.00151168935
2281.53470097 1.00278768527
2281.55513262 1.00076106702
2281.57556418 0.997754575626
2281.59599573 0.99974930779
2281.61642728 0.99772847592
2281.77987981 1.00010802097
2281.80031127 1.00005729598
2281.82074292 0.998286352978
2281.84117447 0.999830214425
2281.86160593 1.00117792507
2281.88203758 1.00023023998
2281.90246904 0.998313244489
2281.92290059 0.99805308432
2281.9637637 1.00043221517
2281.98419525 1.00035125967
2282.00462691 0.997676559056
2282.02505836 1.00261810747
2282.04549001 0.999532459757
2282.06592157 1.00086704388
2282.08635312 1.00187865526
2282.10678468 0.997585026671
2282.35196343 1.00249024306
2282.37239489 1.00232547376
2282.39282654 0.99905157524
2282.43368955 0.999041778952
2282.4541212 1.00229372086
2282.49498441 1.00100857722
2282.51541587 1.00050935769
2282.53584742 1.00025262252
2282.55627898 1.00056134005
2282.57671054 1.00175903628
2282.59714199 0.997649212504
2282.76059453 0.999868378392
2282.78102619 1.00050018377
2282.80145774 0.998036119236
2282.8218892 1.00080505259
2282.84232086 1.00119483442
2283.0057734 1.0026828171
2283.04663642 1.00164624935
2283.06706807 1.0019280858
2283.08749953 0.999415700758
2283.10793118 1.00204413824
2283.12836274 0.996926197636
2283.1487942 0.999424420132
2283.18965731 0.999935404689
2283.21008887 0.999964241435
2283.23052052 0.999633484783
2283.29181519 0.998228945268
2283.31224675 0.999811790318
2283.33267831 0.998577708717
2283.35310986 0.999235108227
2283.37354142 1.0018475867
2283.45526775 1.00024391068
2283.47569921 1.00267038078
2283.49613076 0.99720495301
2283.51656242 0.999272662838
2283.53699388 0.997695370439
2283.55742554 0.998325884221
2283.57785709 0.999507382122
2283.76174111 1.00114709338
2283.78217277 0.999687190928
2283.80260423 1.00114059384
2283.82303579 1.00163758586
2283.84346744 1.00125510131
2283.8638989 1.00001463642
2283.88433046 1.00164046349
2283.90476212 1.00273953531
2283.92519358 0.999149192127
2283.94562514 1.00351861021
2283.96605679 1.00090693982
2283.98648825 0.998961571321
2284.00691991 0.999755608397
2284.02735147 0.999993409571
2284.04778293 0.999532644726
2284.06821459 1.00087855884
2284.23166716 0.99989485467
2284.25209862 1.00039173233
2284.27253018 1.00100518324
2284.29296184 1.00228355355
2284.3133933 0.999480197732
2284.33382486 0.996738904763
2284.35425652 1.00213155601
2284.37468798 0.998089424564
2284.4155512 0.999609475026
2284.43598276 0.998814958039
2284.45641432 1.00159642499
2284.47684588 1.00155526807
2284.49727744 0.997402019187
2284.517709 0.999005109447
2284.53814056 0.999847078824
2284.55857212 0.998611253783
2284.7220246 1.00060991037
2284.74245626 1.001172341
2284.76288773 1.00083793962
2284.78331929 0.998933986045
2284.80375095 1.00014193784
2284.84461407 1.00037491312
2284.86504563 0.998195533057
2284.90590875 1.0005984791
2284.92634032 0.998391852245
2284.94677188 1.00084793904
2284.96720344 1.00047540777
2284.987635 0.998811600293
2285.00806656 0.997940966148
2285.02849812 1.00101649029
2285.04892969 1.00178754477
2285.21238229 0.999335132666
2285.23281375 0.999384370511
2285.25324541 0.998838743953
2285.27367697 1.00063269635
2285.45756114 0.997151740389
2285.47799261 1.00067733232
2285.49842417 0.999448206025
2285.51885583 1.00027251992
2285.5392873 1.0020626113
2285.58015052 0.999955935901
2285.60058209 0.998496269691
2285.64144522 1.00088456738
2285.66187678 1.00111136904
2285.68230834 0.99754706992
2285.70273991 1.00122198814
2285.72317147 1.0004595088
2285.74360314 0.999096251247
2285.7640346 0.999723344086
2285.78446617 0.997482995327
2285.96835035 1.00333917273
2285.98878182 0.999236633511
2286.00921338 0.998988310719
2286.02964505 0.997519400363
2286.19309758 0.998499412793
2286.21352915 0.99989441167
2286.23396071 1.00071477455
2286.25439228 0.998591919805
2286.27482385 1.00059910298
2286.29525551 0.999229521011
2286.31568708 1.00279245155
2286.33611855 1.00029390037
2286.35655021 1.00143168305
2286.37698178 0.999612202951
2286.39741325 0.999827269957
2286.41784492 0.999661632981
2286.43827648 0.997077769494
2286.45870795 0.99830062273
2286.47913962 1.00032064535
2286.49957119 0.997793295521
2286.52000285 0.997812510038
2286.6834553 1.00250610092
2286.70388687 0.999993948406
2286.72431844 1.00217222566
2286.74475011 0.998932909866
2286.76518157 0.999924058386
2286.92863423 0.99993735159
2286.96949747 1.00154883316
2286.98992894 0.998879519243
2287.01036051 1.00094248397
2287.03079218 1.00107882516
2287.1533816 1.00036731294
2287.17381307 0.9970514379
2287.19424474 1.00102502828
2287.21467631 0.998347994308
2287.23510778 0.999897494784
2287.25553946 1.00229665021
2287.27597103 1.00348612847
2287.2964026 0.999643309451
2287.31683417 0.998172214353
2287.37812888 0.997372756903
2287.41899203 1.00112279982
2287.4394236 1.00176510964
2287.45985517 1.00200163197
2287.48028685 1.00222127203
2287.50071832 0.998238858282
2287.664171 1.00034887743
2287.68460247 1.00219864274
2287.70503415 0.999115483347
2287.72546572 1.0020595857
2287.74589719 0.997498062634
2287.90934989 1.00008946353
2287.92978156 1.00090282805
2287.95021314 0.999221440319
2287.97064471 1.00127643222
2287.99107629 1.00301594557
2288.01150776 0.999991886693
2288.13409721 1.00055111672
2288.15452889 0.998353045969
2288.17496046 0.999111393629
2288.19539214 0.999847105246
2288.21582362 0.997001628887
2288.23625519 1.00094773095
2288.39970781 1.00050494889
2288.42013948 0.999686280914
2288.44057106 0.999957901371
2288.46100264 0.999011627508
2288.48143422 0.999680455562
2288.50186579 0.99895209036
2288.52229737 1.00116024916
2288.54272895 0.998814432652
2288.58359221 1.00268955476
2288.60402368 0.9992948324
2288.62445526 0.999089603712
2288.64488684 0.997906074804
2288.66531842 1.00177739579
2288.68575 0.998509645854
2288.70618168 1.00043275478
2288.72661316 1.00235742216
2288.89006589 0.998770130897
2288.91049737 0.999235114951
2288.93092905 1.00081647703
2288.95136063 1.00112577681
2288.97179211 1.00189123616
2288.99222379 1.00149346968
2289.01265537 1.00180146808
2289.0943818 1.00086483903
2289.11481328 1.00025013213
2289.13524486 1.00040400488
2289.15567654 1.00053887916
2289.17610812 0.997996216039
2289.1965397 1.00005557684
2289.21697129 0.994976193602
2289.38042394 1.00003381713
2289.40085553 0.998807638102
2289.42128721 1.00007345908
2289.44171869 0.997806306529
2289.46215028 1.00025794468
2289.62560295 0.998009776576
2289.64603463 1.00204573347
2289.66646622 0.998246225054
2289.6868978 1.00238254062
2289.70732939 0.998916718106
2289.72776097 1.00060337576
2289.74819256 1.00065410442
2289.76862414 1.0018787249
2289.80948741 0.99826100553
2289.829919 0.997592653551
2289.85035048 0.999292529321
2289.87078217 0.997379472321
2289.89121375 0.999491221395
2289.91164524 1.00023192668
2289.93207693 0.998980316028
2289.95250851 0.99975110008
2290.11596121 1.00007752637
2290.15682438 0.998670839365
2290.17725597 1.00346335936
2290.19768766 1.00124129742
2290.21811915 0.998778720574
2290.34070878 1.00301970434
2290.36114027 0.999545734408
2290.38157196 1.00039194459
2290.40200355 1.00115733114
2290.42243514 1.00020672009
2290.44286673 0.999084374321
2290.46329832 0.99912551347
2290.48373001 1.00041535437
2290.5041615 0.999124783105
2290.52459309 1.00119949247
2290.54502478 1.0001057816
2290.56545627 0.999789504781
2290.58588786 1.00320932221
2290.60631955 0.998811513919
2290.62675104 1.00203263741
2290.64718273 1.00025793465
2290.66761422 0.998309055608
2290.85149865 0.999601815608
2290.87193024 0.997155693137
2290.89236183 1.0014225973
2290.91279342 0.999964544275
2290.93322502 0.999586598105
2290.95365661 0.999964064473
2290.9740882 0.999661951977
2290.9945198 1.00061651335
2291.03538308 0.999168206304
2291.05581468 1.00112890563
2291.07624617 1.00240368374
2291.09667787 0.997654374403
2291.11710946 1.00064813227
2291.13754095 0.996881886949
2291.15797265 0.999400389035
2291.17840424 0.998308952833
2291.3622886 0.999793915859
2291.3827202 1.00080270875
2291.40315179 1.00229120328
2291.42358349 0.999331736192
2291.44401499 1.00315624397
2291.46444658 1.00164990628
2291.48487828 1.0004807661
2291.52574137 0.998938031964
2291.54617307 1.00096325169
2291.56660467 1.00120965906
2291.58703617 1.00247458468
2291.60746786 0.998254708864
2291.64833116 1.00264172316
2291.66876266 0.998507216299
2291.83221555 1.00184863487
2291.85264705 0.9978477086
2291.87307875 0.998579266957
2291.89351035 1.00172680386
2291.91394185 0.99966808272
2291.93437355 0.996453627989
2291.95480515 1.00091635232
2291.97523675 0.998823862092
2292.01609995 0.997301745488
2292.03653155 1.00278437665
2292.05696315 1.00063741864
2292.07739476 1.00180295394
2292.09782636 0.998571427595
2292.11825796 0.9996150797
2292.13868956 0.999329787328
2292.15912116 1.00049310429
2292.19998447 0.996873630802
2292.28171088 1.00129733946
2292.30214238 1.00021735155
2292.32257408 1.00022239652
2292.34300569 1.00070378854
2292.36343719 0.999378489597
2292.38386889 0.998856904677
2292.4043005 0.996760959112
2292.4247322 1.00137965375
2292.54732183 0.998837172813
2292.56775333 1.00006863086
2292.58818494 0.996937771361
2292.60861664 0.997799663112
2292.62904815 0.999049002161
2292.64947986 0.999376580866
2292.81293271 0.999072369916
2292.83336432 1.00395283005
2292.85379592 0.997838779637
2292.87422763 1.0002050588
2292.89465914 0.999966964959
2292.91509075 0.999552016819
2293.0376805 0.9991028675
2293.05811211 1.00199276977
2293.07854362 1.0014745047
2293.09897532 1.00133930645
2293.11940693 1.00178006776
2293.13983844 1.00107604314
2293.16027015 1.00067415287
2293.18070176 0.999821686087
2293.26242831 0.997926566022
2293.28285982 1.00222884546
2293.30329143 0.998948844041
2293.32372304 0.999267051995
2293.34415475 1.00120555146
2293.36458636 0.999625976405
2293.38501797 0.999086583669
2293.40544949 1.00040807253
2293.4258812 0.998668006472
2293.44631281 1.0012382057
2293.48717604 1.0015965565
2293.50760765 1.00139296604
2293.52803916 1.00038555824
2293.54847087 0.997834948257
2293.56890249 0.997730922477
2293.5893342 0.996941334062
2293.63019733 1.00173191981
2293.79365025 1.00149975639
2293.81408196 1.0000566804
2293.83451358 1.00042412975
2293.85494519 1.00140822263
2293.87537681 1.00200965264
2293.89580842 0.9995898251
2293.91624014 1.00096468579
2293.93667166 1.00067130531
2293.95710327 0.999899992328
2293.97753489 1.00228999779
2293.99796661 1.00203708715
2294.01839813 0.997628373077
2294.03882974 0.995612719106
2294.05926136 1.00013583909
2294.07969298 0.999609760103
2294.1001247 0.995321455572
2294.12055621 1.00393802661
2294.14098793 0.996342947304
2294.26357765 1.00053685042
2294.28400927 0.999727577702
2294.30444099 0.998028310887
2294.3248725 1.00016025305
2294.34530413 1.00226119402
2294.36573585 1.00152216737
2294.52918881 1.00081938125
2294.54962044 1.00092183536
2294.57005206 0.999516686212
2294.59048368 1.0005700313
2294.6109153 1.0012674655
2294.63134693 0.998194240546
2294.75393677 1.00024842389
2294.77436829 0.998743535201
2294.79479991 1.0009652917
2294.81523164 0.998831793398
2294.83566316 0.999999674689
2294.97868464 1.00030610765
2294.99911627 0.998604308101
2295.01954779 1.00072986642
2295.03997952 0.998550564682
2295.06041115 1.00332254598
2295.08084287 1.00073002729
2295.1012744 1.00149783045
2295.26472752 1.00129886715
2295.28515915 0.999901453446
2295.30559078 0.998746199871
2295.32602241 1.00041669754
2295.34645394 0.997404674319
2295.36688567 0.999253988587
2295.46904392 1.00239870691
2295.48947545 1.00007765841
2295.50990708 1.00010564501
2295.53033881 1.00139080887
2295.55077034 1.00059170449
2295.57120197 0.998939246457
2295.59163371 0.997372363666
2295.61206524 0.99855230068
2295.63249697 0.99769591514
2295.6529286 0.99688671942
2295.69379187 1.00039270959
2295.7142235 0.999179150872
2295.73465513 1.00028908393
2295.75508677 0.997576240937
2295.7755184 0.999594059438
2295.79595013 1.00072072123
2295.81638167 0.997661497285
2295.8368133 1.00101930325
2295.85724504 1.00231252599
2295.87767667 0.999447123257
2295.95940311 1.00118282919
2295.97983484 1.00113855452
2296.00026648 0.998514265768
2296.02069812 0.998145460205
2296.04112975 0.999374860378
2296.06156139 0.999414161125
2296.08199303 1.000187523
2296.10242466 0.997644524419
2296.22501449 1.00048715733
2296.24544622 0.998958380597
2296.26587776 0.998405355505
2296.2863094 0.999252918967
2296.30674114 1.00026164844
2296.4906259 1.00156927808
2296.51105754 1.00183822043
2296.53148928 1.00030859506
2296.55192082 1.00095854912
2296.57235256 1.00018589067
2296.5927842 1.00355808902
2296.61321574 1.00170663407
2296.63364749 0.999152942232
2296.65407913 1.00157088622
2296.67451067 1.00001116984
2296.71537396 0.999310519779
2296.7358057 1.00095435285
2296.75623734 1.00081754422
2296.77666889 0.999369430755
2296.79710063 1.00147676824
2296.81753227 0.997127998541
2296.98098543 0.998733493038
2297.00141708 1.00070701766
2297.02184882 1.00292694512
2297.06271202 1.00116893968
2297.08314376 0.997806276823
2297.10357541 0.999190282994
2297.1853021 1.00191914582
2297.20573365 1.0003474855
2297.2261653 1.00146754554
2297.24659705 0.997967353128
2297.26702859 1.00137394844
2297.28746034 0.99940950493
2297.30789199 0.999708473279
2297.47134519 1.00041303163
2297.49177674 0.997872875949
2297.51220849 0.998190946316
2297.53264015 0.997952421977
2297.5530718 0.999434350795
2297.57350345 1.00050592022
2297.5939351 1.00093006897
2297.61436675 1.00041112507
2297.63479841 1.00015492915
2297.65523006 1.00058277264
2297.67566181 0.998903103589
2297.69609336 0.999519265028
2297.71652502 1.00092402733
2297.73695677 0.99917286004
2297.75738843 1.00212077151
2297.77781998 1.00254465164
2297.79825173 0.999176565729
2297.81868339 1.0004174719
2297.83911494 0.999264893142
2297.8595467 1.00056004929
2297.90041011 1.00085725556
2297.92084166 1.00060648665
2297.94127332 1.00042983345
2297.96170508 0.998422738789
2297.98213663 0.996358796498
2298.00256829 1.00246946101
2298.02299995 1.00033175362
2298.0434316 1.00230890581
2298.20688487 0.995381641444
2298.22731662 0.995899010698
2298.24774828 0.996928957699
2298.26817994 0.996878065514
2298.2886116 0.99813781762
2298.30904326 0.996325004457
2298.34990658 1.00082094003
2298.37033824 1.00119094269
2298.3907699 1.00044317084
2298.41120167 0.999984902386
2298.43163323 0.999428799815
2298.45206499 1.00080178707
2298.47249665 1.00093934344
2298.49292821 0.997672682966
2298.51335997 0.99782404382
2298.53379164 1.00093034148
2298.5542232 1.00005767377
2298.67681328 0.998744881648
2298.69724494 0.997309773183
2298.71767661 1.00219066682
2298.73810827 0.999264107538
2298.75853994 0.998221169176
2298.7789717 1.00095254889
2298.79940327 1.00022622917
2298.92199337 0.998536344223
2298.94242493 1.00210706859
2298.9628567 1.00059465013
2298.98328837 1.00141973298
2299.00372004 0.998975799713
2299.0241517 1.00129451591
2299.04458337 0.99939147208
2299.16717349 0.998917068337
2299.18760516 1.00076894651
2299.20803673 1.00272753111
2299.2284685 0.997924991824
2299.24890017 0.999426416001
2299.26933174 0.999873040186
2299.43278521 0.999600459893
2299.45321689 0.998489199786
2299.47364856 1.00153558806
2299.49408023 1.00304167125
2299.51451191 0.998950775417
2299.53494358 1.00390074342
2299.55537536 1.00248429362
2299.57580703 1.00293595004
2299.5962386 1.00120865284
