# #0 time, 1 flux
2905.41794161 1.05075536627
2905.43837385 1.05197904531
2905.45880608 1.01397015441
2905.47923832 1.0426067904
2905.54053502 0.993687140684
2905.58139949 0.999037638707
2905.60183172 1.00482788328
2905.62226406 1.04339340824
2905.64269619 0.985075235438
2905.66312842 1.00593934067
2905.68356075 0.984566039499
2905.70399288 0.969645333918
2905.72442521 0.974976778247
2905.74485744 1.00845423027
2905.76528957 0.968312285191
2905.78572189 0.989547763543
2905.82658625 0.999223869861
2905.84701857 0.999221414066
2905.8674507 0.956765581384
2905.88788302 1.07120653335
2905.90831525 0.975563325976
2905.92874737 0.925487830789
2905.9491796 0.967252958598
2905.96961192 1.00205233607
2905.99004414 0.994529848445
2906.01047636 1.01785645618
2906.03090858 0.939572489449
2906.07177302 0.9928078415
2906.09220524 1.03652245532
2906.11263746 1.01817138619
2906.13306978 0.995468811018
2906.1535019 0.984117823253
2906.17393412 1.02482414741
2906.19436643 0.9539274895
2906.21479855 1.00389211944
2906.23523076 1.05287138674
2906.25566308 0.993312461022
2906.33739184 0.987727050921
2906.35782405 1.03173673762
2906.37825636 1.01124412615
2906.43955299 0.985948969291
2906.4599852 0.999718210909
2906.48041741 0.995453676143
2906.50084962 1.02816909883
2906.52128183 1.02158397326
2906.56214624 1.00872616618
2906.58257845 0.986413043947
2906.60301065 1.01592296958
2906.62344286 0.98781250056
2906.64387496 1.02424532281
2906.66430727 1.03829457876
2906.68473947 0.994157562114
2906.70517157 0.974926324117
2906.72560388 0.981225553337
2906.80733268 1.04300384291
2906.82776488 0.985242751779
2906.84819708 0.952399835404
2906.86862928 1.03175370614
2906.88906158 1.05106807015
2906.90949368 0.993880039914
2906.92992587 0.973366229095
2906.95035817 1.0120481884
2906.97079037 1.01187677436
2907.01165476 0.942574207383
2907.05251905 0.985309149904
2907.07295134 0.997559752629
2907.09338353 1.0028086239
2907.11381562 0.96028013179
2907.13424792 1.00125189353
2907.15468011 1.0054436387
2907.1751122 0.986524175055
2907.19554449 0.988567334219
2907.21597668 0.987317095688
2907.23640887 1.00643776491
2907.25684106 0.985851629871
2907.29770543 0.983576271097
2907.31813762 1.04355623774
2907.3385698 1.01835055142
2907.35900189 1.00431103236
2907.37943417 1.0100959483
2907.39986636 0.990392239492
2907.42029854 1.02760286607
2907.44073073 0.964204290314
2907.46116291 0.977233706226
2907.48159519 0.996296002698
2907.50202728 1.00513032341
2907.52245946 0.965425665032
2907.54289174 1.02679021437
2907.56332382 0.998655365163
2907.583756 0.927969181783
2907.60418828 1.04065550576
2907.62462036 1.02061762328
2907.64505254 1.00102299168
2907.66548481 1.024331295
2907.68591689 0.994779717547
2907.70634907 0.970936695219
2907.72678134 0.970907665875
2907.74721342 0.984235115992
2907.78807787 1.00624748847
2907.80851004 1.01133916432
2907.82894212 0.986415325436
2907.84937439 1.00319188637
2907.86980656 0.997959230534
2907.89023863 1.04039117841
2907.9106709 0.936431303718
2907.93110308 0.999840347272
2907.95153515 1.01406814583
2907.97196742 1.01300680803
2908.05369609 1.00038336543
2908.07412816 0.970517249062
2908.09456042 0.996850004495
2908.11499249 1.00805893792
2908.13542465 1.00091999614
2908.15585692 0.990973973696
2908.17628908 0.983195245998
2908.19672125 0.991911328544
2908.21715341 0.998621381708
2908.23758557 1.01589931189
2908.2784499 0.994176303378
2908.33974638 1.01607658872
2908.36017854 0.997105850104
2908.3806108 0.987659112113
2908.40104286 1.02771136119
2908.42147502 1.00558379098
2908.44190727 0.994530594009
2908.46233933 0.992411208591
2908.48277149 0.998941788358
2908.5236358 1.04774002206
2908.54406795 1.07838613792
2908.56450021 0.990196012364
2908.58493226 1.00867000499
2908.60536441 1.01703126274
2908.62579667 0.970086503525
2908.70752527 1.0288668536
2908.72795732 1.00155838792
2908.74838957 1.01508651724
2908.76882172 1.07667434815
2908.78925377 0.978493063324
2908.80968602 1.00187691091
2908.83011817 0.98307796899
2908.85055021 0.983007710409
2908.87098246 1.00731471988
2908.89141451 0.965640029484
2908.91184665 0.99485583587
2908.9322789 0.986876477145
2908.95271094 0.988810469973
2908.97314308 0.93998056912
2909.01400747 0.958213718724
2909.03443961 1.04170739652
2909.05487175 1.04764243451
2909.0753039 1.04367963278
2909.09573604 1.02570187647
2909.11616818 1.01736482286
2909.13660032 0.975440682813
2909.15703256 1.00608670862
2909.17746459 0.970266362274
2909.19789673 0.998389831572
2909.21832897 0.993068402062
2909.25919314 0.974641016297
2909.27962538 0.999868796883
2909.30005741 0.983919165374
2909.32048955 1.02154242581
2909.34092178 1.05275272819
2909.36135382 1.01442388995
2909.38178595 1.07034959139
2909.40221818 1.0206662205
2909.42265022 0.999512375976
2909.44308235 1.06698286235
2909.46351458 1.00647337159
2909.50437874 1.03516237416
2909.52481097 0.971006351033
2909.5452431 1.02039284347
2909.56567513 0.997652279894
2909.58610736 0.998785595638
2909.60653938 0.995902656898
2909.62697151 0.994760088702
2909.64740374 0.996081499408
2909.66783576 1.02407435538
2909.68826789 0.995640226314
2909.70870011 0.991595687427
2909.74956426 1.00644557224
2909.76999649 1.00967282226
2909.91302134 0.959566717721
2909.93345335 0.987672439144
2909.95388557 0.982639429144
2909.97431769 0.950448723476
2909.99474971 1.02250873662
2910.01518193 0.996006321855
2910.03561404 0.978849995325
2910.05604626 0.986734723976
2910.07647828 1.03625135168
2910.09691039 1.02149176453
2910.11734261 1.00818358673
2910.13777462 0.980589891657
2910.15820673 1.00016623165
2910.17863895 1.10668747018
2910.19907096 0.952894829689
2910.23993528 0.981303163993
2910.26036729 0.991684887855
2910.2807994 1.02074552086
2910.30123161 0.999382534535
2910.32166362 0.998204125241
2910.34209573 0.996933402445
2910.36252794 0.989061054918
2910.38295995 1.0218195271
2910.40339206 0.977059304379
2910.42382426 0.941532266467
2910.44425627 0.969117660289
2910.48512058 1.01213818977
2910.50555259 0.99460503373
2910.52598469 1.0104474531
2910.5464169 1.01500745384
2910.587281 1.07118690047
2910.6077132 0.9904515866
2910.62814521 1.02134331519
2910.64857731 0.998107054339
2910.66900951 1.11123242283
2910.68944161 1.04295169786
2910.73030581 0.948726536046
2910.75073791 0.980391129857
2910.8120342 1.07614055289
2910.8324662 0.993541840892
2910.85289839 0.98841175209
2910.87333049 1.01320066189
2910.89376248 1.00019484962
2910.97549096 1.05090791446
2910.99592305 0.95908717902
2911.01635514 0.983903773603
2911.03678724 0.981626938315
2911.05721933 1.07520663836
2911.07765142 1.02309449849
2911.09808351 0.991586246356
2911.1185156 1.02562117903
2911.13894769 0.998865963421
2911.15937977 1.09605794368
2911.17981186 0.980374464719
2911.22067604 1.03651307978
2911.24110812 0.990135447689
2911.26154031 0.9815666866
2911.2819723 1.01423269829
2911.30240438 1.0053109339
2911.32283657 1.00003538499
2911.34326855 1.01680172679
2911.36370063 1.00075365781
2911.4045648 0.993767483933
2911.42499688 0.982935523166
2911.44542906 0.989808780777
2911.46586104 1.03959081828
2911.48629312 0.984376254518
2911.5067253 0.972194438617
2911.52715738 0.984202529924
2911.54758936 1.00181133309
2911.56802154 1.00774458392
2911.58845362 1.00683745898
2911.6088856 0.989826075196
2911.62931777 0.991907988403
2911.64974985 0.980421086942
2911.71104608 1.0199925599
2911.73147805 0.976146198415
2911.75191022 1.01595472904
2911.7723423 1.01122834414
2911.85407049 1.01255713083
2911.87450266 1.01632305018
2911.89493473 1.02263534108
2911.9153668 0.977324255197
2911.93579887 0.999077855119
2911.95623094 0.962261043714
2911.97666291 0.962923241518
2911.99709507 1.0226302432
2912.01752714 0.997863748565
2912.03795911 0.991579214518
2912.05839127 0.953860033071
2912.07882334 1.01347861916
2912.09925531 0.997827674861
2912.11968747 0.96561167256
2912.14011954 0.999128042934
2912.1605515 0.972087976152
2912.18098366 0.975072062604
2912.20141573 1.00405473236
2912.28314397 0.972486656542
2912.30357603 1.01099615007
2912.32400809 1.02547141981
2912.34444015 0.985982835002
2912.36487231 1.00844823839
2912.44660044 1.00577245863
2912.4670326 0.996967792463
2912.48746466 1.01021577622
2912.50789661 1.05036147883
2912.52832877 0.981837026737
2912.54876082 1.05091994841
2912.56919277 0.993905818437
2912.58962493 0.998569284577
2912.61005688 0.985929550065
2912.63048893 1.03894728848
2912.65092109 1.01672144394
2912.67135304 0.969575801424
2912.69178509 0.999734960899
2912.71221724 1.02364234358
2912.75308124 0.996996077845
2912.77351339 1.00284572191
2912.79394544 1.00743706617
2912.81437738 0.977807201012
2912.83480953 1.01556361333
2912.85524158 1.01372258206
2912.87567353 1.04958986503
2912.89610567 1.00096875089
2912.91653772 0.969539468168
2912.93696966 0.989298181813
2912.95740181 0.986230650759
2912.97783385 0.959488520068
2912.9982658 0.986623568588
2913.01869794 1.02151820368
2913.03912998 0.98473921717
2913.05956202 0.994057968577
2913.07999407 0.99561060475
2913.10042611 1.00454750046
2913.12085815 0.998173309293
2913.18215427 1.03615788329
2913.20258641 0.978724735627
2913.22301834 1.00130200337
2913.24345038 1.0056121019
2913.26388252 1.05108028876
2913.28431446 1.00486843544
2913.30474649 1.01549554103
2913.32517863 0.97504552928
2913.34561056 0.996269494952
2913.3660426 0.997297076852
2913.38647463 0.984110770933
2913.40690667 0.992144168818
2913.4273387 1.00146606861
2913.44777073 1.05893429356
2913.46820277 0.996698825464
2913.4886348 1.00128920575
2913.50906683 1.04763659873
2913.52949886 0.984887017563
2913.54993089 1.00114745377
2913.57036302 0.996303239149
2913.59079495 1.00860087334
2913.61122708 0.980098161576
2913.69295519 0.995710863565
2913.71338712 1.04818632171
2913.73381924 0.986970960751
2913.75425127 1.00414124002
2913.81554734 0.940724902623
2913.83597927 0.992049515597
2913.85641139 1.00949933914
2913.87684341 1.00036139699
2913.89727544 1.01057277644
2913.91770746 0.997318169277
2913.93813948 0.982452444585
2913.9585715 0.973884390836
2913.97900352 1.00581636704
2913.99943554 0.972259926961
2914.01986756 0.997150432245
2914.04029968 0.998969213895
2914.0607316 1.01703968227
2914.08116362 1.02393680449
2914.10159563 0.999228473554
2914.12202765 0.970707869203
2914.14245967 1.0111523328
2914.16289168 1.00700179133
2914.20375561 0.997982038129
2914.22418773 1.05075116185
2914.24461974 0.965127372909
2914.26505176 0.962363179291
2914.28548377 1.02621360573
2914.30591578 0.978093499414
2914.32634779 1.01136651315
2914.34677981 0.956134819195
2914.36721182 0.971466643445
2914.38764383 1.0033584585
2914.44893986 1.03942115646
2914.46937197 0.974342060285
2914.48980387 0.958872817962
2914.51023588 0.998896034879
2914.53066799 0.975974995257
2914.5510999 0.983288452497
2914.5715319 0.960581381035
2914.67369193 1.0634471046
2914.69412393 0.996426738857
2914.71455603 1.05133713343
2914.73498804 1.00668599201
2914.75542004 1.01804929105
2914.77585204 1.00441225955
2914.79628404 1.00369753614
2914.81671604 0.992495677072
2914.83714804 1.03588485187
2914.85758004 1.03097054047
2914.87801204 1.00030371965
2914.89844404 1.00722260688
2914.91887604 1.00455474779
2914.93930804 1.08856759233
2914.95974004 0.95693147964
2914.98017193 0.989336601228
2915.00060403 1.00564803332
2915.02103603 0.982081894212
2915.04146792 0.993182524656
2915.06190002 1.00434930185
2915.08233201 0.976366160572
2915.102764 1.03743306852
2915.16405998 1.02658511798
2915.18449198 0.972612791403
2915.20492397 0.945267516366
2915.22535596 0.998401628832
2915.24578805 0.968087485256
2915.26621994 0.999030672543
2915.30708402 1.04636900528
2915.32751591 1.00335618369
2915.3479479 1.00039850645
2915.36837999 1.00465184953
2915.38881187 0.991988300535
2915.40924386 0.978738429715
2915.42967595 1.01901904183
2915.45010783 1.01202938421
2915.47053982 0.991581539985
2915.4909719 0.957863961765
2915.51140379 0.970850986324
2915.53183577 0.983900987101
2915.59313172 0.986236640837
2915.61356381 0.98558647596
2915.63399579 1.01266589157
2915.71572361 1.00019725514
2915.73615569 1.02336918947
2915.75658757 0.955380661726
2915.77701955 0.989818558822
2915.79745163 1.02068737966
2915.8178835 0.994414457528
2915.87917944 0.983954089681
2915.89961151 1.00529148563
2915.92004349 1.02389503165
2915.94047546 1.01557477863
2915.96090744 1.01604512923
2915.98133941 0.98595179026
2916.00177138 1.01245702592
2916.02220336 0.994654881542
2916.04263533 1.02837335427
2916.0630673 0.998286147799
2916.08349937 0.946522102444
2916.10393125 1.00767159667
2916.12436322 0.995547517877
2916.14479529 1.03766618696
2916.16522716 1.03424189969
2916.18565913 0.984351007954
2916.20609119 0.999789446306
2916.22652306 0.985819251618
2916.24695503 1.00480199638
2916.2673871 0.996939894652
2916.28781897 0.995619448753
2916.30825093 1.00272133525
2916.328683 0.967717837668
2916.34911486 0.95429649074
2916.36954683 1.13066561699
2916.38997879 1.0340481512
2916.41041086 1.00884572823
2916.43084272 1.00169430024
2916.45127479 0.98112711517
2916.47170665 1.01043767217
2916.49213861 1.00772266703
2916.51257067 1.00947323545
2916.53300254 1.00112085728
2916.5534345 0.956805471839
2916.57386656 0.99314675297
2916.59429842 1.00540890274
2916.61473038 1.02637633478
2916.63516244 1.00671176476
2916.6555943 0.998545316401
2916.67602625 1.01804332543
2916.69645831 1.01489970469
2916.71689017 0.996647582217
2916.73732213 0.960148122017
2916.75775418 1.00972635485
2916.77818614 1.00141580461
2916.798618 0.982782177107
2916.81905005 0.991330451475
2916.83948201 0.989237842405
2916.85991386 0.961337724937
2916.88034591 0.984363833209
2916.90077787 0.991487781833
2916.92120992 1.03529372576
2916.94164177 0.999139807334
2916.96207372 0.982272515476
2916.98250578 1.01511474096
2917.00293763 1.01648578527
2917.02336958 0.992625032919
2917.04380163 1.02543547055
2917.06423348 0.985166927459
2917.10509738 1.00252523719
2917.12552932 1.008331278
2917.14596127 0.99090279574
2917.16639322 1.0014849505
2917.18682517 1.02063359614
2917.20725711 1.01759994265
2917.22768906 0.99303532415
2917.24812101 0.959441089934
2917.288985 0.996369303323
2917.35028083 0.969449003877
2917.37071267 1.00268892714
2917.39114461 0.991967569664
2917.41157666 1.02257374053
2917.4320085 0.996547486008
2917.45244044 1.00204213596
2917.47287248 0.997033601964
2917.49330432 0.977453325786
2917.51373626 1.0029572492
2917.5341683 1.01287401921
2917.55460014 1.01111925744
2917.57503208 1.00328430066
2917.59546411 0.984087823808
2917.61589605 0.95603708948
2917.63632789 1.00909337931
2917.65675993 0.977075032851
2917.67719186 1.0034335043
2917.6976237 0.955812084893
2917.71805573 1.01699338517
2917.73848767 0.980798712886
2917.7589195 1.00288527166
2917.77935154 0.968837179781
2917.79978347 1.00325779239
2917.8202153 1.05096443032
2917.84064734 1.04744896647
2917.86107927 0.971563551478
2917.8815111 0.98174989139
2917.90194313 1.00836999805
2917.92237506 1.01201873374
2917.94280699 0.976721634196
2917.96323892 0.975527081692
2917.98367085 0.984390270668
2918.00410278 0.990432122105
2918.02453471 0.951996546039
2918.10626242 1.10200218828
2918.12669445 0.981482852825
2918.14712627 1.00042369215
2918.1675582 0.976206517097
2918.18799023 0.995079456194
2918.20842205 0.968557515679
2918.22885397 0.969696173468
2918.249286 0.994155800728
2918.26971782 1.02673356552
2918.29014974 0.995298981513
2918.31058177 1.00854273215
2918.33101359 1.00259989269
2918.35144551 1.00200841978
2918.37187753 1.01087725016
2918.39230935 0.991462963249
2918.41274127 1.02641555891
2918.43317329 1.01053604369
2918.45360521 1.00553263023
2918.47403703 1.02282225325
2918.49446905 0.978802000838
2918.51490097 0.999876617495
2918.53533279 0.958496253346
2918.5557648 1.01401008085
2918.57619672 1.05558784627
2918.59662854 1.00869894075
2918.61706055 1.00070206589
2918.63749247 0.994192481983
2918.65792428 1.00885059393
2918.6783563 0.999343052792
2918.69878811 0.991556815667
2918.71922003 0.992580451847
2918.73965204 1.02682292151
2918.76008385 1.00043084873
2918.78051576 1.02119463234
2918.80094778 1.03243936654
2918.82137969 1.00922452943
2918.8418115 0.989310645855
2918.90310723 1.04157019464
2918.92353924 1.08482090521
2918.94397115 1.01280246892
2918.96440296 1.00928212869
2918.98483497 1.01141220685
2919.00526687 1.04312250445
2919.02569888 1.00619696087
2919.06656259 1.03172985549
2919.0869946 0.991398525777
2919.10742641 1.00292187635
2919.12785831 1.00109510177
2919.14829031 1.03044067888
2919.16872212 1.00515416671
2919.18915402 0.982783008603
2919.20958603 1.00359705767
2919.23001783 0.986088089031
2919.25044973 0.978118941737
2919.33217744 0.974882285848
2919.35260934 0.947158874573
2919.37304114 0.980744439936
2919.39347314 0.979044139059
2919.41390504 0.992344611797
2919.43433683 0.984058031523
2919.45476883 1.01521280514
2919.47520063 0.988379290747
2919.49563253 0.994875893779
2919.51606452 1.02032714856
2919.53649632 0.960967106333
2919.55692822 0.986595198909
2919.57736021 1.02578817625
2919.59779201 1.01389899854
2919.6182239 1.04348680015
2919.6386559 1.01359321189
2919.65908779 1.01194929799
2919.67951959 0.966851478173
2919.69995158 0.99735970256
2919.72038347 1.04642457124
2919.74081526 0.977960666177
2919.76124725 1.06406293102
2919.78167915 1.00275370535
2919.80211094 0.967321987079
2919.82254293 0.951987289539
2919.84297482 0.965642067099
2919.86340661 1.0273764602
2919.8838386 1.01606176474
2919.96556615 1.0056567318
2919.98599794 0.998426873537
2920.00642992 1.04027704129
2920.02686181 0.986874821013
2920.0472938 1.02852499265
2920.06772558 1.02302845681
2920.08815747 1.01457639101
2920.10858935 0.995314460297
2920.12902133 1.001769761
2920.14945312 1.01792257464
2920.169885 0.979346222379
2920.19031688 1.00447660223
2920.21074877 0.97658300726
2920.23118075 0.97770595333
2920.25161253 0.990776804581
2920.27204441 1.09091591451
2920.29247639 1.01709327307
2920.31290817 0.985342424959
2920.33334005 1.00003853673
2920.35377203 0.986407272101
2920.37420381 0.937892882695
2920.39463569 0.966993132167
2920.41506767 0.996898350597
2920.43549945 1.0024609062
2920.45593132 0.946967230456
2920.4763633 0.971528813402
2920.49679518 0.979307921143
2920.53765893 1.00589199013
2920.5580908 1.03126774979
2920.57852258 1.000486646
2920.59895455 0.9937611072
2920.61938643 0.982552771542
2920.6398182 1.01591808738
2920.66025017 0.99846367284
2920.68068205 1.03526228052
2920.70111382 0.965614399654
2920.72154579 1.03047415137
2920.74197766 1.00867510827
2920.76240943 0.975241313189
2920.78284141 0.978502502856
2920.80327328 1.01297077248
2920.82370505 1.01473558266
2920.84413702 0.961194626679
2920.86456888 1.01278691785
2920.92586449 0.97701771489
2920.94629626 1.0113146117
2920.96672822 0.944046617557
2920.98716009 0.962074128622
2921.02802382 1.01022982903
2921.04845569 1.0178321282
2921.06888745 0.979343656356
2921.08931942 1.02322924603
2921.10975128 0.99658281749
2921.13018304 1.00836761222
2921.15061501 1.01727257304
2921.17104687 1.01051791451
2921.19147883 1.01778285143
2921.2119106 1.00402109823
2921.23234246 0.991119183929
2921.25277442 0.984878253129
2921.27320618 0.982093541265
2921.29363804 0.98342415611
2921.31407 1.00335258226
2921.33450186 0.987935314502
2921.35493362 0.989252911308
2921.37536558 1.00910925688
2921.39579744 1.02054923108
2921.41622919 0.967162397162
2921.43666115 0.990529253081
2921.45709301 1.00496119351
2921.53882031 0.989814732454
2921.55925226 1.00491906473
2921.57968412 0.989774714161
2921.60011587 0.969140184223
2921.62054783 1.00879244019
2921.64097968 1.01730673068
2921.66141143 0.991372682987
2921.68184338 1.01233889413
2921.70227524 0.986862098125
2921.72270709 1.04339096418
2921.76357079 0.992678065692
2921.78400264 0.99992105879
2921.80443459 0.999197179069
2921.82486634 0.987132303856
2921.84529819 0.967290498813
2921.86573014 1.022495663
2921.88616189 1.01940327731
2921.90659374 1.02280132636
2921.92702569 0.994041612729
2921.94745743 0.995329485696
2921.96788928 0.963926956897
2922.00875297 1.00200910797
2922.02918482 1.02090636532
2922.07004851 0.999053591098
2922.09048035 0.997403420935
2922.1109122 1.025447531
2922.13134404 1.02417689978
2922.15177588 1.00476332634
2922.17220783 0.96802808193
2922.19263957 1.02743119618
2922.21307151 0.999305751301
2922.2539351 1.03044801476
2922.27436704 1.0025117199
2922.3560944 1.00674566307
2922.37652614 1.01931847582
2922.39695807 1.01323559282
2922.41738991 1.01005270257
2922.43782165 1.02560442815
2922.45825359 1.04581933812
2922.47868542 0.998905752867
2922.49911716 1.01620631612
2922.5195491 1.02403342147
2922.53998093 1.02548128174
2922.56041277 1.03650399398
2922.5808446 0.990997603727
2922.60127644 1.01337514924
2922.62170827 1.00157913128
2922.64214021 1.00127162696
2922.66257194 0.996148961517
2922.68300377 1.0101201917
2922.70343571 0.99530133563
2922.74429927 0.960941212036
2922.7647312 0.988226505248
2922.78516293 1.01741182121
2922.80559476 0.948194610307
2922.82602659 1.00178537068
2922.84645842 0.998360895643
2922.86689025 0.993825327156
2922.88732208 0.948818901295
2922.90775391 1.00274221213
2922.92818574 1.02349967205
2922.94861757 0.984399039019
2923.00991315 1.00021610004
2923.03034487 1.00464799913
2923.0507767 0.999341718079
2923.07120863 1.02892262893
2923.09164035 0.991762030204
2923.11207218 1.01118122543
2923.1325041 0.993980576468
2923.15293582 0.980025027492
2923.17336775 0.991316437284
2923.19379957 1.00590173282
2923.23466322 0.989933168534
2923.29595868 0.991794747813
2923.3163905 1.00473641674
2923.33682222 0.992687292027
2923.35725414 1.01905635399
2923.37768596 1.01671266671
2923.39811778 1.01506490502
2923.4185496 1.0055132694
2923.43898142 0.979378790995
2923.45941324 0.961795887762
2923.47984516 1.0014517579
2923.50027687 1.04825428021
2923.52070869 0.961561900813
2923.54114051 0.948359769079
2923.56157232 0.998696410763
2923.58200414 1.03282252279
2923.60243595 1.01886854577
2923.62286777 1.00127703421
2923.64329958 1.00914121211
2923.6637314 1.01189855395
2923.68416321 0.947569272576
2923.72502684 0.990928236832
2923.74545865 0.956780362986
2923.76589046 1.00352932045
2923.78632228 0.97530579634
2923.80675409 1.0070189992
2923.8271859 0.999342280455
2923.84761781 1.02873672695
2923.86804952 0.999500741337
2923.88848133 1.00285609118
2923.90891324 1.00844115892
2923.94977676 1.00781359988
2923.97020867 1.00707048402
2923.99064037 0.98499820516
2924.01107218 1.01354658408
2924.03150409 0.957384564296
2924.0519358 0.964748754371
2924.0723676 0.992965307847
2924.09279951 0.993512708485
2924.11323122 1.02351099532
2924.13366312 0.977048515826
2924.15409493 0.924613579982
2924.21539034 0.98871871459
2924.23582214 0.966537232181
2924.25625395 1.02074572571
2924.27668575 1.0079686586
2924.29711755 0.991060437904
2924.31754935 0.975338317401
2924.33798116 0.969479197496
2924.35841296 0.994952393941
2924.37884476 0.985971902963
2924.48100366 1.00055199918
2924.50143556 1.02998581486
2924.52186735 1.00939044203
2924.54229905 1.01032276217
2924.56273095 1.05003016497
2924.58316275 1.01237240317
2924.60359454 1.01047874865
2924.62402634 1.01758205317
2924.64445814 1.00922953016
2924.66488993 0.998023510204
2924.68532183 0.971722045635
2924.70575352 1.02487423232
2924.72618532 1.08969896978
2924.7874807 1.02344214777
2924.80791259 0.99330095566
2924.82834428 1.00867856334
2924.84877608 0.987616632606
2924.86920797 0.999833247542
2924.88963966 1.01369899631
2924.91007145 0.953262271179
2924.95093503 1.05308308059
2924.97136682 0.98232750693
2924.99179871 0.997206100959
2925.0122304 0.991712755938
2925.03266229 0.981640502513
2925.05309408 1.00264301389
2925.07352587 1.01198857066
2925.09395766 0.98153504809
2925.11438944 1.01251992022
2925.13482113 1.00183120397
2925.15525302 1.0118819797
2925.19611649 1.00609949868
2925.21654838 1.02204743967
2925.23698016 0.986836575544
2925.25741185 1.02873263042
2925.27784373 1.00150533593
2925.29827551 0.991346057135
2925.3187072 1.02020753495
2925.33913908 0.980826570323
2925.35957086 1.02820855008
2925.38000255 0.990897759767
2925.40043443 1.04149668699
2925.42086621 1.01324199998
2925.44129799 1.00106869055
2925.46172977 0.962440455606
2925.48216156 0.978011307505
2925.50259334 1.00892016101
2925.52302522 0.962977002322
2925.5434569 1.00552859723
2925.56388868 0.98521620527
2925.58432055 0.99712993583
2925.60475223 0.962394067807
2925.62518401 1.01448894723
2925.64561589 0.960775955353
2925.68647934 0.987796521036
2925.70691122 1.02849197316
2925.7273429 1.00193661063
2925.74777467 0.998393243204
2925.76820655 1.01159225335
2925.78863823 0.965992832946
2925.80907 1.00699620869
2925.82950178 0.955224217333
2925.84993355 1.00983118331
2925.87036532 0.995035660914
2925.8907971 0.990325852951
2925.93166074 0.992637510196
2925.95209252 0.961548118127
2925.97252419 0.982913958236
2925.99295606 1.08202421604
2926.01338783 1.03103412307
2926.0338195 0.984057647166
2926.05425137 0.964261161649
2926.07468314 1.00508864849
2926.09511481 1.02534217112
2926.11554668 0.995854311878
2926.13597845 0.993796271448
2926.15641012 0.983803257821
2926.17684199 1.03057071772
2926.19727376 1.00476154564
2926.21770543 0.985494705961
2926.2381373 0.992616160849
2926.25856906 0.960540833915
2926.27900083 0.968178595485
2926.2994326 0.964382867816
2926.31986436 0.987038359139
2926.34029613 1.0151760481
2926.36072799 0.975308375407
2926.42202329 1.00498050266
2926.48331858 1.12731895073
2926.50375024 1.00251808382
2926.524182 1.04033007233
2926.54461377 1.04012889921
2926.56504553 0.996395218597
2926.58547729 0.992238498702
2926.60590905 0.979711359055
2926.62634081 1.02411647375
2926.70806785 1.0088043533
2926.72849961 0.997453337549
2926.74893137 1.00468797287
2926.76936313 1.02219313064
2926.8306585 0.988815864212
2926.85109026 0.994172496575
2926.87152191 1.01454808555
2926.91238553 0.988341645082
2926.93281718 1.01798804378
2926.95324904 1.03811916186
2926.97368079 0.980766141201
2926.99411245 1.00747900835
2927.0145443 1.03253279224
2927.03497605 1.00554561203
2927.05540771 0.992761681752
2927.07583956 1.04211518616
2927.09627131 0.998612757606
2927.11670307 1.0060131041
2927.13713482 0.976220349106
2927.15756657 0.984231595865
2927.17799832 1.01538253745
2927.19843017 0.991930974004
2927.21886182 0.998797382961
2927.23929357 1.00331390961
2927.25972542 0.967669367371
2927.28015707 1.03452037972
2927.30058882 0.979017473094
2927.32102057 1.01169582022
2927.34145232 0.98853290165
2927.36188407 0.984503654283
2927.40274756 1.02795369598
2927.42317921 0.977482006484
2927.5049063 0.986064037199
2927.52533804 1.00247717526
2927.54576979 1.00432973062
2927.56620153 1.00456567079
2927.58663328 0.997191189441
2927.60706502 0.997704049535
2927.62749687 0.985292722321
2927.64792851 1.03459133178
2927.66836035 1.02121054108
2927.6887921 1.00862570778
2927.70922374 0.980152907413
2927.72965558 0.996318180136
2927.75008732 1.0022015579
2927.77051896 1.00482889591
2927.7909508 1.00309811474
2927.81138254 0.975590381635
2927.83181419 0.957396659257
2927.91354124 0.991775850673
2927.93397298 1.00233634727
2927.95440472 0.94321572135
2927.97483646 1.01102989262
2927.9952682 1.07371569638
2928.01569993 1.02697986715
2928.03613167 0.98934513142
2928.05656341 0.993221924748
2928.07699514 1.02932327051
2928.09742688 0.983754804342
2928.11785862 1.01551567541
2928.13829025 1.03466309789
2928.15872209 0.998072065933
2928.24044902 0.994193621382
2928.26088066 0.958829613982
2928.28131249 0.994047223647
2928.30174422 1.01010054156
2928.42433461 0.982150719221
2928.44476634 1.01228308345
2928.46519817 1.00054140612
2928.4856298 0.963139183987
2928.50606163 0.991345242504
2928.52649336 1.04799380794
2928.54692499 1.01927556599
2928.56735682 1.02454654614
2928.58778855 1.01357423589
2928.60822017 0.998043839467
2928.628652 1.04398672934
2928.64908373 1.0156071071
2928.68994718 1.0370889777
2928.71037891 0.995300628422
2928.73081053 1.00893763668
2928.75124236 0.999882065455
2928.77167408 0.972994114161
2928.79210581 0.978329847569
2928.81253753 0.979268331223
2928.83296926 0.971349553101
2928.8738327 0.993894826369
2928.89426443 1.02222616554
2928.91469605 0.99796714233
2928.93512787 0.96622015709
2928.9555596 1.01292873366
2928.97599122 0.987385864918
2928.99642304 1.02898979049
2929.01685476 1.00614604739
2929.03728638 0.999923325063
2929.0577182 1.00192690536
2929.07814992 1.00525921368
2929.11901336 0.992707131812
2929.13944508 1.00547610732
2929.1598768 1.00673319253
2929.18030852 1.01801478651
2929.20074024 1.01399900559
2929.22117195 1.02188260988
2929.24160367 1.01144003881
2929.26203539 1.0000908625
2929.28246711 0.996976042573
2929.30289892 0.9676403987
2929.32333054 1.00025086066
2929.36419407 0.956210010958
2929.38462569 0.990769969561
2929.4050575 0.972086696249
2929.42548922 0.979977835401
2929.44592083 0.998966556109
2929.46635264 0.973503859063
2929.48678436 1.01346115048
2929.50721597 0.952660598809
2929.52764778 1.02119380142
2929.5480794 0.965594068596
2929.56851111 0.985831483863
2929.58894292 1.01410148613
2929.60937453 0.984584852824
2929.62980625 1.01308473015
2929.65023806 1.01478584137
2929.67066977 0.983028514796
2929.69110138 0.977012112375
2929.71153319 0.975152927049
2929.7319649 1.03273955695
2929.75239651 1.04753506911
2929.77282832 0.968700393217
2929.79326003 0.955810756964
2929.81369164 1.00261517494
2929.85455515 0.969873264648
2929.87498676 0.983991544532
2929.89541857 1.01444459527
2929.91585027 0.991811334337
2929.93628188 1.02945091054
2929.95671369 1.00289983651
2929.97714539 1.00841695889
2929.9975771 1.01153747442
2930.01800881 0.973876675929
2930.03844051 0.982431172777
2930.05887222 1.03643863106
2930.09973562 1.01010087537
2930.12016743 1.00207268581
2930.14059913 0.986125769491
2930.16103074 1.02087107321
2930.18146254 0.998966611099
2930.20189424 0.996052004835
2930.22232584 0.98233850159
2930.24275765 1.01734008625
2930.34491605 1.01297117857
2930.36534785 1.00018973583
2930.38577945 1.01111183863
2930.40621115 0.989688498853
2930.42664295 1.02224104421
2930.44707455 1.01273488038
2930.46750625 1.00591787351
2930.48793805 0.991990266309
2930.50836975 0.996976960756
2930.52880134 1.00512132207
2930.54923314 1.01875196464
2930.56966484 0.990634298603
2930.59009643 0.993285015062
2930.61052823 1.04596400161
2930.63095993 0.96602041458
2930.65139152 1.00166271556
2930.67182332 0.996414422601
2930.69225501 0.983324922399
2930.71268661 0.968495901007
2930.7331184 0.952882511118
2930.7535501 0.944706776503
2930.77398169 0.92292804817
2930.83527687 0.97664852734
2930.85570857 1.03336159266
2930.93743534 1.03229427158
2930.95786713 1.02416862868
2930.97829882 0.97532227635
2930.99873041 1.03566405094
2931.0191622 0.988097024645
2931.03959379 1.01705544041
2931.08045727 1.06923619328
2931.10088886 1.01536049143
2931.12132055 1.02732210183
2931.14175234 0.988900203405
2931.16218392 0.983222454866
2931.18261561 0.992167458209
2931.2030474 0.973222429351
2931.22347899 1.02057185695
2931.24391067 1.06231084873
2931.26434246 0.969940540458
2931.28477405 1.00018103577
2931.30520573 0.982693845326
2931.32563752 0.999618591508
2931.34606921 1.01264707771
2931.36650079 1.01410896867
2931.38693258 1.01274090212
2931.40736426 0.972790042817
2931.42779585 1.02293610679
2931.44822763 0.982116074603
2931.46865931 0.985907971538
2931.4890909 0.966177197657
2931.50952268 0.984141471972
2931.52995436 0.968503243007
2931.57081773 1.02598144521
2931.59124941 0.998837731122
2931.61168099 1.0266371401
2931.63211277 0.994655536776
2931.65254446 1.0121482151
2931.67297614 1.0036013406
2931.69340782 0.979989584248
2931.7138395 1.04084858696
2931.73427118 0.993737693282
2931.75470286 0.983913017334
2931.83642957 0.98751535953
2931.85686135 0.977913582767
2931.87729293 1.01120946703
2931.89772461 0.99825634466
2931.91815639 0.986148218644
2931.93858796 0.997147187485
2931.95901964 1.01213949741
2931.97945142 1.02903713053
2931.99988299 1.04994480774
2932.02031467 1.0038980605
2932.06117802 0.987850171319
2932.0816097 0.999454144292
2932.10204147 0.972507842483
2932.12247304 1.01316888189
2932.14290472 0.964513476645
2932.16333649 0.993696718352
2932.18376817 1.0043384951
2932.24506319 0.983868623173
2932.26549476 1.0075296618
2932.34722155 1.00856997902
2932.36765322 1.00297727151
2932.38808479 1.00443762044
2932.40851656 0.988192679708
2932.42894823 0.981582235298
2932.4493798 0.967195577242
2932.46981157 0.983127331927
2932.49024324 0.957988236226
2932.55153824 0.963314642995
2932.59240158 1.02880990363
2932.61283325 0.964167597973
2932.67412825 1.01836142285
2932.69456002 0.973149739283
2932.71499158 1.02110016943
2932.73542325 1.0060285429
2932.75585501 0.959342611203
2932.81715001 1.01136583811
2932.83758157 0.998226419288
2932.85801324 1.01240657622
2932.878445 1.00929145372
2932.89887657 1.0172700828
2932.91930823 1.00757881551
2932.93973999 1.04423617939
2932.96017156 0.95677685592
2932.98060322 1.02866063248
2933.00103498 0.979128027798
2933.02146664 0.977520223293
2933.04189821 1.02572601125
2933.06232997 0.990529798057
2933.08276163 1.00131568606
2933.10319319 1.10317744129
2933.12362495 0.997432481147
2933.14405661 0.963139056432
2933.16448817 1.01341544885
2933.18491993 1.00579509078
2933.20535159 1.00237151111
2933.22578315 0.957829852073
2933.24621491 0.955531912718
2933.28707813 0.992478431408
2933.30750988 0.953246014765
2933.32794144 0.980164957946
2933.3483732 1.00132756545
2933.36880486 1.04368421265
2933.38923651 1.00373308984
2933.40966817 0.972833811632
2933.43009983 1.05035982929
2933.45053148 0.993861749044
2933.47096314 0.961166366459
2933.4913948 0.996968192772
2933.53225821 1.0021577909
2933.55268976 1.03315081918
2933.57312142 1.00628911579
2933.59355317 1.02741332953
2933.61398473 0.973034345166
2933.63441638 0.996565597815
2933.65484813 0.989630730592
2933.67527969 1.01579497876
2933.69571134 0.969318840701
2933.81830125 1.02162871033
2933.838733 1.1247653567
2933.85916465 1.0136987671
2933.8795962 1.01663789057
2933.90002795 1.01399520305
2933.92045961 1.07035551311
2933.94089116 0.984730734517
2933.9613229 0.982102442204
2934.0430494 1.00750773162
2934.06348105 1.03501882485
2934.0839128 1.01501539243
2934.10434434 0.997816295121
2934.12477609 1.00709515672
2934.14520774 1.01749727847
2934.16563929 0.993112465357
2934.18607103 1.01682559207
2934.20650268 1.00246791393
2934.22693423 1.02101807075
2934.26779762 1.0263355046
2934.28822926 1.03237981568
2934.30866091 1.04240578263
2934.32909255 0.982148047738
2934.3495242 1.02566899323
2934.36995594 0.978396080815
2934.39038749 0.998351609179
2934.41081913 0.994546670034
2934.43125087 0.983713952709
2934.45168242 0.995328938983
2934.47211406 0.995480776116
2934.4925458 1.08049374546
2934.51297734 1.00866224716
2934.53340899 0.998892571773
2934.55384073 0.97947089038
2934.57427227 1.00665718021
2934.59470391 0.976422878753
2934.61513565 0.989934557635
2934.63556719 0.986406269672
2934.65599883 0.963406240154
2934.67643058 0.925092522677
2934.77858867 0.969936415175
2934.79902041 1.05580265133
2934.81945195 0.984569091927
2934.83988369 1.01760758535
2934.88074687 1.01980525115
2934.9011786 1.01182764626
2934.92161024 0.984119598339
2934.94204178 0.989001607878
2934.96247351 1.02261036419
2935.00333669 0.990885876285
2935.02376842 0.988606212121
2935.04420006 0.997308821138
2935.06463159 1.00797626683
2935.08506333 1.01077194675
2935.10549497 1.00738289127
2935.1259266 1.02455935644
2935.14635823 0.992873347843
2935.16678987 1.00150671787
2935.1872215 0.979660093899
2935.20765324 1.0350577896
2935.2485164 0.964129102523
2935.26894814 1.00657782254
2935.35067457 0.990712420901
2935.3711062 1.00597549844
2935.39153793 0.997406505493
2935.41196946 0.993069143892
2935.43240109 0.976487164205
2935.45283282 1.00076175947
2935.55499097 1.00200522061
2935.5754226 1.02837926011
2935.59585413 1.02989385374
2935.61628586 1.0338686055
2935.63671749 1.00031215113
2935.65714902 1.02130542459
2935.67758075 0.996944513856
2935.69801237 0.993138416395
2935.7184439 1.02298938404
2935.73887563 0.999330064371
2935.75930726 1.01927589199
2935.77973878 1.05448675541
2935.80017051 0.989662169052
2935.82060214 1.05237385588
2935.84103366 0.991749165922
2935.86146539 1.02584063877
2935.88189701 1.02143161549
2935.90232854 0.969461948113
2935.92276027 0.971090238258
2935.94319189 0.996580253939
2935.98405514 1.00790234357
2936.00448676 0.996144870572
2936.02491839 1.02045682011
2936.04535011 0.963095003913
2936.06578163 0.970013710349
2936.08621326 0.994503609179
2936.10664498 0.987956995102
2936.1270765 0.993567985171
2936.14750813 0.992337840702
2936.16793985 1.00470729477
2936.18837137 1.03335759353
2936.22923471 1.08737234091
2936.24966624 1.02184639518
2936.27009796 0.98993415097
2936.29052948 1.01126006238
2936.3109611 1.00062405884
2936.33139282 0.974810369985
2936.35182434 1.00104951398
2936.37225596 0.992224852675
2936.39268768 0.974461958403
2936.4131193 1.00268707902
2936.43355082 1.02752475292
2936.45398254 1.02227784496
2936.47441416 1.0017080278
2936.49484567 1.00230251501
2936.51527739 1.01384005143
2936.53570901 0.994936231968
2936.55614053 1.00877806133
2936.57657225 1.00882571233
2936.59700386 0.9776221988
2936.61743538 1.01762126337
2936.6378671 1.00183430766
2936.65829871 1.07919694598
2936.67873023 1.03432373984
2936.71959356 1.03373329903
2936.80132002 1.00782642176
2936.82175164 0.989494803401
2936.84218325 0.960674790128
2936.86261487 1.01795483222
2936.88304658 1.00409464016
2936.9034781 0.976550981904
2936.92390981 1.01683171906
2936.94434142 0.98382064792
2936.96477294 1.01361076694
2936.98520465 1.0096841952
2937.00563626 1.01893783564
2937.02606777 1.00838502114
2937.04649949 1.00425968341
2937.066931 1.03153666215
2937.08736261 0.979355065923
2937.10779432 0.989783532668
2937.12822583 0.993221613462
2937.14865744 1.00391809044
2937.16908916 1.00684712808
2937.18952067 0.962850416766
2937.27124711 0.98651787163
2937.29167882 0.99281717662
2937.31211043 0.999950471249
2937.33254193 1.02846712609
2937.35297364 0.982025706945
2937.37340525 1.02054672111
2937.39383676 1.01198783662
2937.41426847 0.984812052047
2937.43470008 1.01927477272
2937.45513158 0.982060325
2937.47556329 1.01142580282
2937.4959949 0.989928154901
2937.51642641 1.01063780375
2937.53685811 0.960360897181
2937.55728972 1.00264181775
2937.57772143 0.998008589567
2937.59815293 0.984480001664
2937.61858454 0.972543247059
2937.65944775 0.991545637361
2937.70031106 0.975588956568
2937.72074267 0.961649520175
2937.74117417 0.973196375751
2937.76160587 0.910187279424
2937.78203738 0.934486639321
2937.84333219 1.0049798325
2937.86376379 0.89999144025
2937.8841955 0.99851492736
2937.904627 0.989227758579
2937.9250586 1.05060863586
2937.9454903 1.04699996627
2937.96592181 1.0230017421
2937.98635341 1.00667886529
2938.00678511 1.02045417215
2938.02721661 1.00122861866
2938.04764821 1.00669860888
2938.06807991 0.99002240659
2938.08851152 0.972363565903
2938.10894302 0.990011208424
2938.19066952 0.970098783711
2938.21110112 1.00195491501
2938.23153282 0.993708783036
2938.25196432 1.01938038801
2938.27239592 1.01981937873
2938.29282761 1.00801568354
2938.31325911 0.948295822386
2938.33369071 0.983362307634
2938.35412241 0.970275002266
2938.37455391 1.0155096662
2938.39498551 0.971228722776
2938.4358487 1.01843896471
2938.4562803 1.0030291441
2938.47671199 1.02631023203
2938.49714349 1.01209428221
2938.51757509 1.05047246708
2938.53800668 1.01321008387
2938.55843828 1.03925861661
2938.57886988 1.01986331569
2938.59930147 1.01151569237
2938.61973307 0.950604460943
2938.64016466 0.962503710115
2938.68102785 0.973154908146
2938.70145945 0.997651334893
2938.72189114 0.986710642206
2938.74232264 0.990633287487
2938.76275433 1.01745379231
2938.78318592 1.01799979556
2938.80361742 0.989776759853
2938.82404911 0.998817625997
2938.8444807 1.00705246032
2938.8649122 0.991948907436
2938.88534389 1.02536087808
2938.92620707 1.03467865259
2938.94663867 0.968846091696
2938.96707026 1.00539198973
2938.98750185 0.975717909111
2939.00793344 1.01640027033
2939.02836503 0.988224920471
2939.04879662 0.98236710517
2939.06922832 1.02946985602
2939.08965981 1.01396833666
2939.1100914 1.03446044374
2939.13052309 0.985392938421
2939.17138617 0.982570268352
2939.19181786 1.01673586554
2939.27354411 1.02631889912
2939.2939757 1.03877060313
2939.31440729 1.11492775853
2939.33483888 0.9667874321
2939.35527057 1.0013867689
2939.37570206 0.989681785806
2939.39613364 0.953242891431
2939.41656533 0.99274498318
2939.43699682 0.934325626708
2939.45742841 0.957979700197
2939.47786009 0.995261851269
2939.49829168 0.982716835191
2939.51872317 0.999823650786
2939.53915485 0.922603502863
2939.55958644 0.990193054082
2939.58001793 1.04180755788
2939.60044961 0.99569022726
2939.6208812 1.0078983915
2939.66174437 1.06422414325
2939.68217595 1.04196539852
2939.70260744 0.995035493802
2939.72303912 1.01748521929
2939.74347071 1.0182090704
2939.76390229 1.01299501213
2939.78433387 1.02100933945
2939.80476546 1.06508282308
2939.82519704 1.04656459409
2939.84562863 0.948079656394
2939.86606021 0.934963392169
2939.90692337 0.954253436423
2939.92735496 0.918440589173
2939.94778654 1.00194711324
2939.96821822 1.00089373656
2939.9886497 1.00000339488
2940.00908139 1.00468804928
2940.04994445 0.976869577044
2940.07037613 0.990757439119
2940.09080761 1.05980116336
2940.13167087 1.08226107481
2940.15210235 1.0431318189
2940.17253393 1.04293699615
2940.19296562 0.974681432416
2940.2133971 1.03142388491
2940.23382867 1.064686704
2940.25426035 1.05533067976
2940.27469183 1.0299665809
2940.33598667 0.948381655091
2940.41771289 0.94720324208
2940.43814456 0.945696971004
2940.45857614 0.937636787437
2940.47900782 0.93111972665
2940.4994393 0.92883560941
2940.51987087 0.972033322135
2940.54030255 0.91107601355
2940.56073403 0.905557500775
2940.5811656 0.877039812021
2940.60159728 0.860748467405
2940.64246033 0.927276423302
2940.74461821 0.979808032192
2940.76504979 0.987455838178
2940.78548136 0.981657534869
2940.80591294 0.935892957224
2940.82634451 0.932762943677
2940.84677618 0.927952375291
2940.88763923 0.984335375148
2940.90807091 0.944606517273
2940.92850238 1.01755564119
2940.94893395 0.983252820076
2940.96936563 1.01909024468
2940.9897971 0.997798433195
2941.01022877 0.99921124486
2941.03066035 1.01539437423
2941.05109182 0.945111528826
2941.07152349 0.998685859403
2941.09195506 0.984167249804
2941.11238654 1.00145309537
2941.13281821 0.986583742593
2941.15324978 1.01281019665
2941.17368135 1.02372616264
2941.19411292 1.06723042912
2941.21454449 1.13766954769
2941.23497606 1.09027969944
2941.37799716 1.0636833515
2941.39842863 1.07663354578
2941.41886019 1.03212425995
2941.43929176 1.05724950355
2941.45972333 0.999324047774
2941.4801549 0.986342780365
2941.50058647 1.02459275724
2941.52101804 1.03810374948
2941.54144961 0.979984494637
2941.56188118 1.01444821105
2941.58231274 0.9984938869
2941.60274441 0.988298836657
2941.62317588 0.987141599368
2941.64360745 0.923400564023
2941.66403911 0.977219233641
2941.68447068 0.985531944619
2941.70490215 0.953176874023
2941.72533382 0.96093787037
2941.74576538 0.997029390778
2941.76619685 0.995583299348
2941.78662852 0.976041959295
2941.80706008 0.954282584319
2941.82749155 0.979626258055
2941.86835478 0.968786302275
2941.88878624 0.995080672907
2941.90921791 1.004749703
2941.99094417 0.922526981902
2942.01137573 1.00049825661
2942.0318073 1.01996190758
2942.05223886 1.02822171276
2942.07267043 1.00750491265
2942.11353355 0.98560289684
2942.13396522 0.967446338873
2942.15439668 1.00644848531
2942.17482824 1.04289521689
2942.19525991 1.04604163076
2942.21569137 1.02855313134
2942.23612293 1.00207178216
2942.2565546 1.00641524143
2942.27698606 1.02299452655
2942.29741762 0.988318213727
2942.31784928 1.03967016162
2942.33828074 0.997320804479
2942.35871231 1.04730627226
2942.37914397 0.951704954359
2942.39957543 1.0008011506
2942.42000699 1.01359019273
2942.44043865 1.00701869852
2942.46087011 1.05332386698
2942.48130167 0.941448507105
2942.50173333 0.985074187303
2942.52216489 0.979483673517
2942.54259636 1.00132091089
2942.56302802 0.955222301224
2942.6243227 0.976369406625
2942.64475425 1.01954786161
2942.66518591 0.997451994681
2942.68561737 0.978842823373
2942.70604893 1.01105552818
2942.72648059 1.00262550561
2942.74691205 0.941044411608
2942.76734361 0.979261117844
2942.78777527 1.02617426349
2942.84906994 0.990280943025
2942.93079607 1.01057691959
2942.95122763 0.995321042728
2942.97165919 0.978507850888
2943.03295396 1.04161850307
2943.05338541 1.00069442913
2943.09424863 1.03022157611
2943.11468008 1.02480606093
2943.13511164 1.04304641015
2943.15554329 0.998519223918
2943.17597475 0.987004781611
2943.1964064 0.962558327778
2943.21683796 0.961055122005
2943.23726942 1.0196529154
2943.25770107 0.980026113172
2943.27813263 1.01229837827
2943.29856408 1.00056763423
2943.33942729 0.986504310383
2943.35985884 0.951205337242
2943.3802904 1.01718496918
2943.40072195 1.03487723323
2943.4211535 1.01283230669
2943.44158506 0.994247781694
2943.46201661 0.996551602437
2943.48244817 1.07426249283
2943.50287982 0.978229763251
2943.52331127 0.998931079954
2943.54374282 1.01103534364
2943.56417448 1.02110262819
2943.58460593 0.976728739759
2943.60503748 1.01830641808
2943.62546914 0.99545249811
2943.64590059 0.966407125269
2943.66633224 1.01366938061
2943.68676369 1.0079456086
2943.70719524 1.004777334
2943.72762689 1.02521107997
2943.74805835 1.00577792241
2943.7684899 0.982828844479
2943.78892155 0.95179322561
2943.82978455 0.986146444861
2943.8502162 1.02395702181
2943.87064775 0.960388238845
2943.8910792 1.03159713322
2943.9319424 1.02336068553
2943.95237385 0.975296026799
2943.99323705 0.984506971215
2944.0136685 0.98574117152
2944.03410015 1.01393312124
2944.07496315 1.00742079024
2944.0953948 1.01376763928
2944.11582635 1.02539145129
2944.1362578 0.992655837456
2944.15668945 0.996001328567
2944.177121 0.982508838138
2944.19755264 0.97238776267
2944.21798409 1.02953820984
2944.23841564 1.02120475887
2944.25884729 0.98907780661
2944.27927874 0.980991097055
2944.29971028 1.05881003
2944.32014193 0.990421093502
2944.34057348 1.02516504344
2944.36100493 1.01490750498
2944.38143647 1.02791102773
2944.40186802 0.978067438308
2944.42229957 0.977497358091
2944.44273122 1.01336879856
2944.50402585 0.972031350661
2944.5244573 0.914737721682
2944.56532049 1.01045760589
2944.58575194 1.00514967659
2944.60618349 1.0108496207
2944.62661513 1.01334903287
2944.64704658 1.00226822696
2944.66747822 0.956884365469
2944.68790977 1.00133948808
2944.70834131 0.985909838699
2944.72877286 0.989389111549
2944.7492044 0.955173247626
2944.76963595 0.963692275557
2944.81049904 1.02405352172
2944.83093058 0.99443015109
2944.85136212 1.00664160533
2944.87179367 1.01487479255
2944.89222521 0.993669855783
2944.91265686 0.965964942841
2944.9330883 0.999102584896
2944.95351984 0.986438596153
2944.97395149 0.971291997821
2944.99438293 1.03364669456
2945.01481447 0.982602902651
2945.05567756 0.992487525417
2945.0761091 0.97479607295
2945.09654065 0.97110848109
2945.11697219 1.03713626985
2945.13740383 1.00359762487
2945.15783527 1.01808931183
2945.17826682 1.00572760814
2945.19869846 1.01632813495
2945.2191299 0.997613423726
2945.23956144 0.978711249207
2945.25999308 1.00918429448
2945.28042462 1.0002182679
2945.30085607 1.00364872527
2945.32128771 1.0052102187
2945.34171925 1.00555921519
2945.36215069 0.948776688937
2945.44387695 0.995636695912
2945.46430849 1.04318298928
2945.48473993 0.991426560285
2945.50517157 1.02899020109
2945.54603465 0.976850178452
2945.56646619 0.98992611166
2945.58689773 1.00645229058
2945.60732937 0.990206121549
2945.62776081 0.970959898984
2945.64819235 1.01467392284
2945.66862399 0.987090815468
2945.68905543 0.992672476347
2945.70948697 1.01460672675
2945.72991861 1.00850455767
2945.75035015 0.96935586269
2945.79121323 0.99133587902
2945.81164466 0.970615960196
2945.8320762 1.03039392413
2945.85250784 0.966654306772
2945.87293928 0.983434706435
2945.89337082 0.979739126381
2945.91380246 1.01261287085
2945.93423389 1.00310321108
2945.95466543 0.995080828147
2945.97509707 1.00340363927
2945.99552851 0.971752580616
2946.01596004 0.998797948313
2946.03639168 0.979897409755
2946.05682312 1.04037872777
2946.07725476 1.00911652868
2946.09768629 1.06551986187
2946.11811783 1.01252297075
2946.13854937 1.03461184742
2946.1589809 0.999668506201
2946.17941244 0.957555245662
2946.19984408 0.970938060695
2946.22027551 0.982483522993
2946.24070705 0.933059425781
2946.28157012 1.02423940324
2946.30200166 0.957114372926
2946.32243329 1.00883789762
2946.34286473 1.02325945341
2946.36329626 0.982942281846
2946.3837279 0.993193093945
2946.40415933 0.988725218883
2946.42459087 1.05135265798
2946.4450225 1.01066964102
2946.46545394 0.975889856632
2946.48588547 0.958344920067
2946.52674854 0.947037453612
2946.54718018 1.00806758281
2946.56761171 1.01997885627
2946.58804315 0.985884039478
2946.60847478 1.06417272042
2946.62890632 1.01176754875
2946.64933775 1.00424289392
2946.66976938 1.00365261917
2946.69020092 0.995705561029
2946.71063235 0.968321215976
2946.73106398 0.999122892819
2946.75149552 1.02145103344
2946.77192695 1.03196674634
2946.79235859 0.979846167481
2946.81279012 1.05162726672
2946.83322155 1.00270370555
2946.85365318 0.999263657083
2946.87408472 0.938681774991
2946.89451615 1.02678760042
2946.91494778 0.96301895529
2946.93537932 1.0058229319
2946.95581095 0.939323988115
2946.97624238 1.03426666681
2947.01710555 1.00284918045
2947.03753708 0.995467126738
2947.05796851 0.995955502855
2947.07840014 1.06588230475
2947.09883167 0.966228644838
2947.11926311 0.986014454299
2947.13969474 0.984886945814
2947.16012627 1.17062176196
2947.1805577 1.00344749191
2947.20098933 1.01025941797
2947.22142086 0.971222841639
2947.26228392 1.02748139454
2947.28271546 0.974921623278
2947.30314689 0.982324264858
2947.32357852 0.995636926853
2947.34400995 0.964046210995
2947.36444148 1.00638615419
2947.38487311 1.01480306646
2947.40530454 0.965566099168
2947.42573617 0.974729490786
2947.4461677 0.970144632244
2947.54832535 1.01175552366
2947.56875688 0.991445054353
2947.58918841 1.11745579284
2947.60962004 1.04391349547
2947.63005147 1.06382147151
2947.650483 0.982152714391
2947.67091463 0.994879641474
2947.69134606 1.02735536468
2947.71177758 0.99904810074
2947.73220921 1.01281303372
2947.75264064 1.00804773858
2947.77307217 0.994508180576
2947.7935038 0.998572243092
2947.81393523 0.971063179119
2947.83436686 0.98432721567
2947.85479839 1.03601809191
2947.87522991 0.992244568159
2947.89566144 0.978444636255
2947.91609297 1.01569516303
2947.9365245 0.933147629555
2948.12040815 0.964081565378
2948.14083977 0.957413302924
2948.1612713 1.0204826471
2948.18170273 0.977396962947
2948.20213436 0.971975678664
2948.24299751 0.994525921525
2948.26342894 0.969892230943
2948.28386046 0.979897275395
2948.30429209 1.02103299873
2948.32472352 1.01607517757
2948.34515504 0.996144863681
2948.36558667 0.980456976335
2948.38601809 1.01867346375
2948.40644962 0.989757057311
2948.42688125 0.993310932459
2948.44731277 0.979686313741
2948.48817582 0.959919706698
2948.50860735 1.02764795521
2948.52903878 1.01591372074
2948.5494704 1.01462448205
2948.56990193 1.00773424882
2948.59033335 1.01072502705
2948.61076498 1.01088724278
2948.6311965 1.00643399202
2948.65162813 0.985095868684
2948.67205955 0.99225889523
2948.7129226 0.96299327752
2948.73335413 1.00565112411
2948.75378565 0.98221314455
2948.77421718 0.978918351617
2948.7946487 0.965851634722
2948.81508023 1.06677255364
2948.83551175 0.988357736053
2948.85594328 1.03303311381
2948.8763748 1.00258041651
2948.89680633 0.980908803219
2948.91723785 1.0304825407
2948.93766937 0.999283329368
2948.958101 0.969608103371
2948.97853242 1.02490295058
2948.99896395 0.985728869153
2949.01939557 0.975242806912
2949.03982699 1.00907700419
2949.06025862 1.00753556557
2949.08069014 0.997215969281
2949.10112156 0.965281282257
2949.12155319 0.984888328983
2949.14198471 0.993430696371
2949.16241613 0.973018784026
2949.18284776 0.972834606305
2949.2237107 1.02991632949
2949.24414233 1.00994134806
2949.32586842 0.984014014351
2949.34629994 0.996004512059
2949.36673146 1.0241800484
2949.38716299 0.984572119385
2949.40759451 1.00772531818
2949.42802603 0.973877805166
2949.44845755 1.00162702789
2949.46888918 1.00730098573
2949.4893206 1.00626875186
2949.50975212 0.994259787159
2949.53018374 0.969314568115
2949.55061517 0.981669295803
2949.57104669 1.01680087727
2949.61190973 0.998642195318
2949.63234125 1.03056734107
2949.65277288 0.958471045572
2949.6732043 0.992926184499
2949.69363582 1.036812256
2949.71406744 1.10495742483
2949.73449886 0.976522730687
2949.75493038 0.984247363858
2949.775362 1.03801096495
2949.79579353 0.9583507959
2949.81622505 0.985341365945
2949.83665657 0.989132290217
2949.85708809 1.00923293504
2949.87751961 0.992124975061
2949.89795113 0.998131013408
2949.91838265 0.999908949041
2949.95924569 0.999281361188
2949.97967722 0.971518333819
2950.00010884 0.976765681871
2950.02054026 0.966803940759
2950.04097178 1.04537421098
2950.0614034 0.953809057425
2950.08183482 0.940627877414
2950.10226634 0.996145698649
2950.12269796 0.99497203188
2950.14312938 0.964897506083
2950.1635609 0.973745007546
2950.20442394 1.03046857406
2950.22485556 0.960726592489
2950.24528698 1.05601005662
2950.2657185 1.0001694315
2950.28615012 1.01140043976
2950.30658164 0.972866987105
2950.32701306 1.018236532
2950.34744468 0.967501412298
2950.3678762 0.981556516545
2950.38830762 0.998819090592
2950.40873924 1.01915892117
2950.44960218 0.999324495425
2950.4700338 0.996233974562
2950.49046532 1.00210522475
2950.51089674 1.01704503082
2950.53132836 0.987655913741
2950.55175987 0.972558893384
2950.57219149 0.983701243079
2950.61305443 1.05512529026
2950.63348605 0.963329726715
2950.65391747 0.964524574549
2950.67434899 0.992670057867
2950.69478061 0.96885988507
2950.71521203 0.977410393047
2950.73564355 1.00546190659
2950.75607516 1.01927535533
2950.77650668 0.977661527816
2950.7969381 0.976316923723
2950.87866428 1.02627136581
2950.89909579 0.957276044121
2950.93995883 1.02656821207
2950.96039025 0.995717599999
2950.98082187 0.996036536651
2951.00125339 0.977330591807
2951.0216848 1.02717750985
2951.04211642 1.00725222069
2951.06254794 0.983104698373
2951.08297936 0.982978349592
2951.10341098 0.999690770985
2951.12384249 0.947589697304
2951.14427401 1.00092585777
2951.16470553 1.00305377569
2951.18513705 1.04260267228
2951.20556856 1.01831902588
2951.22600008 0.976952827426
2951.2464316 1.03631097128
2951.26686312 1.03406097222
2951.28729464 0.975432645541
2951.30772615 1.02500020256
2951.32815777 1.02376844974
2951.38945232 0.953485186559
2951.40988384 1.00922678692
2951.43031526 0.990440421924
2951.45074687 0.996677949617
2951.47117839 1.03388007713
2951.49160981 1.01614784369
2951.51204143 1.00888212474
2951.53247294 1.00337706456
2951.55290436 0.999976843298
2951.57333598 1.03164074774
2951.59376749 0.991182487732
2951.61419901 0.962292709706
2951.63463053 0.997500338047
2951.65506194 0.998567306237
2951.67549356 0.968022051506
2951.69592508 0.997751629414
2951.71635659 1.01572946676
2951.73678811 0.991035709042
2951.75721963 0.971796509762
2951.77765114 1.00375381282
2951.79808276 0.97092169988
2951.81851418 1.01029423994
2951.83894569 1.03940411228
2951.85937731 0.99129130812
2951.87980873 1.01554359921
2951.90024024 0.997002330696
2951.92067186 0.998470217905
2951.94110328 1.00905595128
2951.96153479 1.03207949616
2951.98196641 0.968641983733
2952.00239783 1.03456477785
2952.02282944 0.995352706677
2952.04326096 0.981363959427
2952.06369237 0.970944511127
2952.08412399 0.99711181613
2952.10455551 0.99896119682
2952.12498692 0.983728406549
2952.16585005 0.996699787439
2952.18628157 0.999197345031
2952.20671309 1.04954085102
2952.26800773 1.00667754821
2952.28843915 1.00076031166
2952.30887067 1.01640553821
2952.32930218 1.03103354552
2952.3497337 1.01669272274
2952.37016531 1.00986602181
2952.43145986 1.02233126694
2952.45189128 0.992518210765
2952.47232279 0.975504483226
2952.49275441 0.997186668576
2952.51318582 0.982843936352
2952.53361734 0.98086989427
2952.55404895 0.982671372118
2952.57448037 0.981844708488
2952.59491188 1.0433552206
2952.6153435 0.986469474403
2952.63577502 0.987325233391
2952.65620643 0.993010350936
2952.67663805 0.948831726231
2952.69706956 0.983366858868
2952.71750108 1.00500255084
2952.73793259 1.01708378246
2952.75836411 0.986659703395
2952.84009027 1.00295944177
2952.86052168 0.984600644687
2952.90138481 0.960131289632
2952.98311077 1.02873525497
2953.00354239 1.0618986247
2953.0239738 0.989124020636
2953.04440532 1.03546284281
2953.06483693 1.06249705634
2953.08526835 1.02468579593
2953.10569986 0.9398743596
2958.37702154 0.977981349361
2958.39745316 1.0198275283
2958.41788468 1.00860595287
2958.4383161 1.00517041286
2958.45874772 0.939570336938
2958.47917924 0.992891351271
2958.49961076 0.992991239484
2958.52004228 1.00769264236
2958.5404738 1.0419455867
2958.56090532 1.00578999723
2958.58133694 0.991942291042
2958.60176837 0.944680205328
2958.62219999 0.969665636161
2958.64263151 0.997994506869
2958.66306293 0.970623673892
2958.68349455 1.0337666472
2958.70392607 1.00985525339
2958.72435749 1.00282778985
2958.74478911 0.984774919067
2958.76522063 0.999898000849
2958.78565205 1.01330248376
2958.82651519 1.01637222719
2958.84694661 0.989878187631
2958.86737823 0.992950112242
2958.88780966 0.983267266979
2958.90824118 0.993396441748
2958.9286728 1.02215616891
2958.94910422 0.988385009261
2958.96953584 0.978733754277
2958.98996736 0.977153087345
2959.01039888 0.993597955647
2959.03083041 1.02463857337
2959.07169345 0.958044358527
2959.09212497 0.996117964605
2959.11255649 1.00963512029
2959.13298801 1.01295260051
2959.15341964 0.998715347847
2959.23514563 1.03337650747
2959.25557725 1.02491922741
2959.27600877 0.996538415454
2959.29644019 0.959568008256
2959.31687181 1.05264204989
2959.33730334 1.02161720124
2959.35773476 0.985846803702
2959.37816638 0.993599984289
2959.39859791 1.05625073258
2959.41902943 1.00499801045
2959.43946095 1.02668364803
2959.45989247 1.01617838257
2959.480324 0.990124343373
2959.50075552 1.0290611316
2959.52118704 1.02316763655
2959.56205009 1.03609049425
2959.58248161 1.00113018271
2959.60291314 1.00027444429
2959.62334466 0.994485728652
2959.64377618 0.988307310805
2959.66420781 0.999192483746
2959.68463923 0.997946229291
2959.70507076 1.00363613365
2959.72550238 0.997538396187
2959.7459338 0.994568273603
2959.76636533 0.98934007038
2959.78679695 1.00168124587
2959.80722838 0.997631892242
2959.8276599 0.972594963315
2959.84809152 0.957196061943
2959.86852295 1.0021312069
2959.88895457 1.01073061624
2959.9093861 1.00356112087
2959.92981752 1.01226518289
2959.95024915 0.957067390507
2959.97068067 0.990128995702
2959.9911122 0.924607993687
2960.01154372 0.899557515106
2960.05240677 0.999229161108
2960.11370135 1.06859888643
2960.13413297 1.02714953505
2960.1545644 0.985510243415
2960.17499602 1.01897354185
2960.19542755 1.01591524646
2960.21585898 0.98369708233
2960.2362906 0.977390144878
2960.25672203 0.929543289697
2960.3180166 1.00897551197
2960.33844813 1.00260582305
2960.35887976 0.987917782721
2960.37931118 0.99402543071
2960.39974271 0.999986564195
2960.42017434 1.03843206905
2960.44060576 1.05089336768
2960.46103739 0.959829431834
2960.48146892 1.015011199
2960.50190044 0.980512835542
2960.5427635 1.00700292689
2960.56319502 1.02628752425
2960.58362655 1.00003638404
2960.60405808 0.987067902319
2960.62448961 1.03275040673
2960.64492123 1.01406906698
2960.66535266 0.973313164042
2960.68578419 0.970963630314
2960.70621582 1.00561903082
2960.72664724 0.997807572628
2960.74707887 0.987701825459
2960.7675104 0.963213681131
2960.78794183 0.979879310103
2960.80837346 0.972608616609
2960.82880498 1.01679566691
2960.84923641 0.992418298862
2960.86966804 1.0023646285
2960.89009957 1.03829948263
2960.910531 1.00740818169
2960.93096263 0.968588135181
2960.95139416 1.0104854654
2960.97182568 0.998491891201
2960.99225721 0.989347415064
2961.03312027 1.01467859769
2961.0535518 0.999711750712
2961.07398333 1.08756143133
2961.13527792 0.986776092986
2961.15570945 1.01008083253
2961.17614098 0.995371342431
2961.19657251 0.999974846222
2961.21700414 0.993220325728
2961.23743557 0.970803175174
2961.27829873 0.997344402841
2961.29873016 1.02112600661
2961.31916179 1.0081169379
2961.33959332 1.00393535151
2961.36002475 0.971541086417
2961.38045638 1.00819191998
2961.40088791 0.986080025176
2961.42131934 1.00426428654
2961.44175097 0.979154001474
2961.4621825 1.0423273407
2961.48261403 1.04904648191
2961.5234771 0.974635156135
2961.54390873 0.993022317064
2961.56434016 1.01196590546
2961.58477169 0.959922384667
2961.60520332 0.94909203689
2961.62563475 0.990874033412
2961.70736088 1.00919318057
2961.72779252 1.01320415447
2961.76865558 0.977140822361
2961.78908711 0.951770756439
2961.80951855 0.995250043232
2961.82995018 1.06210301544
2961.85038171 0.959285754047
2961.87081314 0.999731201476
2961.89124478 1.00173433448
2961.91167631 1.02022226333
2961.93210774 1.00618492528
2961.95253938 1.00114830405
2961.97297091 0.969359151581
2961.99340234 0.999127534225
2962.01383398 1.00202607434
2962.03426551 1.00712186775
2962.05469715 0.969145947797
2962.07512858 1.00988136343
2962.09556011 0.964734162349
2962.11599175 0.991384407021
2962.13642328 1.00400533033
2962.15685472 0.95302357076
2962.17728635 0.93130329237
2962.3203071 0.998018301964
2962.34073863 0.977906940266
2962.36117017 1.01185524212
2962.3816016 1.00072374833
2962.40203324 1.00097067005
2962.42246477 0.996487261283
2962.44289621 1.00087606558
2962.46332785 1.05938401956
2962.50419092 0.976545529944
2962.52462245 1.0773583067
2962.54505399 1.03539753371
2962.56548563 0.997977864774
2962.58591706 1.03144281345
2962.6063486 1.03033079676
2962.62678024 0.992901601938
2962.64721178 1.00485273931
2962.66764321 0.985354093007
2962.68807485 1.01171961228
2962.70850639 0.995478734587
2962.74936946 0.932658432403
2962.769801 1.00493738838
2962.79023254 1.03458954359
2962.81066408 0.990202908692
2962.83109562 0.99777997815
2962.85152725 1.00155081282
2962.87195869 1.02141234042
2962.89239023 1.03563058947
2962.91282187 0.968575586515
2962.93325331 1.00502418455
2962.95368485 0.983615636137
2962.99454792 0.991811996078
2963.01497946 0.999542196445
2963.035411 0.980210410426
2963.05584254 0.996438028346
2963.07627418 1.02009272063
2963.09670562 0.994027651038
2963.11713716 0.99044994688
2963.1375688 1.02139648062
2963.15800024 0.964787280933
2963.17843178 1.05098410453
2963.19886342 1.00456544538
2963.2397264 0.983044793046
2963.26015804 0.976531469404
2963.28058958 0.978259994207
2963.30102112 0.985682955863
2963.32145266 1.00227402586
2963.3418842 1.05523966635
2963.36231585 1.02350116657
2963.38274729 0.99893318354
2963.40317883 0.992106828281
2963.42361047 0.999673721105
2963.44404191 1.0116840981
2963.46447345 1.0164537928
2963.48490509 1.02427618195
2963.50533654 1.02632780569
2963.52576808 1.01170501123
2963.54619972 0.958250354028
2963.56663116 1.01207947305
2963.58706281 0.982931754026
2963.60749435 1.02357930974
2963.62792579 0.936772131667
2963.64835743 0.951282214619
2963.66878898 0.890089106781
2963.73008361 0.959971588123
2963.75051505 0.986582210816
2963.77094669 1.04837146953
2963.79137824 1.01862757633
2963.81180978 0.984704054405
2963.83224132 1.0493935388
2963.85267287 1.00567945901
2963.87310451 0.971267845695
2963.89353596 1.02917112585
2963.9139675 0.976998008077
2963.93439915 0.926367140789
2963.97526214 0.969389575868
2963.99569378 1.04016187051
2964.01612523 0.999194328458
2964.03655687 0.990927616862
2964.05698842 1.02117623901
2964.07741986 1.05533673472
2964.09785151 1.00809172761
2964.11828305 0.999275159786
2964.1387145 1.04544842107
2964.15914615 1.01569125025
2964.24087233 0.978989057824
2964.26130388 0.968197019099
2964.28173542 0.98896810362
2964.30216697 1.02437768133
2964.32259852 0.996193303617
2964.34303017 0.980983430986
2964.36346161 0.986762279498
2964.38389326 0.96991429432
2964.40432471 1.03854316666
2964.42475626 0.984233742212
2964.4451879 1.00448875144
2964.46561935 1.01738835214
2964.4860509 1.05658432352
2964.50648255 1.01407928395
2964.526914 1.00927906215
2964.54734565 0.979288666899
2964.56777719 0.993233679542
2964.58820864 0.989641049108
2964.60864029 1.01843875641
2964.62907184 0.981695325897
2964.64950329 0.987017860903
2964.66993494 1.00040916951
2964.71079804 1.0033248517
2964.73122959 1.01164254717
2964.75166114 1.00314680017
2964.77209269 1.03368366207
2964.79252424 0.959407276992
2964.81295579 0.980220050897
2964.83338744 0.992656953199
2964.85381899 1.03247111158
2964.87425044 1.11977116299
2964.89468209 0.996598820233
2964.91511364 0.989885553191
2964.95597675 1.03373320625
2964.9764083 0.994061756231
2964.99683975 0.992577100245
2965.0172714 1.01966391007
2965.03770295 1.00201590967
2965.07856606 1.02527058378
2965.09899751 0.9954622437
2965.11942916 0.973731724353
2965.13986072 0.997577527694
2965.22158693 1.02685752384
2965.24201848 1.00678928484
2965.30331314 0.995181948609
2965.3237447 0.999484347963
2965.34417635 0.987773949184
2965.3646079 1.01724735373
2965.38503936 1.00753086113
2965.40547101 1.00079468571
2965.44633402 1.04139694222
2965.46676568 0.99917540017
2965.48719723 1.01456847537
2965.50762869 0.952854828022
2965.52806034 1.01540611262
2965.5484919 0.984728079466
2965.56892355 1.04135672964
2965.58935501 0.996739365204
2965.60978657 0.980347781795
2965.63021822 1.09271033154
2965.65064968 1.03411043481
2965.69151289 0.993259298569
2965.71194435 0.983726394932
2965.73237591 0.983298643966
2965.75280756 1.02382020467
2965.77323902 1.00560169825
2965.79367058 0.994797904621
2965.81410214 0.987781239422
2965.83453369 0.998938626549
2965.85496535 0.958819707567
2965.87539681 0.966529232413
2965.89582837 1.01818029244
2965.93669158 0.969484660007
2965.95712304 1.00534047574
2965.9775547 1.01292363589
2965.99798626 1.01072266038
2966.01841772 0.994454355276
2966.03884938 0.998818601753
2966.05928094 1.01193555807
2966.0797126 0.984017623371
2966.10014406 1.02874981504
2966.12057562 0.964285316491
2966.14100728 0.965000613563
2966.1818703 0.976139539147
2966.20230196 1.01486210715
2966.22273342 0.995244770916
2966.24316498 1.0537708536
2966.26359664 0.964521030789
2966.2840281 1.06407288324
2966.30445977 0.977270090459
2966.36575445 0.975588039701
2966.38618601 1.00059665353
2966.42704914 1.00254887102
2966.4474807 1.12847151665
2966.46791216 1.00854082802
2966.48834382 1.02963659126
2966.50877539 0.998394080275
2966.52920695 0.983644277706
2966.54963851 0.981862867069
2966.57007008 0.947369772843
2966.59050174 1.0143573139
2966.61093321 1.03995824922
2966.63136477 0.999210824175
2966.6722279 0.948157578762
2966.69265946 1.0160956313
2966.71309113 0.992833986851
2966.73352259 1.00666508455
2966.75395416 0.983270417912
2966.77438582 1.03059860381
2966.79481729 0.973450446472
2966.81524895 0.99634180746
2966.83568052 1.00352873281
2966.85611198 1.07564238305
2966.87654365 0.958705519578
2966.91740678 1.00260783117
2966.93783835 0.952238187284
2966.95826991 1.02709038652
2966.97870148 0.963969397832
2967.01956462 0.983476894623
2967.03999618 0.995081270403
2967.06042785 1.00365345185
2967.08085932 1.02415544542
2967.10129099 1.00017749278
2967.12172255 1.01220954823
2967.14215402 0.995179278796
2967.16258569 0.987598293865
2967.18301716 1.02476895053
2967.20344873 1.02236243512
2967.2238804 1.00674237392
2967.24431187 1.01273173697
2967.26474343 1.01764117392
2967.2851751 0.962909997383
2967.30560657 0.960936901779
2967.32603824 0.978764452449
2967.34646981 0.945771932366
2967.36690128 0.896435264219
2967.40776452 1.00757543193
2967.42819609 0.988238217564
2967.44862767 0.990898744658
2967.46905924 0.970931133391
2967.48949081 1.01669623866
2967.55078562 1.00933577516
2967.57121719 1.01264768003
2967.59164867 1.0007256568
2967.61208034 0.938331203786
2967.65294338 1.0335424954
2967.67337506 0.988268666625
2967.69380663 0.981720768821
2967.7142381 1.01811978608
2967.73466977 0.983188615501
2967.75510135 1.03664521892
2967.77553282 1.02076527683
2967.7959645 0.962248946359
2967.81639607 0.996425812792
2967.83682764 1.01885579394
2967.85725922 1.01546539788
2967.89812237 0.99602810899
2967.91855394 1.01420166056
2967.93898552 0.982383152387
2967.95941709 1.05010535135
2967.97984867 0.986706736141
2968.00028024 0.957349543941
2968.02071182 0.998251302764
2968.04114339 1.01067169105
2968.08200665 1.00681442105
2968.10243812 1.03518722756
2968.14330138 0.982103321651
2968.16373285 1.02533856993
2968.18416453 0.993289341138
2968.20459611 0.950312537475
2968.22502759 0.976165352349
2968.24545926 1.01757886945
2968.26589084 0.987931725809
2968.28632252 0.979340707091
2968.306754 0.973289282513
2968.42934347 1.02189062082
2968.44977505 0.977489077566
2968.47020673 1.00120060016
2968.49063821 1.0299723543
2968.51106979 1.02038428716
2968.53150137 0.988979397049
2968.55193295 1.02993773568
2968.57236463 1.05766067616
2968.59279622 1.00649050398
2968.6132277 1.01504759114
2968.63365938 0.990737705925
2968.65409096 1.00605536457
2968.67452244 0.954278263533
2968.69495412 1.00246274003
2968.71538571 1.01730345657
2968.73581719 0.999976801428
2968.75624887 0.981050627469
2968.77668045 0.977761182816
2968.79711214 1.01173816472
2968.81754362 0.948301133584
2968.8379752 0.958949407488
2968.87883837 1.00059589248
2968.94013312 1.04651689044
2968.96056471 0.990646185427
2968.98099639 0.969224565827
2969.00142788 1.00374770214
2969.02185956 0.982279592805
2969.04229115 0.945642987698
2969.06272273 1.03493715835
2969.08315432 1.05149713107
2969.12401749 0.987765090876
2969.14444908 1.00110642356
2969.16488066 0.980889457448
2969.18531225 1.01060092936
2969.20574384 1.00000671487
2969.22617542 1.03892961842
2969.24660711 1.02670525552
2969.2670386 0.99063760386
2969.28747018 0.98854632109
2969.30790187 1.00879775158
2969.32833336 0.990811415009
2969.34876495 1.00021947437
2969.41005971 1.02666739614
2969.4304914 1.01777347934
2969.45092289 1.03238789592
2969.47135448 0.971210011473
2969.49178617 1.01149632891
2969.51221766 0.987509832822
2969.53264935 0.9283404663
2969.55308094 0.985390668263
2969.57351243 0.887944998962
2969.61437571 1.01777240749
2969.6348073 1.03130765725
2969.6552389 0.967438177829
2969.67567049 0.999534201094
2969.69610208 0.967470663652
2969.71653377 1.02434723995
2969.73696526 0.998357250884
2969.75739696 0.982905252018
2969.77782855 0.986010230794
2969.79826004 0.968900257045
2969.87998651 1.00579153462
2969.90041801 1.02989457567
2969.9208496 1.05473083957
2969.9412813 1.05338053462
2969.96171279 1.06397465494
2969.98214448 0.988584442696
2970.00257608 1.01919040599
2970.02300757 0.966858631538
2970.04343927 0.987574046585
2970.06387086 0.999394137416
2970.10473406 1.05926491148
2970.12516565 1.01475641304
2970.14559725 1.0659035489
2970.16602885 1.03852578428
2970.18646044 1.03712699546
2970.20689214 1.04675047207
2970.22732374 0.959659868912
2970.24775523 0.996032618419
2970.26818693 1.00793507463
2970.28861853 0.9979771222
2970.30905003 0.993692894285
2970.32948172 0.990174404657
2970.34991332 1.02467795463
2970.37034482 0.992823147223
2970.39077652 1.01811084098
2970.41120812 1.00760936499
2970.43163982 0.993293568622
2970.45207132 0.990082282955
2970.47250292 0.98188537993
2970.49293452 0.962223900424
2970.51336612 0.972972490048
2970.59509252 1.01642506273
2970.67681893 1.01859132017
2970.69725053 0.981418475749
2970.71768223 0.99501027433
2970.73811373 0.987992176613
2970.75854533 1.00181951214
2970.77897704 1.00276407793
2970.79940864 1.00797026506
2970.84027185 1.02731017801
2970.90156666 0.993429750522
2970.92199826 1.01611231066
2970.94242997 1.02903411432
2970.96286147 1.03030882294
2970.98329308 1.0076180293
2971.00372478 0.987452638411
2971.02415629 1.00376241055
2971.04458789 1.03275303607
2971.0650196 0.999094282274
2971.12631442 1.0347397096
2971.14674593 0.983633145161
2971.16717763 1.01451583309
2971.18760924 0.994874284264
2971.20804075 1.04118335585
2971.22847246 1.02399531734
2971.24890406 0.98237620887
2971.26933567 0.961750215019
2971.28976728 0.937176674106
2971.3306304 0.97805789226
2971.35106211 0.978505710926
2971.37149372 0.978794950127
2971.39192533 0.978708430407
2971.41235694 1.07603521223
2971.43278855 1.00340812817
2971.45322026 1.01263715265
2971.47365177 0.990952299248
2971.49408338 0.973385598235
2971.51451509 0.984742271668
2971.5349466 0.954507908265
2971.57580992 0.976226443435
2971.59624143 1.0088718191
2971.61667315 0.971338669831
2971.67796798 1.01897228643
2971.6983996 1.01027765847
2971.71883111 1.00970950314
2971.73926282 0.965235550535
2971.75969444 0.964323796666
2971.78012605 0.942799604872
2971.82098928 1.00681687052
2971.84142099 1.02456255559
2971.86185251 1.01609475136
2971.88228412 0.998294745073
2971.90271574 0.996239097616
2971.92314746 0.978421554669
2971.94357897 0.923820625218
2971.96401069 1.03773076421
2971.9844422 1.00343763423
2972.00487382 0.984213110945
2972.02530554 0.982246964992
2972.08660039 0.997939350656
2972.12746362 0.996069108934
2972.14789524 0.994308490749
2972.16832676 0.99163702156
2972.18875848 1.01569584339
2972.2091901 1.01840017737
2972.22962162 1.0284158815
2972.25005334 1.03981773407
2972.27048496 0.989722888561
2972.29091668 0.958450202556
2972.3113482 0.947795250408
2972.33177982 1.00771161396
2972.35221154 1.00722370383
2972.37264306 0.967721632904
2972.39307468 1.07801244303
2972.4135064 1.01042239433
2972.43393802 0.997405581105
2972.45436954 0.973051736669
2972.47480126 1.00963494762
2972.49523289 1.02827267448
2972.57695948 1.0248560512
2972.597391 0.986253902382
2972.61782262 1.00569781166
2972.63825425 1.03884287265
2972.69954912 0.958381627639
2972.71998075 0.966899652112
2972.74041247 1.01171262999
2972.760844 1.00500053348
2972.80170735 0.960423116265
2972.82213887 1.0641405959
2972.8425705 0.977749442742
2972.86300223 0.996682554535
2972.88343375 0.994771116939
2972.90386538 1.01545726047
2972.94472874 0.967263439689
2972.96516036 0.96356678876
2972.98559199 0.995371197594
2973.00602362 0.96627725433
2973.04688688 0.991411096214
2973.06731851 0.981289907716
2973.08775023 1.00679543777
2973.10818176 1.00390924525
2973.12861339 0.997305608614
2973.14904512 1.00442235492
2973.21034002 1.03732020069
2973.23077155 1.00482671219
2973.25120328 1.0610776194
2973.27163491 0.991901978691
2973.29206644 1.01605370287
2973.31249817 0.992990678504
2973.33292971 1.00132050834
2973.35336134 0.992753828693
2973.37379307 1.00584617351
2973.3942246 1.05408682897
2973.41465634 0.972136303973
2973.43508797 1.01358667259
2973.4555195 0.988776758904
2973.57810941 0.993674105871
2973.59854105 0.965939400592
2973.61897268 0.967490265487
2973.63940442 0.997391915513
2973.65983606 1.03480799514
2973.68026759 0.98324614411
2973.70069933 1.0573358382
2973.72113097 1.01322681468
2973.7415625 1.03290227206
2973.76199424 1.01222440938
2973.78242588 0.978204997877
2973.80285742 1.01772286024
2973.82328916 1.00839377982
2973.84372079 1.01743828173
2973.86415253 1.07965733768
2973.88458407 1.02843481716
2973.90501571 1.04985430663
2973.92544735 0.96970232424
2973.94587899 0.9800266361
2974.06846884 1.00488089842
2974.08890058 0.967892316667
2974.10933212 0.970274719693
2974.12976376 0.981487814719
2974.1501955 1.0003996449
2974.17062715 0.983449945748
2974.19105869 1.0771816232
2974.21149043 0.969089017161
2974.23192208 1.00503933871
2974.27278537 0.970315360644
2974.29321701 1.03346538087
2974.31364875 0.996724498757
2974.3340803 0.984083330105
2974.35451194 0.985133624301
2974.37494369 0.97149478848
2974.39537524 0.983429525347
2974.41580688 0.970755400329
2974.43623863 1.00648204302
2974.45667017 0.986805957356
2974.53839686 1.05491502896
2974.55882851 1.00080453551
2974.57926016 1.01259666215
2974.59969181 0.982563992542
2974.62012346 0.981894837195
2974.6405551 1.02137253437
2974.66098675 0.994274637308
2974.6814184 1.00384215673
2974.70184995 0.944195399411
2974.7222817 0.979134114931
2974.763145 1.00262174146
2974.78357665 1.00126226272
2974.8040083 0.99778399
2974.82444006 1.03845394567
2974.84487161 0.970866251757
2974.86530326 1.01989071055
2974.88573501 0.998996709676
2974.90616656 1.01331627056
2974.92659822 0.981871883608
2974.94702997 0.966253391006
2974.96746152 0.957257481587
2975.00832493 0.970135920291
2975.02875648 0.993063864233
2975.04918824 1.01814152068
2975.06961989 0.976008522582
2975.09005145 1.01161523842
2975.1104832 1.06669119574
2975.13091486 0.996446472367
2975.15134651 0.982594866249
2975.17177817 0.993237134022
2975.19220983 0.970248645118
2975.21264158 0.992028674945
2975.2535048 1.01124379085
2975.27393655 1.02889479313
2975.29436811 1.02529676876
2975.31479977 1.00978479459
2975.33523153 1.01166794949
2975.35566318 0.998383088326
2975.37609474 1.05431280421
2975.3965265 1.00492241417
2975.41695806 1.017160555
2975.53954802 0.971267699727
2975.55997978 1.02019460967
2975.58041145 0.964184462858
2975.60084301 0.993775549485
2975.62127477 1.01101888595
2975.64170643 0.978598093544
2975.66213819 1.06424881068
2975.68256976 0.978299726999
2975.70300142 0.963737381055
2975.72343318 1.00917495731
2975.74386475 1.01324165776
2975.76429641 1.02008006754
2975.78472818 1.05999240734
2975.80515984 0.992445197901
2975.8255914 0.957386911564
2975.84602317 1.03114222075
2975.86645484 1.01696263041
2975.8868865 0.966474230383
2975.90731817 0.957078992696
2976.02990817 0.987146700369
2976.05033984 1.02950715326
2976.17292995 0.998616474283
2976.19336152 1.05120136756
2976.23422496 0.964029153365
2976.25465653 0.986170771966
2976.2750882 0.988288448867
2976.29551997 1.01000068262
2976.31595155 1.04348146082
2976.33638332 0.978430362672
2976.35681499 1.04044604494
2976.37724666 1.00866657561
2976.39767834 0.998561901557
2976.41811001 1.03823421574
2976.43854168 0.997084227451
2976.47940503 0.991048058586
2976.4998367 1.10077080123
2976.52026848 1.02302385248
2976.54070005 1.03887556303
2976.56113183 0.9790488156
2976.5815635 1.02686284516
2976.60199508 0.978664666599
2976.62242686 1.01114339988
2976.72458514 1.03660544341
2976.74501692 0.971288905626
2976.7654485 0.98799663223
2976.78588027 1.0522057021
2976.80631195 1.04148383909
2976.82674363 1.00537316089
2976.84717531 0.963056392125
2976.86760699 0.968726362163
2976.88803867 1.03211897904
2976.90847035 1.00051024079
2976.92890203 1.02843088391
2976.96976549 0.976722139599
2976.99019707 1.0558510123
2977.01062886 0.98349436151
2977.03106054 1.01219746354
2977.05149212 0.94038287665
2977.0719239 0.97354238175
2977.09235559 1.05660912505
2977.11278717 0.996858942777
2977.13321895 1.04466296794
