# #0 time, 1 flux
2905.41806627 0.995438928526
2905.43849854 0.997784182895
2905.45893082 0.996960098445
2905.47936309 0.998905347805
2905.49979536 1.00299252921
2905.52022763 1.00973530492
2905.5406599 0.995704136142
2905.58152444 0.991744942216
2905.60195671 0.998255652601
2905.62238908 0.998160462378
2905.64282125 0.999744676308
2905.66325352 1.00422445161
2905.68368589 0.999690033246
2905.70411805 1.00042743827
2905.72455042 1.00202805825
2905.74498268 1.00468832302
2905.76541485 0.998090164994
2905.78584721 1.00090435333
2905.82671164 1.00373642353
2905.847144 0.999356914131
2905.86757616 1.00274799376
2905.88800853 0.999367201327
2905.90844079 1.00351971847
2905.92887295 1.01361891885
2905.94930521 1.00171033786
2905.96973757 0.998953202939
2905.99016982 0.998965558464
2906.01060208 1.00159564679
2906.03103434 0.995485312258
2906.07189885 1.00560543989
2906.09233111 1.00181261999
2906.21492463 1.00581737509
2906.23535688 1.00765487062
2906.25578924 0.993672520896
2906.27622139 0.9928942758
2906.31708599 0.995103780479
2906.33751814 1.00249343699
2906.35795038 1.00292429069
2906.37838273 1.00563665901
2906.39881498 0.991175288037
2906.41924723 1.00971280585
2906.43967947 1.00509709023
2906.46011172 0.999598009459
2906.48054396 0.997885873218
2906.50097621 0.996405075226
2906.52140845 0.998906409872
2906.56227294 1.00592122294
2906.58270518 1.00396230168
2906.60313742 0.99710984321
2906.62356966 1.01504581934
2906.64400181 0.99732613433
2906.66443415 0.998434005313
2906.68486639 1.00722941479
2906.70529852 0.997155054796
2906.72573086 1.00345039091
2906.7461631 0.996104659553
2906.82789205 1.00522500514
2906.84832428 1.00022944196
2906.86875652 1.00116111483
2906.88918885 1.00069151203
2906.90962098 0.994756332206
2906.93005322 0.995158426824
2906.95048555 1.00177868043
2906.97091778 1.00522620334
2906.99134991 0.994156017023
2907.01178224 0.997435208643
2907.0526466 0.999227527928
2907.07307893 0.999811766222
2907.09351116 1.00189438507
2907.11394329 1.00209640569
2907.13437562 0.995386239542
2907.15480784 0.991373550759
2907.17523997 1.00268222721
2907.1956723 0.996450128692
2907.21610452 0.997195747971
2907.33869786 0.992529341236
2907.35912998 1.01584215975
2907.3795623 0.992141766384
2907.39999452 0.999717907588
2907.42042674 0.997351833474
2907.44085896 1.00301940036
2907.46129118 1.00497985005
2907.4817235 1.00012892244
2907.50215562 0.989331394034
2907.52258783 0.997944589757
2907.54302015 1.0057708123
2907.56345226 1.00375134014
2907.58388448 0.996216750257
2907.60431679 1.00700223775
2907.62474891 1.00030409194
2907.64518112 0.998456476462
2907.66561344 1.00675015596
2907.68604555 1.002735511
2907.70647776 0.996373879463
2907.72691007 0.986591010027
2907.74734218 0.994036848512
2907.7882067 1.00604852496
2907.80863891 0.998215401568
2907.82907102 0.999526965504
2907.84950333 1.00650811856
2907.86993554 1.00343850602
2907.89036764 1.00209916711
2907.91079995 0.994221507225
2907.93123216 0.998723028214
2907.95166426 0.985836281928
2907.97209657 0.986860921269
2908.05382538 1.00653787104
2908.07425748 1.00420860434
2908.09468978 1.00527037637
2908.11512189 0.992077155824
2908.13555409 1.00136421716
2908.15598639 0.997859035787
2908.17641859 1.00735719561
2908.19685078 1.00150570923
2908.21728298 1.00389787977
2908.23771518 1.00112335789
2908.27857957 0.996406485346
2908.29901177 1.00199434817
2908.33987616 0.994538076965
2908.36030836 1.00050003788
2908.38074065 0.998311523966
2908.42160494 0.996121466952
2908.44203723 1.00716777372
2908.46246932 1.00836128117
2908.52376589 1.00001589804
2908.54419808 1.00682669066
2908.56463037 0.994264127293
2908.58506246 1.01051977832
2908.60549465 0.994942754169
2908.62592693 0.990639640583
2908.64635912 1.00159828705
2908.66679121 0.999794646682
2908.68722349 0.999378084876
2908.70765568 1.00088673971
2908.72808776 0.990649176306
2908.74852005 0.997964431818
2908.76895223 0.999860944905
2908.78938431 0.995888391743
2908.8098166 1.00535058877
2908.83024878 1.00441240086
2908.85068086 0.997971813145
2908.87111314 0.999013765396
2908.89154522 0.998554871633
2908.9119774 0.981126291921
2909.07543492 1.00360322073
2909.0958671 0.993469363256
2909.11629927 0.998611986275
2909.13673145 0.99935264813
2909.15716372 0.999635812131
2909.17759579 0.998044466544
2909.19802796 0.994443619503
2909.21846024 1.0005690432
2909.25932448 0.994255599326
2909.27975675 1.00007283904
2909.30018882 1.00108283347
2909.32062099 0.992204966422
2909.34105326 0.997748863316
2909.36148532 0.991079169503
2909.38191749 1.00054291956
2909.40234976 0.997839521088
2909.42278182 0.992030665693
2909.44321399 0.989725444582
2909.46364626 0.99591168794
2909.50451048 1.00609754524
2909.52494275 1.00218491495
2909.54537491 0.996736166184
2909.56580697 1.00145973569
2909.58623924 1.0038938652
2909.6066713 0.992156818894
2909.62710346 0.992181536473
2909.64753572 1.00217241287
2909.66796778 1.00227129169
2909.68839994 1.00202163506
2909.7088322 1.00156989567
2909.74969641 1.00060038389
2909.77012867 1.00050357391
2909.79056073 1.00169335332
2909.81099289 0.989719217794
2909.83142514 1.00585040138
2909.8518573 1.00076404533
2909.89272161 0.997568569071
2909.91315376 1.00199006762
2909.93358581 1.00966036976
2909.95401806 1.00053773503
2909.97445022 0.998192373164
2909.99488227 0.993401446944
2910.01531452 1.00028044692
2910.03574667 1.00618957449
2910.05617892 1.00500732154
2910.07661097 1.00548340985
2910.09704312 0.996099763122
2910.11747537 0.998881904054
2910.13790741 1.00068756806
2910.15833956 1.00037968834
2910.17877181 0.991496468151
2910.19920385 0.99515317836
2910.24006825 0.990751245649
2910.26050029 0.998860243868
2910.28093243 0.994284034162
2910.30136468 1.00204138365
2910.32179672 1.00296433326
2910.34222886 1.00295092764
2910.3626611 0.996954781234
2910.38309315 0.992713055501
2910.40352529 0.999246170887
2910.42395753 0.999726132523
2910.50568598 0.998533142439
2910.52611812 1.00621400346
2910.54655036 1.00798095644
2910.5669824 1.00004850973
2910.58741453 1.00181493526
2910.60784677 1.0032492508
2910.6282788 0.996559855214
2910.64871094 1.01700383844
2910.66914317 0.989593181554
2910.68957531 1.00383823113
2910.73043957 1.00012019848
2910.7508717 0.999929090299
2910.77130373 1.00124478284
2910.79173597 1.00137812217
2910.8121681 0.998650886311
2910.83260013 0.995019691022
2910.85303236 0.999331718433
2910.87346448 0.999224302233
2910.89389651 1.00612288485
2910.91432874 0.996365483894
2910.93476087 1.00133349504
2910.97562512 1.00478738139
2910.99605725 1.00093295922
2911.01648937 1.00056731176
2911.0369215 1.0097273884
2911.05735362 0.998978669526
2911.07778574 0.999335364704
2911.09821787 0.997020285044
2911.11864999 1.0010228227
2911.13908211 0.998123537473
2911.15951423 0.997154034529
2911.17994635 1.00859815247
2911.22081059 1.00090455522
2911.24124271 1.00004928524
2911.26167493 0.999806117364
2911.28210695 0.999505257276
2911.30253907 0.99175868829
2911.32297129 1.00303230501
2911.3434033 1.00862203981
2911.36383542 0.998755614631
2911.38426764 0.998255606773
2911.40469965 0.99865603201
2911.42513177 1.01368007633
2911.44556398 1.00808003955
2911.46599599 0.999908934985
2911.48642811 1.00228884522
2911.50686032 1.00198313759
2911.52729243 1.00640722262
2911.54772444 0.999397833794
2911.56815665 0.996497660789
2911.58858877 0.99898118454
2911.60902078 0.994147078253
2911.62945299 0.996103285793
2911.75204563 1.00671804905
2911.77247774 0.990412582237
2911.79290974 0.991115705085
2911.81334195 0.999874281476
2911.83377405 1.01591654947
2911.85420606 0.999093623476
2911.87463826 0.996916930302
2911.89507036 1.00077479544
2911.91550247 1.00160855184
2911.93593457 1.00721402196
2911.95636667 0.994438288936
2911.97679867 1.01348447597
2911.99723087 1.0004816237
2912.01766297 0.996358240722
2912.03809497 0.993282728399
2912.05852717 1.0026163532
2912.07895927 0.994174384221
2912.09939126 0.989882756039
2912.11982346 1.00272526518
2912.14025556 1.00087048308
2912.16068755 0.997304167748
2912.18111975 1.00192334539
2912.20155184 0.993571605437
2912.22198394 1.00964575606
2912.24241603 1.00695995052
2912.26284813 0.997679479205
2912.28328022 1.00258218777
2912.30371231 1.01561232138
2912.32414441 1.00930444233
2912.3445765 1.00418194689
2912.36500869 0.998579059022
2912.38544068 0.99875027349
2912.46716914 0.989415955517
2912.48760122 1.00412369187
2912.50803321 0.991845029449
2912.5284654 1.00123400339
2912.54889749 0.984938136254
2912.56932947 0.999660313535
2912.58976166 0.988871741796
2912.61019364 1.00181011441
2912.63062573 0.991288674907
2912.65105791 0.998257574041
2912.67148989 0.998719703449
2912.69192198 0.998523917544
2912.71235416 0.992784694068
2912.73278624 0.998817688946
2912.75321822 1.00649302788
2912.7736504 0.999644700869
2912.79408248 1.00080331001
2912.81451446 0.998610942266
2912.83494664 1.00628683231
2912.85537872 1.00223610112
2912.8758107 0.994397866209
2912.89624288 0.99041607359
2912.91667496 1.00066949046
2912.93710693 1.01699398222
2912.95753911 0.997493217695
2912.97797118 1.00029079332
2912.99840316 0.994729521246
2913.01883533 1.00660661643
2913.03926741 1.01046634488
2913.05969948 1.0003730242
2913.08013156 1.00497959634
2913.10056363 1.00049818883
2913.1209957 0.990294545323
2913.14142777 1.00321863841
2913.18229192 0.996382955058
2913.20272409 0.99691068024
2913.22315606 1.00046163662
2913.26402029 0.996384994659
2913.28445226 1.00242507957
2913.30488433 1.00351208974
2913.3253165 0.995536950581
2913.34574846 0.995506661191
2913.36618053 1.0039092806
2913.3866126 1.00102882903
2913.40704466 0.997878844119
2913.42747673 1.0033999775
2913.44790879 1.00152029056
2913.46834085 0.997998929219
2913.48877292 1.00053193474
2913.50920498 1.01133501841
2913.52963704 0.992578438381
2913.5500691 0.998102564353
2913.57050127 0.998606249685
2913.59093323 0.989940630114
2913.61136539 0.999627555844
2913.63179745 1.00565959969
2913.67266156 0.999820634263
2913.69309362 1.01235864822
2913.71352558 1.01214668789
2913.73395774 1.00453010673
2913.75438979 1.00782276677
2913.77482175 0.995903625111
2913.79525391 0.9995276511
2913.81568596 0.995567694323
2913.83611792 0.996882940378
2913.85655007 0.997336591989
2913.87698212 1.00334116136
2913.89741418 1.01097754599
2913.91784623 1.00308674801
2913.93827828 0.995515746219
2913.95871033 0.997065204022
2913.97914239 0.999299499484
2913.99957444 0.991384859819
2914.02000649 1.0121795544
2914.04043864 0.99279238479
2914.06087059 0.997039720329
2914.08130264 0.987102546843
2914.10173468 1.00259871286
2914.12216673 1.00281917168
2914.14259878 1.00259980617
2914.16303083 0.999739423979
2914.18346287 1.0057904459
2914.20389482 0.998473244427
2914.22432696 1.00044626433
2914.24475901 1.0048388955
2914.26519105 0.99675991105
2914.2856231 0.994176031488
2914.30605514 1.00312976664
2914.32648718 1.01586856584
2914.34691923 1.01163254255
2914.36735127 1.00738832255
2914.38778331 0.997633989666
2914.40821545 0.997401715279
2914.42864739 0.989676891454
2914.44907943 0.990593411752
2914.46951157 0.991776869005
2914.48994351 0.998645516573
2914.51037555 1.00177639573
2914.55123962 0.997057468245
2914.57167166 1.00343181495
2914.5921038 0.995108644672
2914.61253573 1.0005395622
2914.6533999 1.00142679255
2914.67383184 0.995935111872
2914.69426387 1.00893185432
2914.714696 0.997208154747
2914.73512804 0.998381264172
2914.75556007 1.00413374256
2914.7759921 1.00695060097
2914.79642413 0.995994268551
2914.83728819 0.999739617743
2914.85772022 0.999752215805
2914.87815225 0.992367919867
2914.89858428 1.00091235069
2914.91901631 1.01313611653
2914.93944834 0.994359806551
2914.95988037 0.99614578959
2914.9803123 1.0064328163
2915.00074442 1.01180211265
2915.02117645 1.00391234068
2915.04160837 0.998064176133
2915.08247252 0.99764831387
2915.18463264 0.996167346123
2915.20506466 0.991923052104
2915.22549668 0.997003295783
2915.2459288 1.00553119505
2915.26636072 0.999874145547
2915.28679274 1.00529704211
2915.30722486 0.997096147107
2915.32765678 0.999614138377
2915.3480888 0.994978541423
2915.36852092 1.00318761234
2915.38895284 0.993489462511
2915.40938485 0.991758747052
2915.42981697 1.00692471304
2915.45024889 0.999824022582
2915.4706809 0.99766875315
2915.49111302 0.993478403165
2915.51154493 1.00404193845
2915.53197695 1.00269406431
2915.55240906 0.999782880547
2915.57284107 0.993964226887
2915.59327299 1.0046821292
2915.6137051 1.00563317671
2915.63413711 1.00693000475
2915.71586505 0.995253378998
2915.73629716 1.00716713005
2915.75672907 1.01482444608
2915.77716108 0.998391325677
2915.79759319 0.995643782501
2915.81802509 1.00380148739
2915.8384571 1.00017645602
2915.85888921 1.0032753278
2915.87932111 0.994458686121
2915.89975322 1.00569772881
2915.92018522 1.01722053883
2915.94061723 1.00443189779
2915.96104923 0.99922811308
2915.98148123 1.00826035865
2916.00191324 0.998155865063
2916.02234524 0.999789335506
2916.04277724 0.992724972465
2916.06320924 0.996888397521
2916.08364134 0.994868960198
2916.10407325 1.00094153637
2916.12450525 1.01640396441
2916.14493735 0.995104520038
2916.16536924 0.996766932522
2916.18580124 0.997186089737
2916.20623334 0.999392254298
2916.22666524 1.00797751067
2916.24709724 1.00515403836
2916.26752933 0.996994813982
2916.28796123 0.996149915083
2916.30839323 1.00653851715
2916.32882532 1.00161772479
2916.34925722 0.997840576976
2916.36968921 0.993541835223
2916.3901212 0.999566853948
2916.4105533 1.00212228897
2916.43098519 1.0070527463
2916.45141728 1.01043254296
2916.47184918 0.986158637185
2916.49228117 1.00353179455
2916.51271326 0.999702769494
2916.53314515 0.992578182331
2916.55357714 0.995446983006
2916.57400923 0.996220368967
2916.59444112 0.996016074605
2916.61487311 0.999828639142
2916.6353052 0.998331375482
2916.67616907 1.00511844398
2916.69660116 0.996220118682
2916.71703304 0.993709455809
2916.73746503 1.00235892083
2916.75789712 0.998684515187
2916.7783291 1.00183312347
2916.79876098 0.998646433411
2916.81919307 0.988387493935
2916.83962505 0.994186075653
2916.86005694 0.999093549097
2916.88048902 1.01689141392
2916.900921 1.00096995466
2916.92135308 1.0056442467
2916.94178496 0.99383927927
2916.96221694 1.00063759222
2916.98264902 1.0144283375
2917.0030809 1.0007468365
2917.02351288 0.999377436596
2917.04394496 1.00400032954
2917.06437684 1.00037611715
2917.1052408 0.997276959757
2917.12567277 1.00554566974
2917.14610475 1.00632577918
2917.16653673 0.992080856569
2917.1869687 0.999303558335
2917.20740068 1.00292792463
2917.22783265 1.0073506074
2917.24826463 1.00587663896
2917.2686966 0.9992629561
2917.28912867 0.998130560374
2917.30956055 1.00393951872
2917.32999252 0.999065462953
2917.35042459 1.00195018751
2917.37085646 0.997078209861
2917.39128843 0.995501222226
2917.4117205 0.996366616643
2917.43215237 0.998565507323
2917.45258434 0.997926505909
2917.47301641 1.00355546574
2917.49344828 0.996779755874
2917.51388025 1.00103165045
2917.53431232 1.00615994233
2917.55474418 1.00195389027
2917.57517615 1.00061304099
2917.59560822 0.996591531346
2917.61604018 1.00574936875
2917.63647205 1.00475471662
2917.65690411 1.0037422286
2917.67733608 0.999317877781
2917.69776794 0.997767958615
2917.7182 1.00137735323
2917.73863197 0.996530411319
2917.75906383 1.0028845943
2917.77949589 0.998476539171
2917.79992785 1.00710831505
2917.82035972 0.997349143007
2917.84079178 0.995336492552
2917.86122374 0.997374618691
2917.8816556 1.00323411825
2917.90208766 1.00326694146
2917.92251962 1.00169817635
2917.94295157 1.00066505943
2917.96338353 0.999461561992
2917.98381549 1.01443826255
2918.00424745 0.997120998913
2918.12683928 0.995941486569
2918.14727113 1.00018544403
2918.16770309 0.999613010211
2918.18813514 1.00743678111
2918.20856699 1.01241580052
2918.22899894 1.00558215308
2918.249431 0.994841249988
2918.26986285 1.00101584295
2918.2902948 0.999871221714
2918.31072685 0.994372935097
2918.3311587 1.00007868717
2918.35159065 1.00197127901
2918.3720227 1.00934878855
2918.39245454 0.996280883061
2918.41288649 0.999690267408
2918.43331854 1.01028072568
2918.45375049 0.995658344966
2918.47418233 1.0034623874
2918.49461438 0.994532010303
2918.51504633 0.993284620294
2918.53547817 0.995480938511
2918.55591022 0.999348306338
2918.57634216 0.993457231648
2918.596774 1.00365843025
2918.61720605 0.995809599791
2918.63763799 0.99521862804
2918.65806983 0.992782299223
2918.67850187 1.00443123954
2918.69893372 0.995689917606
2918.71936566 1.00153515511
2918.7397977 0.994837214897
2918.76022954 1.00168649739
2918.78066148 0.99629988304
2918.80109352 1.00093184431
2918.82152546 1.00182039568
2918.84195729 0.99625723295
2918.86238933 1.00727992061
2918.88282127 0.991524873831
2918.90325311 1.00166480268
2918.92368514 1.00171897441
2918.94411708 0.996037926042
2918.96454892 0.994659177449
2918.98498095 0.998105030416
2919.00541289 0.9955412998
2919.02584492 0.999287650068
2919.06670869 1.00400077033
2919.08714072 0.997808904107
2919.10757255 0.999849843813
2919.12800449 0.993757318197
2919.14843652 1.00197322701
2919.16886835 1.00504022005
2919.18930028 0.994373363227
2919.20973231 0.991623536895
2919.35275581 1.00180925424
2919.37318764 0.999146526324
2919.39361966 1.00350356714
2919.41405159 1.00133558348
2919.43448341 0.999595628946
2919.45491544 0.992654496442
2919.47534726 1.00243610145
2919.49577919 0.992095073064
2919.53664303 0.997768357489
2919.55707496 1.01009472585
2919.57750698 1.00208083758
2919.5979388 0.997564230167
2919.61837072 1.00376391827
2919.63880274 0.999109170193
2919.65923466 0.996940973042
2919.67966649 1.00781393109
2919.7000985 0.99572191255
2919.72053042 1.00700454951
2919.74096224 1.00832897647
2919.76139426 1.00453364992
2919.78182618 1.00141922493
2919.802258 0.999938805988
2919.82269001 1.01510848968
2919.84312193 1.00438631996
2919.86355375 0.999863096185
2919.88398576 1.00540472198
2919.90441768 1.00765181485
2919.92484949 1.00094731837
2919.94528151 0.990818990985
2919.96571342 0.994784818138
2919.98614523 0.993796299037
2920.00657725 1.00068322051
2920.02700916 1.00029355356
2920.04744117 1.00781498395
2920.06787298 1.0019641676
2920.08830489 1.00808124203
2920.10873681 1.00743262368
2920.12916882 0.998530614678
2920.14960063 0.99930767085
2920.17003254 1.00627149622
2920.19046444 1.00189062954
2920.21089635 0.998157306396
2920.23132836 0.996504185807
2920.25176017 1.00939032599
2920.29262408 1.00072038355
2920.31305589 0.993924812885
2920.3334878 1.0000343892
2920.3539198 1.0095314349
2920.37435161 0.993650519015
2920.39478351 1.00096382511
2920.41521552 1.00511760465
2920.43564732 0.997546726476
2920.45607922 0.997751962201
2920.57867063 0.997487446557
2920.59910264 1.00347125294
2920.61953454 0.992941936812
2920.63996633 1.01153039396
2920.66039833 0.995185587855
2920.68083023 0.99204620752
2920.70126203 1.00782172109
2920.72169403 0.999417303683
2920.74212593 1.00399375656
2920.76255772 0.999301400311
2920.78298972 0.998097738852
2920.80342162 0.999906950963
2920.82385341 1.00282039171
2920.84428541 0.993577966423
2920.8647173 0.995809144943
2920.8851492 1.00457669078
2920.90558109 0.998231253828
2920.92601298 1.00065286443
2920.94644478 0.998317471847
2920.96687677 1.00150057887
2920.98730866 1.00074675644
2921.06903613 1.00106288068
2921.08946812 1.00229145855
2921.10990001 0.99392407479
2921.13033179 1.00550484573
2921.15076378 1.00202472155
2921.17119567 0.999218389251
2921.19162766 0.99306637712
2921.21205945 0.995493731673
2921.23249133 1.00011584767
2921.25292332 0.997697964421
2921.27335511 1.00391271812
2921.29378699 1.00628827128
2921.31421898 1.00168626056
2921.33465086 1.00011994808
2921.35508265 0.999005171953
2921.37551463 1.002396144
2921.39594651 1.00325224602
2921.4163783 1.00241668476
2921.43681028 0.998010787321
2921.68199282 0.99332860897
2921.70242469 0.995084567994
2921.72285657 0.993382661144
2921.76372032 1.00756707147
2921.7841522 1.00620354935
2921.80458417 0.998685399386
2921.82501595 1.0025293973
2921.84544782 1.01229862327
2921.8658798 0.997185292918
2921.88631157 0.999919988974
2921.90674344 1.005068862
2921.92717542 1.00851297117
2921.94760719 0.997406543121
2921.96803906 1.00612639701
2922.0089028 0.995698899391
2922.02933467 1.00103333544
2922.04976654 1.00422030448
2922.07019841 0.999562738895
2922.09063028 1.00003990901
2922.11106215 0.996353692215
2922.13149402 1.00061811186
2922.15192589 1.00044310815
2922.17235785 1.00397651675
2922.29494905 1.00191513685
2922.31538082 0.996002736062
2922.33581278 1.0060520829
2922.35624464 0.995095999141
2922.37667641 1.00020957729
2922.39710837 1.00192554214
2922.41754023 1.00014068149
2922.437972 0.997294308927
2922.45840396 0.995561777644
2922.47883582 1.00617742073
2922.49926758 0.991941653957
2922.51969954 1.01059877711
2922.5401314 0.997941708489
2922.56056326 1.00075225024
2922.58099512 0.992961557974
2922.60142698 0.997477512635
2922.62185884 1.00039163483
2922.6422908 0.996729596908
2922.66272255 1.00622109669
2922.68315441 0.992490375173
2922.70358637 0.992640294168
2922.74444998 1.0003031621
2922.76488194 0.997414897041
2922.78531369 0.998176325829
2922.80574555 1.00402606676
2922.86704111 0.994848663181
2922.88747296 0.999906143033
2922.92833667 0.989487319192
2923.03049592 0.999166418694
2923.05092777 0.99266483825
2923.07135972 1.00058502069
2923.09179147 1.00128452645
2923.11222332 1.00061609159
2923.13265527 1.00284232665
2923.15308701 1.00346494056
2923.17351896 0.993262738124
2923.19395081 1.01471677666
2923.2348145 1.00056540636
2923.25524635 1.0033764625
2923.27567809 1.00051678474
2923.29611004 1.00603717146
2923.31654188 1.00054233803
2923.33697363 0.996150706775
2923.35740557 1.00378590652
2923.37783741 1.00739396173
2923.39826926 1.0003916326
2923.4187011 1.00709053094
2923.43913294 1.00000743589
2923.45956478 0.994948196223
2923.47999673 1.00572358761
2923.50042847 0.996817503191
2923.52086031 0.994983777511
2923.54129215 0.997222832629
2923.6230195 0.993596022538
2923.64345134 0.997327449247
2923.68431502 0.989755605704
2923.72517869 1.00620768597
2923.74561053 0.996704796945
2923.76604236 0.997597342518
2923.7864742 1.00296115165
2923.80690603 1.00146429201
2923.82733787 0.999403718414
2923.8477698 1.00258875189
2923.86820153 0.990628468678
2923.88863337 0.999424735525
2923.9090653 0.99831988567
2923.92949703 0.997682840618
2923.94992887 0.999933737601
2923.9703608 1.00620066816
2923.99079253 1.00279910425
2924.01122436 0.991030621981
2924.03165629 1.00479936794
2924.05208802 1.0038958156
2924.07251985 1.00017756957
2924.09295178 0.993683086107
2924.11338351 1.0087517728
2924.13381544 0.998398246357
2924.2564064 1.00030808606
2924.27683823 1.00336461748
2924.29727005 0.988370176033
2924.31770188 1.00148123346
2924.3381337 0.994487825886
2924.35856552 1.00265279313
2924.37899735 0.996204846765
2924.50158828 0.996666032173
2924.5220201 1.00138400227
2924.54245183 0.999792844592
2924.56288375 0.999730196401
2924.58331557 0.995308828579
2924.60374738 1.00016110338
2924.6241792 0.998498430653
2924.64461102 0.997605327407
2924.66504284 1.00319286924
2924.68547476 1.00003694768
2924.70590648 1.00559638132
2924.72633829 0.998222067004
2924.74677021 1.00121966505
2924.78763374 1.00755309977
2924.80806566 1.00630840961
2924.82849737 1.00492139523
2924.84892919 1.00770531679
2924.8693611 0.992428566355
2924.88979282 0.99717410687
2924.97152007 0.99201021073
2924.99195198 1.00264932384
2925.01238369 0.995536352378
2925.0328156 1.00464641346
2925.05324742 1.00163612942
2925.07367923 0.994906774911
2925.09411104 1.00490047339
2925.11454285 1.005595512
2925.13497455 0.996428206189
2925.15540646 0.998245314487
2925.19626998 1.00962973833
2925.21670189 1.00243722945
2925.2371337 0.990923805671
2925.2575654 0.989686234179
2925.27799731 0.994103157735
2925.29842912 0.996550527166
2925.31886082 1.00796110367
2925.33929273 1.00656630436
2925.35972453 0.999995053823
2925.38015624 0.987001009404
2925.40058814 1.00035405638
2925.42101995 0.996380157715
2925.44145175 0.997387182703
2925.46188355 0.997643219253
2925.48231536 1.00552841002
2925.50274716 0.988951305998
2925.52317906 0.996475731987
2925.54361076 1.00015338722
2925.56404256 1.00641254967
2925.58447446 1.00254976763
2925.60490616 0.992331989102
2925.62533796 0.991635111669
2925.64576986 0.99211876725
2925.68663336 0.998853334976
2925.70706526 1.0011021558
2925.72749696 0.995876095558
2925.74792876 0.993302684064
2925.76836066 0.99681254548
2925.78879235 1.00056980038
2925.80922415 0.996984189451
2925.82965595 1.00486195488
2925.85008774 1.00180182633
2925.87051954 0.988878152825
2925.95224682 1.00141311824
2925.97267851 0.991460296976
2925.9931104 0.999981066465
2926.0135422 1.00013859
2926.03397389 1.00150760629
2926.05440578 1.00621208716
2926.07483757 0.9938710614
2926.09526926 1.00265652084
2926.11570116 1.00628375623
2926.13613295 1.00077107376
2926.15656464 1.0003830659
2926.17699653 0.994700753515
2926.19742832 1.00670898603
2926.21786001 0.997030149873
2926.23829189 1.0028151837
2926.25872368 0.998105459444
2926.27915547 0.993893351657
2926.29958726 1.0042478521
2926.32001905 1.00747841185
2926.34045083 0.999150451967
2926.36088272 0.993556838628
2926.38131441 0.998413513872
2926.42217808 0.998300952873
2926.44260976 0.996106706989
2926.46304155 0.998086458681
2926.48347343 0.998245093196
2926.50390512 0.99757082612
2926.5243369 1.00113512765
2926.54476868 0.997440457023
2926.56520047 1.01174814489
2926.72865472 0.998201810982
2926.7490865 1.00418668541
2926.76951828 1.01391008232
2926.78995015 1.00072369052
2926.81038183 0.998364106314
2926.83081371 1.00727117498
2926.85124549 0.997934214521
2926.87167717 1.00464032969
2926.91254082 1.00220351496
2926.9329725 0.997740657296
2926.95340437 1.00750103735
2926.97383615 0.991106679642
2926.99426782 0.987998616329
2927.0146997 1.00387410238
2927.03513147 0.997966095275
2927.05556315 1.00658467285
2927.07599502 1.00292091096
2927.09642679 1.01154345426
2927.11685857 1.00066670415
2927.13729034 1.00020146477
2927.15772211 0.994758051305
2927.17815388 1.00426403133
2927.19858575 1.00163176566
2927.21901743 0.992953071839
2927.2394492 0.997675946405
2927.25988107 0.996214733008
2927.28031274 0.989394083569
2927.30074451 1.00151396307
2927.32117628 0.999184320742
2927.44376688 0.994511766
2927.46419865 1.00609821696
2927.48463042 0.991614542717
2927.50506218 0.997002834803
2927.52549395 1.00454717737
2927.54592572 1.00498327853
2927.56635748 1.00198646025
2927.58678925 1.00327400962
2927.60722101 0.99712578701
2927.62765287 0.98916628712
2927.64808454 0.989534159709
2927.6685164 0.999656481374
2927.68894816 1.0061183145
2927.70937983 1.00940435292
2927.72981169 0.997864444857
2927.75024345 0.995122317872
2927.77067511 0.997789275069
2927.79110697 1.00852432383
2927.81153873 1.00005524548
2927.83197039 1.00732335131
2927.91369753 1.00034578819
2927.93412929 0.998490085644
2927.95456105 1.00911810633
2927.97499281 1.00192310826
2927.99542456 0.997766182337
2928.01585632 1.00211103097
2928.03628808 1.00253661971
2928.05671983 0.997198730736
2928.07715159 1.00618721837
2928.09758335 0.996417154489
2928.1180151 1.00252399265
2928.13844676 1.00466635106
2928.15887861 0.994370274602
2928.17931037 0.999079584499
2928.19974202 1.00195534168
2928.22017387 1.00173711402
2928.24060563 1.00002497602
2928.26103728 0.994035986954
2928.28146913 0.99314602446
2928.44492314 1.00239445701
2928.46535499 0.997535699661
2928.48578664 0.998387643825
2928.50621849 0.997564254986
2928.52665024 0.994132327831
2928.54708189 1.00982635044
2928.56751373 1.00028258672
2928.58794548 0.996894387631
2928.60837713 1.00321349206
2928.62880897 1.00978342123
2928.64924072 1.00394353178
2928.66967237 1.00082870918
2928.69010421 1.00681146461
2928.71053596 1.0023023625
2928.7309676 1.00769892507
2928.75139945 0.999225792682
2928.77183119 1.00634731076
2928.79226294 0.998766010214
2928.91485329 0.998089244616
2928.93528513 1.00112178459
2928.95571687 0.9986399161
2928.97614852 0.99238996801
2928.99658036 1.00040340948
2929.0170121 1.00580495743
2929.03744374 0.998510274372
2929.05787558 0.994433603286
2929.07830731 1.01089550098
2929.11917079 0.997983307492
2929.13960253 1.01268708246
2929.16003427 0.999889270015
2929.20089774 0.99862735618
2929.22132948 1.00384165874
2929.24176121 1.00234834451
2929.26219295 1.00044072843
2929.28262469 0.995399101204
2929.30305652 0.995494200513
2929.38478336 1.00063477556
2929.40521519 0.998977446588
2929.42564693 0.998844978093
2929.44607856 1.00274666365
2929.48694213 0.996285801188
2929.50737376 0.99840330596
2929.52780559 1.00358242176
2929.54823722 1.00154459324
2929.56866895 0.999570040044
2929.58910078 0.995692666659
2929.60953241 0.99821648548
2929.62996414 1.00292396746
2929.65039597 0.999210091739
2929.6708277 0.996850817322
2929.69125933 0.995690109159
2929.71169116 0.999978126672
2929.73212289 1.00008473948
2929.75255451 1.00970295975
2929.77298634 0.99817163062
2929.79341807 0.998108286742
2929.8138497 0.988833313927
2929.85471325 1.00960241136
2929.87514488 1.0031379731
2929.8955767 1.01552427068
2929.91600843 1.00709220057
2929.93644005 0.996641664575
2929.95687188 1.0083941198
2929.9773036 1.00623784942
2929.99773532 0.992409586178
2930.01816705 0.998346188345
2930.14075748 0.994727409124
2930.1611891 0.991046273653
2930.18162093 1.00030415497
2930.20205265 0.99786422673
2930.22248427 0.996571121811
2930.24291609 0.996733744899
2930.26334781 1.00543261509
2930.28377943 1.00627107655
2930.30421124 1.00230469963
2930.34507458 1.00305825629
2930.3655064 1.00198848471
2930.38593802 1.00933687712
2930.40636973 1.00661731719
2930.42680155 1.00643170983
2930.44723317 0.999306931286
2930.46766489 0.999403750173
2930.4880967 0.990787722849
2930.50852842 0.998144162537
2930.52896003 0.9927728128
2930.54939185 1.00472886649
2930.56982356 1.00065001627
2930.59025518 0.992873867481
2930.61068699 0.995783681419
2930.6311187 1.00398632753
2930.65155032 0.998454280118
2930.67198213 1.00144966125
2930.69241384 1.00008023045
2930.71284546 0.994280720931
2930.73327727 0.998048174347
2930.75370898 1.00158637804
2930.87629925 0.99848801036
2930.89673096 1.01165516643
2930.95802618 1.00171953522
2930.97845789 0.993053471808
2930.9988895 1.00578639383
2931.12147974 1.00234609623
2931.14191155 1.00148488536
2931.16234315 1.00388951228
2931.18277486 1.00506883517
2931.20320666 0.998016479476
2931.22363827 1.00870166598
2931.24406997 0.999438686825
2931.26450177 1.01680779191
2931.30536508 0.989946638948
2931.32579688 1.00367400388
2931.34622859 0.996549661231
2931.36666019 0.990379363848
2931.38709199 0.996424184436
2931.40752369 0.991659540281
2931.42795529 1.00126913028
2931.44838709 0.997099300301
2931.4688188 0.999090201954
2931.4892504 1.00301954097
2931.61184059 1.01045601804
2931.63227239 0.999528363419
2931.65270409 0.99903121794
2931.67313579 0.998825848402
2931.69356748 1.00204903366
2931.71399918 1.00226031812
2931.73443088 0.995262035763
2931.75486257 0.995117834425
2931.83658936 1.00224890501
2931.85702115 1.00245860209
2931.87745274 1.01241071082
2931.89788444 1.0047612404
2931.91831623 1.00898576019
2931.93874783 0.996251288562
2931.95917952 0.996628337583
2931.97961131 0.994992649891
2932.12263305 1.0066018019
2932.14306474 0.999978781496
2932.16349654 0.989479308421
2932.18392823 0.998426565575
2932.20435981 1.008393015
2932.2247916 0.991847160503
2932.24522329 0.998822487083
2932.26565488 0.997193395466
2932.28608667 0.99928269434
2932.30651836 1.0071367431
2932.32694995 1.00086587464
2932.34738173 0.996911212253
2932.36781342 0.997671280089
2932.38824501 1.00214256403
2932.40867679 1.00275639262
2932.42910848 1.00424714776
2932.44954007 0.990867074019
2932.46997185 0.997032490749
2932.59256196 0.993806504363
2932.61299364 1.00776237809
2932.63342533 0.997741459546
2932.65385701 0.993013329174
2932.67428869 0.993928300995
2932.69472047 1.00391473099
2932.71515206 0.994607368092
2932.73558374 1.0041472029
2932.83774214 1.00584714896
2932.85817382 1.00418344257
2932.93990064 1.00676920714
2932.96033222 1.00106249112
2932.9807639 0.995953984959
2933.00119567 1.00169649931
2933.02162735 1.00430980705
2933.04205893 1.00197822763
2933.0624907 0.998597686964
2933.08292238 0.999951775011
2933.10335396 0.999516849844
2933.12378573 0.999756188831
2933.14421741 1.00032246586
2933.16464899 0.992736895969
2933.18508076 0.996542505063
2933.20551244 1.00251085259
2933.22594401 1.00307584314
2933.30767081 0.990626031916
2933.32810238 1.00112318476
2933.34853415 0.993862160003
2933.40982917 0.999397460757
2933.43026084 1.00067619478
2933.45069251 1.00649284141
2933.57328253 0.996251713447
2933.5937143 0.999842424407
2933.61414587 0.996065048936
2933.63457754 0.997227262529
2933.65500931 0.997087277592
2933.67544088 1.00142404346
2933.69587255 0.998604861825
2933.71630431 0.990117833846
2933.73673588 1.00838857311
2933.77759931 1.00597334535
2933.79803088 1.00790884987
2933.81846255 0.995523837816
2933.83889431 0.998958830045
2933.85932598 0.999691368992
2933.87975754 1.00223787137
2933.90018931 1.00994403984
2933.92062097 1.00171841161
2933.94105254 0.998922638368
2933.9614843 1.0000995099
2934.06364252 0.995240393658
2934.08407428 0.996566071202
2934.10450584 0.998581385704
2934.12493761 1.0092613832
2934.14536927 1.00303647478
2934.16580083 0.994825238109
2934.18623259 1.00000665423
2934.20666425 1.00915281362
2934.28839089 1.00041989803
2934.30882255 0.989627607019
2934.32925421 0.999667174907
2934.34968587 0.991892587254
2934.37011763 0.998433481159
2934.39054919 1.00818977932
2934.41098084 0.999270350676
2934.4314126 0.993422372321
2934.45184416 0.994463626992
2934.47227582 0.999817786926
2934.49270757 0.995682343567
2934.51313913 0.99777932319
2934.53357079 1.01164824006
2934.55400254 1.00854170893
2934.5744341 0.998126737874
2934.59486575 1.00887467716
2934.61529751 0.999356271407
2934.63572906 1.00344836061
2934.65616072 1.00242497939
2934.81961395 1.00319836174
2934.8400457 1.00294088081
2934.86047735 0.995308425568
2934.8809089 0.999547420568
2934.90134065 1.00095246905
2934.92177231 0.998665342247
2934.94220386 0.997704971628
2934.96263561 1.0008496407
2935.00349881 0.999936289572
2935.02393056 1.00485162659
2935.04436221 1.00050826935
2935.06479376 0.998241226211
2935.08522551 1.0054646716
2935.10565715 0.999879956376
2935.1260888 1.00447939956
2935.14652045 1.0024375192
2935.1669521 0.997630434372
2935.18738375 0.992829561993
2935.20781549 1.00073464881
2935.24867869 1.00345152735
2935.26911043 0.997799748088
2935.28954198 0.995623590434
2935.30997363 0.997549894475
2935.35083692 1.00982754416
2935.37126856 1.00736353835
2935.39170031 0.998020675452
2935.41213185 1.00304228961
2935.53472171 0.995982551426
2935.55515346 0.995547700084
2935.5755851 0.999233358751
2935.59601664 1.01570372073
2935.61644838 0.996807755716
2935.63688003 1.00532693735
2935.65731157 0.987825427083
2935.67774331 0.999467394505
2935.69817495 0.995173431905
2935.71860649 0.99537872995
2935.73903823 1.00857560124
2935.75946987 1.00906806159
2935.77990141 0.996057980998
2935.80033315 1.00310254131
2935.82076479 0.995469727386
2935.84119633 1.00158412754
2935.86162807 0.998652140215
2935.88205971 0.997213791273
2935.90249124 1.00041248628
2936.02508117 1.00707538273
2936.04551291 1.00308625638
2936.06594444 0.999860238202
2936.08637608 1.01033212362
2936.10680781 1.00076699263
2936.12723935 1.0066923955
2936.14767098 0.99638864128
2936.27026089 1.00213223376
2936.29069242 1.00386577915
2936.31112406 0.996493778528
2936.33155579 1.00117667876
2936.35198732 0.991124227463
2936.37241896 0.98564244525
2936.39285069 1.00552789628
2936.41328232 0.999928221601
2936.43371385 1.00167857462
2936.45414558 1.0001952604
2936.47457721 1.00105619677
2936.49500874 1.00323493163
2936.51544047 1.01261820098
2936.53587211 0.994601996912
2936.55630364 1.00135154517
2936.57673537 1.00217560745
2936.59716699 1.00290168406
2936.61759852 0.983051469014
2936.78105165 0.999588785936
2936.80148328 1.00176843708
2936.8219149 0.994186774557
2936.84234653 0.999267750664
2936.86277816 1.00607443739
2936.88320988 1.00610786481
2936.90364141 0.99758714475
2936.92407313 1.00056954209
2936.94450476 0.994304824491
2936.96493629 0.993874688516
2936.98536801 0.995767941055
2937.00579963 1.00931303348
2937.04666288 0.999530410775
2937.06709441 0.997668615595
2937.08752603 0.986013082963
2937.10795775 0.997967034614
2937.12838928 0.999164148669
2937.1488209 0.999577584017
2937.16925262 1.00087087083
2937.18968415 1.00033859723
2937.21011577 1.00089693517
2937.23054749 0.993913168263
2937.25097911 0.996394078205
2937.27141063 0.99265677816
2937.29184235 1.00123570968
2937.31227397 1.01316449653
2937.3327055 0.991468391601
2937.35313722 0.99566794222
2937.37356884 0.996418613601
2937.39400036 0.994381010842
2937.41443208 0.999734313895
2937.45529521 1.00624620869
2937.47572693 1.0087058926
2937.49615855 1.00405934398
2937.51659007 0.998686369925
2937.53702179 0.992019852295
2937.55745341 0.996013253317
2937.57788513 0.99898130649
2937.59831664 0.998549184838
2937.61874826 1.00768042542
2937.63917998 1.01570217948
2937.65961149 1.01696380551
2937.70047483 1.00358194654
2937.72090644 1.00642572095
2937.74133796 1.00586911174
2937.76176967 0.999968321848
2937.78220119 1.00231788346
2937.80263281 0.999750149532
2937.82306452 0.99671773669
2937.84349604 1.00717028815
2937.86392765 0.99842759592
2937.88435936 0.992945482424
2937.90479088 0.999155212166
2937.92522249 1.00336062085
2937.94565421 1.00194267028
2937.96608572 1.00517302448
2937.98651733 1.0081798976
2938.00694904 1.00260796815
2938.02738056 0.99717993374
2938.04781217 1.00011280925
2938.06824388 1.0148833715
2938.08867549 1.00148716916
2938.10910701 1.00000863753
2938.12953872 1.00224460218
2938.25212838 1.00105808773
2938.27255999 1.00460437637
2938.2929917 0.995705235231
2938.31342321 1.00703533481
2938.33385482 1.00132221717
2938.35428653 0.997070275558
2938.37471804 0.99432330448
2938.39514964 0.998446217736
2938.43601286 1.00320770743
2938.45644447 0.996645756281
2938.47687618 0.995411502774
2938.49730768 0.994434741199
2938.51773929 0.998957901652
2938.5381709 1.00567065781
2938.5586025 1.00129086488
2938.57903411 0.992339915107
2938.59946572 0.999347767152
2938.61989732 1.00004071819
2938.64032893 1.00033482523
2938.68119214 0.999821833562
2938.70162374 1.00180497582
2938.72205545 1.00082645561
2938.74248695 1.00110965468
2938.76291866 1.00585050888
2938.78335026 1.00553196887
2938.80378176 0.992578413348
2938.82421347 0.979523456273
2938.84464507 0.996556262017
2938.86507658 1.01025726114
2938.88550828 1.00031323823
2938.90593988 0.997399815883
2938.92637148 0.99705779502
2938.94680309 0.996696859162
2938.96723469 1.00902026052
2938.98766629 0.998085948304
2939.00809789 0.999986163224
2939.02852949 1.00166513383
2939.04896109 0.990148268041
2939.0693928 1.00140482608
2939.0898243 0.998143495535
2939.2124139 0.999011970685
2939.23284549 1.0049234994
2939.25327719 1.00198908134
2939.27370869 1.00375471304
2939.29414029 0.998236739136
2939.31457189 1.00414475602
2939.33500349 1.00695825939
2939.35543519 0.997694224422
2939.37586668 0.9979171971
2939.39629828 0.989327450394
2939.41672998 0.999754268948
2939.43716148 0.996535361444
2939.45759307 0.995934458596
2939.47802477 1.00074839504
2939.49845637 0.995352784283
2939.51888786 1.0004796938
2939.53931956 1.00506521931
2939.55975115 0.992536524056
2939.58018265 1.00053414243
2939.60061434 1.00019174026
2939.62104594 0.99590960159
2939.66190913 1.00621959858
2939.68234072 1.00282224189
2939.70277222 1.00207943221
2939.72320391 0.998464178691
2939.74363551 1.0115721395
2939.7640671 1.00027951741
2939.78449869 0.999982772996
2939.80493029 0.992768711683
2939.82536188 1.00088215129
2939.84579347 0.999597785446
2939.92751984 1.00197988517
2939.94795143 1.00191949174
2939.96838312 1.0002467331
2939.98881461 1.00651344949
2940.00924631 0.998627188923
2940.0296778 1.0134938588
2940.09097257 0.994255688982
2940.11140416 1.00117022482
2940.13183585 1.00025146062
2940.15226734 0.998058160197
2940.17269893 0.997079301989
2940.19313062 0.998633943262
2940.21356211 0.995930475162
2940.23399369 0.994982879194
2940.25442538 1.00377936737
2940.27485687 0.995950217416
2940.29528846 0.998481267039
2940.31572015 0.990682088187
2940.33615174 1.01039039357
2940.35658322 1.00269543225
2940.3974465 1.00690764924
2940.41787798 1.00299071287
2940.43830967 1.00399498778
2940.45874126 0.996897940602
2940.47917294 0.997314253469
2940.49960443 0.992577102443
2940.52003602 0.995405083825
2940.5404677 0.994656290563
2940.70392028 1.00108325734
2940.72435186 1.00489006819
2940.74478345 1.00114300235
2940.76521503 1.00877816106
2940.78564662 0.994394560085
2940.8060782 0.997020271107
2940.82650978 1.00612407954
2940.84694146 0.998699280891
2940.88780453 0.996353143716
2940.96953096 1.00421173805
2940.98996244 0.996253078145
2941.01039412 0.988588501115
2941.0308257 0.997626855683
2941.05125718 0.997432692814
2941.07168886 0.994446374461
2941.09212044 1.00224760898
2941.11255192 0.999524558188
2941.1329836 1.00048665165
2941.15341518 1.00413154339
2941.17384676 1.00467406293
2941.19427834 1.00982882994
2941.21470992 1.00148835362
2941.2351415 0.994531878247
2941.25557308 1.0019911554
2941.27600466 0.997146235927
2941.29643623 1.00087732137
2941.4190257 0.998402887699
2941.43945728 0.985643852767
2941.45988886 0.99987884493
2941.48032043 1.00223119925
2941.50075201 0.997145554909
2941.52118358 1.00478640039
2941.54161516 1.00661145296
2941.56204674 0.994981230262
2941.58247831 0.99975517502
2941.60290999 0.992452006189
2941.62334146 1.00005433599
2941.64377304 1.00127231256
2941.66420471 1.00056339394
2941.68463629 0.991964452253
2941.70506776 1.01290951292
2941.72549944 1.00263257257
2941.74593101 0.995040870892
2941.76636249 0.992222732512
2941.78679416 0.999197886096
2941.9093836 0.994648583821
2941.92981517 1.00269286161
2941.95024664 1.01085306632
2941.99110989 1.00136257208
2942.01154146 0.997845257857
2942.03197303 0.992259906492
2942.0524046 1.00880538517
2942.13413099 1.00180744421
2942.15456246 0.994225273228
2942.17499403 1.00410777706
2942.1954257 1.01816457913
2942.25672041 0.999663921996
2942.27715188 0.990548095658
2942.29758345 0.995825655296
2942.31801512 1.00437686593
2942.33844659 1.0055932657
2942.35887815 0.992764652756
2942.37930982 0.997334076899
2942.39974129 1.00135879587
2942.42017286 1.00074530597
2942.44060453 0.993616965503
2942.461036 1.00278070821
2942.48146756 0.999032951826
2942.50189923 1.00484478182
2942.5223308 0.99399667458
2942.54276227 0.991373253272
2942.6449202 0.982353303385
2942.66535186 1.00214916997
2942.68578333 0.998360472818
2942.7062149 0.999076464599
2942.72664656 1.00602590181
2942.74707803 0.996950166989
2942.76750959 1.01182274221
2942.78794126 1.00543097913
2942.80837272 1.00564387893
2942.84923595 1.008962858
2942.89009898 0.999529555903
2942.91053064 0.995772069948
2942.93096211 1.00832477557
2942.95139367 0.996311942301
2942.9922568 1.00320260637
2943.01268836 1.00922746526
2943.03312003 1.00534828625
2943.05355149 1.00443419622
2943.09441471 0.992573253499
2943.11484618 1.00506495995
2943.13527774 0.983515546862
2943.1557094 1.00138548527
2943.17614086 0.995288447587
2943.19657252 0.997140872219
2943.21700409 1.00001404328
2943.23743555 1.00687329473
2943.25786721 1.0008343524
2943.38045657 0.990797933984
2943.40088813 0.998130879098
2943.42131969 0.999132540978
2943.44175125 1.00342452884
2943.46218281 1.00269271139
2943.48261437 1.01010432409
2943.50304603 0.991273778282
2943.52347749 0.993323743329
2943.54390905 0.99324465806
2943.56434071 1.00009078106
2943.58477216 0.98793187583
2943.60520372 0.996739281067
2943.62563538 0.994519691362
2943.72779317 0.996494837211
2943.74822463 1.00783710062
2943.76865618 1.00534505531
2943.85038251 0.99847790526
2943.87081407 1.00341482581
2943.89124552 1.01211458112
2943.91167718 0.990801908238
2943.93210873 0.992623251582
2943.95254019 1.00111110224
2943.97297184 1.00004853724
2943.9934034 1.00111950643
2944.11599273 1.00442809435
2944.13642418 0.997321507886
2944.15685584 1.00147806582
2944.17728739 1.00663493481
2944.19771904 0.997788309013
2944.2181505 0.997059890078
2944.23858205 1.00937363028
2944.25901371 1.00573726179
2944.27944516 0.996487991271
2944.29987671 1.00190603974
2944.32030836 1.00334341187
2944.34073992 1.00586051495
2944.36117137 0.995361660859
2944.38160292 0.997524185226
2944.40203447 0.993546725157
2944.42246603 0.994207901249
2944.44289768 1.00590930263
2944.46332913 0.998410547915
2944.62678164 0.999177493459
2944.64721309 0.995489561337
2944.66764474 0.999951353682
2944.68807629 0.99648149969
2944.70850784 0.994606370156
2944.74937094 0.997839919962
2944.76980249 1.00149937112
2944.81066559 1.00151896402
2944.83109714 1.00409339166
2944.85152868 1.00075830224
2944.87196023 0.996278247739
2944.89239178 1.00404889424
2944.91282343 0.994445874772
2944.93325488 0.992487467849
2944.95368643 1.000565749
2944.97411808 1.00986545604
2944.99454952 0.9967332754
2945.01498107 0.993782434265
2945.05584417 0.998142452436
2945.07627571 1.01017507883
2945.09670726 0.99471445898
2945.11713881 1.0057680504
2945.13757045 1.00234565411
2945.1580019 0.992333812133
2945.17843345 0.998982876893
2945.19886509 1.00004060792
2945.21929654 1.00060873674
2945.23972809 0.995361233339
2945.26015973 1.00105150224
2945.28059128 1.00297791177
2945.30102272 0.999983913209
2945.32145437 0.987894536218
2945.34188592 1.00404985473
2945.36231736 0.995240197886
2945.38274901 1.00040535761
2945.40318055 0.999875233758
2945.423612 0.995040191734
2945.44404364 1.0084459596
2945.46447519 1.00128717721
2945.48490663 0.995917276137
2945.50533827 0.994403260159
2945.54620136 0.998595000512
2945.56663291 1.0014149177
2945.58706445 1.00076721397
2945.60749609 1.00342976435
2945.62792754 1.0083489037
2945.64835908 1.0049916572
2945.66879072 1.00432767764
2945.68922217 0.997638744407
2945.70965371 0.994930750924
2945.83224297 1.00016835448
2945.85267461 1.00330131358
2945.87310605 1.00247812194
2945.89353759 1.00410857734
2945.91396923 1.00584289401
2945.93440067 1.00014168906
2945.95483222 1.00173315566
2945.97526386 0.996735179753
2945.9956953 1.00441823831
2946.01612684 0.994801268017
2946.03655848 0.985735346174
2946.05698992 1.00476453508
2946.07742156 0.990340497668
2946.0978531 0.993553444813
2946.11828464 0.99815227761
2946.13871618 0.992437051764
2946.15914772 0.991017514627
2946.17957926 0.998385260231
2946.2000109 0.999928973541
2946.32260014 0.993347323768
2946.34303158 0.998857732175
2946.36346312 1.01067147908
2946.38389476 0.995180554224
2946.40432619 1.0011734558
2946.42475773 1.00043969657
2946.54734706 0.99728975216
2946.5677786 0.996990863497
2946.58821004 1.00407591331
2946.60864167 0.997818999325
2946.62907321 1.00359215247
2946.64950465 1.00302768151
2946.66993628 1.00160914583
2946.69036782 0.990249865345
2946.71079926 1.01142961868
2946.73123089 0.996143068494
2946.75166243 1.00535018513
2946.77209387 1.00404019199
2946.7925255 0.999476100288
2946.81295704 0.999859206021
2946.83338848 0.999741467143
2946.85382011 1.00437018804
2946.87425165 0.99825144629
2946.89468308 0.998974905481
2946.91511472 0.992299415913
2946.93554625 1.00406612119
2946.95597789 0.990909057624
2946.97640932 1.00784956716
2947.01727249 0.99498433244
2947.03770403 1.00331699415
2947.05813546 1.00297140496
2947.0785671 0.998405615987
2947.09899863 0.99579541526
2947.11943007 0.993967028636
2947.1398617 1.00480903998
2947.16029324 1.00449809271
2947.18072467 1.00342749712
2947.30331387 0.99704857644
2947.3237455 0.997972522761
2947.34417694 1.00046359189
2947.36460847 1.00678323241
2947.3850401 0.994429588889
2947.40547154 1.00788030969
2947.42590317 0.998315117418
2947.4463347 0.997177382538
2947.46676623 0.999975668232
2947.5076293 1.00028470791
2947.52806083 0.992675639861
2947.54849236 0.997503134107
2947.56892389 1.00595878965
2947.58935543 0.995601060885
2947.60978706 1.0007641872
2947.63021849 1.00628597909
2947.65065002 1.00285990762
2947.67108165 1.00254404468
2947.69151308 1.00181149227
2947.71194461 0.999715370146
2947.73237624 1.00519360228
2947.75280768 1.01015904451
2947.81410227 1.00916532385
2947.8345339 1.00513567369
2947.85496543 0.993147738049
2947.87539696 0.993948531157
2947.89582849 0.993840518439
2947.91626002 0.99467101724
2947.93669155 0.995979745036
2947.95712308 0.990142670227
2947.99798614 1.00279669856
2948.01841767 1.00134175537
2948.0388492 0.993542813335
2948.05928063 0.993053935341
2948.07971225 0.998666358172
2948.10014378 1.00631389314
2948.12057521 0.994229180636
2948.14100684 0.998796157636
2948.3248906 1.0016945998
2948.34532212 1.00650988392
2948.36575375 1.00310837923
2948.38618518 0.995737215038
2948.40661671 0.996178462451
2948.42704833 0.997403438541
2948.44747986 1.00018454984
2948.48834292 0.998951591245
2948.50877444 1.00679979663
2948.52920587 0.994903608382
2948.5496375 1.00050086121
2948.57006902 1.00086424083
2948.59050045 1.00254230183
2948.61093208 0.994068963699
2948.6313636 0.99491208331
2948.65179523 1.01351319327
2948.67222666 1.00865177029
2948.69265818 0.997418362465
2948.75395276 0.992452240227
2948.77438429 0.98774167415
2948.79481581 1.01182455773
2948.81524734 1.01051811664
2948.83567886 1.01029848402
2948.85611039 1.00777063522
2948.87654191 1.00501205967
2948.89697344 0.996911869797
2948.91740496 0.990668877408
2948.93783649 0.998885524225
2948.95826811 1.00017128144
2948.97869954 1.00045899158
2948.99913106 1.00363508329
2949.01956269 1.00868861119
2949.03999411 1.00148507809
2949.06042574 0.995176261506
2949.08085726 0.996774976717
2949.10128869 0.993757630357
2949.12172031 0.996101703783
2949.14215183 1.00250201525
2949.26474098 0.990866340754
2949.2851725 1.00264515329
2949.30560402 0.995860345239
2949.32603555 0.996843231684
2949.34646707 0.997238776906
2949.36689859 0.99377424745
2949.38733012 1.00182966101
2949.40776164 1.00628026307
2949.42819316 0.998470238689
2949.44862469 1.00036471753
2949.46905631 0.989684798106
2949.48948773 1.00277844439
2949.50991925 0.994763181595
2949.5507823 0.999914971088
2949.57121382 1.00082398154
2949.59164544 0.994174556676
2949.61207686 1.00450260552
2949.63250839 1.00022037314
2949.65294001 0.996001175667
2949.67337143 0.996258034226
2949.69380295 0.988097252202
2949.71423457 0.999651536706
2949.734666 0.996430179637
2949.75509752 1.00122014025
2949.77552914 0.995063311167
2949.79596066 0.997177423234
2949.81639218 0.995367178346
2949.8368237 1.00332379843
2949.85725522 1.00650608432
2949.87768675 0.990859982074
2949.89811827 0.990779357542
2949.91854979 1.00238237582
2949.95941283 1.00219969117
2949.97984435 1.00351198382
2950.00027597 1.00766153412
2950.02070739 1.00933586419
2950.04113891 1.01464922944
2950.06157053 1.00241589587
2950.08200195 1.00360185702
2950.10243347 0.992147690914
2950.26588563 1.00876324791
2950.28631725 0.999982834856
2950.40890637 1.00159606909
2950.4497693 0.998472455885
2950.47020092 1.0015124713
2950.49063244 0.99411902353
2950.51106386 0.999992693657
2950.53149548 0.999589091296
2950.551927 0.994327317208
2950.57235862 0.995704346765
2950.59279003 0.997626870336
2950.61322155 0.999396708107
2950.63365317 1.0001651964
2950.65408459 0.996732201625
2950.67451611 0.998562151408
2950.69494773 0.999409743414
2950.71537914 1.00202755903
2950.73581066 0.993951922832
2950.75624228 1.0086126984
2950.7766738 0.995794600618
2950.79710522 1.00346658256
2950.81753683 1.0075453715
2950.83796835 0.992370757026
2950.85839977 0.995498880667
2950.87883139 1.00740388583
2950.8992629 1.00563282661
2950.94012594 0.998978424764
2950.96055736 1.00175671
2950.98098897 1.0025941666
2951.00142049 0.994885181249
2951.02185191 1.00397918458
2951.04228352 1.00158979961
2951.06271504 1.00602098488
2951.14444111 1.00425941518
2951.16487262 1.00427145374
2951.18530414 1.00229511314
2951.20573566 1.00460835038
2951.22616717 1.0144717076
2951.24659869 1.00319673556
2951.26703021 0.994841799076
2951.28746172 1.00369861587
2951.30789324 1.00002562046
2951.32832486 0.995405110314
2951.34875637 1.0016692483
2951.3896194 0.998705732355
2951.41005092 1.00182002164
2951.43048233 0.997865628152
2951.49177688 0.990898243635
2951.53264001 0.996227714993
2951.55307143 0.989779718533
2951.57350304 0.997016128561
2951.63479759 0.992840699668
2951.655229 1.00423203066
2951.67566062 1.00003000633
2951.69609214 0.996385875191
2951.71652365 0.997859723059
2951.73695517 1.00033632998
2951.75738668 0.998955377794
2951.77781819 0.996679863497
2951.79824981 1.00423939225
2951.81868122 1.0090758972
2951.83911274 0.999726470425
2951.85954435 0.996486487372
2951.87997577 0.991465167725
2951.90040728 1.0065361956
2951.9208389 0.999398849831
2951.94127031 1.00998169574
2951.96170183 0.996146895123
2951.98213344 0.999967376067
2952.00256485 1.00923672033
2952.02299647 0.999883715877
2952.04342798 1.00276645623
2952.0638594 0.994617138947
2952.08429101 1.00522750506
2952.10472253 1.0030133085
2952.12515394 0.99499224647
2952.16601707 0.994121850111
2952.18644858 0.993204972634
2952.20688009 0.999428226241
2952.26817474 1.00266363758
2952.28860615 1.00242979052
2952.30903766 1.00011055774
2952.32946918 0.999271638194
2952.34990069 0.998080783127
2952.43162684 1.01282994585
2952.45205826 1.00126076663
2952.47248977 0.998555855991
2952.49292138 0.997304859419
2952.5133528 0.998429067985
2952.53378431 0.997262726365
2952.55421592 0.997680787599
2952.59507885 1.00299344625
2952.61551046 0.993775525145
2952.63594197 0.999964244529
2952.65637339 1.01118437736
2952.676805 1.0038747118
2952.69723651 0.99970178481
2952.71766802 0.999482304506
2952.73809954 0.987119742445
2952.75853105 0.99885796454
2952.77896266 0.999479275784
2952.81982559 0.988527888657
2952.8402572 0.98683469637
2952.86068861 0.989552837021
2952.90155174 1.00301770715
2952.98327769 1.003275221
2953.0037093 0.9940334686
2953.02414071 0.998458077736
2953.04457222 1.0024493504
2953.06500383 1.00173832217
2953.08543525 0.991454495
2953.10586676 0.994300343557
2958.37718702 1.00931648028
2958.39761863 1.00593866231
2958.41805014 0.998062558394
2958.43848155 0.987539402951
2958.45891317 1.00021659728
2958.47934468 0.995725698909
2958.49977619 0.994938470005
2958.5202077 1.00060860483
2958.54063921 0.997693092639
2958.56107073 1.00600989445
2958.58150234 0.998820594637
2958.60193375 0.999823429468
2958.62236536 0.99867561503
2958.64279688 1.00273694933
2958.66322829 0.996848962031
2958.6836599 1.00165259965
2958.70409141 0.993984867062
2958.72452282 1.01029531875
2958.74495444 0.995178606987
2958.76538595 1.00019283641
2958.78581736 0.996904788104
2958.82668049 1.00208133395
2958.8471119 0.998845379744
2958.86754351 1.00161193548
2958.88797493 1.00521715196
2958.90840644 0.994830163416
2958.92883805 1.0016339715
2958.94926946 1.00327996177
2958.96970108 0.994262376214
2958.99013259 0.990559266697
2959.11272167 0.997241900645
2959.13315318 0.999239524038
2959.1535848 1.00264724638
2959.17401621 1.00281610889
2959.19444772 0.995921151839
2959.21487934 1.00022731679
2959.23531075 0.993466494172
2959.25574236 0.992028039382
2959.27617388 0.992228916744
2959.29660529 1.00797370062
2959.3170369 1.00139511431
2959.33746842 1.00221909536
2959.35789983 1.00308960932
2959.37833144 0.996623788562
2959.39876296 0.994979114802
2959.41919447 1.00599459465
2959.43962599 1.01006635441
2959.4600575 0.999614200593
2959.48048901 0.999224340684
2959.50092053 1.00621784887
2959.64394113 0.99926811833
2959.66437274 0.998709244434
2959.68480416 0.998175946134
2959.70523567 0.99573428028
2959.72566729 1.01062000993
2959.7460987 0.996417793478
2959.76653022 1.0002173298
2959.78696183 1.00140144161
2959.80739325 1.00300878065
2959.82782476 1.00824559225
2959.84825638 1.00477265508
2959.86868779 1.00126540246
2959.88911941 1.00247998709
2959.90955092 0.994397855539
2959.92998234 0.986516488672
2959.95041395 0.996881736369
2959.97084547 0.985040892986
2959.99127698 1.00039128576
2960.0117085 0.999693760617
2960.05257153 1.00334487034
2960.07300305 1.00358878619
2960.09343456 0.99996217746
2960.11386608 1.01010750647
2960.13429769 0.996366515035
2960.15472911 0.998719589669
2960.17516072 1.00110375565
2960.19559224 0.992884958444
2960.21602366 0.999539948396
2960.35904437 1.00071735733
2960.37947579 1.00015625915
2960.3999073 1.00680905084
2960.42033892 0.999525159516
2960.44077034 0.993221146518
2960.48163347 1.00965678212
2960.50206499 0.998158935827
2960.54292802 0.994189017221
2960.56335954 1.00300488786
2960.58379106 0.998118642704
2960.60422257 0.996313659442
2960.62465409 1.00473834725
2960.64508571 1.00590467107
2960.66551713 1.00218662863
2960.68594864 1.01122601426
2960.70638026 1.00408121636
2960.72681168 1.00527997617
2960.7472433 0.994392452058
2960.76767481 0.997455810705
2960.78810623 0.977740600315
2960.80853785 1.01516913639
2960.82896937 1.00080523253
2960.84940079 0.994663877397
2960.8698324 0.992062582256
2960.89026392 1.00266257653
2960.91069534 1.01432958268
2960.93112696 0.998172621771
2960.95155848 0.994689047294
2961.07414759 0.998587435801
2961.11501063 1.0005673919
2961.13544215 0.993620914191
2961.21716832 0.997459385082
2961.2988943 1.00302147502
2961.31932592 0.999776054353
2961.33975744 1.00253733644
2961.36018886 0.998869823997
2961.38062048 1.00082114969
2961.401052 1.00062536509
2961.42148342 1.00157346383
2961.44191504 0.998680614215
2961.46234656 0.985892648537
2961.54407274 0.998059399334
2961.56450416 1.00390804894
2961.58493568 0.989323310798
2961.6053673 0.999211139221
2961.62579873 1.00571297641
2961.64623025 0.996492462853
2961.66666187 0.997644507932
2961.68709329 0.998745216469
2961.70752481 1.00027207027
2961.72795643 0.992717354014
2961.76881947 1.00162932449
2961.789251 1.00250587417
2961.80968242 1.00774736372
2961.83011404 1.00496720992
2961.85054556 1.00768009816
2961.87097698 0.996607115978
2961.8914086 1.00099495953
2961.91184013 1.00020831137
2961.93227155 0.997678003794
2961.95270317 1.00403332845
2961.97313469 0.998883697494
2961.99356611 1.00405765461
2962.01399774 0.99788510457
2962.03442926 1.00784465054
2962.05486088 1.01259877001
2962.0752923 0.992116448316
2962.09572383 0.997204258504
2962.11615545 0.996914493784
2962.13658697 0.992508912308
2962.1570184 0.989087958868
2962.34090221 0.988538929077
2962.36133373 1.00374613006
2962.38176516 1.00049924239
2962.40219678 1.00936641986
2962.4226283 1.00590064108
2962.44305973 0.997936300318
2962.46349135 0.990373635281
2962.5043544 1.00064955957
2962.52478593 1.00388723938
2962.54521745 0.991387147151
2962.56564907 1.00120377705
2962.5860805 0.998089349959
2962.60651202 1.00287675525
2962.64737518 1.00047631659
2962.6678066 0.99594429202
2962.76996433 0.998687196984
2962.79039585 0.999186867073
2962.81082738 0.994813186464
2962.83125891 1.00258442127
2962.85169053 0.998310112809
2962.87212196 1.00646316918
2962.89255349 0.996369488157
2962.91298511 1.00324267161
2962.93341654 0.993461049473
2962.95384806 0.997988853969
2962.99471112 1.01254719928
2963.01514265 0.995811333444
2963.03557417 1.0042583916
2963.0560057 0.996163047776
2963.07643733 1.00108621047
2963.09686875 0.993293263193
2963.11730028 1.00010870137
2963.13773191 1.00017744443
2963.15816334 0.995121616971
2963.17859486 1.00197703256
2963.26032108 0.999970011589
2963.2807526 1.00125540347
2963.30118413 1.00113952792
2963.32161566 0.998006722779
2963.34204719 1.01130257411
2963.36247882 0.996488526419
2963.38291025 1.00066245929
2963.40334177 1.00225595919
2963.4237734 1.00375992219
2963.44420483 1.00584079055
2963.46463636 0.998491435847
2963.50549942 1.00389673148
2963.52593095 0.999490233436
2963.54636258 1.00582405662
2963.56679401 0.989284425158
2963.58722564 0.99764879069
2963.60765717 0.993099545113
2963.6280886 0.982465384035
2963.64852023 0.979145253841
2963.79154094 1.01294524326
2963.81197247 0.997863640502
2963.832404 1.00032164601
2963.85283553 1.00225753303
2963.87326717 0.993770121002
2963.8936986 1.00110031526
2964.01628779 1.00394503751
2964.03671942 1.00505773193
2964.05715095 0.993647209618
2964.07758238 1.00047128151
2964.09801402 0.984753397509
2964.11844555 0.9887613922
2964.28189781 0.999899873383
2964.30232935 0.999661447821
2964.32276088 0.99563624706
2964.34319251 1.00287700888
2964.36362395 0.997338069998
2964.38405558 1.00333146012
2964.40448702 0.999573166449
2964.42491855 0.999527478341
2964.44535018 0.993216487365
2964.46578162 0.991267542256
2964.50664479 0.991697002383
2964.52707622 0.998944543193
2964.54750786 0.999759324838
2964.56793939 1.00291727859
2964.58837083 0.995461372775
2964.60880246 1.00349727489
2964.629234 1.00865924044
2964.64966544 1.00300503378
2964.73139168 1.00513957216
2964.75182321 1.00077320105
2964.77225475 1.00366331939
2964.79268629 0.995798168658
2964.83354946 0.99387200379
2964.853981 0.990996900715
2964.87441243 0.996773819978
2964.89484407 0.994888538044
2964.97657022 0.995929438648
2964.99700166 0.998242666856
2965.0174333 1.00631288017
2965.03786483 1.00070165094
2965.05829637 0.998761717763
2965.07872791 0.989981659189
2965.09915935 1.01573111706
2965.11959099 1.00168525372
2965.14002253 1.00216271817
2965.22174868 0.997984077936
2965.24218022 1.01430071366
2965.26261176 0.997304979567
2965.2830433 1.00893380336
2965.30347484 1.00048138653
2965.32390638 1.00547548299
2965.34433802 0.999330486238
2965.36476956 0.998327536705
2965.385201 1.01613298672
2965.40563264 0.996776411472
2965.44649562 1.00145974603
2965.46692726 0.994462065536
2965.4873588 1.00703946551
2965.50779024 0.999864204182
2965.52822188 1.00604143864
2965.54865342 1.00733390855
2965.56908506 0.999717328015
2965.58951651 1.00001483565
2965.60994805 1.00053723743
2965.63037969 1.00437898897
2965.71210576 0.997499742752
2965.7325373 0.997992557055
2965.75296894 0.999507113147
2965.77340038 0.993326367199
2965.79383193 0.993006855255
2965.81426347 1.00689663708
2965.83469501 1.00394404536
2965.85512666 0.999931684882
2965.97771592 1.00412829123
2965.99814746 1.0037351616
2966.0185789 0.999046481946
2966.03901055 1.00487424361
2966.05944209 0.996581313422
2966.07987374 0.995609641166
2966.10030518 1.00487801559
2966.12073673 0.999945055207
2966.14116837 1.00238623943
2966.18203136 1.0003517007
2966.20246301 0.99026402952
2966.22289445 0.999985222853
2966.243326 1.00163309
2966.26375765 0.998424375766
2966.28418909 1.0177039809
2966.30462074 0.999185980142
2966.32505228 0.995216459257
2966.34548383 1.00436865066
2966.36591538 0.989467301238
2966.38634692 1.01403423438
2966.42721002 0.998303471249
2966.44764157 0.995932308537
2966.46807301 1.01459865994
2966.48850466 0.998036596466
2966.50893621 0.996676674513
2966.52936776 0.990916212232
2966.5497993 1.00400472734
2966.57023085 0.991776907789
2966.73368324 1.00221672042
2966.75411479 1.00107127206
2966.77454644 1.00243235086
2966.79497789 0.991332849588
2966.81540954 1.0148470418
2966.83584109 0.995055167143
2966.85627254 1.01622683368
2966.93799884 1.00487598176
2966.95843039 0.999435655655
2966.97886194 1.00339913039
2966.99929359 0.990074145835
2967.01972505 1.00432817251
2967.0401566 0.999157350022
2967.06058825 0.997820575852
2967.10145135 1.0064844553
2967.1218829 0.996490638883
2967.14231436 0.994800414113
2967.16274601 0.998506469521
2967.18317746 1.00159894983
2967.20360901 1.00353252963
2967.22404067 1.00343752957
2967.24447212 0.997829579319
2967.26490367 1.00308895956
2967.28533533 0.994801723658
2967.30576678 0.993367458614
2967.32619843 0.998770824045
2967.34662999 0.982655259652
2967.46921931 1.00362998638
2967.48965087 0.997010977249
2967.51008242 1.00342304015
2967.53051398 1.00463067795
2967.55094563 0.997442843295
2967.57137719 0.999658078885
2967.69396652 0.994216001383
2967.71439798 1.00286410989
2967.73482964 1.00188944612
2967.7552612 0.999488810306
2967.77569265 0.993249739296
2967.85741898 0.993573965518
2967.8982821 0.997402871309
2967.91871366 1.00260457804
2967.93914521 0.984526248794
2967.95957677 0.998896173462
2967.98000833 0.999227323736
2968.00043989 1.00249063888
2968.02087145 0.998525145709
2968.04130301 0.999448064627
2968.06173467 0.993516982258
2968.08216623 1.00517683543
2968.10259769 1.00840604255
2968.14346091 1.00797833351
2968.16389237 1.01066141041
2968.18432403 0.996566584027
2968.20475559 1.00081921372
2968.22518705 1.01119244498
2968.24561871 0.998045971846
2968.26605027 1.00049512511
2968.28648193 1.00507556861
2968.30691339 1.00953837853
2968.42950277 0.998522813811
2968.44993433 0.997722110892
2968.47036599 1.00114323463
2968.49079745 0.999194703574
2968.51122902 0.997161781894
2968.53166058 1.00247979342
2968.55209214 1.00248498602
2968.57252381 0.998883380051
2968.59295537 0.998259683051
2968.61338683 1.00157042914
2968.6338185 0.996817519998
2968.65425006 1.0034442058
2968.67468153 0.993743757782
2968.69511319 1.01371346478
2968.71554476 1.00549390307
2968.73597622 1.00645967179
2968.75640789 0.9981333989
2968.77683945 0.99648370239
2968.79727112 0.990508542833
2968.81770258 0.998529918394
2968.83813415 0.994443802253
2968.87899728 0.999959731629
2968.89942885 0.995950812707
2968.91986051 1.00839071168
2968.94029198 1.00535217821
2968.96072355 0.996571977763
2968.98115522 1.00331420724
2969.00158668 1.00521243701
2969.04244992 1.00938696835
2969.16503933 0.998825971916
2969.1854709 1.00385552908
2969.20590246 1.00455541813
2969.22633403 1.00159732011
2969.2467657 1.00755144244
2969.26719717 1.00236043028
2969.28762874 1.00645469021
2969.30806041 0.992620083356
2969.32849188 0.990617718987
2969.34892345 1.00371495049
2969.36935512 0.992190330177
2969.38978659 1.00375194556
2969.41021817 1.00238880422
2969.43064984 0.995015915857
2969.45108131 0.997062225581
2969.47151288 0.994019368117
2969.49194455 1.00190628733
2969.51237602 0.995359248031
2969.53280769 0.988393306384
2969.55323927 0.994408471206
2969.63496556 0.99600170857
2969.65539713 1.0028885804
2969.6758287 0.999322905735
2969.71669195 1.00157385951
2969.73712342 1.00059100148
2969.7575551 0.995067851453
2969.9210076 1.01543944036
2969.94143927 1.00184755829
2969.96187075 1.00249751989
2969.98230242 0.986138558301
2970.002734 0.997067816435
2970.02316548 1.00367980255
2970.04359715 0.997189303471
2970.06402873 1.00341610675
2970.10489189 0.996204336168
2970.12532346 1.01323509802
2970.14575504 1.00535348469
2970.16618662 0.998110213264
2970.1866182 0.994503115489
2970.20704987 1.00383801025
2970.22748145 0.992121503177
2970.24791293 0.999858975224
2970.32963935 0.998164321468
2970.35007093 1.00484442512
2970.37050241 1.00404958667
2970.45222883 1.00944535797
2970.47266041 1.00282256556
2970.49309199 0.999577894828
2970.51352357 0.995907705379
2970.53395515 0.996180765721
2970.61568148 1.00538690721
2970.63611306 1.0038758609
2970.65654464 0.996148662962
2970.67697623 0.998535461124
2970.90172375 1.00287584021
2970.92215533 0.999478307397
2970.94258702 1.00449851767
2970.96301851 0.997683959673
2970.98345009 0.998749902158
2971.00388178 1.00540876512
2971.06517654 1.00741351458
2971.08560802 0.998484580848
2971.10603961 0.996071086277
2971.1264713 1.00675739452
2971.14690278 1.01676493042
2971.16733447 1.00660081841
2971.18776606 0.998444605955
2971.20819755 0.998262082349
2971.22862924 0.99950306019
2971.24906082 0.98881862928
2971.26949241 1.0026126477
2971.289924 0.998931384735
2971.33078708 1.00014047784
2971.35121877 1.00650630776
2971.37165036 1.0071452617
2971.39208195 1.00990840782
2971.41251354 1.00360323743
2971.43294513 0.995577316194
2971.45337682 0.998440833107
2971.47380831 0.997758001634
2971.4942399 1.00398352507
2971.51467159 1.00167986626
2971.65769264 1.0016187972
2971.67812433 0.994719138253
2971.69855592 0.998308490841
2971.71898741 1.00039255376
2971.73941911 0.989022563836
2971.86200867 0.997213088946
2971.88244027 1.00202347105
2971.90287186 0.991434092689
2971.92330356 0.999495754813
2971.94373505 1.01256160695
2971.96416675 1.000966373
2971.98459825 1.00168261835
2972.12761952 1.00200940524
2972.14805112 1.00657456145
2972.16848262 0.999666818298
2972.18891432 0.997965747036
2972.20934592 1.00139698157
2972.22977742 1.00061172941
2972.25020911 0.997017778792
2972.27064071 1.00295717666
2972.29107241 1.00278130039
2972.31150391 1.00666769161
2972.33193551 0.997553208158
2972.35236721 1.00234915625
2972.37279871 0.996451321865
2972.39323031 0.994729898258
2972.41366201 0.99822839596
2972.43409361 0.994284694834
2972.45452512 1.0101182913
2972.47495682 0.992797254605
2972.49538842 1.00344743748
2972.51582002 0.989746171511
2972.55668322 0.991417861782
2972.57711493 0.997120578065
2972.65884124 1.00413435457
2972.67927274 1.00121365844
2972.69970445 1.00224066603
2972.72013605 0.993516706451
2972.84272568 0.995366698828
2972.86315738 0.992931551677
2972.88358889 1.00590477238
2972.9040205 1.00026755575
2972.9244522 1.00536181108
2972.94488381 0.997153386122
2973.10833667 0.992350154174
2973.12876828 1.00621891303
2973.14919999 0.996651566134
2973.16963149 1.00534649185
2973.1900632 0.997831778874
2973.21049481 0.996412581677
2973.23092632 0.999123863444
2973.25135803 1.00272069487
2973.27178964 1.00512220375
2973.29222115 0.993666240935
2973.31265286 0.998104828053
2973.33308437 0.998788225756
2973.35351599 1.00193644394
2973.3739477 1.00812444432
2973.39437921 0.992717292402
2973.41481092 1.00149633275
2973.43524253 0.997543266362
2973.59869544 1.00612235799
2973.61912705 0.996677545906
2973.63955877 1.00726830842
2973.65999038 1.00319347959
2973.6804219 0.998527893145
2973.70085361 1.0002490291
2973.72128523 0.999744101588
2973.74171674 1.00318617218
2973.76214846 1.00101013029
2973.78258007 1.00616766457
2973.80301159 1.00338213933
2973.82344331 0.988677107155
2973.84387492 0.991697085319
2973.86430664 0.996477955985
2973.88473816 0.992038532701
2973.90516978 0.997075587303
2973.92560139 0.995646540291
2974.08905444 1.00509654658
2974.10948596 1.00579598815
2974.12991758 1.00495260537
2974.1503493 0.996190842228
2974.17078093 1.00414410527
2974.19121245 0.999412626012
2974.21164417 0.998368872075
2974.23207579 0.9994133071
2974.27293903 1.00046053014
2974.29337065 0.999956798081
2974.31380238 1.00289030052
2974.39552877 1.00070398059
2974.41596039 1.00248783306
2974.43639212 1.00633451383
2974.45682364 0.991459333785
2974.47725526 1.00674190903
2974.49768699 0.998416357149
2974.51811851 1.00045258133
2974.53855024 0.995214477119
2974.55898186 0.991841106539
2974.57941349 0.998409361904
2974.59984512 1.00368537217
2974.62027674 1.00370415511
2974.64070837 0.99740025449
2974.66114 0.995286966007
2974.68157162 1.00556450008
2974.70200315 1.0090521786
2974.72243488 1.00049089433
2974.76329813 0.999299795148
2974.78372976 0.996327481094
2974.80416139 0.991451874445
2974.82459312 0.99094604603
2974.84502465 1.00813418199
2974.86545628 1.00499960576
2974.885888 0.992682008834
2974.90631953 1.00924452377
2974.92675116 1.00059211418
2975.04934105 1.00105867738
2975.06977268 0.994088743536
2975.09020421 0.998153948676
2975.11063595 0.999477339976
2975.13106758 0.999945302036
2975.15149921 1.00458527307
2975.17193084 0.996510181861
2975.19236248 0.999843548165
2975.21279421 1.0039800299
2975.25365738 0.99623378742
2975.27408911 1.00503226599
2975.29452065 1.00539703894
2975.31495228 0.994191298744
2975.35581565 1.00690336195
2975.37624719 0.997084650001
2975.39667892 0.997525345605
2975.56013202 1.00138149046
2975.64185857 0.994163201301
2975.66229031 0.997167799091
2975.68272185 0.986987972341
2975.70315349 0.997949327025
2975.72358523 0.999079990585
2975.74401677 1.00330830221
2975.76444841 1.00017391607
2975.78488015 1.00064208741
2975.80531179 0.996607127341
2975.82574334 1.00946373233
2975.84617508 1.00685736627
2975.86660672 0.998186656882
2975.88703836 0.997481935284
2976.05049151 1.00033600545
2976.07092315 0.988903373816
2976.0913548 1.0013765509
2976.11178654 1.00030182476
2976.13221809 1.00178967239
2976.15264973 0.99983012424
2976.17308148 0.998756036372
2976.25480797 1.01143494494
2976.27523961 0.998499085419
2976.29567136 1.00050391193
2976.31610291 1.00164791069
2976.33653466 0.995924118538
2976.3569663 0.999001335605
2976.37739795 0.996094100524
2976.3978296 1.00214289498
2976.41826125 0.997713447193
2976.4386929 0.995268690169
2976.4795562 1.00121084444
2976.49998785 1.00739314821
2976.5204196 0.999750469088
2976.54085115 0.995818442038
2976.5612829 1.00498602271
2976.58171455 0.998982598612
2976.60214611 1.00951213416
2976.62257786 0.996941248571
2976.64300951 1.00260981699
2976.66344106 0.99829272965
2976.68387281 0.995565402221
2976.72473602 1.00432290314
2976.74516777 0.998949440879
2976.76559933 0.999913637347
2976.78603108 1.01013660896
2976.80646274 1.00655195324
2976.82689439 0.993985336841
2976.84732605 0.998904760232
2976.8677577 1.0037365736
2976.88818936 1.01064736965
