# #0 time, 1 flux
2306.651582 0.999677250659
2306.67201411 1.00338051098
2306.69244631 0.999464636952
2306.71287832 0.999592067664
2306.73331053 0.999395352433
2306.75374254 0.997079755506
2306.77417465 0.996756562596
2306.79460685 1.00469807552
2306.81503886 1.00034509898
2306.83547097 1.00578118578
2306.85590317 0.997948389494
2306.87633518 0.998039922261
2306.89676728 1.00110822502
2306.91719949 1.00214709553
2306.93763159 0.99741631431
2306.95806369 1.00005123758
2306.9784958 0.998415173713
2306.9989279 0.998956822871
2307.01936 0.999840038385
2307.0397921 0.999670561857
2307.0602242 0.998659757524
2307.0806564 1.00159157135
2307.1010884 0.996072799916
2307.1215205 0.997225024154
2307.1419527 1.00424629581
2307.1623847 1.00026089701
2307.1828169 1.00179852598
2307.203249 0.995706917831
2307.223681 1.00049826833
2307.24411319 1.00370200014
2307.26454529 1.00099309936
2307.28497729 1.00122894156
2307.30540948 0.995662228109
2307.34627357 1.00211050132
2307.36670577 1.00493522718
2307.38713786 0.996821448954
2307.40756995 0.995807001295
2307.42800205 1.00132651303
2307.44843414 1.00417149993
2307.46886623 1.00142024604
2307.59145888 0.998055460441
2307.61189087 0.99981675154
2307.63232295 1.00348055401
2307.65275514 1.00182905718
2307.67318713 1.0022376069
2307.69361922 1.00051933973
2307.7140514 0.997094176112
2307.75491558 0.997633955137
2307.77534766 0.999728503671
2307.79577965 0.999176915944
2307.81621183 1.00034970627
2307.83664392 1.00637860867
2307.8570759 1.00494856472
2307.87750808 0.997815587083
2307.89794017 0.997617541257
2307.91837225 0.998253388448
2307.93880433 1.00533990329
2307.97966849 1.00061922776
2308.00010057 1.00257243102
2308.02053265 0.999919353897
2308.04096473 0.993032994354
2308.06139691 0.99979172574
2308.08182889 0.997131174337
2308.10226107 0.997962130781
2308.12269305 0.998288146866
2308.14312513 0.997173946381
2308.1635573 0.996906770947
2308.18398928 0.993005929503
2308.20442136 1.00126967377
2308.22485353 1.00296588128
2308.24528551 1.00113936186
2308.26571758 0.999752740934
2308.28614976 1.00178411304
2308.30658173 0.9999570068
2308.32701381 1.00073254173
2308.34744598 0.996968902277
2308.36787795 0.995549702444
2308.38831003 0.999412059502
2308.4087422 1.00087270196
2308.42917427 1.00175229685
2308.44960624 0.999486617234
2308.47003841 1.00231390058
2308.49047048 1.00041553119
2308.53133462 0.998875390215
2308.55176669 0.99902602326
2308.57219876 0.997990764813
2308.59263083 0.997755858127
2308.61306289 0.996911040599
2308.63349506 0.994933614146
2308.65392703 1.00052695302
2308.67435909 1.00073015765
2308.69479126 0.995018424119
2308.71522323 0.999741953624
2308.73565529 1.00033742173
2308.75608746 0.998387609926
2308.77651942 1.00114007505
2308.79695148 0.995735291705
2308.81738365 1.00247254221
2308.83781561 0.99879484958
2308.85824767 1.00162143685
2308.87867983 1.00191853507
2308.8991118 1.00036466639
2308.91954396 1.00127855791
2308.93997592 1.00233528656
2308.96040798 1.00168238537
2308.98084014 1.00250074946
2309.0012722 0.997884123641
2309.02170416 1.00211732335
2309.04213632 0.998025655721
2309.06256837 1.000037561
2309.08300033 0.997322416467
2309.10343249 0.996945885591
2309.12386455 1.00030668053
2309.1442965 0.998293240121
2309.16472866 0.999897104702
2309.18516071 0.9995687944
2309.20559267 0.997580071044
2309.22602482 1.00207842806
2309.24645688 0.997607390443
2309.26688893 1.00016541256
2309.28732099 1.00157962053
2309.30775304 1.00191067838
2309.32818509 1.00107818123
2309.34861714 0.997822497518
2309.3690492 1.00209303607
2309.38948135 1.00232205025
2309.4099133 1.00457545124
2309.43034535 0.999914200744
2309.55293764 1.00060129307
2309.57336979 1.00434802299
2309.59380184 0.999369326978
2309.61423378 1.00519101769
2309.63466593 0.999606961632
2309.65509788 0.996619950498
2309.67552992 0.999175866308
2309.69596207 1.00052967765
2309.71639401 0.999639745292
2309.73682606 0.999117152309
2309.7572582 0.999170187277
2309.77769014 1.00001711949
2309.79812219 0.99994440069
2309.81855433 0.999467897931
2309.83898637 0.997291096403
2309.85941841 0.999820877452
2309.87985045 0.998916994048
2309.90028249 1.0004850768
2309.92071463 0.998953001163
2309.94114657 1.00011866733
2309.96157861 1.00039735495
2309.98201075 1.00104819106
2310.00244269 0.997313044077
2310.02287473 0.998185482697
2310.04330687 1.00005537949
2310.0637388 1.00455947559
2310.08417084 1.0031364362
2310.10460298 1.00171154421
2310.12503491 1.002819118
2310.14546695 0.998636843695
2310.16589909 1.00069127885
2310.18633102 0.999461967107
2310.20676306 0.998522510722
2310.22719519 0.997865154671
2310.24762712 1.00233664151
2310.26805916 1.00242655772
2310.28849129 0.999691469365
2310.30892332 0.999438378719
2310.32935535 0.998219287039
2310.34978739 1.00087506508
2310.37021932 1.00208250462
2310.39065145 1.00159731553
2310.41108348 0.999110350714
2310.43151541 1.00114366696
2310.45194754 1.00189637368
2310.4928115 0.999171938171
2310.51324362 0.997258317553
2310.53367565 1.00105631647
2310.55410758 0.997923594399
2310.57453971 0.997997508734
2310.59497173 0.997887282767
2310.61540366 1.00266161092
2310.63583578 1.00167338735
2310.65626781 0.998564600178
2310.77885995 1.00597973059
2310.79929198 1.00057751435
2310.8197241 0.996618026009
2310.84015602 1.00074160351
2310.86058814 0.997547438557
2310.88102016 0.998130667467
2310.90145208 1.00001984897
2310.9218842 0.999880556534
2310.94231622 0.999315137699
2310.96274814 1.00190348627
2310.98318026 0.999415215565
2311.00361228 1.00330001799
2311.0240442 1.00596358696
2311.04447631 0.999951133162
2311.06490833 0.999136498861
2311.08534025 1.00162140463
2311.10577237 1.00005236235
2311.12620438 0.99660285865
2311.1466363 0.998619072564
2311.16706841 1.00080736609
2311.24879647 0.99800262435
2311.26922838 0.99894081418
2311.31009251 1.00216759849
2311.33052442 0.997595754782
2311.35095653 0.99980208285
2311.37138854 1.00209016981
2311.39182065 1.00383825976
2311.41225256 0.999968916696
2311.43268457 1.00053884812
2311.45311668 0.996580958974
2311.47354859 0.997872798886
2311.4939806 1.00295671126
2311.51441271 0.993951421703
2311.53484462 1.00315219024
2311.55527662 0.99920992037
2311.57570873 1.00075845869
2311.59614074 0.998087363097
2311.61657264 1.00066801352
2311.63700475 0.994900180165
2311.65743675 0.997692549747
2311.73916467 1.00047776501
2311.75959678 0.998943645661
2311.78002878 1.0021932516
2311.80046068 0.99897276131
2311.82089278 0.997630659243
2311.84132478 1.00082426648
2311.86175679 1.00363817496
2311.88218879 1.00089458635
2311.90262069 0.998511938923
2311.92305279 0.996934431476
2311.94348479 0.997778778483
2311.96391669 0.997939534545
2311.98434879 0.999628923261
2312.00478079 1.00094613368
2312.02521278 1.00633819114
2312.04564478 0.996058333556
2312.06607678 0.995031588651
2312.08650878 0.99903890641
2312.10694077 0.998789103254
2312.29082882 1.0008632834
2312.31126072 1.00371638624
2312.33169271 1.00031663475
2312.3521248 0.999106091993
2312.37255669 0.999099246195
2312.39298878 0.997001393025
2312.41342077 1.00248517004
2312.45428475 1.00019287681
2312.47471674 0.999234048424
2312.49514873 1.00422526385
2312.51558072 1.00049212999
2312.53601271 1.00069908418
2312.5564447 1.0017887501
2312.59730867 0.999748579113
2312.63817265 1.00307751852
2312.65860463 1.00043667273
2312.67903652 0.997612700796
2312.6994686 0.999387234834
2312.71990059 1.00015452413
2312.74033247 0.995856424016
2312.76076456 0.995897076132
2312.78119654 1.00227700821
2312.80162842 0.998536426084
2312.8220605 1.0045484404
2312.84249249 0.999154652579
2312.86292447 0.998724619514
2312.88335645 1.00245855931
2312.90378843 1.00296857071
2312.92422051 1.000564832
2312.94465239 0.999391988918
2312.96508437 0.998232830326
2312.98551645 1.00189167146
2313.00594843 0.998588083066
2313.02638031 1.00006437129
2313.04681239 0.999790350999
2313.06724437 1.00185638318
2313.08767625 1.00545477705
2313.10810832 0.996319934806
2313.1285403 1.00094868849
2313.14897218 0.994451885762
2313.18983623 1.00212703805
2313.2102681 0.997160469308
2313.23070018 0.997883424364
2313.25113215 0.998083260034
2313.27156413 0.998132335024
2313.2919961 0.998693778548
2313.31242808 0.9997135347
2313.33286005 1.00118985456
2313.35329202 1.0001059365
2313.37372399 1.00314434402
2313.45545188 0.999560460819
2313.47588385 1.00090200914
2313.49631582 0.998208995056
2313.51674789 0.996925878005
2313.53717976 1.00271610151
2313.55761173 1.00068621924
2313.5780438 1.00410373294
2313.59847566 1.00393145615
2313.61890763 1.00196927721
2313.6393397 1.00106595918
2313.65977157 0.99784923866
2313.68020353 0.999230153701
2313.7006356 0.99936415477
2313.72106747 0.999148488997
2313.74149943 0.998456589196
2313.7619315 1.00268598328
2313.78236336 0.999904048933
2313.80279532 1.00130180225
2313.82322739 0.999832821303
2313.84365935 0.99763104097
2313.86409121 1.00449492727
2313.88452328 0.997107641533
2313.90495524 0.998056089567
2313.9253872 0.997623897455
2313.94581916 1.00032806136
2313.96625112 1.00109401758
2313.98668309 1.00070109968
2314.00711505 0.999580190693
2314.02754701 1.00043508498
2314.04797897 1.00074381112
2314.06841093 1.0002072219
2314.08884288 0.99859240871
2314.21143463 1.00107159137
2314.23186659 1.00027306362
2314.25229854 0.999195208411
2314.2727305 0.997858663407
2314.29316245 0.998554901965
2314.31359441 1.00099575044
2314.33402636 1.00336271117
2314.37489027 1.00293345104
2314.41575428 1.00174709905
2314.43618613 0.997523344962
2314.45661818 1.00073564966
2314.47705013 0.997264802002
2314.49748199 0.999646814788
2314.51791404 1.00224189912
2314.53834599 0.998927197862
2314.55877784 1.00456655227
2314.57920989 0.998741907817
2314.59964184 1.00007854395
2314.62007369 1.00341575376
2314.64050573 0.999231426709
2314.66093768 1.00198123707
2314.68136963 0.99872669058
2314.70180158 0.997985681008
2314.72223353 0.99895296982
2314.74266547 1.00582372684
2314.76309742 1.00438622125
2314.78352937 1.00027529144
2314.80396131 0.997721694704
2314.82439326 0.997640614027
2314.8448252 0.999510384313
2314.86525705 1.00013917793
2314.90612104 0.997215577656
2314.92655308 0.999559039577
2314.94698492 0.996823925975
2314.96741687 0.999764866324
2314.98784891 0.994823445848
2315.00828075 1.00056363168
2315.02871269 0.998024146601
2315.04914473 1.00172462747
2315.06957657 0.999985984636
2315.09000852 1.00229870691
2315.11044056 1.00285521976
2315.1308724 1.00458444781
2315.15130434 1.0003688267
2315.17173637 1.00424896697
2315.19216831 0.997525577721
2315.21260015 1.00067241415
2315.23303219 0.999643539091
2315.25346413 1.00494300968
2315.27389597 1.00266324847
2315.294328 0.996824570576
2315.31475994 1.00185197911
2315.43735155 0.998530988829
2315.45778359 1.0024725232
2315.47821542 1.0003943585
2315.49864735 0.998526782291
2315.51907929 0.998175390514
2315.53951122 0.997644195353
2315.55994315 1.00127635041
2315.58037508 1.00009956208
2315.60080701 1.00415993799
2315.62123895 0.999979332208
2315.64167088 0.998374823159
2315.66210281 1.00192793037
2315.68253474 0.999559561473
2315.70296677 1.00146592011
2315.7233986 0.999511791805
2315.74383053 0.996231436951
2315.76426255 1.00089354725
2315.78469438 1.00061665561
2315.9481499 1.00185352752
2315.96858172 1.00154566328
2315.98901375 0.996674394401
2316.00944567 1.00198168215
2316.02987759 1.00245892213
2316.05030952 0.996020940631
2316.07074144 0.996991448574
2316.09117336 1.00019909866
2316.11160529 0.999801831208
2316.13203721 0.999587766238
2316.15246913 1.00135117997
2316.17290115 0.997365215096
2316.19333297 0.999090781515
2316.21376489 1.00045058326
2316.23419681 0.999259398581
2316.25462873 0.995881788166
2316.27506055 1.00035332342
2316.29549257 1.00123591977
2316.31592449 0.999049365417
2316.33635651 1.00000079221
2316.37722025 1.00477569744
2316.39765226 0.999525939007
2316.41808408 0.997997576167
2316.438516 0.99843803825
2316.45894802 1.0004647216
2316.47937983 0.995486760822
2316.49981175 0.997681740156
2316.52024376 1.00187501981
2316.54067568 0.995009262606
2316.56110749 1.00055186955
2316.58153951 0.996897098431
2316.60197142 0.999855958325
2316.62240323 1.00062583674
2316.64283525 0.998520380271
2316.66326716 0.998955074803
2316.68369897 1.00275356267
2316.70413099 1.00244058269
2316.7245629 0.99356199946
2316.74499471 0.998736592496
2316.76542672 1.00132032675
2316.78585863 1.00053362653
2316.80629064 1.0055889764
2316.96974581 0.999244294933
2316.99017782 0.994781589073
2317.01060963 1.00018482818
2317.03104153 1.00433710794
2317.05147344 1.00033036276
2317.07190535 1.00074226411
2317.09233725 0.997368320741
2317.11276926 0.997595802844
2317.13320106 0.999646058733
2317.15363297 1.00353870327
2317.17406497 0.999067961285
2317.19449678 1.00313202869
2317.21492878 0.998350128203
2317.23536068 1.00083599292
2317.25579249 0.997061400713
2317.27622449 1.0007616269
2317.29665639 1.00339207813
2317.378384 1.00240717885
2317.3988159 0.999858156967
2317.4192478 0.997607238736
2317.4396797 0.998523883753
2317.4601116 1.00314795299
2317.48054349 1.00210922685
2317.50097539 1.00498308908
2317.52140729 1.00131105958
2317.54183919 0.995228613459
2317.56227109 0.997026333947
2317.58270308 1.00001375723
2317.60313488 0.999711497935
2317.62356678 0.998540247903
2317.64399877 0.997871621855
2317.66443057 1.00279113161
2317.68486257 0.996540556507
2317.70529446 1.00071172952
2317.74615825 0.998655825982
2317.76659005 1.00063613721
2317.78702194 0.998989449994
2317.8891814 1.00213054979
2317.9096133 1.00072436977
2317.93004529 1.00085689373
2317.95047718 1.00514875317
2317.97090897 0.998798774798
2317.99134096 1.001369949
2318.01177285 1.00015190095
2318.03220464 0.999412467996
2318.05263663 0.998527725245
2318.09350031 1.00440263824
2318.1139323 0.999319236233
2318.13436419 0.997111909317
2318.15479617 1.00014608306
2318.17522796 1.00058820485
2318.19565985 0.995147633852
2318.21609183 0.997152516342
2318.23652362 1.00010833322
2318.25695551 1.0010446944
2318.27738749 1.00146745104
2318.29781928 0.997802879531
2318.35911493 0.99695204241
2318.37954682 0.996382997493
2318.3999788 1.00054117444
2318.42041068 1.00352042178
2318.44084247 1.00120282955
2318.46127445 1.00214582473
2318.48170623 1.0031410337
2318.50213812 0.997581446053
2318.6247295 0.99984693144
2318.64516138 0.996830413398
2318.66559316 1.00354751688
2318.68602514 0.999577649987
2318.70645702 1.00032277938
2318.7268888 1.00284558599
2318.74732078 1.00440814664
2318.76775265 1.00097106936
2318.78818453 0.997111547002
2318.82904829 1.00444912433
2318.84948016 0.997748322448
2318.86991214 0.997057994666
2318.89034391 0.996731110372
2318.91077579 0.996967561846
2318.93120777 0.998506382633
2318.95163954 1.00115523578
2318.97207141 0.995337563708
2318.99250339 0.99871855794
2319.01293516 1.00116204586
2319.09466276 0.998295606951
2319.11509463 0.99958562674
2319.1355264 1.00274288971
2319.15595837 1.00013146149
2319.17639014 0.999308361574
2319.19682201 1.0010765914
2319.21725398 1.00563533022
2319.23768575 0.996915267134
2319.25811762 1.00465658551
2319.31941323 1.00422430417
2319.3398452 1.0016531697
2319.36027707 1.00277770093
2319.38070884 1.0012907511
2319.40114081 1.00387626459
2319.44200464 0.998722223329
2319.46243641 1.0022795642
2319.48286827 0.999147144174
2319.50330024 0.999103621734
2319.52373201 0.999178638356
2319.56459584 0.999302915397
2319.5850276 1.0037512934
2319.60545947 0.996953044769
2319.62589143 0.998612258371
2319.64632319 0.997494918835
2319.66675506 0.998693646432
2319.68718702 0.995689286546
2319.70761888 1.00183444552
2319.72805065 1.00277135141
2319.74848261 0.998447314899
2319.83021005 1.00275098916
2319.85064191 1.0031989558
2319.87107378 0.997705082653
2319.89150554 0.999648110511
2319.91193749 1.00219538016
2319.93236935 0.996098011289
2319.95280121 0.99395185332
2319.97323307 0.999827653779
2319.99366493 0.998994713709
2320.01409669 1.00008265602
2320.0549605 1.00321840677
2320.07539226 1.00166571327
2320.11625608 1.00035353241
2320.13668793 1.00300562642
2320.15711979 1.00329971728
2320.17755164 0.996002064096
2320.1979835 0.999556340216
2320.36143833 0.998613486147
2320.38187028 1.00319774557
2320.40230213 1.00162188638
2320.42273389 1.00205819051
2320.44316584 0.996363976558
2320.46359769 1.00044335616
2320.52489324 0.998843429609
2320.54532509 1.00274200548
2320.56575694 0.997474963836
2320.58618879 0.998960096432
2320.60662064 1.00150814951
2320.62705249 1.00190277483
2320.64748434 1.00036784558
2320.66791618 0.994844554874
2320.68834803 1.00078710199
2320.70877988 1.00424970614
2320.72921173 0.998371011253
2320.81093911 1.00091485966
2320.83137096 0.998518459244
2320.8518029 1.00050594744
2320.87223465 1.00031416215
2320.89266649 0.993532004139
2320.91309844 0.995313084674
2320.93353018 0.996426349944
2320.95396203 0.996904075139
2320.97439397 0.997702005024
2320.99482571 1.00383060401
2321.0356895 0.999049565478
2321.05612124 1.00140209046
2321.07655318 0.995015027961
2321.09698502 0.999932775973
2321.11741686 1.00039317203
2321.13784871 1.00361343513
2321.15828055 1.0019560394
2321.17871239 0.998853540408
2321.19914423 1.00296025738
2321.32173536 0.996653890508
2321.3421671 0.996529318321
2321.36259894 1.0035562325
2321.38303077 0.997275846994
2321.44432628 1.00042171281
2321.46475812 1.00006116687
2321.48519006 0.99827620645
2321.52605363 0.998279260943
2321.54648556 1.0008910669
2321.5669173 0.998419482734
2321.58734913 1.00073012287
2321.60778107 1.00288737617
2321.6282129 1.00130016878
2321.64864463 0.997459291068
2321.66907657 0.997647431065
2321.81209939 1.00112396636
2321.83253112 1.00019690241
2321.85296305 0.999431517612
2321.87339488 0.998321128609
2321.89382681 0.999100266749
2321.91425854 1.00430762431
2321.93469037 0.999959096393
2321.9551223 0.998760095418
2321.97555403 1.00282264872
2321.99598586 1.00142817742
2322.01641779 1.00082752483
2322.03684951 0.99995600859
2322.05728134 0.997572534742
2322.07771317 0.999663632005
2322.09814499 1.00256902805
2322.11857682 1.00342673302
2322.13900875 0.998186345499
2322.15944047 1.00031426917
2322.20030423 1.00175470594
2322.28203142 1.00327552729
2322.30246335 1.00174383201
2322.32289517 0.999753448347
2322.36375882 1.00036639851
2322.38419064 1.00074249992
2322.40462236 0.999068451349
2322.42505429 1.0009619313
2322.44548611 1.00156012923
2322.46591793 0.999366058444
2322.48634975 0.993193962316
2322.50678157 1.00024217144
2322.52721339 1.00072682182
2322.54764521 0.995925003654
2322.56807703 0.993763785023
2322.58850885 0.99508174329
2322.60894077 0.998121267522
2322.62937249 1.00155600187
2322.64980441 0.998181827812
2322.81325885 1.00271464401
2322.83369077 1.00040654558
2322.85412249 1.00547066028
2322.8745543 1.00115160283
2322.89498622 0.997058553398
2322.91541793 0.998000584243
2322.93584975 1.0024337452
2322.95628166 0.996481280575
2322.97671348 1.00043999886
2322.99714519 0.999038206879
2323.01757711 1.00313802056
2323.03800892 0.995723738378
2323.05844073 1.00005276274
2323.07887255 0.995640382661
2323.09930436 1.00229856239
2323.11973617 0.998500548777
2323.14016798 0.996929260538
2323.1605998 1.00231876312
2323.26275885 0.996063353532
2323.30362257 1.00049792441
2323.32405428 0.994500361426
2323.34448609 1.00024598081
2323.364918 1.00096417481
2323.38534971 0.998885523996
2323.40578152 1.00197118947
2323.42621342 0.998130426758
2323.44664523 1.00060686198
2323.46707704 0.99593956584
2323.48750885 0.999587932044
2323.50794055 0.995135294791
2323.52837246 1.00274298417
2323.54880427 0.995713077306
2323.56923597 0.998375810978
2323.58966788 1.00401320991
2323.61009969 0.999749285771
2323.63053139 0.995775666641
2323.79398593 0.997598703346
2323.81441783 0.999696083539
2323.83484953 1.00115437955
2323.85528133 0.996901220202
2323.87571324 0.9998288289
2323.89614494 1.00247780688
2323.91657674 1.00197268041
2323.93700864 1.00275249763
2323.95744034 0.9984174048
2323.97787214 0.996439044833
2323.99830404 1.00069814791
2324.01873584 1.0009881662
2324.03916754 1.00276415063
2324.05959944 1.00136205632
2324.08003124 1.00313170146
2324.10046294 1.00135944093
2324.12089484 0.999665092433
2324.26391742 0.998146822378
2324.28434922 1.00431645768
2324.30478102 0.99214109015
2324.32521271 1.00456344452
2324.34564461 1.00440367495
2324.3660764 0.998860232216
2324.3865082 0.998596010168
2324.40693999 1.00316093987
2324.42737179 0.998951052276
2324.44780358 1.0010718446
2324.46823548 0.996902568374
2324.48866717 1.00225265477
2324.50909897 0.998810530949
2324.52953086 1.00124504313
2324.54996255 1.0020962426
2324.57039444 0.999930488525
2324.59082624 1.00083349666
2324.61125793 0.999035752986
2324.63168982 0.997603083176
2324.75428057 1.00426412055
2324.77471236 0.997892839401
2324.81557594 1.00168473912
2324.83600773 1.00097620651
2324.85643952 1.00409472427
2324.87687131 1.00158454687
2324.89730309 0.996922529597
2324.91773488 0.996487304944
2324.93816677 0.996167830216
2324.95859846 1.00041961681
2324.97903025 0.999231807348
2324.99946203 1.00468549249
2325.04032571 1.00360176636
2325.06075739 0.996594634327
2325.08118918 1.00052511462
2325.10162107 0.99958865193
2325.12205275 1.00179381975
2325.14248454 0.999679322631
2325.22421178 0.9987974523
2325.24464346 1.00168443796
2325.32637069 0.997105261343
2325.34680278 1.00189580581
2325.36723456 0.999579082423
2325.38766634 1.00011664453
2325.40809812 0.997469909503
2325.42852981 0.998303308109
2325.44896169 0.999080059216
2325.46939347 0.999920668455
2325.48982515 0.996685186105
2325.51025703 1.00276886835
2325.53068881 1.00041356152
2325.55112049 1.00033230689
2325.57155237 1.00000264869
2325.59198415 1.00439871713
2325.61241583 1.00152268341
2325.63284771 0.996654583434
2325.71457482 1.00273088827
2325.7350067 1.00167023141
2325.75543838 0.998790949887
2325.77587016 0.996667980255
2325.79630203 0.998781695092
2325.81673371 1.00304400094
2325.83716549 1.00041966476
2325.85759736 1.00240964193
2325.87802914 0.995401719036
2325.89846081 1.00113437917
2325.91889269 1.00219118633
2325.93932447 0.998543515061
2325.95975614 1.00256943231
2325.98018802 0.998709296152
2326.00061979 0.996601109933
2326.02105146 0.998513593668
2326.04148334 1.00194354911
2326.06191511 1.00004434763
2326.08234699 1.00435604732
2326.10277866 0.999738386604
2326.12321043 0.993579075467
2326.22536929 0.996034266861
2326.24580107 1.0023489102
2326.26623284 0.993499432123
2326.28666461 1.00067940909
2326.30709638 0.998003621795
2326.32752815 0.999718752463
2326.34795992 0.997642471685
2326.36839169 1.00090569058
2326.38882356 0.995995123397
2326.40925523 0.996043713094
2326.4296871 0.999132155958
2326.45011887 1.00019186576
2326.47055054 1.00301066163
2326.49098241 1.00256303277
2326.51141417 1.00019965051
2326.53184584 1.00170457709
2326.55227771 0.996614516013
2326.57270948 1.00111868866
2326.59314114 1.00144678567
2326.61357301 1.00224133754
2326.63400478 1.00012264235
2326.65443645 0.99583781244
2326.67486831 1.00419474262
2326.69530008 1.0024658016
2326.71573184 0.99927823918
2326.73616361 1.00217185924
2326.75659537 1.00364822453
2326.77702714 0.995816580479
2326.7974589 1.00262423333
2326.81789067 0.99837786931
2326.98134478 1.00028211682
2327.00177654 0.999795519256
2327.0222084 1.00279983578
2327.04264006 0.998580139704
2327.06307183 1.00139216048
2327.08350369 0.997679403091
2327.10393535 0.998186137391
2327.12436711 0.998324668252
2327.14479897 0.997196174362
2327.16523063 0.998368493611
2327.18566249 0.999679638454
2327.20609425 1.00041716714
2327.22652601 1.00014443392
2327.24695777 1.00013675861
2327.26738953 1.00147068753
2327.28782129 0.996917230217
2327.30825305 1.00039329241
2327.47170711 1.00089153337
2327.49213897 1.00138319907
2327.51257062 0.999299920995
2327.53300248 1.00041323149
2327.55343424 1.00071766232
2327.57386589 1.00098548391
2327.59429775 0.998333771451
2327.6147295 0.996524279969
2327.63516116 1.00568947514
2327.65559301 1.00147030849
2327.67602467 1.00072574431
2327.69645642 1.00019223947
2327.73732003 1.00017355111
2327.75775168 0.996349157762
2327.77818354 0.999453536829
2327.79861529 1.00448063102
2327.96206931 0.992654799719
2327.98250106 0.998466183882
2328.00293291 0.996945720931
2328.02336456 0.995133610737
2328.04379631 0.995281551229
2328.06422816 1.00211611118
2328.08465981 1.00185837997
2328.10509156 0.999080521212
2328.14595506 1.0016951452
2328.16638681 0.998956031886
2328.18681866 0.997699412896
2328.2072504 0.9988996068
2328.22768205 0.995693874619
2328.2481139 0.996007979673
2328.2889774 1.00036986316
2328.30940914 0.993243460855
2328.43199962 1.00133419955
2328.45243127 1.00012473527
2328.47286311 0.999319717715
2328.49329486 0.999962323351
2328.51372651 0.999874161698
2328.53415835 1.00052524046
2328.55459009 1.00406912451
2328.57502184 0.998553370293
2328.59545358 0.999566728919
2328.61588533 1.00071369038
2328.63631717 0.999384799017
2328.65674881 1.00319286815
2328.67718056 1.00293962026
2328.6976124 0.998291200353
2328.71804404 0.998382077708
2328.73847579 1.00234515873
2328.75890763 1.00144888992
2328.77933937 1.00116146444
2328.79977101 1.00405561108
2328.82020286 1.00429429354
2328.8406346 0.996759984279
2328.88149808 1.00270659537
2328.90192982 1.00439618802
2328.92236146 1.00172487622
2328.9427933 0.995689987467
2328.96322504 0.9969338806
2328.98365688 0.999283472366
2329.00408852 0.998892252083
2329.02452026 1.00107203566
2329.044952 0.999884953293
2329.06538374 1.00366805017
2329.08581548 1.00053830012
2329.10624722 0.993192180353
2329.12667895 1.00141173024
2329.14711069 0.999710878948
2329.16754243 0.997800192716
2329.18797417 0.999646674853
2329.22883774 0.998390041723
2329.24926938 0.998769272448
2329.26970112 0.995933652306
2329.29013295 1.00006688829
2329.31056459 1.00322302252
2329.39229163 1.00226816298
2329.41272337 1.00364058336
2329.43315501 1.00397654893
2329.45358684 1.00171084023
2329.47401858 0.999227842149
2329.49445021 1.00365050897
2329.51488204 0.999424199354
2329.53531378 0.999829295428
2329.55574541 0.998976469012
2329.57617725 1.0017817634
2329.59660898 0.994950318175
2329.61704071 0.999085998133
2329.63747245 0.99948141585
2329.65790418 1.00019913768
2329.67833601 0.99992018762
2329.71919938 1.00102397798
2329.73963121 1.00050631407
2329.76006294 0.999993873788
2329.78049457 0.999728627244
2329.8009264 0.995743554901
2329.82135813 0.999183788664
2329.86222159 0.995056137483
2329.88265323 1.00558469682
2329.90308496 0.999962789166
2329.92351679 0.999097128438
2329.94394842 1.00000871317
2329.96438014 1.00215222897
2329.98481197 0.999876602664
2330.0052436 1.00117409971
2330.16869753 0.998561946828
2330.18912926 1.00041764228
2330.20956108 1.00330949893
2330.22999271 0.999793943991
2330.25042444 1.00322129169
2330.27085626 0.999283096961
2330.29128789 1.00269166875
2330.31171962 0.996015411715
2330.33215144 1.00205090972
2330.35258307 1.00327304554
2330.37301489 1.00159578762
2330.39344662 0.997100786797
2330.41387824 0.998103472239
2330.43431007 1.0045432409
2330.45474179 1.00345002488
2330.47517342 0.998126012274
2330.49560524 0.999732373358
2330.51603697 1.00284977122
2330.53646869 1.00029462706
2330.55690041 1.0001723006
2330.57733214 0.998467847608
2330.59776376 0.99985352479
2330.61819558 0.997892538854
2330.63862731 1.00415289359
2330.65905893 0.997195160534
2330.67949075 1.00052645458
2330.69992247 1.000157526
2330.7203542 1.00038665085
2330.90423978 0.993920560665
2330.9246714 0.99802186354
2330.94510312 1.00012845689
2330.96553494 1.0024810055
2330.98596656 0.995172572877
2331.00639828 0.999536089928
2331.0268301 1.00280992854
2331.04726182 0.995967648589
2331.06769354 1.00057973931
2331.08812526 0.997896576413
2331.10855698 0.997563552451
2331.12898869 1.00185514092
2331.14942041 0.996917486526
2331.16985213 0.99893583572
2331.19028385 0.999037031597
2331.21071556 1.00328834859
2331.23114728 0.999851524231
2331.251579 1.00004222557
2331.27201071 1.00137341377
2331.29244243 0.998320007418
2331.31287415 0.995563566736
2331.35373748 1.00114780391
2331.37416929 0.994684646157
2331.39460101 0.999510696957
2331.41503282 1.00442410542
2331.43546444 1.00073103893
2331.45589615 0.998040904796
2331.47632797 1.00382972173
2331.49675958 0.998321297632
2331.5171913 0.998234952728
2331.53762311 0.99857880121
2331.57848644 0.99746138746
2331.59891825 0.996587741739
2331.61934997 1.00225402398
2331.63978158 0.9998410219
2331.66021339 1.00224499954
2331.68064511 1.00070115889
2331.70107682 0.997758715668
2331.72150853 1.00344614585
2331.88496232 1.0031677675
2331.90539393 0.9991172328
2331.94625745 0.999578631133
2331.96668906 0.997227882006
2331.98712077 0.99868841088
2332.00755248 1.00172197554
2332.02798419 1.00398523742
2332.06884761 1.00161815336
2332.08927932 0.994643639255
2332.10971113 1.00071859186
2332.13014284 0.999497673775
2332.15057445 1.00376162725
2332.17100625 1.00417744297
2332.19143796 1.00098596746
2332.21186957 0.999956322322
2332.23230138 1.00035462446
2332.25273309 0.99962471076
2332.27316469 0.994397293587
2332.2935965 0.999453408635
2332.31402821 0.996764146968
2332.33445981 0.996494585126
2332.35489162 1.0003071425
2332.37532333 0.996722853272
2332.39575513 1.00009311529
2332.41618674 1.00103874783
2332.43661844 0.999088762132
2332.45705025 0.999230125559
2332.47748186 0.997254527684
2332.49791356 0.999000819888
2332.51834537 1.00235137682
2332.53877697 0.999141856937
2332.55920867 1.00228897238
2332.57964048 0.998971746557
2332.60007218 0.9999700826
2332.62050379 1.00540690832
2332.64093559 0.997865086811
2332.6613673 0.998485749181
2332.6817989 0.998889955901
2332.7022307 1.00534983099
2332.72266241 1.00328446817
2332.74309411 0.994587840824
2332.76352581 1.00108658444
2332.78395751 0.998135822111
2332.80438922 1.0017840671
2332.82482092 0.998908538366
2332.84525252 1.00103756571
2332.86568432 0.998957801207
2332.90654763 1.00101810834
2332.92697943 1.00178844285
2332.94741113 1.00163253979
2332.96784283 1.00240042581
2333.09043313 1.00611282033
2333.11086483 1.00152616553
2333.13129643 0.996659240093
2333.15172823 1.00068293562
2333.17215993 1.00192333584
2333.19259153 0.998729636928
2333.21302333 0.995839500097
2333.23345503 0.998644675092
2333.25388663 0.999552646138
2333.27431843 1.00076529475
2333.29475012 1.00149513749
2333.31518172 1.00152211497
2333.33561352 0.999164002106
2333.35604522 0.999887064743
2333.37647702 0.996692243763
2333.39690861 0.999866882272
2333.41734031 1.00065279325
2333.43777211 0.996509999109
2333.45820371 1.00184508789
2333.4786354 1.00016579699
2333.4990671 0.999774757933
2333.51949879 1.00028956297
2333.53993049 0.994737485596
2333.56036219 0.998943238522
2333.58079388 1.00034315414
2333.60122558 0.998312273442
2333.62165737 0.996348205275
2333.64208897 1.00160732332
2333.66252076 0.996762473167
2333.68295246 1.00027578744
2333.70338405 0.999679027421
2333.72381585 1.00305604393
2333.74424754 1.0012199664
2333.76467914 0.999960764082
2333.78511093 0.999989623123
2333.80554263 0.997418130958
2333.82597422 0.998941257634
2333.84640601 1.00227338049
2333.86683771 0.998806321347
2333.8872693 0.997299898591
2333.90770109 1.00027093253
2334.05072294 0.997867714827
2334.07115473 0.993806546235
2334.09158642 0.999014259659
2334.11201802 1.00546607135
2334.13244981 0.999708244964
2334.1528815 0.999928549831
2334.17331309 1.00349789724
2334.19374488 0.999909360903
2334.21417647 0.998572115377
2334.23460816 0.99848795589
2334.25503995 1.00604777211
2334.27547154 1.00166645941
2334.29590333 0.997507863496
2334.31633502 0.999072977581
2334.33676661 1.00007183032
2334.3571984 1.00071902698
2334.37763009 0.99796312189
2334.39806168 1.00383815127
2334.41849347 0.997086586629
2334.43892516 1.00214432679
2334.45935685 0.999854456629
2334.47978854 1.00177377562
2334.50022022 0.999179097172
2334.52065191 0.999843769734
2334.56151529 0.999795119389
2334.58194708 0.996591784717
2334.60237876 1.00199428044
2334.62281035 0.99590157247
2334.64324214 1.00479785947
2334.66367383 1.00393256206
2334.68410541 1.00367347854
2334.7045372 1.00333419829
2334.72496889 1.00245050217
2334.74540047 0.999527411488
2334.76583226 0.99894488965
2334.78626394 0.994243643638
2334.80669553 0.998502452222
2334.82712732 1.00523471725
2334.847559 1.00072494861
2334.86799059 0.992544743506
2334.88842237 1.00065726142
2335.07230753 0.998359777113
2335.09273922 1.00156129025
2335.1131709 1.00220881542
2335.13360259 0.997314367326
2335.15403427 0.996953072625
2335.17446605 0.994418838712
2335.19489764 1.00404996689
2335.21532942 1.00215261501
2335.2357611 0.995968121894
2335.25619268 1.00156017358
2335.27662447 0.999234159072
2335.31748773 1.00229463942
2335.33791951 0.999620691416
2335.35835119 1.00051404834
2335.37878278 0.999606454989
2335.39921456 1.00055851246
2335.41964624 0.998740490816
2335.44007792 1.00179004551
2335.4605096 1.0002652754
2335.48094128 1.0011335479
2335.50137306 0.999131155299
2335.52180464 0.994482566428
2335.54223632 1.00009667992
2335.5626681 1.00043450765
2335.58309978 1.00033098277
2335.60353136 0.996337135204
2335.62396314 0.999024625074
2335.64439482 0.998764968401
2335.6648264 0.997814794279
2335.68525818 1.00038357094
2335.70568976 0.998674506105
2335.72612144 0.995517512805
2335.74655322 0.997449637623
2335.7669848 1.00397722085
2335.78741648 1.00216186426
2335.80784826 0.997128855671
2335.82827984 1.0004524796
2335.86914329 1.00171512722
2335.88957487 0.998730291782
2336.11432342 1.00180241872
2336.13475519 1.00492609848
2336.15518687 0.99665729976
2336.17561845 0.996196302973
2336.19605022 0.999187498645
2336.2164819 0.99894383998
2336.23691347 0.999877672537
2336.25734525 1.00080053963
2336.27777692 0.998561002321
2336.2982085 0.999838650288
2336.31864027 0.999447060379
2336.33907195 0.995869518552
2336.35950352 0.99386648037
2336.3799353 1.00543811358
2336.40036697 1.00175492208
2336.42079865 1.00500635182
2336.44123032 1.00286781971
2336.46166189 0.998580690701
2336.48209367 0.99515849249
2336.50252534 1.00219420514
2336.52295702 1.00107572384
2336.54338869 1.00224181838
2336.56382036 0.996940662541
2336.58425204 1.00103873585
2336.60468371 1.00218867481
2336.62511538 0.997134257524
2336.66597883 0.998318372013
2336.6864104 0.999104079744
2336.70684217 1.0004311745
2336.72727384 0.998498937323
2336.74770542 1.00423830234
2336.76813719 0.996963146957
2336.78856886 1.00110528132
2336.87029545 0.997639188689
2336.89072722 1.00067675661
2336.91115889 0.995911334769
2336.99288567 1.00295212919
2337.01331724 0.998358475031
2337.03374891 1.00467316702
2337.05418068 1.00064216269
2337.07461235 1.00190747786
2337.09504392 0.997419074258
2337.11547559 0.997483246891
2337.13590736 0.994817357912
2337.15633893 0.997136559249
2337.1767707 1.00535028737
2337.19720227 1.00076159056
2337.21763394 0.997724082506
2337.2380657 1.0039953854
2337.25849727 1.00354127955
2337.27892904 1.00025818734
2337.29936071 1.002444628
2337.31979228 0.999253694737
2337.34022405 0.999403746747
2337.36065571 0.997786798264
2337.38108728 0.996911398601
2337.40151905 1.00309613124
2337.42195072 1.00375051687
2337.44238229 0.996689463762
2337.46281405 0.996545906678
2337.48324572 1.00477911925
2337.50367739 1.00099582329
2337.52410905 1.0037600511
2337.54454072 1.00229253481
2337.56497239 1.00430186765
2337.58540405 0.999182937551
2337.60583572 0.996347741029
2337.76928915 0.998874891115
2337.78972071 0.99436319053
2337.81015248 1.00059317303
2337.83058404 1.00079405356
2337.85101571 0.997565641059
2337.87144747 1.00303279153
2337.89187914 1.00078327884
2337.9123108 0.999034622653
2337.9736058 1.00252670231
2337.99403746 1.00154702546
2338.01446913 0.999031075224
2338.03490079 1.0053658301
2338.05533245 1.00066043445
2338.07576412 1.00001746808
2338.09619578 0.999037613368
2338.11662744 0.998603405899
2338.13705911 0.998223963378
2338.15749087 0.995528463394
2338.17792243 1.00009784576
2338.1983542 1.00255373262
2338.21878586 0.998690010913
2338.23921742 0.998288361601
2338.25964918 1.00064230369
2338.28008085 0.995927342179
2338.30051241 0.998340305259
2338.32094417 1.00155187487
2338.34137583 0.999410508022
2338.36180739 1.0011607559
2338.48439756 1.0051479842
2338.50482913 0.999693672559
2338.52526079 0.995373370399
2338.54569255 1.00117608802
2338.56612411 0.998947576896
2338.58655577 0.999036303275
2338.60698743 0.998913387284
2338.62741909 1.00097486557
2338.64785075 1.0018979435
2338.66828251 1.00033930067
2338.68871407 0.999602385842
2338.70914573 1.00035540164
2338.72957749 1.00038113968
2338.75000905 1.00174190431
2338.77044081 0.999519605975
2338.79087247 1.00487443151
2338.81130403 1.00243380648
2338.83173579 0.999229367351
2338.85216745 0.998868733315
2338.87259901 1.0002850393
2338.89303076 0.997925287043
2338.91346242 0.999469192703
2338.93389398 0.999694867391
2338.95432574 1.00021205988
2338.9747574 0.997089079372
2338.99518916 0.997880683833
2339.01562072 1.00125682458
2339.03605237 0.996783292388
2339.05648413 1.0022210452
2339.07691569 0.999989338753
2339.26080071 0.994923883873
2339.28123236 0.998978211983
2339.30166402 0.999155786885
2339.32209558 0.994342697457
2339.34252733 0.99929565557
2339.36295899 1.00143453406
2339.38339055 0.999826571792
2339.4038223 0.99968400821
2339.42425396 1.00157369808
2339.44468551 1.00005293314
2339.46511727 1.00127327323
2339.48554893 1.00356692163
2339.50598058 1.00208442117
2339.52641224 0.999438941591
2339.54684389 1.00133493022
2339.56727565 0.999286557253
2339.5877072 1.00208580671
2339.60813886 0.996629672809
2339.62857061 1.00145293586
2339.64900217 0.997537496271
2339.66943382 0.999241537117
2339.68986558 1.00090919038
2339.71029723 1.00412156337
2339.73072879 1.0035685867
2339.75116054 1.00272151396
2339.7715922 1.00224701092
2339.79202375 1.00550587086
2339.8124555 0.998416494332
2339.83288716 0.997899483862
2339.85331891 0.999527690885
2339.87375047 0.996575510832
2339.91461387 1.00089804439
2339.93504543 0.998382645628
2339.95547708 1.00083179918
2339.97590883 1.00064300729
2339.99634039 1.00169899137
2340.01677204 1.00469473523
2340.03720369 1.00539845014
2340.05763534 1.00434021573
2340.078067 0.997857281429
2340.20065701 0.999293732194
2340.22108866 1.00140748815
2340.24152022 0.999272169941
2340.28238362 0.997182634921
2340.30281517 0.997010835904
2340.32324692 1.00039001079
2340.34367857 0.998170251365
2340.36411033 1.00597045279
2340.38454188 0.998515006585
2340.40497353 0.99783015243
2340.42540528 0.995648537636
2340.44583683 1.00178097254
2340.46626848 0.996969416954
2340.48670023 0.995304277681
2340.50713178 0.998807201158
2340.52756343 0.998954871081
2340.54799518 1.00094442533
2340.56842673 0.999868823132
2340.58885838 0.998084540786
2340.60929013 1.00225518151
2340.62972178 1.00360898105
2340.65015343 0.999811227835
2340.67058508 1.00081713709
2340.69101673 0.999619622188
2340.71144838 0.995507899241
2340.73188003 0.99977006202
2340.75231168 0.998557524405
2340.77274333 0.997440846673
2340.79317498 1.00158958571
2340.81360653 1.00267865653
2340.83403828 1.00210855729
2340.85446993 1.00245674191
2340.87490148 1.0004228003
2340.89533323 1.00229577198
2340.91576488 0.998746520196
2340.93619663 1.00007088263
2340.95662817 0.994014101135
2340.97705982 1.00049091673
2340.99749157 0.997342640813
2341.01792312 0.997045474252
2341.03835477 1.0011249729
2341.05878652 0.998255813226
2341.07921806 0.996875011054
2341.09964971 1.00257428056
2341.12008146 1.00280012873
2341.14051311 1.0042998192
2341.16094476 1.00229239442
2341.1813764 1.00099646315
2341.20180805 0.998734938474
2341.2222397 0.998301155846
2341.24267135 0.99722900511
2341.28353464 1.00020692387
2341.30396629 1.00165903889
2341.32439793 0.997716258613
2341.34482968 1.00154764169
2341.36526123 1.00133219063
2341.38569288 0.998123753962
2341.40612452 0.999016692165
2341.42655617 1.0001929714
2341.44698792 1.00025869011
2341.46741946 1.0015214016
2341.48785111 1.00424475598
2341.50828285 1.00328098441
2341.5287144 1.00350573311
2341.54914605 1.00279163823
2341.56957779 1.00004936865
2341.59000934 0.999354016505
2341.61044098 0.995158902571
2341.63087273 0.997624804153
2341.65130428 0.998573109604
2341.67173602 1.00295828738
2341.69216767 0.998947211084
2341.71259931 1.00387767222
2341.73303096 0.999980922752
2341.7534626 1.00224689554
2341.77389425 0.999672659115
2341.79432589 1.00064693002
2341.81475754 1.00068634906
2341.83518918 0.996083015645
2341.89648412 0.998339585717
2341.91691586 0.998057305297
2341.93734741 0.999192370407
2341.95777915 1.00124554983
2341.9782108 0.999453264924
2341.99864234 0.998727004484
2342.01907409 1.00097424585
2342.03950573 0.999554020192
2342.05993727 1.0010307574
2342.08036902 0.998278008217
2342.10080066 1.00098334086
2342.12123221 0.999697309663
2342.14166395 1.0015416258
2342.16209559 1.00189647635
2342.18252724 1.00054201049
2342.20295888 0.996069491345
2342.22339052 0.996187490405
2342.24382217 0.998864869138
2342.26425381 0.998183295692
2342.28468545 0.998437331073
2342.32554874 0.998610186705
2342.34598038 0.999187831753
2342.38684367 1.00153045989
2342.40727531 1.00267101824
2342.42770705 0.996138670842
2342.4481386 1.00146578173
2342.46857034 1.00069805251
2342.48900198 1.0010932345
2342.50943352 0.999914551347
2342.52986527 0.995053648769
2342.55029691 1.00098750543
2342.57072845 1.00095396402
2342.59116019 1.00478176454
2342.63202338 0.996629189879
2342.65245512 0.999057829126
2342.67288676 1.0022317677
2342.6933185 1.00026542319
2342.71375004 1.00036471422
2342.73418169 1.00034499092
2342.75461343 1.00031403148
2342.77504497 1.00040116554
2342.79547661 0.997927947656
2342.81590825 0.998456465427
2342.83633999 0.995644163122
2342.85677153 1.0003625978
2342.87720328 0.998629634182
2342.89763482 0.993490026159
2342.91806656 0.997654049874
2342.9384982 0.998168134708
2342.95892974 1.00243782599
2342.97936148 1.00130873939
2342.99979312 1.0037503736
2343.02022466 1.00087233983
2343.0406564 0.999424559644
2343.06108804 0.996340897133
2343.08151958 1.00020188363
2343.10195132 1.00470953443
2343.12238296 0.999597118772
2343.1428145 0.999120735624
2343.16324624 0.999580974215
2343.20410962 0.998032950018
2343.22454116 0.998764333426
2343.2449728 0.998459149309
2343.26540454 0.998829999075
2343.28583608 0.996513074213
2343.30626772 0.999659922762
2343.32669946 0.994992781453
2343.3471311 1.00341087528
2343.36756264 0.994367927023
2343.38799438 1.00379181749
2343.40842602 1.00146818604
2343.42885766 1.00102480163
2343.4492893 1.00156212439
2343.46972094 0.998424088437
2343.49015268 1.00059131454
2343.51058422 1.00338932066
2343.53101586 1.00444650228
2343.5514475 0.996208904324
2343.59231077 1.00229771617
2343.61274241 1.00239080382
2343.67403733 0.999778935101
2343.69446897 0.999325637155
2343.7149007 1.00017144037
2343.73533224 1.00378687949
2343.75576388 0.99812832203
2343.77619562 1.00380999921
2343.85792217 1.00547948965
2343.87835371 1.00240975099
2343.89878545 0.999814548568
2343.91921709 0.996979101435
2343.93964872 1.00232912442
2343.96008036 1.00456729404
2343.980512 1.00175389544
2344.00094374 0.997953138626
2344.04180691 0.998366211499
2344.06223865 0.998576310333
2344.08267019 1.00036370582
2344.10310182 0.996298931245
2344.12353356 1.00036853587
2344.1439651 0.993647055904
2344.16439684 0.998392808544
2344.18482847 1.00403924905
2344.20526001 0.998490289638
2344.22569175 0.998689835546
2344.24612338 1.00313628283
2344.26655492 1.00003278695
2344.28698666 0.994991892881
2344.30741819 0.998813840077
2344.32784993 0.997694539628
2344.34828157 0.995260822809
2344.3687131 0.997373790078
2344.38914484 1.00304703347
2344.40957648 1.00200108457
2344.43000811 1.00146637759
2344.45043975 0.999555049332
2344.47087139 1.00175440921
2344.49130302 1.0001152319
2344.51173466 0.999824513269
2344.5321663 1.00047301026
2344.55259793 1.00145687385
2344.57302967 1.00099763288
2344.5934612 0.999417831821
2344.61389284 1.00388755723
2344.63432458 1.0041866639
2344.67518785 0.996164041398
2344.69561948 1.00364122486
2344.71605102 0.999359346059
2344.73648276 1.00341497685
2344.85907257 0.997949640055
2344.8795042 0.994780558029
2344.89993594 0.997411189207
2344.92036747 0.997764321058
2344.94079911 1.00277800594
2344.96123074 0.997002555123
2345.12468392 1.00042776302
2345.14511556 0.998515479401
2345.16554709 1.00134578357
2345.18597883 0.997966355267
2345.20641046 1.00356400774
2345.24727373 1.00115963746
2345.26770537 0.998796629635
2345.2881369 1.00282250428
2345.30856864 1.0035240635
2345.32900027 0.99815840408
2345.349432 0.993432108088
2345.36986354 0.998672205148
2345.39029517 1.00201015111
2345.41072691 1.00190622319
2345.43115844 1.00101401535
2345.45159008 0.99606791392
2345.47202181 0.997384898023
2345.49245344 1.00020893967
2345.53331671 0.999954672317
2345.55374835 0.998313016867
2345.57417998 1.0003775795
2345.59461161 0.996999280066
2345.61504325 1.00048039523
2345.63547488 1.00381131949
2345.65590651 1.00199787961
2345.67633815 1.00079491872
2345.69676978 0.996881527717
2345.88065448 1.00037104137
2345.90108612 1.00128548517
2345.92151785 1.00016227253
2345.96238102 1.00144367833
2345.98281275 1.00069874302
2346.00324428 0.998188156319
2346.04410765 1.00000362558
2346.06453928 1.00259312207
2346.08497091 0.996672108795
2346.10540255 0.997312736778
2346.12583418 0.999394271425
2346.14626581 0.999765445662
2346.16669744 1.00069756519
2346.20756081 0.995086278066
2346.22799234 0.99781414145
2346.24842398 0.996672465022
2346.28928724 1.00026204642
2346.30971897 1.00303740163
2346.33015061 0.996869513031
2346.37101387 0.997287465271
2346.3914455 1.00085357621
2346.41187704 0.999486825611
2346.43230877 0.999089813958
2346.4527403 0.998496100061
2346.47317193 1.00065490278
2346.55489856 0.998019675084
2346.57533019 1.00082871668
2346.59576183 1.00017604074
2346.61619346 0.999466252119
2346.65705672 0.99539495878
2346.67748835 1.00258881177
2346.84094151 0.998946934051
2346.86137304 1.00025586101
2346.88180477 1.00096604194
2346.9022364 1.00167800902
2346.92266794 0.994459158187
2346.94309967 1.00405501487
2346.9635313 1.00083635419
2346.98396303 1.0009882577
2347.00439456 1.00062321683
2347.02482619 0.998916023723
2347.04525783 0.996442047025
2347.06568946 0.99348619895
2347.08612109 1.00076375046
2347.10655282 1.00391880874
2347.12698435 0.998173864319
2347.14741598 0.99848876279
2347.16784761 1.00094051736
2347.33130076 0.995514119795
2347.3517324 0.996229439332
2347.37216393 1.00203230011
2347.39259566 0.999356432448
2347.41302729 0.996875179254
2347.43345902 0.998760983181
2347.57648034 0.995194064981
2347.59691197 1.00105161682
2347.6173437 1.00031004345
2347.63777523 0.998842067495
2347.65820696 0.994767554293
2347.67863859 1.00026118095
2347.69907022 1.00055668119
2347.71950185 1.00067428828
2347.76036512 0.999953278029
2347.78079675 1.00080629645
2347.80122838 0.996503712274
2347.82166001 1.00148792929
2347.84209164 0.994553570977
2347.86252327 1.00067728691
2347.882955 1.0018967829
2347.92381816 1.00508653561
2347.94424989 0.998212863779
2347.96468142 0.998923194997
2348.00554478 1.0018822039
2348.02597631 0.996735829973
2348.04640795 1.00196068968
2348.06683968 1.00284919417
2348.08727121 1.00223879661
2348.10770294 1.0013805996
2348.12813457 0.995954974552
2348.1485661 0.998532093736
2348.16899783 0.998679911183
2348.18942946 1.00116991613
2348.20986109 1.00140108438
2348.25072435 0.998988544277
2348.27115598 0.998274995501
2348.29158761 1.0003001587
2348.31201924 1.00316531467
2348.33245097 0.99554886559
2348.3528826 0.997790392753
2348.37331413 1.00000944007
2348.39374586 0.998950876846
2348.41417749 1.00520534384
2348.43460902 1.00081648189
2348.45504075 1.00148326624
2348.49590392 0.998985824612
2348.51633565 1.00112593819
2348.53676718 1.00489612771
2348.55719891 0.999990096559
2348.57763054 1.00451305652
2348.59806207 0.999030578059
2348.6184938 1.00282532089
2348.63892543 1.00151566265
2348.65935696 0.999585472207
2348.78194694 1.00011918757
2348.80237847 1.00019367861
2348.8228101 1.00384661155
2348.84324183 0.999417090807
2348.86367336 0.999293590002
2348.88410499 0.999840668155
2348.90453672 0.999434233421
2348.92496835 0.997081434631
2349.00669487 0.998782708906
2349.0271265 1.00364586089
2349.04755813 0.997821431149
2349.06798986 0.997766876737
2349.08842139 0.993920041252
2349.10885302 1.00070848341
2349.12928475 0.996724056261
2349.14971628 0.999106729678
2349.27230606 0.994928345884
2349.29273779 1.0041809705
2349.31316932 0.997308644951
2349.33360095 0.996291452588
2349.35403268 1.00218429627
2349.37446421 1.00311701851
2349.53791736 1.00167832292
2349.55834899 0.998986954549
2349.57878072 1.00372832426
2349.59921225 1.00328994375
2349.61964398 1.00146924718
2349.64007561 1.00347202312
2349.78309712 0.999002405442
2349.80352865 0.999061248924
2349.82396028 0.997530281954
2349.84439201 1.00113010828
2349.86482354 0.997680283435
2349.88525517 1.00197570323
2349.9056868 0.999072368802
2349.92611843 1.00491789969
2349.94655006 0.997720253793
2349.96698169 1.00580532812
2349.98741332 1.00140325166
2350.00784505 1.00111693095
2350.02827658 1.00202116004
2350.04870821 0.998600144357
2350.06913994 0.997886647762
2350.08957157 0.998283245237
2350.1100031 1.00267748077
2350.27345625 1.00396642546
2350.29388798 0.99985700775
2350.31431951 0.999759445751
2350.33475114 1.00153040321
2350.35518287 0.998006683152
2350.51863591 1.00387079539
2350.53906754 1.00276178807
2350.55949917 0.997603958124
2350.5799308 1.00424903846
2350.60036243 1.00307512005
2350.62079406 0.998112605718
2350.6412257 1.00044356527
2350.66165733 1.00245707807
2350.68208896 0.998004016402
2350.70252059 0.997403914181
2350.72295222 0.996865579874
2350.74338395 1.00547525455
2350.76381548 0.998922935985
2350.78424721 0.999272185761
2350.80467884 0.999521697372
2350.82511037 0.996125645975
2350.86597373 0.998979590436
2350.88640526 1.00169224305
2350.96813189 0.997809863923
2350.98856352 0.998948244215
2351.00899525 1.00346190738
2351.02942678 0.995431691086
2351.04985841 1.00209502047
2351.07029014 1.00017274902
2351.09072167 0.995635453722
2351.23374319 1.00001733894
2351.25417482 1.00051989715
2351.27460635 1.0028521182
2351.29503808 1.00568564193
2351.31546972 0.999831693615
2351.33590135 1.00211095715
2351.35633298 0.999069165637
2351.47892277 1.00257859466
2351.4993544 1.00478324479
2351.51978613 1.00420070858
2351.54021766 1.00171003698
2351.56064929 0.997252545188
2351.58108102 1.00249849649
2351.76496571 1.00003526199
2351.80582897 0.999609987683
2351.8262606 0.998641677425
2351.84669233 1.00454810385
2351.86712397 1.00189900789
2351.8875555 1.00075441667
2351.90798723 1.00055391559
2351.92841886 0.995647506159
2351.94885039 1.00134541251
2351.96928213 1.00271334157
2351.98971376 0.999705718774
2352.01014539 0.999269509388
2352.03057702 0.998289310193
2352.05100855 0.997402530261
2352.07144029 1.00064892213
2352.25532498 0.998854795085
2352.27575661 0.999573889541
2352.29618834 1.00220239051
2352.31661988 0.999203952456
2352.33705151 0.998493351007
2352.35748324 1.00091503936
2352.37791487 0.998083723345
2352.41877814 1.00050601278
2352.43920977 0.996464773434
2352.4596414 1.00205943159
2352.50050467 0.993485815431
2352.5209363 1.00454182216
2352.54136793 0.994170260296
2352.56179967 1.002135894
2352.5822313 1.00311521561
2352.60266283 1.00109630462
2352.62309457 0.998476746326
2352.66395773 0.999125802227
2352.68438947 0.998302327116
2352.704821 1.00084008112
2352.72525273 1.00245670707
2352.74568437 0.996868823747
2352.7661159 1.00566204368
2352.78654763 0.992581079647
2352.80697927 0.998201212135
2352.99086397 0.998963542184
2353.0112957 1.00432291045
2353.03172723 0.998176208911
2353.0725906 1.00489815682
2353.09302224 0.999092264686
2353.11345387 1.00289204217
2353.1338855 1.00004647582
2353.15431714 1.00340584832
2353.17474877 1.00002989486
2353.19518041 1.00061723807
2353.21561204 1.00027088072
2353.23604377 1.00165242686
2353.25647531 0.999639258582
2353.27690694 0.999899742292
2353.29733868 0.999766664287
2353.33820195 0.997460952883
2353.35863358 1.00102129445
2353.39949685 1.00158313208
2353.41992838 0.994850793133
2353.44036002 0.997985212164
2353.48122329 1.00074367511
2353.50165502 0.995589598263
2353.52208666 0.999035767636
2353.54251819 0.999355960846
2353.72640311 1.00251595039
2353.74683474 0.993194650505
2353.76726628 0.998439461924
2353.78769801 0.999506797042
2353.80812965 1.00150909342
2353.82856118 0.997023447057
2353.84899292 1.00103894025
2353.86942456 0.998349519045
2353.88985629 1.00181173524
2353.91028783 0.999368347415
2353.93071946 1.0006108177
2353.9511512 0.996141217631
2353.97158273 1.00179808739
2353.99201437 0.999907360701
2354.01244611 0.995821621907
2354.05330938 1.00002107656
2354.1758992 1.00341008132
2354.19633073 1.00163835764
2354.21676237 0.99811946463
2354.2371941 0.998037476046
2354.25762574 0.997758182631
2354.27805738 1.00031106747
2354.44151057 0.998750792789
2354.46194221 1.00090493836
2354.48237375 1.00221733437
2354.50280548 0.994857751951
2354.52323712 0.996707401197
2354.54366866 1.00086592746
2354.5641004 0.996309166789
2354.58453203 1.00410101322
2354.60496377 0.998606553193
2354.62539531 1.00024985556
2354.64582695 1.00233298077
2354.66625858 1.00120070674
2354.68669022 0.998218209942
2354.70712186 0.999840077683
2354.7275535 0.99959668013
2354.74798513 1.00500633793
2354.76841677 1.00045763838
2354.78884841 1.00038040394
2354.80928005 0.998977784849
2354.82971179 1.00111322962
2354.87057496 0.998157955513
2354.8910067 0.999397925535
2354.91143824 1.00234756287
2354.93186988 0.996179749433
2354.95230162 0.999616404148
2354.97273325 1.00050638031
2354.99316489 1.00142470556
2355.01359653 1.0010676444
2355.17704974 1.00332399953
2355.19748128 0.998935026593
2355.21791302 0.995631778351
2355.23834466 0.997785112481
2355.2587762 0.997846958983
2355.27920794 1.00215400168
2355.29963958 0.999266493879
2355.32007112 1.00130160006
2355.3609345 0.996141848502
2355.38136624 0.998151823833
2355.40179778 0.999490141445
2355.42222942 0.997486441634
2355.44266106 0.995678824948
2355.4630927 0.997288824561
2355.48352434 1.00012962172
2355.50395598 0.996031153946
2355.6674092 1.00288324562
2355.68784084 0.99856887832
2355.72870412 1.00643036756
2355.74913576 1.00087631782
2355.91258889 1.00160998657
2355.93302064 1.00250842301
2355.95345228 1.00047553509
2355.97388382 1.00062285494
2355.99431556 1.00249830038
2356.0147472 0.998880024563
2356.03517884 1.00285931567
2356.05561049 1.0020984286
2356.07604213 0.994369304008
2356.09647377 1.00551476486
2356.11690541 0.999824851313
2356.13733705 1.00021009426
2356.1577687 1.00169351401
2356.17820034 1.00191129612
2356.19863198 1.00250000045
2356.21906362 1.0024454023
2356.23949527 0.997624121431
2356.25992701 0.999519938658
2356.38251687 0.998184331319
2356.40294851 1.00079865924
2356.42338005 0.999326632934
2356.4438118 1.00001455583
2356.48467518 0.999107778181
2356.64812834 0.995824465506
2356.66855998 0.999791249698
2356.68899152 0.99708197173
2356.70942327 0.99838863276
2356.72985491 1.0029426066
2356.75028656 0.999402908018
2356.7707182 1.00250246517
2356.79114985 0.998159110661
2356.83201314 1.00149466216
2356.85244478 1.00399881051
2356.87287643 0.999066787978
2356.89330807 1.00266244492
2356.91373972 0.997907139323
2356.93417146 0.999597651926
2356.97503465 0.999141524551
2357.13848782 1.00032954094
2357.15891957 1.00286912866
2357.17935121 0.998363041313
2357.19978296 0.999845886478
2357.2202145 0.998249862676
2357.24064615 1.00134951647
2357.36323613 0.997192726631
2357.38366778 0.997314858877
2357.40409943 1.00223945017
2357.42453107 1.00107098977
2357.44496272 0.998746899055
2357.46539437 1.00315226273
2357.48582602 1.00056092197
2357.50625766 1.005937371
2357.52668921 1.00178818825
2357.58798425 1.00145365554
2357.6084159 0.999528989455
2357.62884755 1.00178089751
2357.6492793 0.999849373901
2357.66971085 0.999425018187
2357.6901425 1.00337790006
2357.71057424 1.00074919072
2357.73100579 1.00572771048
2357.85359569 0.998313507681
2357.87402743 0.998213010708
2357.89445908 1.00115135192
2357.93532238 0.999814111746
2357.95575403 0.996164018396
2357.97618578 1.00263109367
2358.09877568 0.995098826442
2358.11920733 0.998432104163
2358.13963898 0.997853078548
2358.18050218 0.997088941785
2358.20093393 1.00040336746
2358.22136558 0.996253645385
2358.34395549 0.999596803977
2358.36438724 1.00009686613
2358.38481879 1.00019881963
2358.40525045 0.997456686099
2358.4256822 1.00155197181
2358.44611375 1.00031979638
2358.4665455 0.999387281593
2358.58913541 0.999162439933
2358.60956707 0.998795031097
2358.62999882 1.00224051898
2358.65043037 0.999986689583
2358.67086203 1.00084519011
2358.69129378 1.00365759138
2358.71172543 0.999351027339
2358.73215698 0.99666275398
2358.8138837 0.999142699886
2358.83431525 1.00235765911
2358.85474701 1.00069630385
2358.87517866 1.00288472925
2358.89561021 0.996637474085
2358.91604197 0.995508846876
2358.93647362 0.994785631613
2358.95690518 0.998718154844
2359.0794953 1.00110044693
2359.09992686 1.00251132376
2359.12035851 0.998361027756
2359.14079027 1.00048597356
2359.18165358 0.999108600792
2359.20208524 1.00091280148
2359.22251679 0.998481494907
2359.24294855 0.998096923428
2359.28381186 1.00161599219
2359.30424351 1.00372239839
2359.32467517 0.995413330955
2359.34510683 0.997202806403
2359.36553848 1.00001358696
2359.38597014 1.00478323697
2359.4064019 1.00165439967
2359.42683355 0.998621097424
2359.59028681 1.00113010839
2359.61071837 1.00109241213
2359.63115013 1.00020480066
2359.65158178 0.998355585729
2359.67201334 0.999736152352
2359.6924451 1.00171178856
2359.71287676 1.00222602411
2359.73330852 0.996671531259
2359.75374007 0.996968737186
2359.77417173 1.00216072425
2359.79460349 1.0006476639
2359.81503505 0.996098953653
2359.83546671 0.999724881417
2359.85589847 0.999715016342
2359.87633003 1.00213920933
2359.89676179 0.998323835404
2359.91719345 1.00205787378
2359.93762511 0.998107767691
2359.95805676 1.00521836509
2360.10107838 1.00366722536
2360.12151014 0.998840336076
2360.14194181 1.00223860698
2360.16237337 0.995646610007
2360.30539509 1.00285080427
2360.32582666 0.999952115637
2360.34625842 0.995085481605
2360.36669008 0.997248177965
2360.38712164 0.999914486051
2360.4075534 1.00292356023
2360.5710068 1.00055009822
2360.59143847 1.00056448891
2360.61187013 0.998101049385
2360.63230179 1.00077516241
2360.65273346 0.999336476568
2360.67316512 1.00439860344
2360.69359678 0.995863000735
2360.71402845 1.00308858332
2360.73446021 0.99700680081
2360.75489178 1.00056806991
2360.77532344 1.00041150748
2360.7957551 0.999229960013
2360.83661853 0.999520911479
2360.8570502 1.001032778
2360.87748176 0.997607703137
2360.89791353 0.998269026748
2361.06136685 0.999414367522
2361.08179852 1.00332362058
2361.10223018 1.00284509379
2361.12266185 0.99764487903
2361.14309352 1.00253348436
2361.16352528 1.00203306326
2361.18395685 0.996283524798
2361.20438851 0.997745955866
2361.24525185 1.00648271663
2361.26568352 1.00031539318
2361.28611528 1.00136833469
2361.30654695 0.997709215605
2361.32697862 0.99979773893
2361.34741029 1.00075825165
2361.36784195 1.00288309251
2361.38827362 1.00110409981
2361.57215864 1.00050442393
2361.59259031 0.99755401846
2361.61302208 0.999100661451
2361.63345365 1.00237111128
2361.65388532 0.99889251879
2361.67431708 0.999247219829
2361.69474865 0.999728853622
2361.73561209 1.00246363307
2361.75604366 0.998571286922
2361.77647544 0.996081016548
2361.79690711 1.00085864127
2361.81733878 1.0023207436
2361.83777045 1.00105292843
2361.85820212 0.998413899157
2361.87863389 0.995166943916
2361.89906546 0.996872478246
2362.00122392 1.0002295618
2362.02165559 1.00002453442
2362.08295061 0.998366962762
2362.10338238 0.998518400919
2362.12381395 1.00225117167
2362.14424562 1.00085404965
2362.1646774 0.994392636403
2362.24640399 0.999719415282
2362.26683576 1.00493991847
2362.28726734 1.00099648102
2362.32813078 0.997619782374
2362.34856236 1.00625782571
2362.36899413 0.999749902351
2362.53244753 0.993740077041
2362.55287921 1.00263543327
2362.57331088 0.997638774842
2362.59374266 0.999788896256
2362.61417433 0.996910503333
2362.77762774 0.998832665756
2362.79805942 0.998424357174
2362.8184912 0.996309180545
2362.83892278 1.00177337706
2362.85935445 1.00542360309
2362.87978623 1.00292602737
2362.90021781 0.997704804018
2362.92064959 0.999351374972
2362.94108117 1.00220022496
2362.96151284 1.00277467645
2362.98194462 1.00434496819
2363.0023762 1.00103881381
2363.02280788 0.997722117307
2363.04323966 1.00458801672
2363.06367124 0.998105569252
2363.08410302 0.997967525753
2363.1045347 1.00231423508
2363.26798813 0.998406546353
2363.28841981 0.997700819276
2363.3088516 1.00251360557
2363.32928328 0.997827923727
2363.34971486 1.00320836217
2363.51316841 0.997447822531
2363.53360019 0.99855737791
2363.55403178 1.00101703361
2363.57446346 0.998800321497
2363.59489514 1.00101419193
2363.61532682 0.998129887797
2363.63575861 0.993729508954
2363.65619019 0.99987502865
2363.67662187 1.00194467107
2363.69705366 0.997806416441
2363.71748524 1.00432643529
2363.73791692 0.997949753331
2363.75834871 0.999801396779
2363.77878039 0.999813499729
2363.79921208 0.996685798407
2363.81964376 0.995381059667
2363.84007545 0.997877788813
2364.02396071 1.00085410263
2364.0443924 1.00093081124
2364.06482399 1.00228983833
2364.08525577 1.00236161855
2364.10568746 0.994873523044
2364.12611925 1.00232084357
2364.14655083 1.00105169788
2364.16698252 0.991355617512
2364.18741421 0.999202898828
2364.20784589 1.00239505939
2364.22827758 1.00435267257
2364.24870927 0.995989888457
2364.26914096 0.999382102726
2364.28957274 1.00251784557
2364.31000433 0.99512875803
2364.33043602 0.999007184093
2364.35086781 0.99993115891
2364.3712994 1.00290659918
2364.45302615 1.00152438435
2364.47345794 1.00362533087
2364.49388963 1.00379920278
2364.51432132 1.00503909255
2364.53475301 0.995684050464
2364.5551847 1.00231812966
2364.57561639 0.997468096087
2364.59604808 1.00109355696
2364.61647977 1.0023981152
2364.63691156 0.997093517377
2364.67777495 1.00596834846
2364.69820664 1.00172657434
2364.71863823 0.996534448746
2364.73907002 0.998616618869
2364.75950171 1.00269881492
2364.7799333 0.997421932502
2364.80036509 0.999727984766
2364.82079679 1.00156016468
2364.98425033 1.00311530704
2365.00468212 1.0035723637
2365.02511372 0.998824085649
2365.04554541 0.99823184266
2365.0659772 0.998302599516
2365.24986246 0.998204064097
2365.27029415 1.00196521291
2365.29072595 1.00033760107
2365.31115755 0.997211359903
2365.33158934 0.999885641001
2365.35202104 0.998764189956
2365.37245263 0.999579116032
2365.41331613 0.998766377967
2365.43374772 1.00353186956
2365.45417952 0.997997056165
2365.47461122 1.0049534959
2365.49504282 1.00165285506
2365.51547461 1.00544965821
2365.53590631 1.00250324663
2365.55633811 1.0024478968
2365.7197917 1.0034176634
2365.7402233 0.999820382588
2365.760655 0.998248045103
2365.7810868 0.999059513474
2365.8015185 1.00116394261
2365.8219501 1.00302991822
2365.8423819 1.00485628651
2365.8628136 1.00226740546
2365.8832453 1.00240761898
2365.903677 0.998683708338
2365.9241087 0.998664213655
2365.94454051 1.00072870945
2365.96497211 1.00327302687
2365.98540381 0.999279223129
2366.00583561 0.997554930454
2366.02626721 1.00066801761
2366.04669901 1.00088468762
2366.06713072 1.00163666621
2366.27144775 0.997681237433
2366.29187945 1.00096910183
2366.31231116 1.00516430168
2366.43490149 1.00133116299
2366.45533309 0.999060824105
2366.4757648 0.998226595852
2366.4961966 1.00062294198
2366.51662831 0.998747518684
2366.53706002 1.0006929765
2366.55749172 1.00112957103
2366.57792343 0.994898861078
2366.59835524 0.997187084338
2366.61878684 1.00249392374
2366.63921855 0.999888728464
2366.65965036 0.998154419441
2366.68008197 0.995081026746
2366.70051377 0.997552792322
2366.72094548 0.998138496499
2366.74137709 0.999365636598
2366.7618089 0.998963280375
2366.78224061 1.00247861706
2366.94569428 0.999826126324
2366.96612599 0.99605191936
2366.9865577 1.00264151321
2367.00698941 0.995334791129
2367.02742112 0.99981678451
2367.19087482 1.00007255075
2367.21130663 0.998797292219
2367.23173834 1.00282648421
2367.25217005 1.00194466399
2367.27260177 0.995574311595
2367.29303348 0.996599183548
2367.31346529 0.996981817135
2367.33389691 1.0057085688
2367.39519205 1.00014481169
2367.41562386 0.999173037402
2367.43605558 0.994354354793
2367.45648719 0.998396406607
2367.47691901 1.00542147717
2367.49735072 0.999178076503
2367.51778234 0.997073895347
2367.53821415 0.994656851345
2367.55864587 1.00142197678
2367.57907758 1.00111218277
2367.5995093 1.00146416665
2367.61994101 1.00485714607
2367.64037273 0.996689136299
2367.66080445 0.998659053801
2367.68123616 1.00351448859
2367.70166788 0.999861666848
2367.7220996 0.999190854875
2367.74253142 1.00327172893
2367.76296303 0.99999156274
2367.98771204 1.00085817537
2368.00814376 1.00334201721
2368.02857558 1.00438502297
2368.0490072 1.00384082938
2368.06943902 0.998260184042
2368.08987074 1.0011819471
2368.11030236 0.998033196793
2368.13073418 0.998116815771
2368.1511659 1.00316976387
2368.17159752 1.00013492593
2368.19202934 1.00081226286
2368.21246106 0.999138214659
2368.23289279 0.999550499043
2368.25332451 1.00341652212
2368.27375623 0.999555644778
2368.39634667 1.00080685787
2368.41677829 0.998106622428
2368.43721002 0.997846895246
2368.45764184 1.0009067859
2368.47807356 0.99814381597
2368.66195909 0.999185741448
2368.68239092 1.00006763798
2368.70282254 0.999907969251
2368.72325427 1.00479747853
2368.7436861 0.997781872358
2368.90713992 1.00102318735
2368.92757165 1.00178638205
2368.94800348 0.997454380614
2368.9684351 1.00048697982
2368.98886683 0.998681054438
2369.00929856 0.999931670936
2369.02973029 1.00047663797
2369.05016202 0.99784320711
2369.07059375 1.00195492185
2369.09102548 1.00342222847
2369.11145731 0.997423888991
2369.13188894 0.999510757961
2369.15232068 1.00268256878
2369.17275251 1.00456323139
2369.19318424 0.995165144119
2369.2340477 0.997576480815
2369.39750166 0.997580608437
2369.4179333 0.992801885116
2369.43836513 1.00627111155
2369.45879686 0.998788566697
2369.4792285 1.00005443881
2369.49966033 0.998748051572
2369.52009207 0.997752123666
2369.5405237 0.999981312815
2369.58138727 0.998907627495
2369.62225074 0.998619539587
2369.64268248 1.00173070606
2369.66311421 1.00037132102
2369.68354595 1.00629132428
2369.70397769 0.997294663875
2369.72440942 1.00374675587
2369.74484116 0.997488869612
2369.765273 1.00108748584
2369.86743159 1.0035091438
2369.88786342 0.999381048038
2369.90829516 0.998260941687
2369.9287269 1.00041785368
2369.94915864 0.996499216535
2369.96959038 1.00129061346
2370.1330443 0.99719284526
2370.15347614 1.00295282367
2370.17390788 1.00301668055
2370.19433952 0.994137527187
2370.21477137 0.999053291012
2370.23520311 0.99947074737
2370.25563485 1.00233154511
2370.27606659 1.0048056514
2370.29649833 0.997950766306
2370.31693018 1.00462893634
2370.33736182 0.99681531167
2370.35779356 1.00599506101
2370.37822531 0.996139270418
2370.39865705 0.99941125451
2370.4190888 0.999276108075
2370.43952054 1.00252240216
2370.45995228 0.999459646818
2370.62340635 0.997919822617
2370.64383819 0.999798750501
2370.66426984 0.994628085858
2370.68470159 0.993763206981
2370.70513343 1.0005836852
2370.72556508 0.996881559751
2370.84815557 1.0020769604
2370.86858742 1.00046215869
2370.88901916 0.999683673892
2370.90945081 1.00044331248
2370.92988266 1.00529739018
2370.95031441 0.999923697256
2370.97074616 1.00052537189
2370.99117791 0.998070279226
2371.01160966 0.999338299553
2371.05247316 1.0043322517
2371.07290492 0.997841453978
2371.09333667 0.998973697345
2371.11376842 0.998542205584
2371.13420027 1.000387982
2371.15463192 0.997065889754
2371.17506367 1.0051912858
2371.21592728 1.0001738776
2371.23635893 1.0053258351
2371.25679078 0.994302574241
2371.29765439 1.0047938513
2371.31808604 0.99710258035
2371.3385178 0.99766857436
2371.35894965 1.00205752727
2371.37938131 1.00156181452
2371.39981306 1.0007934887
2371.42024492 1.00112777328
2371.44067657 0.998513344021
2371.46110843 0.996170030539
2371.48154018 1.00410721063
2371.50197759 1.00199908918
2371.52240367 0.996838032678
2371.54283542 1.00464877904
2371.56326708 0.998268226258
2371.58369894 1.00183703851
2371.60413069 1.00256025872
2371.62456255 0.992624278166
2371.64499421 0.998272283361
2371.66542596 0.99928399551
2371.68585782 0.995485355379
2371.70628948 0.998794699505
2371.82888013 0.994814973393
2371.84931189 0.99865028091
2371.86974365 0.999115930352
2371.89017541 1.00160064264
2371.91060727 0.996662460932
2371.93103893 1.0000753122
2371.95147069 1.00194771149
2371.97190255 0.997980136126
2371.99233421 1.00263137307
2372.03319784 0.999132462239
2372.0536295 1.00154246054
2372.07406136 0.998211801792
2372.09449302 0.999519988721
2372.11492479 0.999810381956
2372.17622018 1.00120923348
2372.33967439 1.00542429766
2372.36010605 1.00079944171
2372.38053782 1.00431922728
2372.40096969 0.997214126479
2372.42140145 1.00135723141
2372.44183312 1.00077319759
2372.46226499 1.00350578316
2372.48269675 1.00408533499
2372.58485559 1.00131560429
2372.60528736 0.995864788597
2372.62571923 0.999941811862
2372.64615089 1.00155276671
2372.66658276 1.00390559584
2372.83003692 1.00122984823
2372.85046869 0.995564846568
2372.87090037 0.999170872792
2372.89133224 0.997168053409
2372.91176401 1.00391557324
2372.93219568 1.00057389453
2372.95262755 0.995887903435
2372.97305933 0.997656559287
2372.9934912 1.00307410795
2373.01392287 1.00067849672
2373.03435464 1.00011815318
2373.05478652 1.00007145628
2373.07521829 0.99941794559
2373.09564997 0.996460289576
2373.11608184 1.00402671634
2373.13651361 1.00255989031
2373.15694539 0.998361982526
2373.34083137 0.996883171547
2373.36126315 1.00100895478
2373.38169503 1.00418016849
2373.4021267 1.00004925807
2373.44299036 1.00349381828
2373.46342204 1.00032165997
2373.48385392 0.993818865015
2373.5042857 1.00221849671
2373.52471737 0.996790826154
2373.54514925 0.995886948787
2373.56558103 0.998760722146
2373.58601271 1.00444294824
2373.60644459 0.99944764111
2373.62687637 0.995652713934
2373.64730825 0.999833342204
2373.66773994 0.996066074199
2373.68817172 0.997685274285
2373.7086036 1.00064048316
2373.72903528 0.997273215438
2373.74946706 0.998796754324
2373.76989894 0.997791604928
2373.79033073 0.998187190448
2373.81076241 0.998819540047
2373.83119429 0.999957382474
2373.85162607 0.999149926758
2373.87205786 0.993788572023
2373.89248964 1.00017918428
2373.91292142 0.997702669287
2373.93335331 0.995578528848
2373.95378499 1.00064496671
2373.99464866 1.0026221562
2374.01508035 0.994568726027
2374.03551223 0.997290027653
2374.05594392 1.00317322536
2374.0763757 0.997848661238
2374.09680759 0.998264231858
2374.11723928 0.995529463954
2374.13767106 1.00000569306
2374.30112546 1.00105463681
2374.32155725 1.00108388742
2374.34198904 0.996048620754
2374.36242093 1.00042262196
2374.38285262 0.998208921346
2374.40328441 1.00382793557
2374.4237163 1.00008605723
2374.44414809 0.999721629001
2374.46457978 0.997998597568
2374.48501167 0.99895441493
2374.50544346 1.00314627801
2374.52587525 1.00037820576
2374.54630705 1.00289526949
2374.56673884 1.00067587938
2374.58717073 1.00034954063
2374.60760242 1.00212630047
2374.64846611 1.00342873653
2374.6688978 1.00395731149
2374.68932969 0.998915713748
2374.73019318 1.00008233371
2374.75062508 0.998053517622
2374.77105677 0.996564144071
2374.79148857 1.00156053836
2374.81192046 1.00227194566
2374.83235216 1.00086984402
2374.85278405 1.00297760714
2374.87321585 0.999940190406
2374.91407944 0.998581339257
2374.93451124 0.99831555267
2374.97537483 1.00076702688
2374.99580663 1.00116364601
2375.01623852 1.00287097768
2375.03667022 0.999527321452
2375.05710202 0.99835211348
2375.07753392 0.99804525821
2375.09796572 0.997788081111
2375.11839752 1.00049208538
2375.30228382 1.00144002955
2375.32271552 0.995765933152
2375.34314742 1.0009980989
2375.36357912 0.997277082645
2375.38401093 1.00066166406
2375.42487463 0.996456434164
2375.44530643 1.00072741205
2375.46573824 1.00324374845
2375.48616994 0.9975795781
2375.50660184 1.00250469171
2375.52703365 0.996349433691
2375.54746535 0.998649063206
2375.56789726 1.00100418989
2375.58832906 0.998808866733
2375.60876097 1.00290420432
2375.62919267 1.00087268003
2375.64962448 0.999778169239
2375.67005639 0.996536262698
2375.7109199 1.00168793756
2375.7313518 1.0010460622
2375.75178351 0.999092554664
2375.77221542 1.00169139508
2375.79264723 0.999597793744
2375.81307903 0.999191426444
2375.83351084 1.00044818279
2375.85394265 1.00159235874
2375.87437446 0.999049848349
2375.89480637 0.998060754908
2375.91523808 1.0008394004
2375.9561018 0.996738626461
2375.97653351 0.999885877881
2375.99696542 0.999958659139
2376.01739723 0.999437905446
2376.03782894 0.997274904089
2376.05826085 0.997222104321
2376.07869256 1.00228561587
2376.09912437 1.00573908014
2376.11955628 1.0006369777
2376.139988 1.0023186115
2376.16041991 1.00144238218
2376.20128343 1.00233333136
2376.22171535 0.999954043644
2376.24214716 0.999173109794
2376.26257888 1.00168241969
2376.28301079 1.00286376352
2376.3034426 0.998430820223
2376.32387452 0.998002188113
2376.34430623 0.999806938114
2376.36473805 1.00323895005
2376.38516996 0.999933837279
2376.44646541 0.996930608844
2376.46689723 0.998276250995
2376.48732904 0.999918048988
2376.50776086 0.999935561616
2376.52819268 1.00313885203
2376.5486245 0.996814331496
2376.56905631 0.998877673265
2376.58948813 1.00054063614
2376.60992005 0.997865975045
2376.73251087 1.00166934631
2376.75294269 1.00391154795
2376.77337461 0.999166837986
2376.79380633 1.0046297335
2376.81423825 1.00226490568
2376.83467007 1.00129422431
2376.85510179 0.99592494801
2376.87553372 0.99560074985
2376.89596554 0.998016953769
2376.93682918 1.00364082558
2376.95726101 0.998594984848
2376.99812465 1.00011517795
2377.01855648 0.999998978621
2377.0389884 1.00090501555
2377.05942013 1.00011031978
2377.07985195 1.00429170679
2377.24330666 1.00451993502
2377.26373859 0.996277345623
2377.28417031 1.00411659293
2377.30460224 0.996706021444
2377.32503407 0.999089923377
2377.3454658 1.00425851812
2377.38632956 0.998504609414
2377.40676129 0.999626877545
2377.42719322 1.00209893109
2377.44762495 0.998628649327
2377.46805688 0.99273170366
2377.48848871 0.998640030037
2377.50892044 0.998563009173
2377.52935237 1.00105234846
2377.5497842 0.998453016077
2377.57021593 1.00376005141
2377.59064786 1.00374211622
2377.71323886 0.999783924546
2377.73367069 0.998243187847
2377.75410263 1.00042406181
2377.77453446 1.00114095951
2377.7949663 1.00210403788
2377.81539813 0.996608056377
2377.83582997 0.999978640203
2377.97885292 0.999412244885
2377.99928466 1.00537258137
2378.0197166 0.995835482113
2378.04014844 1.00492581226
2378.06058017 0.998750600186
2378.08101211 0.998986772789
2378.10144385 1.00175235571
2378.12187579 0.996829899679
2378.14230763 1.00080346427
2378.16273937 0.996309352929
2378.18317131 1.00013241653
2378.20360315 0.999426068005
2378.22403489 1.00073445063
2378.24446683 1.0012601726
2378.26489867 0.998389238237
2378.28533062 1.00238096402
2378.30576236 1.0031752509
2378.3261942 0.996119532966
2378.44878536 1.00009528296
2378.4692172 0.998319040736
2378.48964905 0.996967044924
2378.51008089 0.995894271917
2378.53051274 0.999053501264
2378.57137643 0.997495107042
2378.59180827 1.00296532692
2378.61224022 1.00174133641
2378.65310381 0.998030423783
2378.67353576 1.00047132054
2378.69396761 0.995834363515
2378.71439936 1.00339632365
2378.7348313 0.998510350419
2378.75526305 1.0046956644
2378.775695 1.00322592404
2378.79612685 0.99781225405
2378.8165586 1.00140996866
2378.9391499 0.995739797595
2378.95958165 1.00268057679
2378.9800135 0.996443498035
2379.00044546 0.998158272715
2379.02087721 0.997421956842
2379.04130906 1.00194484046
2379.06174101 1.00264940303
2379.16390028 1.00246322272
2379.18433214 1.00319198642
2379.20476399 0.999173958043
2379.22519585 0.997268111172
2379.2456277 1.00602027942
2379.26605966 0.997427425246
2379.28649151 1.00594379235
2379.30692327 1.00054430318
2379.32735523 0.997891229948
2379.34778708 1.00547890662
2379.36821884 0.998711910518
2379.3886508 1.00110651866
2379.42951441 1.0003120752
2379.44994637 0.999141030723
2379.47037813 1.0055854664
2379.49081009 1.00000958182
2379.51124195 0.995008282615
2379.53167371 0.992430326656
2379.55210567 0.99951435332
2379.57253753 0.99074630734
2379.59296929 0.997971887203
2379.63383311 1.00038307546
2379.65426507 1.00187602323
2379.67469684 1.00204501568
2379.6951287 1.00175772182
2379.71556066 0.997396135913
2379.73599242 0.99666222838
2379.75642429 0.998412616076
2379.77685625 1.00170774907
2379.79728811 0.998091220349
2379.81771998 1.00320619401
2379.89944743 1.0016745695
2379.9198793 0.998153607227
2379.94031127 0.999987874974
2379.96074303 0.994621753802
2379.981175 1.00569701953
2380.00160686 0.995529199777
2380.02203863 1.00048630556
2380.0424706 0.999816904539
2380.06290247 1.00126834734
2380.08333423 0.996473143708
2380.12419797 0.997551073324
2380.14462994 0.995584062871
2380.16506181 0.999566752277
2380.18549358 1.00038315028
2380.20592555 1.00311305963
2380.22635742 1.00320746963
2380.24678919 0.994837308694
2380.26722116 0.996617885576
2380.28765303 0.995816099509
2380.32851677 1.00043325478
2380.38981239 0.999834257183
2380.41024426 1.00111252859
2380.43067624 0.998032275239
2380.45110801 1.0014024386
2380.47153998 1.00130337094
2380.49197186 0.993302067684
2380.51240373 1.00068819197
2380.53283561 1.00353396049
2380.55326748 1.00125371475
2380.57369936 0.994321724767
2380.61456311 1.00121988571
2380.63499508 0.99837114878
2380.65542696 1.0029160916
2380.67585874 0.995915523348
2380.69629071 1.00030933146
2380.71672259 1.00164955785
2380.75758635 1.00410227352
2380.77801813 1.00001635549
2380.7984501 1.00002014063
2380.81888198 0.999921532864
2380.85974574 0.997964193436
2380.88017762 0.997159176228
2380.9006094 1.00401833285
2380.92104138 1.00068936766
2380.94147326 1.00222199194
2380.96190524 1.00473772762
2380.98233703 0.99695791401
2381.00276891 0.997344149636
2381.02320089 0.995764540211
2381.04363267 0.994971367991
2381.06406456 0.998255856951
2381.10492842 1.00490703569
2381.12536031 0.998968686988
2381.14579219 1.00332845785
2381.16622407 1.00608571803
2381.18665596 0.99848791017
2381.20708784 0.99935627144
2381.22751973 0.999515847096
2381.24795162 0.995700330849
2381.2683835 1.00072160652
2381.28881549 0.999920417181
2381.37054304 0.996821795683
2381.39097482 1.00180186774
2381.41140681 1.00126796176
