# #0 time, 1 flux
2905.41788282 0.98644627271
2905.43831503 0.974905996232
2905.45874724 0.974439643569
2905.47917946 1.05061364644
2905.49961167 0.97255478425
2905.52004388 1.01053164768
2905.64263714 0.985020413221
2905.68350165 1.008373515
2905.70393376 1.00101761735
2905.72436607 0.992492690787
2905.74479827 1.0021908189
2905.76523038 0.978182983648
2905.78566268 0.989331913679
2905.82652699 0.98036599248
2905.84695929 0.968540287741
2905.8673914 0.979049523802
2905.8878237 1.0278335931
2905.9082559 1.02102879013
2905.928688 1.01329042567
2905.9491202 1.0228992942
2905.9695525 1.01350500999
2905.9899847 0.96568161911
2906.0104169 0.997105119282
2906.0308491 0.958555527844
2906.07171349 1.03166362744
2906.09214569 1.00314903175
2906.11257788 1.02374979572
2906.13301018 1.0216595252
2906.15344227 0.980549550633
2906.17387447 0.983157582599
2906.19430676 0.999037461551
2906.27603543 1.00895523541
2906.31689991 1.01162148052
2906.337332 0.996869158024
2906.35776419 0.982443205959
2906.37819648 1.04353381209
2906.41906086 0.995782436549
2906.43949305 0.999950645764
2906.45992523 0.981935348073
2906.48035742 0.987515020676
2906.50078961 0.995749880949
2906.52122179 0.976395161832
2906.56208616 1.00723600224
2906.58251834 1.05391273091
2906.60295053 1.00015548824
2906.62338271 1.00174500657
2906.64381479 1.03333997649
2906.66424707 0.989027146988
2906.68467925 1.00992020181
2906.70511133 0.996661443245
2906.72554361 0.978233846461
2906.74597579 0.951337953788
2906.76640787 0.967904142498
2906.80727233 1.01451821979
2906.82770451 0.99992234901
2906.84813668 1.0034338816
2906.86856886 1.02705468586
2906.88900113 0.987733162414
2906.90943321 0.994875339354
2906.92986538 1.02102327528
2906.95029766 1.00081844295
2906.97072983 0.993328417417
2906.9911619 0.998318476752
2907.01159418 0.968444245005
2907.05245842 0.998780166564
2907.07289069 1.02028920742
2907.09332286 1.0032393093
2907.11375493 1.02168395955
2907.1341872 1.02450276089
2907.15461937 0.994671317053
2907.17505144 0.985969409604
2907.21591587 1.015092542
2907.33850886 1.00521573249
2907.35894092 1.01963571776
2907.42023751 1.00605991322
2907.44066967 1.03069599481
2907.46110183 1.00460223081
2907.48153409 1.0010030237
2907.50196615 1.01558311177
2907.52239831 1.00035505131
2907.54283057 1.00057366775
2907.56326263 0.962569204905
2907.58369479 1.01178378938
2907.60412704 1.04417465152
2907.6245591 1.00208654949
2907.64499126 0.998829541618
2907.66542351 0.95229950704
2907.68585557 0.996962418204
2907.70628772 1.0119345722
2907.72671997 0.992435050622
2907.74715203 0.976795663152
2907.78801643 1.02077338119
2907.80844858 0.979154215701
2907.82888064 0.961971938562
2907.84931289 1.01380037462
2907.86974504 1.00859968756
2907.89017709 0.979950241972
2907.91060933 1.0017339505
2907.93104148 0.980609870438
2907.95147353 0.999978611135
2907.97190578 0.961021299091
2907.99233793 0.98325321935
2908.03320222 0.989803468337
2908.05363436 1.00071069718
2908.07406641 0.983987609513
2908.09449865 1.03707356936
2908.1149307 1.00510477445
2908.13536284 1.00517866707
2908.15579508 0.997251650223
2908.17622722 1.02125234733
2908.19665937 1.01629609877
2908.21709151 0.987862143011
2908.23752365 0.992301021182
2908.27838793 1.01347879338
2908.29882007 1.00195129028
2908.31925231 1.01939909973
2908.33968434 1.02568439942
2908.36011648 1.0332591016
2908.38054872 1.020261276
2908.40098076 1.01258954179
2908.44184513 0.963229853131
2908.46227716 0.982907669862
2908.4827093 1.00466142072
2908.52357356 1.05387480104
2908.5440057 1.01307109963
2908.56443793 1.02130230224
2908.58486996 1.00450052809
2908.60530209 1.01923955654
2908.62573432 0.998957451468
2908.64616645 0.996160469754
2908.68703071 1.00121296658
2908.70746284 1.0349304076
2908.72789487 0.987214982044
2908.7483271 0.998406121564
2908.76875922 1.01354651977
2908.78919125 1.00816009458
2908.80962348 0.974946549227
2908.8300556 0.990695794859
2908.85048763 0.996131138323
2908.87091985 0.973386116834
2908.89135188 0.943698663685
2908.911784 0.979032485846
2908.93221622 0.934673630031
2909.05480895 1.0015596959
2909.07524107 0.99606328095
2909.09567319 1.00985599183
2909.11610531 1.00193080578
2909.13653742 0.988491072506
2909.15696964 1.00224734664
2909.17740166 1.00681026606
2909.19783377 0.989338705415
2909.21826599 0.997358178512
2909.27956233 1.01456120401
2909.29999435 1.02204472161
2909.32042646 1.03051710598
2909.34085867 1.04300447008
2909.36129068 1.04395706725
2909.3817228 0.990421899146
2909.40215501 1.00010948459
2909.50431546 1.03121473668
2909.52474766 1.00576360918
2909.54517977 1.01401458434
2909.56561178 1.00105459919
2909.58604398 1.01512146335
2909.60647599 1.00482138425
2909.6269081 1.00734039813
2909.6473403 0.973892760198
2909.66777231 0.986813699534
2909.68820441 1.00601689092
2909.70863661 0.991558706015
2909.74950072 0.992990262758
2909.76993292 1.00938602675
2909.79036492 0.997148166027
2909.81079702 0.992188289413
2909.83122922 1.00182779904
2909.85166132 1.01840680752
2909.87209332 0.987049694216
2909.89252552 1.01065454374
2909.91295762 1.00962910451
2909.93338962 0.996933144487
2909.95382181 1.00614487339
2909.97425391 0.996385059131
2909.99468591 1.03000872302
2910.0151181 0.974122644518
2910.0355502 1.01631725892
2910.05598239 0.993671370283
2910.07641439 1.00646361104
2910.09684648 0.965707271117
2910.11727867 0.975469375435
2910.13771067 0.969969801371
2910.15814276 0.977933724862
2910.17857495 0.966329580926
2910.19900694 0.963620742773
2910.23987122 1.00776797739
2910.26030321 1.0076939509
2910.2807353 1.00695925038
2910.30116749 1.00774471144
2910.32159948 0.995060913177
2910.34203157 1.03969439226
2910.36246375 1.01409549549
2910.38289574 0.984373168777
2910.40332783 0.985858477374
2910.42376001 0.986579702617
2910.444192 0.997381887939
2910.48505627 0.989343378853
2910.50548825 1.01453554811
2910.52592033 0.98565234888
2910.54635252 0.998281435044
2910.5667845 1.00090647317
2910.58721658 0.968067983901
2910.60764876 0.975711840841
2910.62808074 0.971336261617
2910.64851282 0.960721872692
2910.668945 0.997168164743
2910.68937708 1.00485767086
2910.73024124 1.04605232314
2910.75067331 1.00344569157
2910.77110529 0.994203205992
2910.79153747 1.0193399941
2910.81196954 1.00452410545
2910.83240152 1.0212799875
2910.85283369 0.988079812601
2910.87326577 0.999341224053
2910.89369774 1.00152883194
2910.91412992 0.996983531572
2910.93456199 1.00817290921
2910.97542613 1.01414041034
2910.99585821 1.00943979244
2911.01629028 1.01021452635
2911.05715442 0.96722429766
2911.07758649 0.988083100972
2911.09801856 1.00495406562
2911.11845063 0.979981409359
2911.13888269 0.997425519977
2911.15931476 1.01128852991
2911.17974683 0.979624251381
2911.22061096 1.00443412317
2911.24104303 1.01145785503
2911.30233922 1.04407493601
2911.32277138 1.01272695617
2911.34320335 0.970627530158
2911.36363541 0.990004524062
2911.38406757 0.987761477676
2911.40449953 0.999795475052
2911.42493159 1.03824545357
2911.44536375 1.00831916632
2911.46579571 0.990611927559
2911.48622777 1.0067861511
2911.50665993 0.9894747326
2911.52709199 1.01266633658
2911.54752395 0.992594663481
2911.56795611 0.972878103154
2911.58838817 0.983945341473
2911.62925228 0.98676461166
2911.64968433 0.984651405006
2911.73141245 1.04950503885
2911.7518446 0.9903388364
2911.77227666 1.00036627203
2911.79270861 1.001970958
2911.81314076 1.00466776799
2911.83357281 0.992405872155
2911.85400476 0.990112422487
2911.87443691 0.999974299334
2911.89486896 0.994682750987
2911.91530101 0.980966246178
2911.93573306 1.00722338479
2911.95616511 0.97840193712
2911.97659706 0.982917063318
2911.9970292 0.998821233461
2912.01746125 1.00477499139
2912.0378932 0.982666898163
2912.05832534 0.995185690657
2912.07875739 0.99970222254
2912.09918933 1.01724921748
2912.11962148 0.998684583025
2912.14005352 0.994640411805
2912.16048547 0.992359807767
2912.18091761 1.04579523541
2912.20134965 0.983930287714
2912.22178169 1.01402688128
2912.24221373 1.01487775709
2912.26264577 1.00941860588
2912.28307782 0.992731459896
2912.30350985 0.969356509115
2912.32394189 0.983396807454
2912.34437393 0.999446917695
2912.36480607 0.97251410174
2912.38523801 0.988049113588
2912.46696626 1.01244629352
2912.48739829 1.00366039468
2912.52826236 1.02134518969
2912.5486944 1.01754177426
2912.56912633 1.02245109096
2912.58955846 1.0148225752
2912.6099904 1.01149411369
2912.63042243 1.00351017975
2912.65085456 0.983592229737
2912.67128649 0.999854304706
2912.69171852 0.991101832142
2912.71215065 0.979345150664
2912.73258268 1.00326723272
2912.75301461 1.01772532685
2912.77344674 1.01385016376
2912.79387877 0.987444648298
2912.8143107 1.01520475533
2912.83474282 0.996226671423
2912.85517485 1.01019172906
2912.87560678 0.985741196608
2912.8960389 1.02331346521
2912.91647093 0.993852022694
2912.93690285 0.99677389062
2912.95733498 0.996976807429
2912.977767 0.985103429737
2912.99819892 1.00669787898
2913.01863105 1.00685764847
2913.03906307 0.987762578379
2913.05949509 1.00377272738
2913.07992711 1.00504633665
2913.10035913 1.0118662837
2913.12079115 1.0117607488
2913.14122317 0.988903887223
2913.18208721 1.00707160972
2913.20251933 0.999852513248
2913.22295125 0.986131935727
2913.24338327 1.01045014993
2913.26381538 1.01366619459
2913.2842473 1.00118543716
2913.30467932 0.986363855611
2913.32511143 0.994891869694
2913.34554335 1.00898781647
2913.36597536 1.04536536469
2913.38640738 0.991836243467
2913.40683939 0.978029366302
2913.4272714 1.0061155377
2913.44770342 0.996955073444
2913.46813543 1.00166936029
2913.48856744 1.00301578774
2913.50899945 0.988754616693
2913.52943146 1.02035795677
2913.54986348 1.00019890872
2913.57029559 0.970484462732
2913.59072749 1.01511760597
2913.6111596 1.00226166978
2913.63159161 0.984083731622
2913.67245563 1.01440753474
2913.69288764 1.0283087466
2913.71331954 1.00658810775
2913.73375165 1.027084589
2913.75418365 1.00300146532
2913.77461556 0.995859327254
2913.79504766 1.0183840661
2913.81547967 1.01556311149
2913.83591157 1.00297485735
2913.85634368 1.01106824666
2913.87677568 1.00463268574
2913.89720768 1.02871522443
2913.91763968 1.00129643515
2913.93807168 1.00536619665
2913.95850368 1.02097476057
2913.97893569 1.01090046521
2913.99936769 1.00277265989
2914.01979969 1.00963741537
2914.04023178 1.04326403996
2914.06066368 0.995435659189
2914.08109568 0.991867550813
2914.10152768 1.00115004879
2914.12195968 0.994351173579
2914.14239167 0.996202640365
2914.16282367 1.01722297396
2914.18325566 0.963571348665
2914.20368756 1.05797250944
2914.22411965 0.979319037883
2914.24455165 0.975452157449
2914.32627962 1.00531255379
2914.34671161 0.976886495547
2914.36714361 0.949547926208
2914.3875756 0.990316508109
2914.40800769 1.00756865171
2914.42843958 0.974072462572
2914.44887157 0.987858254876
2914.46930366 0.970101625933
2914.48973554 0.984816799781
2914.51016753 1.00622147856
2914.53059962 0.97356626748
2914.55103151 0.983573890913
2914.5714635 0.98299709349
2914.59189558 0.991373489102
2914.61232747 1.01419009775
2914.65319154 0.996204319378
2914.67362342 1.0143887659
2914.69405541 1.00333295464
2914.71448749 0.998393667056
2914.73491947 1.04509992851
2914.75535146 0.990989845137
2914.77578344 0.994949542738
2914.79621542 1.01030810547
2914.8166474 1.02570770029
2914.83707938 1.00808436268
2914.85751136 0.985826705268
2914.87794334 0.994326290018
2914.89837532 1.0146276409
2914.9188073 1.00162783152
2914.93923928 0.998973717065
2914.95967126 1.02691788362
2914.98010313 0.990905008144
2915.00053521 0.972682984782
2915.02096719 0.978173201415
2915.04139906 0.979009937185
2915.06183114 1.00900348568
2915.08226312 0.978841760556
2915.10269509 1.03146142844
2915.16399101 0.991611680087
2915.18442298 1.01870368491
2915.20485496 1.00663642295
2915.22528693 0.998417759549
2915.245719 0.998203228123
2915.26615087 0.990056953426
2915.28658284 0.995412306808
2915.30701491 0.990287747643
2915.32744678 0.996411293178
2915.34787875 1.04241674929
2915.36831082 1.01364400983
2915.38874269 1.02087378272
2915.40917466 1.01226136591
2915.42960672 0.982761021736
2915.45003859 1.00779066323
2915.47047056 1.03253918916
2915.49090262 0.987972460798
2915.51133449 1.01419850197
2915.53176645 0.998148282278
2915.55219852 1.01895323089
2915.57263048 1.00731048618
2915.59306235 1.01140156167
2915.61349441 0.985939322935
2915.63392637 1.00848616814
2915.71565412 0.998286691097
2915.73608618 0.988970922199
2915.75651804 1.00324343196
2915.77695 0.989813088752
2915.79738206 0.998066159426
2915.81781392 1.00333930641
2915.83824588 1.02026723315
2915.85867793 1.01394332639
2915.87910979 0.989079739816
2915.89954185 1.01576492985
2915.9199738 0.982585011898
2915.94040576 1.00737672232
2915.96083772 1.0003471313
2915.98126967 0.994521872384
2916.00170163 0.997741693616
2916.02213358 0.970431964403
2916.04256553 0.997516926081
2916.06299749 1.01744169702
2916.08342954 1.00354271048
2916.10386139 0.979194626338
2916.12429334 1.01289930371
2916.14472539 0.990150759725
2916.16515725 0.994099649214
2916.1855892 0.980664409315
2916.20602125 1.00419128653
2916.2264531 0.989980333562
2916.24688504 1.03989169783
2916.26731709 0.993349767775
2916.28774894 0.979673193791
2916.30818089 0.996919522489
2916.32861294 0.984976815249
2916.34904478 0.990871776874
2916.36947673 1.01839719791
2916.41034072 0.988790116581
2916.43077257 0.993684607559
2916.45120461 1.01738906191
2916.47163646 0.992530329217
2916.4920684 0.988385520689
2916.51250044 1.00289766273
2916.53293229 1.00475069683
2916.55336423 0.99238840798
2916.57379627 0.997341355236
2916.59422811 1.00936299549
2916.61466005 1.00694017999
2916.63509209 1.01041994905
2916.65552393 1.03101192073
2916.67595587 1.00982619825
2916.69638791 1.00406420501
2916.71681975 1.01024531859
2916.73725169 1.00800647014
2916.75768373 0.99491423355
2916.77811567 0.998142100912
2916.7985475 0.990834997808
2916.81897954 0.996683646502
2916.83941147 1.01445506254
2916.85984331 0.997864226473
2916.88027535 0.994695683094
2916.90070728 0.990744397784
2916.92113932 0.980393457665
2916.94157115 0.997467930133
2916.96200308 1.00741577303
2916.98243512 1.00489869571
2917.00286695 0.999256040365
2917.02329888 0.99766559551
2917.12545853 1.00567758641
2917.14589046 0.992478692369
2917.16632239 0.993074498898
2917.18675432 1.00018975364
2917.20718625 1.00087805814
2917.22761818 1.00018494801
2917.2480501 1.00996204223
2917.26848203 0.991433484753
2917.28891406 1.0090257312
2917.30934588 1.0438485315
2917.32977781 0.999357338697
2917.35020983 1.01926906868
2917.37064166 0.989787734222
2917.39107358 0.996067797853
2917.41150561 1.01607888524
2917.43193743 1.00821272151
2917.45236935 0.985512177516
2917.47280138 1.02281555285
2917.4932332 1.00567170956
2917.51366512 0.989844863502
2917.53409714 1.00280179981
2917.55452896 1.01737077641
2917.57496088 0.990231859193
2917.5953929 0.994296079731
2917.61582482 0.985360434131
2917.63625664 0.991055052068
2917.65668866 0.993050641082
2917.67712058 1.00186022014
2917.69755239 1.00250472525
2917.71798441 0.995744210067
2917.73841633 1.00289985643
2917.75884814 0.975016305262
2917.77928016 0.998167093395
2917.79971207 0.988737284505
2917.82014389 0.980426730414
2917.8405759 0.98033732074
2917.86100782 0.995553409678
2917.88143963 1.00005811372
2917.90187165 0.975268992017
2917.92230356 0.980678188026
2917.94273547 0.987634368573
2917.96316738 0.995800320179
2917.98359929 1.00180518662
2918.0040312 0.986725598331
2918.02446312 1.00544601777
2918.04489503 0.984499710402
2918.08575884 0.98698178343
2918.10619075 0.984164799107
2918.12662276 0.992671897194
2918.14705457 0.994611697535
2918.16748648 1.00814773969
2918.18791849 0.990849648111
2918.20835029 0.987337566238
2918.2287822 0.980670645287
2918.2492142 1.01102626042
2918.26964601 0.987874229209
2918.29007791 0.989660467887
2918.31050992 0.992886997693
2918.33094172 1.00254699537
2918.35137363 1.00748029372
2918.37180563 0.994554743526
2918.39223743 1.00762781559
2918.41266934 1.00135140367
2918.43310134 0.991037613908
2918.45353324 1.00123764528
2918.47396504 1.00389380876
2918.49439704 1.01802508035
2918.51482894 0.99297377584
2918.53526074 0.988902311176
2918.55569274 1.01727755449
2918.57612464 1.00131806572
2918.59655644 1.0033632738
2918.61698844 1.01716071095
2918.63742033 0.997817086194
2918.65785213 1.01205763607
2918.67828413 1.00079055126
2918.69871592 0.990332133794
2918.71914782 0.991216648631
2918.73957982 1.01852419129
2918.76001161 1.02088487276
2918.78044351 1.00491260884
2918.8008755 1.00934076689
2918.82130739 1.00266704552
2918.84173919 1.0004396716
2918.86217118 0.99838813587
2918.88260307 0.986523963416
2918.90303486 0.991887007789
2918.92346686 1.02980781891
2918.94389875 1.00317305682
2918.96433054 1.02401557497
2918.98476253 1.01365980529
2919.00519442 0.986207598569
2919.02562641 0.990551637603
2919.06649009 0.996322650813
2919.08692208 1.0015777533
2919.10735386 0.999605575564
2919.12778575 1.01513479916
2919.14821774 0.997093111626
2919.16864952 1.05129288779
2919.18908141 1.02449493401
2919.2095134 1.00074538673
2919.22994518 1.02189477657
2919.25037707 0.996125291804
2919.27080905 0.981437551263
2919.31167272 0.962933091333
2919.3321047 0.980265632353
2919.35253658 0.985261329489
2919.37296837 1.00169842745
2919.39340035 0.993515260884
2919.41383223 0.983088860798
2919.43426401 0.983849225654
2919.45469599 0.992898719022
2919.47512777 0.988984277754
2919.49555965 1.00824504965
2919.51599163 0.98423938388
2919.53642341 1.00903781776
2919.55685529 1.00529141201
2919.57728727 1.01378863881
2919.59771905 1.0298257669
2919.61815092 1.01851703403
2919.6385829 1.00072299398
2919.65901478 1.00647383634
2919.67944655 1.0150874571
2919.69987853 1.00068259872
2919.7203104 0.984978961593
2919.74074218 1.00318074986
2919.76117415 1.0416676896
2919.78160603 1.02484620334
2919.8020378 1.01611669757
2919.82246977 1.00511432598
2919.84290165 1.01236352701
2919.86333342 0.998666672014
2919.88376539 1.02394817702
2919.90419726 0.991122149952
2919.92462903 1.00599710068
2919.94506101 1.00296885677
2919.96549288 0.993353296894
2919.98592465 0.997645181162
2920.00635661 1.00747614322
2920.02678848 1.00319322989
2920.04722045 1.01292012523
2920.06765222 0.987551659565
2920.08808409 1.02878543776
2920.10851596 1.02110220421
2920.12894792 0.978691253248
2920.14937969 0.989199104703
2920.16981156 0.987603326122
2920.19024342 0.998502611202
2920.21067529 1.01822737645
2920.23110725 0.998305581958
2920.29240284 1.00366879058
2920.31283461 1.00085980363
2920.33326647 0.988341367466
2920.41499402 0.99253648486
2920.43542578 0.984496866498
2920.45585764 0.978029970407
2920.4762896 1.01964103398
2920.49672146 0.960903257224
2920.53758518 0.973334596109
2920.55801704 1.00446539184
2920.57844879 0.999608974213
2920.59888075 1.01390773516
2920.61931261 1.00659154872
2920.63974436 0.996212453439
2920.66017632 1.00832405535
2920.68060818 1.00830554147
2920.70103993 1.00598590656
2920.72147189 1.01314745326
2920.74190374 0.997250396651
2920.7623355 1.00375853787
2920.78276745 1.00015174203
2920.8031993 0.993445219478
2920.82363106 0.991810601525
2920.84406301 1.00384459468
2920.86449486 0.974139120126
2920.90535857 0.986330589068
2920.92579042 1.00478059064
2920.94622217 0.99690871619
2920.96665412 0.990619594484
2920.98708597 0.995581282312
2921.02794967 1.00390277411
2921.04838151 0.988145135266
2921.06881326 0.98652264951
2921.08924521 0.975699641929
2921.10967706 0.990183414822
2921.1301088 1.00472248389
2921.15054075 1.00548629784
2921.1709726 0.983469345185
2921.19140454 1.02166313187
2921.21183629 0.991048544788
2921.23226813 0.997176452097
2921.25270008 1.0039574195
2921.27313182 1.00108470595
2921.29356367 1.00726641418
2921.31399561 1.01194635251
2921.33442745 0.985729119041
2921.3548592 1.00590243094
2921.37529114 0.995141428885
2921.39572298 1.0252429225
2921.41615472 1.00250684555
2921.43658666 0.981817774288
2921.4570185 1.00027108795
2921.47745024 0.99510343242
2921.49787637 1.00827878276
2921.518314 0.987604856033
2921.53874574 1.00532123075
2921.55917767 0.983784222693
2921.57960951 1.00997076837
2921.60004125 1.01321487096
2921.62047319 1.00247205257
2921.64090502 1.01206445711
2921.66133676 1.01800610482
2921.6817687 0.983045536966
2921.70220053 0.989253889606
2921.72263237 0.999992022284
2921.76349604 1.00935711671
2921.78392787 1.02397357387
2921.80435981 0.996093144852
2921.82479154 1.00742512622
2921.84522337 1.01646307298
2921.86565531 0.994642111228
2921.88608704 0.976398788146
2921.90651887 1.0012363656
2921.9269508 0.993088077285
2921.94738253 1.0395307569
2921.96781436 0.968734436262
2922.00867802 0.987534988863
2922.02910985 1.01859414348
2922.04954168 1.00618240648
2922.06997351 0.995215092047
2922.09040534 1.00970212691
2922.11083717 1.0391594138
2922.131269 0.98370505677
2922.15170082 0.994613880242
2922.17213275 1.0057150852
2922.19256448 0.990063667868
2922.27429188 1.02317146564
2922.2947237 1.0027465025
2922.31515543 1.00608556125
2922.33558735 1.00942930511
2922.35601917 1.01030676874
2922.3764509 0.994023768701
2922.39688282 1.01739161981
2922.41731464 1.01274348674
2922.43774636 0.998371431429
2922.45817828 1.00441076684
2922.4786101 1.0101853513
2922.49904182 1.01767099457
2922.51947374 0.99821370796
2922.53990556 1.00079520367
2922.56033738 0.983277551143
2922.5807692 1.00361282841
2922.60120102 1.0122149854
2922.62163284 0.980666652619
2922.64206476 0.995163909463
2922.66249648 1.0012853991
2922.68292829 0.98064567337
2922.70336021 0.984166600374
2922.74422374 1.02993877122
2922.76465566 1.0159785264
2922.78508737 0.989172036951
2922.80551919 1.00026109463
2922.825951 0.975690198674
2922.84638282 1.01858218308
2922.86681463 0.999137693372
2922.88724644 1.00057873858
2922.90767825 1.01473543159
2922.92811007 0.998508336514
2922.94854188 0.971480659728
2923.00983741 0.997475760823
2923.03026912 1.01447282949
2923.05070093 0.978033232527
2923.07113284 1.00081702219
2923.09156455 1.00104500639
2923.11199636 1.01218054284
2923.13242827 1.00688742948
2923.15285998 0.984377335419
2923.17329189 1.01291589991
2923.25501911 1.01709394253
2923.27545082 1.00101895869
2923.29588273 1.00099532327
2923.31631453 1.00301312125
2923.33674624 1.00064033398
2923.35717814 0.981032750837
2923.37760994 0.997693983113
2923.39804175 1.00927153652
2923.41847355 0.995777819323
2923.43890535 0.996491278317
2923.45933716 0.981505691761
2923.47976906 1.00360059472
2923.50020076 0.963757243265
2923.52063256 1.01124207683
2923.54106436 0.980422060113
2923.56149616 0.993339131977
2923.58192797 1.00997108048
2923.60235977 0.962426382089
2923.62279156 0.975017766412
2923.64322336 0.97597612538
2923.66365516 0.986199956941
2923.76581415 0.985771538269
2923.78624595 1.00266961299
2923.80667774 1.00602605333
2923.82710954 0.998940161533
2923.84754144 1.00294092481
2923.86797313 1.01177120947
2923.88840492 0.996152773076
2923.90883682 0.990641485211
2923.92926851 1.00552489662
2923.94970031 1.00547950743
2923.9701322 1.00594010144
2923.99056389 0.994025452968
2924.01099569 1.01174858931
2924.05185927 1.00059057318
2924.07229106 1.01097501407
2924.09272295 0.966427217188
2924.11315464 0.965827728246
2924.13358653 0.991819517785
2924.15401832 0.961699094424
2924.17445001 0.986511595615
2924.21531369 1.02616141738
2924.23574548 1.01936097834
2924.25617727 1.02302898045
2924.27660905 1.00008269755
2924.29704084 1.02400145173
2924.31747263 1.00832675066
2924.33790441 1.00914132845
2924.3583362 0.980935655627
2924.37876799 1.01092059946
2924.39919977 0.980077611219
2924.41963146 0.982243741159
2924.46049513 0.995676514845
2924.48092681 0.993356752097
2924.50135869 0.990054216623
2924.52179048 0.99069152009
2924.54222216 1.00654305782
2924.56265404 1.03380454664
2924.58308582 1.00976970916
2924.60351761 1.00910094725
2924.62394939 0.994721121912
2924.64438117 1.01790377208
2924.66481295 0.999488774266
2924.68524483 0.977997654935
2924.70567651 0.994637574318
2924.72610829 1.00038975671
2924.74654017 1.01984335854
2924.76697185 0.981408813649
2924.78740363 0.985038313142
2924.8078355 1.01111212429
2924.82826718 0.991531360039
2925.03258504 1.01005145572
2925.05301681 1.01326753194
2925.07344859 0.998868438679
2925.09388036 1.00294385402
2925.11431213 0.985196958854
2925.13474381 1.00259790155
2925.15517568 1.00933415954
2925.19603912 1.01449384699
2925.21647099 1.02093692251
2925.23690276 1.00150935201
2925.25733443 1.00086856881
2925.2777663 0.993749064397
2925.29819807 0.996032442695
2925.31862974 1.00027967558
2925.33906161 0.994780846808
2925.35949338 1.00337555895
2925.37992505 1.01541615333
2925.40035691 0.989816669003
2925.42078868 0.98872170652
2925.44122045 1.04784678723
2925.46165221 0.993950673517
2925.48208398 0.981780389436
2925.50251575 0.978358880111
2925.52294761 1.00955746071
2925.54337928 1.00023747454
2925.56381104 0.984668819798
2925.58424291 0.989673801887
2925.60467457 1.01006667633
2925.62510634 0.966092859752
2925.6455382 0.991290528142
2925.68640162 1.04619709434
2925.70683349 1.01190386937
2925.72726515 1.01028662838
2925.74769691 1.00284284559
2925.76812877 0.966638536865
2925.78856043 1.00319128256
2925.80899219 0.984567879085
2925.82942395 0.995699733258
2925.84985571 0.978009051997
2925.87028747 0.972809472406
2925.89071923 0.985009117362
2925.93158285 1.00074389429
2925.95201461 0.999085472153
2925.97244627 0.989040500515
2925.99287812 1.00290186128
2926.01330988 0.985636956394
2926.03374154 0.99804733648
2926.05417339 1.005425285
2926.07460515 1.00333449476
2926.09503681 0.999602883358
2926.11546866 0.974178476745
2926.13590042 0.999317390084
2926.15633207 0.975711592429
2926.17676393 0.982657494366
2926.19719568 1.01728278337
2926.21762733 1.00748629604
2926.23805919 1.01486235486
2926.25849094 1.00024447928
2926.27892269 0.977024579024
2926.29935445 1.02024496022
2926.3197862 1.00289800413
2926.34021795 0.973878419858
2926.3606498 0.96562112226
2926.38108145 0.959043088621
2926.42194505 1.00568359535
2926.4423767 1.01519994105
2926.46280845 0.981049924132
2926.4832403 0.99281466865
2926.50367195 1.0111192654
2926.5241037 1.01881511617
2926.54453545 0.988728713749
2926.56496719 1.00007380815
2926.58539894 0.973997678663
2926.60583069 0.999240627034
2926.68755767 0.986713246636
2926.70798942 1.0201126275
2926.72842116 0.993855302128
2926.74885291 1.00172305525
2926.76928465 1.00466177198
2926.7897165 1.00967253464
2926.81014814 0.995671079119
2926.83057998 1.01904196796
2926.85101173 1.02266503905
2926.87144337 0.995921062749
2926.91230695 1.00420878156
2926.9327386 0.982277639121
2926.95317044 1.01463874833
2926.97360218 1.01434099229
2926.99403382 0.987950109629
2927.01446566 0.98053722817
2927.0348974 0.971890258058
2927.05532904 0.975103543293
2927.07576088 0.998225900838
2927.09619262 1.02565164897
2927.11662436 1.00988474246
2927.13705609 1.0070500245
2927.15748783 0.997294906471
2927.17791957 0.989935379009
2927.25964662 0.988596726439
2927.28007825 1.01133543013
2927.30050999 1.00160970712
2927.32094172 0.97655122436
2927.44353213 0.987666532441
2927.46396386 0.981915470882
2927.48439559 0.999398720508
2927.50482733 0.988852386686
2927.52525906 1.00300059917
2927.54569079 0.993343411519
2927.56612252 0.990282520839
2927.58655425 1.01420295089
2927.60698598 0.99536166528
2927.62741781 1.00837733625
2927.64784944 1.01166131715
2927.66828127 1.00754872285
2927.688713 1.01696034012
2927.70914463 1.0230920611
2927.72957646 0.998557695478
2927.75000819 1.00058827933
2927.77043982 0.996203290405
2927.79087164 1.01882444389
2927.81130337 1.00914520591
2927.831735 0.993129547591
2927.85216682 1.00610984866
2927.89303018 0.957625305322
2927.913462 0.99371307296
2927.93389373 0.982473240179
2927.95432545 0.999168893397
2927.97475718 1.00023118253
2927.9951889 0.98924924051
2928.01562063 0.985967157271
2928.03605235 1.0007165221
2928.05648407 1.00623632379
2928.0769158 1.00459749704
2928.09734752 0.995687791977
2928.11777924 1.02245791802
2928.13821086 0.998934750698
2928.15864269 1.00589923111
2928.17907441 0.964919313024
2928.19950603 1.0077531461
2928.21993785 0.993965304892
2928.24036957 0.99756530046
2928.26080119 1.02369276249
2928.28123301 0.995492197614
2928.30166473 1.02487381536
2928.32209645 0.999797220661
2928.40382332 0.995800397567
2928.42425504 1.00821348672
2928.44468676 0.998339577717
2928.46511857 0.996154695551
2928.48555019 1.01485553823
2928.50598201 0.992699698723
2928.52641372 0.984195380604
2928.54684534 1.02683500435
2928.56727715 1.01338371231
2928.58770887 1.00699808536
2928.60814048 1.01272343087
2928.6285723 0.991655199735
2928.64900401 1.02589127313
2928.66943563 1.0115802122
2928.68986744 0.967897359886
2928.71029915 1.03710680727
2928.73073076 1.04741533184
2928.75116258 0.995382491336
2928.77159429 0.990344706748
2928.792026 0.995091804109
2928.81245771 0.974008291448
2928.83288942 0.97117505456
2928.87375284 1.00101943985
2928.89418456 0.994944610444
2928.91461617 1.00099043136
2928.93504797 0.996209525216
2928.95547968 1.00093652922
2928.97591129 1.0166668126
2928.9963431 0.997094352935
2929.01677481 1.00145658513
2929.03720642 1.00838201858
2929.05763823 0.999929016728
2929.07806993 1.02068701275
2929.11893335 1.01110734987
2929.13936505 0.998524013706
2929.15979676 1.0145420011
2929.18022847 1.00611891781
2929.20066017 0.994289018409
2929.22109188 1.00548068483
2929.24152358 0.998224023824
2929.26195529 1.00219116641
2929.28238699 1.00797591564
2929.30281879 0.999858628983
2929.38454551 0.975318845332
2929.40497731 0.979182380361
2929.42540901 0.980177869964
2929.44584061 0.99965185503
2929.46627241 0.983805508532
2929.48670412 0.997901061412
2929.50713572 1.01259518954
2929.52756752 0.99744653836
2929.54799912 1.00793364304
2929.56843082 1.00317320358
2929.58886262 1.00046609338
2929.60929422 0.995311804645
2929.62972592 1.01069857064
2929.65015771 1.01478214635
2929.67058941 1.00808967748
2929.69102101 1.00057159092
2929.71145281 0.985179210605
2929.73188451 1.01247051668
2929.7523161 0.997214114664
2929.7727479 1.03693384366
2929.7931796 1.00545900091
2929.81361119 1.00389619362
2929.85447468 0.995686020459
2929.87490628 1.01623549419
2929.89533807 0.998421135892
2929.91576977 0.991757404438
2929.93620136 0.987182351489
2929.95663316 1.02026955086
2929.97706485 1.02411838382
2929.99749655 1.00424878072
2930.01792824 0.997835767756
2930.03835993 0.972616690039
2930.05879162 0.980714871827
2930.09965501 0.981507215414
2930.1200868 1.00097951547
2930.14051849 1.00338679092
2930.16095008 1.01797810355
2930.18138187 0.989000774781
2930.20181356 0.994581151715
2930.22224515 1.02727429336
2930.24267694 1.01642288178
2930.26310863 0.994453050198
2930.34483529 0.965314037804
2930.36526708 0.993451646986
2930.42656214 0.990856446055
2930.44699373 1.01716019539
2930.46742541 0.997695282164
2930.4878572 0.983484757725
2930.50828889 1.01375196961
2930.52872047 1.0014120661
2930.54915226 0.991104110441
2930.56958394 1.00010815285
2930.59001553 1.00079849847
2930.61044731 0.994193332744
2930.630879 1.00196651613
2930.65131058 0.992321390833
2930.67174236 0.973832136383
2930.69217405 0.985521032267
2930.71260563 0.965673787298
2930.73303741 1.00854692368
2930.75346909 0.969885279245
2930.77390068 0.964173142449
2930.8556275 1.02156321321
2930.87605918 1.02205974282
2930.89649086 0.991169491648
2930.91692254 0.993876180034
2930.93735422 1.01012395323
2930.957786 1.02857619353
2930.97821768 1.00515281125
2930.99864926 1.05234503513
2931.12123933 0.99907115337
2931.14167111 1.01519380536
2931.16210268 1.03328605634
2931.18253436 1.00204689057
2931.20296613 1.01723191283
2931.22339771 0.991368354249
2931.24382939 1.0313957624
2931.26426116 0.978492114627
2931.28469274 1.0176277665
2931.30512441 0.978116746286
2931.32555618 1.01161908684
2931.34598786 1.03094421968
2931.36641943 1.00142737904
2931.38685121 0.973223074
2931.40728288 0.995844941669
2931.42771445 0.954603883967
2931.44814622 1.00537757472
2931.4685779 0.990167184163
2931.48900947 0.979858894028
2931.50944124 0.916260205094
2931.59116793 1.01026451678
2931.6115995 1.00257337745
2931.63203127 1.00898163074
2931.65246294 0.988108413421
2931.6728946 0.994020463777
2931.69332627 0.984584651809
2931.71375794 1.00559069876
2931.73418961 0.98410184658
2931.75462128 0.991439503579
2931.77505295 0.992298241817
2931.81591628 1.00745651437
2931.83634795 1.02912415274
2931.85677972 1.00968563745
2931.87721128 0.983120925364
2931.89764295 1.00541468322
2931.91807472 1.01667065799
2931.93850628 0.984314509893
2931.95893795 1.0286422611
2931.97936971 1.02701709268
2931.99980128 0.983261169849
2932.02023294 0.998097490683
2932.06109627 0.970319002069
2932.08152794 1.00093043746
2932.1019597 0.989273202877
2932.12239126 1.00182973241
2932.14282293 0.993814273772
2932.16325469 1.00640703708
2932.18368635 1.00572743999
2932.20411791 1.02698418911
2932.22454967 0.986453236158
2932.24498134 0.996857769725
2932.2654129 0.989775626819
2932.28584466 1.00809399017
2932.30627632 0.989396780709
2932.32670788 1.00118021011
2932.34713964 1.00314468027
2932.3675713 1.00040333228
2932.38800286 1.01596953672
2932.40843462 1.00373045547
2932.42886628 1.01203972215
2932.44929784 0.978258337524
2932.4697296 1.02215955811
2932.49016125 0.975978688803
2932.57188788 0.990466169056
2932.59231954 1.0041845719
2932.6127512 1.00284816182
2932.63318286 0.998854985598
2932.65361451 0.994168662174
2932.67404617 1.00128164484
2932.69447792 0.992215172376
2932.71490948 0.997802587631
2932.73534113 0.987831236934
2932.8374994 0.999625990016
2932.85793106 1.02523741516
2932.87836281 0.997026175397
2932.89879436 0.985808028384
2932.93965777 0.99477080714
2932.96008932 0.9890446038
2932.98052097 1.03934150257
2933.00095272 0.9556171077
2933.02138438 0.986159045372
2933.04181593 1.00921167669
2933.06224768 0.996435946157
2933.08267933 1.00567511558
2933.10311088 1.00017468728
2933.12354263 1.0255202068
2933.14397428 0.978780775928
2933.16440583 1.04422501691
2933.18483758 0.999048098593
2933.20526923 1.03376534507
2933.22570077 0.987312260684
2933.24613252 1.00227487561
2933.28699572 1.01240966716
2933.30742747 0.990630754057
2933.36872241 0.988457332698
2933.38915405 1.01553984093
2933.4095857 1.00994337077
2933.43001735 1.00660405107
2933.45044899 0.98308077285
2933.47088064 0.981921611281
2933.53217567 1.0189057359
2933.55260722 0.999442666345
2933.57303886 0.981292311581
2933.59347061 1.00273682117
2933.63433379 0.990228310292
2933.65476554 1.01335865355
2933.67519708 1.01415124589
2933.69562872 1.00685765926
2933.71606046 0.995977216221
2933.73649201 1.01387742848
2933.77735539 0.99690131357
2933.79778693 1.02155928466
2933.81821857 1.01878498909
2933.83865031 0.993180996434
2933.85908195 1.02239463528
2933.87951349 1.00005466247
2933.89994523 0.995226011308
2933.92037687 1.00843416348
2933.94080841 0.99946085446
2933.96124015 0.975367572843
2933.98167179 1.02231822866
2934.02253507 0.972926096156
2934.04296661 0.978992664627
2934.06339825 1.0061334359
2934.08382998 0.993341932896
2934.10426152 1.01047458796
2934.12469326 0.981828729301
2934.1451249 0.99398889293
2934.16555643 1.00741145141
2934.18598817 0.995528751627
2934.2064198 1.00149684078
2934.22685134 0.994185280791
2934.26771471 1.02053045571
2934.28814635 0.97865115867
2934.30857798 1.00272639921
2934.32900962 0.993782050277
2934.34944125 0.997992680428
2934.36987299 1.00307686044
2934.39030452 1.00479479983
2934.41073615 0.999930935293
2934.43116789 1.01850883549
2934.45159942 0.998340501776
2934.47203105 1.00161742234
2934.49246279 1.00535633884
2934.51289432 1.00044439251
2934.53332595 0.9875627988
2934.55375768 0.990766346347
2934.57418921 1.00780363319
2934.59462085 0.952129853427
2934.61505258 0.974083533671
2934.63548411 0.947361792841
2934.65591574 0.976439665525
2934.81936878 1.02992795077
2934.8398005 1.01284885325
2934.86023213 1.0185711178
2934.88066366 0.991091455073
2934.90109539 1.00582833373
2934.92152702 0.988764937321
2934.94195854 0.988814990075
2934.96239027 0.972328988724
2935.00325342 0.999965466885
2935.04411678 0.986759573176
2935.0645483 0.997430960463
2935.08498003 1.00515276354
2935.10541165 1.0145477128
2935.12584328 1.01084085725
2935.1462749 0.985775575667
2935.16670653 0.991153690837
2935.18713815 1.00566889522
2935.20756988 1.0230590085
2935.24843303 0.988789828218
2935.26886475 1.0019353312
2935.28929627 1.00358401813
2935.30972789 1.04564118775
2935.33015962 1.00997124225
2935.35059114 0.992553659642
2935.37102276 1.00013187853
2935.39145448 1.0117439048
2935.41188601 1.01201810013
2935.43231763 0.987373932778
2935.45274935 0.991764326103
2935.49361249 0.990657372051
2935.51404421 0.975725158487
2935.53447573 0.987087246467
2935.55490745 0.995171804187
2935.57533907 1.01375356793
2935.59577059 0.973940240993
2935.61620231 0.976572950421
2935.63663393 0.988648389751
2935.65706545 1.02359149006
2935.67749717 0.991407567001
2935.69792879 0.980024186997
2935.71836031 1.01058725188
2935.73879202 0.997500536485
2935.75922364 1.00867641252
2935.77965516 0.999525155005
2935.80008688 1.01602254626
2935.82051849 1.00133448757
2935.84095001 1.02911268483
2935.86138173 1.0149985084
2935.88181334 0.978374294522
2935.90224486 0.970003224911
2935.92267657 0.9838851948
2935.94310819 1.00731635515
2935.98397142 0.984603667573
2936.02483465 1.03087001774
2936.04526637 1.00109903964
2936.06569788 1.01909733267
2936.08612949 0.999320249983
2936.10656121 0.987880508379
2936.12699272 1.01847402654
2936.14742434 1.00414791379
2936.16785605 1.01875735479
2936.2495824 0.978804173778
2936.27001411 0.98266377454
2936.29044562 1.00190543678
2936.31087723 0.988336709894
2936.33130895 0.986189538971
2936.35174046 1.03730770868
2936.37217207 1.01023652074
2936.39260378 1.00041250215
2936.41303539 0.991809267848
2936.4334669 1.00690519755
2936.45389861 1.00884816118
2936.47433022 1.03744605274
2936.55605656 1.01002853541
2936.57648826 0.993105868262
2936.59691987 1.02828687446
2936.61735138 0.971196358105
2936.78080434 0.970705857171
2936.80123595 0.981495900677
2936.82166755 1.01444468709
2936.84209916 0.983585893965
2936.88296247 0.974977911212
2936.90339397 0.983915484395
2936.92382568 0.980478744914
2936.94425728 1.03948111236
2936.96468879 1.03207119136
2936.98512049 0.99156479039
2937.0055521 1.03345452083
2937.06684681 1.00375448102
2937.08727841 0.987193691403
2937.10771011 1.0037501526
2937.12814162 0.987181523868
2937.14857322 1.00309590644
2937.16900492 0.999526788053
2937.18943642 0.994793923942
2937.20986803 0.997895716072
2937.23029973 0.99470806175
2937.29159453 1.01063214434
2937.31202613 1.01646134225
2937.33245763 0.996625271766
2937.35288933 0.997884873814
2937.37332093 0.982746827971
2937.39375243 1.00812903043
2937.41418413 0.998936169602
2937.45504723 0.998912228524
2937.47547893 1.04672515953
2937.49591053 1.00684774542
2937.51634203 0.99147690481
2937.53677373 1.02227261061
2937.55720532 1.00132262846
2937.57763702 0.99296308824
2937.59806852 0.993367453594
2937.61850012 0.994867411881
2937.63893182 1.02008656969
2937.65936331 0.993068341336
2937.70022661 0.987336156001
2937.7206582 0.991156081414
2937.7410897 1.00093365833
2937.7615214 1.0121941353
2937.78195289 1.01625032528
2937.80238449 1.00093843509
2937.82281618 1.016632966
2937.84324768 1.01980318823
2937.86367927 1.03635511626
2937.88411097 1.00297717908
2937.90454246 1.0222440766
2937.92497406 1.02648095606
2937.94540575 0.997026018781
2938.00670053 0.995392142044
2938.02713203 0.982428567878
2938.04756362 0.992459688036
2938.06799531 0.968232268638
2938.08842691 0.989488943652
2938.1088584 0.959304382322
2938.23144815 0.99774020863
2938.25187964 1.01713869353
2938.27231123 0.992815874235
2938.29274292 1.0038817458
2938.31317442 0.998870111342
2938.33360601 0.98283810921
2938.3540377 1.00964191824
2938.37446919 0.994896026104
2938.45619554 0.995124861082
2938.47662723 0.990856951584
2938.49705872 1.0039644013
2938.51749031 1.00871317335
2938.5379219 0.977708316492
2938.55835349 1.00654847231
2938.57878508 1.00076986568
2938.59921666 0.989676585963
2938.61964825 1.00816060135
2938.64007984 1.00373072845
2938.68094301 0.975521741784
2938.7013746 0.988503387717
2938.72180629 1.01456456779
2938.74223777 0.993675054661
2938.76266946 1.0053733778
2938.78310105 1.01290576924
2938.80353253 0.984427304522
2938.82396422 1.01478923333
2938.8443958 0.99666244038
2938.86482729 0.99543331891
2938.88525897 0.993391770888
2938.90569056 1.00703981751
2938.92612214 1.02273770714
2938.94655373 0.992985472148
2938.96698531 0.989598206517
2938.9874169 1.00037606017
2939.00784848 1.00438036485
2939.02828006 1.0008274942
2939.04871165 1.00019172484
2939.06914333 0.999274466265
2939.08957481 0.978278874595
2939.1100064 0.986527181429
2939.19173283 0.988837285007
2939.21216431 0.977758794068
2939.23259589 1.00311524253
2939.31432222 1.02237667862
2939.3347538 1.01060915495
2939.35518548 0.996074131787
2939.37561696 1.01679097908
2939.39604854 0.99023408638
2939.41648022 0.997075706537
2939.4369117 1.0027612734
2939.45734328 1.00150337901
2939.47777496 0.994463771831
2939.49820654 1.00405749331
2939.55950128 1.00864302508
2939.57993276 0.999740162532
2939.60036443 0.991555021708
2939.62079601 0.978510948653
2939.66165917 0.998106164605
2939.68209075 0.986528686963
2939.70252222 0.987565717091
2939.7229539 0.994968405499
2939.74338548 1.00112058553
2939.78424863 1.00088921115
2939.80468021 1.00825559404
2939.82511179 0.980282723092
2939.84554336 1.00433127541
2939.86597494 0.987864552913
2939.90683809 1.00641633682
2939.92726967 1.00022028426
2939.94770124 0.979542275598
2939.96813292 1.0003838287
2939.98856439 1.00792222446
2940.00899607 1.00022747676
2940.02942754 1.01051766928
2940.04985912 1.02183846389
2940.07029079 1.01792510778
2940.09072226 1.00519001245
2940.11115384 1.00865755974
2940.13158551 1.00153228897
2940.15201699 0.984809001414
2940.17244856 1.02420887001
2940.19288023 1.04530460339
2940.21331171 1.02659177957
2940.23374328 1.01081199879
2940.25417495 0.982539109731
2940.27460642 0.979748701523
2940.295038 0.995080685485
2940.31546967 0.997985892223
2940.33590124 0.990658622705
2940.35633271 1.0178574945
2940.49935381 0.983818048778
2940.51978538 0.967951796622
2940.54021705 1.01781812354
2940.56064852 0.927587740154
2940.58108009 0.978222046322
2940.60151176 0.941013631691
2940.6423748 0.999238385627
2940.66280647 0.994627277784
2940.70366951 0.999969824605
2940.72410108 1.00113519101
2940.74453264 1.00641240702
2940.76496421 1.02585066121
2940.78539578 1.00806678606
2940.80582735 0.999230167577
2940.82625892 0.991335385427
2940.84669059 0.98060416892
2940.88755362 1.01048604881
2940.90798529 0.998054499891
2940.92841675 1.01157377668
2940.94884832 0.98410646438
2940.96927999 0.990460103447
2941.01014312 1.00851731701
2941.03057469 0.991863184761
2941.05100615 0.986494137261
2941.07143782 0.997898174942
2941.09186939 1.04644911705
2941.11230085 1.00193402016
2941.13273252 0.995278850936
2941.15316408 1.00406938549
2941.17359565 0.970861209296
2941.19402721 1.01242597861
2941.21445878 0.993147878294
2941.23489034 0.982491107327
2941.25532191 0.988594975349
2941.27575347 0.984862894828
2941.29618503 1.01691375848
2941.3166167 1.03485297193
2941.33704816 0.989296883423
2941.37791139 1.01375649534
2941.39834285 1.00302552407
2941.41877442 0.996081153594
2941.43920598 1.01388523182
2941.45963754 0.987034712561
2941.4800691 0.994685387406
2941.50050067 1.01174203357
2941.52093223 1.0076634539
2941.54136379 0.99727839181
2941.56179535 1.03730345339
2941.58222691 0.977794281736
2941.60265858 0.998626213745
2941.62309004 1.01385163962
2941.6435216 1.02477852975
2941.66395326 1.01386945247
2941.68438482 1.0038960965
2941.70481628 1.00108418667
2941.72524794 1.05583704052
2941.7456795 0.989490727739
2941.76611096 0.994441272809
2941.78654262 0.988421645362
2941.80697418 1.01735486632
2941.82740564 0.981733724219
2941.86826886 1.02078053312
2941.88870032 0.993045744203
2941.90913198 0.993316663731
2941.92956354 0.9920009137
2941.949995 0.992976621163
2942.01128978 1.02771930683
2942.03172134 0.999522489203
2942.05215289 0.987960748363
2942.07258445 0.997052304885
2942.11344757 1.00784853225
2942.13387923 0.997035528474
2942.15431068 1.00657827884
2942.17474224 0.995357353362
2942.1951739 1.03444573569
2942.23603691 1.00182054231
2942.25646857 1.02784748982
2942.27690003 1.00754723664
2942.29733158 1.00876162237
2942.31776324 0.995454059787
2942.33819469 0.988472889049
2942.35862625 0.989775030602
2942.37905791 1.01378676647
2942.39948936 0.993862294805
2942.41992092 1.01741695939
2942.44035257 1.00132342904
2942.46078403 1.00590076681
2942.48121558 1.01120703384
2942.50164724 0.989481322883
2942.52207879 0.985842416416
2942.54251025 0.988165479341
2942.66509977 1.02538844684
2942.68553123 0.978748303244
2942.70596278 0.997965964362
2942.72639443 1.05726801451
2942.74682589 1.00627954916
2942.76725744 0.999688951086
2942.78768909 1.01896834023
2942.80812055 1.01909392314
2942.84898375 0.998388002552
2942.8694152 1.01131575548
2942.88984676 1.0297776044
2942.91027841 1.01059280462
2942.93070986 1.0150884537
2942.95114141 1.01058887567
2942.97157296 0.998628516039
2942.99200451 0.998195371144
2943.01243607 1.00022396191
2943.03286772 0.993063495779
2943.05329917 0.98409338025
2943.09416237 1.01211248771
2943.11459382 0.984136089068
2943.13502537 0.992829114886
2943.15545702 0.997197332993
2943.17588847 0.989034074061
2943.19632012 1.00940684947
2943.21675167 1.01040090627
2943.23718312 0.993616922075
2943.25761477 0.99943020964
2943.27804632 1.02700175633
2943.29847777 0.984525871066
2943.33934097 0.979798488769
2943.35977252 0.987345397073
2943.38020407 1.00646637345
2943.44149871 0.989607997461
2943.46193026 0.992634857117
2943.48236181 0.985552450457
2943.50279346 1.00574556094
2943.52322491 1.01612035226
2943.54365645 1.01496652324
2943.5640881 0.998246707613
2943.58451955 1.00486364879
2943.6049511 0.998705135117
2943.62538274 1.00547620986
2943.64581419 1.01198001303
2943.66624584 1.00090951419
2943.68667729 1.02498142077
2943.70710883 0.97734935445
2943.72754048 1.02656789704
2943.74797193 1.0162199174
2943.76840347 0.983107901653
2943.78883512 1.01282165933
2943.82969811 0.996552154247
2943.85012976 1.00454905954
2943.8705613 0.985118756439
2943.89099275 0.983637846969
2943.91142439 1.00956203183
2943.93185594 0.980936453236
2943.95228738 1.04512715952
2943.97271903 1.0064463183
2943.99315057 0.992495869241
2944.01358202 0.982621199344
2944.03401366 0.999490287053
2944.07487665 0.98849650647
2944.0953083 0.989301889162
2944.11573984 0.997793415965
2944.13617128 1.00276193238
2944.15660293 1.00506584844
2944.17703447 1.01044428637
2944.19746612 1.01417281967
2944.21789756 1.00114954146
2944.2383291 1.01437286924
2944.25876075 1.01136341856
2944.27919219 0.98298276397
2944.36091836 1.00160943005
2944.3813499 1.00026162468
2944.40178145 0.976697324843
2944.42221299 0.980485899461
2944.44264463 1.00360079157
2944.5243707 0.947653427763
2944.56523388 0.99690449665
2944.58566532 1.00167208215
2944.60609686 0.983078691313
2944.62652851 1.01148391145
2944.64695995 1.00061211502
2944.66739159 1.01423698107
2944.68782313 1.00006020819
2944.70825467 1.00512334459
2944.72868621 0.991973956797
2944.74911775 1.00035562657
2944.76954929 1.01489012194
2944.81041237 1.00291241657
2944.83084391 0.992499871289
2944.85127545 0.987811423462
2944.87170699 1.01336058044
2944.89213853 0.996890957192
2944.91257017 0.996328380012
2944.93300161 0.999714343942
2944.95343315 1.00334450675
2944.97386479 1.00855632363
2944.99429623 1.01043570026
2945.01472777 1.00222839094
2945.05559084 0.972646589031
2945.07602238 0.992444281086
2945.11688546 0.99380173455
2945.1373171 0.988268506232
2945.15774854 0.990440501543
2945.17818007 0.989926142439
2945.19861171 1.00074411998
2945.21904315 0.979133558904
2945.23947469 1.00351165767
2945.25990632 1.00817635235
2945.28033786 1.02363826659
2945.3007693 1.00836737037
2945.32120094 0.995135711814
2945.34163247 1.01118945561
2945.36206391 1.04309754136
2945.38249555 1.0522067048
2945.40292708 0.98395166843
2945.42335852 1.04527375695
2945.44379016 1.00093561525
2945.46422169 0.979061644252
2945.48465313 0.976977224161
2945.50508477 0.981688204252
2945.54594784 1.00190218951
2945.56637938 1.01922732202
2945.58681091 1.00649863176
2945.60724255 1.00316977916
2945.62767398 1.00897190886
2945.64810552 1.01746655098
2945.66853715 1.00156071535
2945.68896859 0.97274584359
2945.70940012 0.999594667108
2945.72983176 1.0032995055
2945.8115578 1.0025002847
2945.83198933 0.999072862612
2945.91371557 0.987950565894
2945.934147 1.00391787495
2945.95457854 0.984057516231
2945.99544161 1.00990378036
2946.01587314 0.985692857531
2946.03630477 1.0080829691
2946.05673621 1.00900713453
2946.07716784 0.968903060157
2946.09759937 0.978145862157
2946.11803091 0.975874718756
2946.13846244 0.999995920096
2946.15889397 1.00204502079
2946.17932551 0.980871259851
2946.19975714 0.984818880032
2946.32234633 1.00414994555
2946.34277777 1.00017604694
2946.3632093 1.01038425505
2946.38364093 1.01552301633
2946.40407236 0.971090983886
2946.42450389 0.988835391447
2946.44493552 0.998416065902
2946.46536696 1.01629151876
2946.54709318 0.985615789544
2946.56752471 1.0099425114
2946.58795614 0.999473802005
2946.60838777 1.01047639982
2946.62881931 0.993537931964
2946.64925074 1.01707813487
2946.66968237 1.0007690616
2946.6901139 0.994217210961
2946.71054533 1.00412615707
2946.73097696 1.00586890127
2946.75140849 1.00708390336
2946.77183992 1.00316755278
2946.79227155 0.996991731144
2946.81270308 0.990664413503
2946.83313451 0.990888755457
2946.85356614 1.00192596368
2946.87399767 0.988419731053
2946.8944291 0.993808235801
2946.91486073 1.01261149617
2946.93529226 0.977670864151
2946.95572389 0.987548426988
2946.97615531 0.971919339097
2947.01701847 1.01557058797
2947.03745 0.997384247568
2947.05788143 1.01241730523
2947.07831306 1.00911872463
2947.09874459 0.994424383553
2947.11917602 1.01619520558
2947.13960765 1.03556607125
2947.16003917 1.00567665178
2947.1804706 1.03209707926
2947.20090223 1.00055046205
2947.28262834 0.968848302224
2947.3234914 0.981447130839
2947.34392283 1.00129175636
2947.36435435 0.998757068886
2947.38478598 0.974535260735
2947.40521741 0.983136461197
2947.42564904 0.993562152258
2947.44608056 1.02705105572
2947.46651209 0.999384564221
2947.50737515 0.998126947958
2947.52780667 1.00162122585
2947.5482382 0.98630391837
2947.56866973 1.02005158609
2947.58910125 1.03170306545
2947.60953288 1.0121104119
2947.62996431 0.998741170692
2947.65039583 1.01137094087
2947.67082746 0.997810671644
2947.69125889 0.999147441049
2947.71169041 1.02334851954
2947.73212204 0.98113207521
2947.77298499 0.993619951748
2947.79341662 1.05198847075
2947.81384804 1.01564454546
2947.83427967 1.01396601267
2947.85471119 1.02226055065
2947.87514272 0.978650122637
2947.89557424 0.990271075601
2947.91600577 1.0135620108
2947.9364373 0.982721850942
2947.95686882 1.00010200868
2947.99773187 0.999609891741
2948.0181634 0.988877304931
2948.03859492 1.0289715953
2948.05902635 0.989493301057
2948.07945797 1.00210919454
2948.0998895 1.00474132532
2948.12032092 1.01510860735
2948.14075255 1.01807293293
2948.16118407 1.05506822958
2948.24291027 0.99794521787
2948.26334169 0.937447453501
2948.28377322 0.97889235362
2948.30420484 0.964085106469
2948.32463626 0.970059875822
2948.34506779 0.962151886056
2948.36549941 0.972963508509
2948.38593084 0.978715075924
2948.40636236 0.992670580495
2948.42679398 0.993407729248
2948.61067769 1.00492213777
2948.63110922 1.00888207296
2948.65154084 0.984750853292
2948.67197226 1.00194138379
2948.69240379 1.00987601594
2948.71283531 0.988780845973
2948.73326683 0.992344866749
2948.75369835 1.01170741844
2948.77412988 0.991879500457
2948.7945614 1.01505357351
2948.81499292 1.00588343838
2948.83542444 1.00112998021
2948.85585597 0.989939792983
2948.87628749 1.01800378708
2948.89671901 1.00852555115
2948.91715053 1.00004333578
2948.93758205 1.01917104248
2948.95801368 1.02123944727
2948.9784451 0.984021891456
2948.99887662 1.01915575871
2949.01930824 1.02189588581
2949.03973966 0.976865668576
2949.06017129 0.974722379408
2949.08060281 0.991721919551
2949.10103423 0.964584296469
2949.12146585 1.02056314464
2949.14189737 1.00794496986
2949.16232879 1.00734295622
2949.18276042 0.988660832113
2949.22362336 0.960717989991
2949.24405498 0.946798987182
2949.2644865 0.968065171434
2949.28491802 1.00634123176
2949.30534954 0.992445233253
2949.32578106 0.987704783004
2949.34621258 0.993809298887
2949.3666441 0.995392334267
2949.38707563 0.99915539402
2949.40750715 1.00360395111
2949.42793867 1.01119491025
2949.44837019 0.990646437682
2949.46880181 1.0059508466
2949.48923323 0.995011032698
2949.50966475 1.0019958611
2949.53009637 1.00864479506
2949.55052779 0.986602857725
2949.57095931 1.00703893703
2949.59139093 1.01835031011
2949.61182235 0.984285528225
2949.63225387 0.991925564515
2949.65268549 0.999886788001
2949.67311691 1.02563790648
2949.69354843 0.972423245387
2949.71398005 1.01793577617
2949.73441147 1.00057508673
2949.75484299 1.01608329683
2949.77527461 1.00647947614
2949.79570613 1.00126769019
2949.81613765 1.02357532473
2949.83656917 1.00816986368
2949.85700069 1.0079855978
2949.87743221 1.00904748534
2949.89786373 0.975450883815
2949.91829525 1.01143002914
2949.95915829 1.01302915552
2949.97958981 0.990449076241
2950.00002142 0.994428497939
2950.02045284 0.982300354685
2950.04088436 1.00898679602
2950.06131598 0.981649297002
2950.0817474 1.0120230336
2950.10217892 1.00404269265
2950.12261054 0.976320570465
2950.14304196 0.986400976587
2950.16347348 0.990819486919
2950.20433651 0.978029745487
2950.22476813 1.02083546056
2950.24519955 1.01132456845
2950.26563107 1.0076443664
2950.28606269 1.03121146353
2950.30649421 0.988377268514
2950.32692563 0.999759224126
2950.34735724 1.04276994102
2950.36778876 1.02880047542
2950.38822018 0.994869776655
2950.4086518 1.01381766766
2950.44951474 0.990562029209
2950.46994635 0.97637375033
2950.49037787 0.991025193861
2950.51080929 1.00863737286
2950.53124091 1.00021317846
2950.55167243 1.00508296211
2950.57210404 1.01698676134
2950.59253546 1.01599197322
2950.61296698 0.978657089895
2950.6333986 0.988864083576
2950.65383002 0.989513933359
2950.67426153 0.990584258962
2950.69469315 1.00678414065
2950.71512457 1.00860971028
2950.73555609 1.00709661374
2950.75598771 1.05139702829
2950.77641922 0.981297017285
2950.79685064 0.999737972518
2950.81728226 1.00207004597
2950.83771378 0.995365775695
2950.85814519 1.01220384946
2951.00116591 0.986423424062
2951.02159733 1.01458256118
2951.04202895 0.964722037921
2951.06246047 1.00098499916
2951.08289188 1.01523065338
2951.12375502 1.03222493739
2951.14418653 0.977577345659
2951.16461805 1.00209101348
2951.18504957 1.00326244118
2951.2259126 0.986528924499
2951.24634412 0.987896228281
2951.26677564 1.00063716951
2951.28720715 0.983685605578
2951.30763867 0.992593749461
2951.32807029 0.991633398075
2951.3485018 0.991940303056
2951.36893322 1.0047959727
2951.38936484 0.994632927016
2951.40979635 1.04069449635
2951.43022777 1.01348082623
2951.45065939 0.992729373674
2951.4710909 1.00965823514
2951.49152232 0.994621382276
2951.51195394 1.01778983871
2951.53238545 0.979565851828
2951.55281687 1.02243984994
2951.57324848 0.992092929108
2951.59368 1.01706623438
2951.61411152 1.00671511502
2951.63454303 1.01734163433
2951.65497445 0.993442616416
2951.67540607 0.994819788325
2951.69583758 1.00620352513
2951.7162691 1.00570151288
2951.73670062 1.00403707872
2951.75713213 1.01085562593
2951.77756365 1.02186458756
2951.79799526 0.98220310722
2951.81842668 1.01485293113
2951.8388582 0.981389344508
2951.85928981 0.981678919393
2951.87972123 0.979024684682
2951.90015274 0.972236838771
2951.92058436 0.989082115244
2951.94101578 1.01227550912
2951.96144729 0.977680636844
2951.98187891 1.01754713488
2952.00231032 0.977872101618
2952.02274194 0.98661269141
2952.04317346 1.00590156118
2952.06360487 0.968751384284
2952.08403649 1.00412875659
2952.104468 0.960572794273
2952.12489942 1.00957786444
2952.16576255 1.00491005202
2952.18619407 0.992717069387
2952.20662558 1.0019898836
2952.26792023 1.04690405508
2952.28835164 0.990742840047
2952.30878316 1.00127255835
2952.32921468 1.0103848076
2952.34964619 0.996619804593
2952.37007781 0.974825678161
2952.41094074 0.95080906493
2952.43137235 1.00373585051
2952.45180377 1.00541981639
2952.47223528 0.986726978701
2952.4926669 0.997043517543
2952.51309832 1.00427314671
2952.53352983 1.00477716508
2952.55396145 1.00126837988
2952.57439286 0.977499239667
2952.59482438 1.00660481838
2952.61525599 0.978663615446
2952.63568751 0.976347520017
2952.65611892 0.99597573314
2952.67655054 0.968554926098
2952.69698205 0.98468374695
2952.71741357 0.968343401002
2952.73784509 0.984585039179
2952.7582766 0.988370365283
2952.77870822 1.00083213833
2952.79913963 0.963949478215
2952.81957115 0.963737242394
2952.84000276 0.975965966139
2952.98302327 1.00178550973
2953.00345488 1.00958025308
2953.0238863 1.028265852
2953.04431781 1.00255113125
2953.06474943 1.01042852971
2953.08518084 0.992779474792
2953.10561236 1.02076683823
2958.37693449 1.01839467742
2958.39736612 0.992258640142
2958.41779764 0.963881189348
2958.43822906 1.03557459836
2958.45866069 0.996136936554
2958.47909221 1.00787976181
2958.49952373 0.971908821772
2958.51995526 1.0005914262
2958.54038678 0.979694537071
2958.5608183 0.985637576636
2958.58124993 0.999300811158
2958.60168135 0.979601425987
2958.62211297 0.981859202084
2958.6425445 1.01558360133
2958.66297592 0.991789970738
2958.70383907 1.00626429036
2958.72427049 0.985558509359
2958.74470212 0.984469636355
2958.76513364 0.987174148669
2958.78556507 0.978734087476
2958.82642822 1.01429072606
2958.88772269 1.01590091718
2958.90815421 0.995913436938
2958.92858584 0.979637866992
2958.94901726 0.970420959832
2958.96944889 1.00040259351
2958.98988041 0.972026783946
2959.11246957 1.00644720928
2959.13290109 1.0220001295
2959.15333272 0.997524596015
2959.17376414 1.02469656488
2959.19419567 1.01865425922
2959.21462729 1.003081731
2959.23505872 1.01445030815
2959.25549035 0.998832697957
2959.27592187 0.988715561648
2959.2963533 0.985189759464
2959.31678492 0.978396261699
2959.33721645 0.991114342004
2959.35764788 1.00586543445
2959.3780795 1.01946324121
2959.39851103 1.00793143701
2959.41894256 1.01051344731
2959.43937408 0.958789634382
2959.45980561 1.0033200594
2959.48023714 0.987180452893
2959.6028263 1.0207278099
2959.62325783 0.976378019725
2959.66412098 1.00460510776
2959.68455241 1.01353078118
2959.70498394 1.00214772142
2959.72541557 0.998167885597
2959.74584699 1.04165318551
2959.76627852 0.992815201137
2959.78671015 1.03770023159
2959.80714158 0.991858234404
2959.82757311 0.991978238718
2959.84800474 1.01437631697
2959.86843616 1.0005211199
2959.88886779 0.964140296396
2959.90929932 0.997646941023
2959.92973075 0.994516091764
2959.95016238 0.977460378758
2959.97059391 0.990675070821
2959.99102544 0.991272577431
2960.01145697 0.974960407232
2960.05232002 1.012993876
2960.07275155 0.985720010474
2960.09318308 0.982747370183
2960.11361461 1.04466999378
2960.13404624 1.00465240524
2960.15447767 1.00468292882
2960.1749093 1.01899876888
2960.19534083 1.02756359182
2960.21577226 0.987338345106
2960.35879307 1.04895547102
2960.4405191 1.01233746187
2960.46095073 1.01388933705
2960.48138226 1.0135515985
2960.50181379 1.00108798189
2960.54267685 1.0208988569
2960.56310839 1.02133669733
2960.58353992 1.00585000212
2960.60397145 1.01329152212
2960.62440298 1.02789990912
2960.66526604 0.999467456959
2960.70612921 0.981632141949
2960.72656064 0.991533447168
2960.74699227 0.995075868156
2960.8287184 1.01583316655
2960.84914984 0.992071885131
2960.86958147 0.980500224228
2960.890013 1.00132454743
2960.91044444 1.03503441494
2960.93087607 1.0249417232
2960.9513076 1.01537620368
2960.97173914 0.967708231946
2960.99217067 0.974459333921
2961.03303374 1.0135671351
2961.05346527 0.979466298408
2961.11475987 0.97324022647
2961.13519141 1.01645808673
2961.15562294 0.993330080112
2961.17605448 1.04014713078
2961.19648601 0.99230672032
2961.21691765 1.01648659048
2961.29864369 1.0097444284
2961.31907532 0.995784989393
2961.33950686 1.00112819904
2961.35993829 1.02323372945
2961.38036993 0.977797709976
2961.40080146 0.986300037592
2961.4212329 1.00554867779
2961.44166454 1.0009419247
2961.46209607 0.990056474258
2961.48252761 0.970463972115
2961.52339068 0.996799511271
2961.54382232 1.004145121
2961.56425375 1.01034905061
2961.58468529 0.993772572755
2961.62554836 0.985925522625
2961.6459799 0.997553244534
2961.66641154 0.9894200161
2961.68684297 0.991499721452
2961.70727451 0.978759123805
2961.72770615 1.01589570641
2961.76856922 1.00227151672
2961.78900076 1.00806126468
2961.8094322 1.00393998329
2961.82986384 1.00963831608
2961.85029538 1.00502392705
2961.87072681 0.996897264572
2961.89115845 1.01262118938
2961.91158999 1.00358246203
2961.93202143 1.01224850352
2961.95245307 0.978650286257
2961.97288461 0.995440267452
2961.99331605 0.983779563394
2962.01374768 0.970947135555
2962.03417922 0.977028514273
2962.05461086 0.998586990654
2962.0750423 1.00223364894
2962.09547384 1.00240120139
2962.11590548 0.988734291736
2962.13633702 1.00047451819
2962.15676846 0.992697516656
2962.1772001 0.968358384468
2962.29978934 0.991362112654
2962.32022088 1.00789504985
2962.34065242 1.01257600979
2962.36108397 0.993243464636
2962.38151541 0.988260433402
2962.40194705 1.00690536041
2962.42237859 1.02058215598
2962.44281003 1.02130951343
2962.46324167 0.997815236013
2962.50410476 0.991077292168
2962.5245363 1.03959181039
2962.54496784 1.01414323261
2962.56539948 1.00861221691
2962.58583092 1.043260262
2962.60626247 0.997057038073
2962.62669411 0.994269830669
2962.64712565 1.01226285391
2962.66755709 0.987957361152
2962.68798874 1.00260268929
2962.70842028 1.00344993406
2962.74928337 1.00615679606
2962.76971491 0.988521235722
2962.79014645 1.00819720885
2962.83100954 0.981436857883
2962.85144119 0.998155227268
2962.87187263 0.992024241909
2962.89230417 0.9915769224
2962.91273582 0.996467279197
2962.93316726 0.990027114918
2962.95359881 1.01706309077
2962.9944619 0.995753176071
2963.01489344 0.993286972672
2963.03532499 0.992061903158
2963.05575653 1.00411480947
2963.07618818 1.03982682426
2963.09661962 1.00890318283
2963.11705117 1.00529281089
2963.13748281 1.00002901451
2963.15791426 0.992110396548
2963.17834581 0.986562524712
2963.19877745 0.975518009738
2963.23964044 0.999355252339
2963.26007209 0.985129710738
2963.28050364 0.991624493596
2963.30093518 1.01056681465
2963.32136673 0.995710089753
2963.34179828 0.996714688915
2963.36222992 1.05753318934
2963.38266137 1.00069229714
2963.40309292 1.01372611586
2963.42352457 1.01786281006
2963.44395601 1.03161491087
2963.46438756 1.04147022248
2963.48481921 1.00742295201
2963.50525066 0.992183388732
2963.52568221 1.03180219125
2963.54611386 0.998458095704
2963.5665453 1.00149282265
2963.58697695 0.990369158202
2963.7708609 1.00611392415
2963.79129245 0.981038407993
2963.811724 0.989066510582
2963.83215555 0.991191758783
2963.8525871 1.00680283349
2963.87301875 1.02291505012
2963.8934502 0.983055713879
2964.03647116 1.01509016111
2964.05690271 1.0355434465
2964.07733416 1.03045626187
2964.09776581 0.990715764659
2964.11819736 1.01141651854
2964.28164979 1.00607142405
2964.30208134 1.0067325345
2964.34294455 1.02123286607
2964.363376 1.01930839673
2964.46553377 0.996146620584
2964.48596533 1.00524058221
2964.50639698 1.03344869196
2964.52682844 0.990223853478
2964.54726009 0.987291686354
2964.56769165 0.991722648941
2964.58812311 0.97385934193
2964.60855476 0.985669577425
2964.62898632 0.983640013183
2964.64941777 0.980056341242
2964.66984943 1.00103082086
2964.71071254 1.01813228223
2964.7311441 1.00433078162
2964.75157565 1.00157630752
2964.77200721 1.03109210743
2964.79243877 0.990933182799
2964.81287033 0.965109111124
2964.83330198 0.984889426061
2964.85373354 0.974560229956
2964.874165 0.954203036768
2964.89459666 0.97558305276
2964.91502821 0.995182400578
2964.95589133 1.01226810405
2964.97632289 0.994389649045
2964.99675435 0.982934452849
2965.01718601 1.02195479645
2965.03761757 1.01001777367
2965.05804912 0.987417562522
2965.07848068 0.972188914155
2965.09891214 0.987870512321
2965.1193438 1.02439709745
2965.13977536 0.967362556614
2965.2215016 0.997374213429
2965.24193316 0.993780426919
2965.26236472 1.00068412804
2965.28279628 1.01078995413
2965.30322785 1.0062988527
2965.32365941 1.01208868359
2965.34409107 0.975623593276
2965.36452263 1.00757182481
2965.38495409 0.990170505656
2965.46668044 1.00182345852
2965.487112 0.998490464656
2965.50754346 0.968865409401
2965.52797513 1.02469636462
2965.54840669 0.982126536156
2965.56883835 1.00196975789
2965.58926982 0.97723751772
2965.60970138 0.989442759773
2965.63013304 1.01094284471
2965.7118592 1.00472724339
2965.73229076 1.01323817503
2965.75272243 0.975274952379
2965.77315389 1.00145562239
2965.79358546 1.00109645148
2965.81401702 0.979515794646
2965.83444859 1.0069460661
2965.85488025 0.980316305671
2965.87531172 0.99611557856
2965.95703798 0.98711081067
2965.97746965 0.99891502718
2965.99790121 0.990083419131
2966.01833268 0.988411665941
2966.03876435 1.01040794514
2966.05919591 0.982589560514
2966.07962758 0.9897589401
2966.10005905 1.00892715583
2966.12049062 1.00828957068
2966.14092228 0.98498996197
2966.18178532 1.00647853178
2966.20221699 0.997301152481
2966.22264846 0.984288049042
2966.24308002 0.996492539065
2966.26351169 0.99835486324
2966.28394316 0.971163535956
2966.30437483 1.04266585263
2966.3248064 0.999659843594
2966.34523797 0.977423177577
2966.36566954 0.99687863458
2966.38610111 0.984255807448
2966.42696425 1.01428094938
2966.44739582 1.01201788131
2966.46782729 1.00880012147
2966.48825896 1.01840315478
2966.50869053 1.02348999682
2966.5291221 1.00353602121
2966.54955367 1.01129169728
2966.56998524 0.984803218298
2966.59041692 0.96414679031
2966.61084839 0.991654678014
2966.63127996 0.990738923611
2966.6721431 1.01317667425
2966.69257467 1.02844118665
2966.71300635 1.00636231898
2966.73343782 1.01036887439
2966.75386939 1.02648919863
2966.77430107 0.988347001244
2966.79473254 1.01941689269
2966.81516421 0.991967809068
2966.83559579 1.01915800133
2966.85602726 1.0116901923
2966.87645893 0.990739468645
2966.91732208 1.01011914925
2966.93775366 0.99827631978
2966.95818523 0.998105846439
2966.97861681 1.00030321007
2966.99904848 1.0076160026
2967.03991153 1.02698876281
2967.06034321 0.999478112648
2967.08077468 0.985958253408
2967.10120636 0.989495421
2967.12163793 0.98846964675
2967.14206941 1.03914918214
2967.16250109 1.02007798262
2967.18293256 0.992806012833
2967.20336414 1.0066098935
2967.22379582 1.00253726808
2967.2442273 1.00157740318
2967.26465887 0.997230198651
2967.28509055 0.994454513762
2967.30552203 1.01200373039
2967.32595371 0.961431786722
2967.34638528 0.979065409322
2967.4281116 0.979850158874
2967.44854318 1.01691745657
2967.46897476 1.00331558277
2967.48940634 1.00579988556
2967.50983792 0.990614638136
2967.5302695 0.998375551852
2967.55070118 0.975844830133
2967.57113276 1.00406203546
2967.59156424 0.956006050568
2967.67329066 0.99112772849
2967.69372224 0.993686292545
2967.71415372 1.04895577892
2967.7345854 1.02319631215
2967.75501699 0.999728887466
2967.77544847 0.98502160454
2967.79588015 0.977800591754
2967.81631173 0.977623355054
2967.83674331 0.976590957454
2967.91846965 0.995378679247
2967.93890123 1.01073509635
2967.95933281 1.0018828331
2967.9797644 0.99356421712
2968.00019598 0.986596348734
2968.02062757 0.994420475749
2968.08192242 0.975192040881
2968.10235391 1.01479391503
2968.14321718 0.999053889563
2968.20451193 1.03746717324
2968.22494342 1.00607317982
2968.24537511 0.971997769117
2968.26580669 0.998428881119
2968.28623838 0.973589231664
2968.30666987 1.025929961
2968.32710146 1.01090252468
2968.34753314 0.993988564587
2968.38839622 1.00639129544
2968.40882791 0.997316963489
2968.4292594 0.991614051641
2968.44969098 1.02819287757
2968.47012267 1.0116964071
2968.49055416 0.997117296131
2968.53141734 1.02211005352
2968.55184893 0.993961089294
2968.57228062 1.01343708917
2968.59271221 0.984848311013
2968.6131437 0.996122373654
2968.63357539 1.01719339836
2968.65400698 1.00257303089
2968.67443847 1.00390403411
2968.71530175 1.00600166435
2968.73573324 0.994080620628
2968.75616494 0.994037456402
2968.77659653 1.00384093354
2968.79702822 1.01749171396
2968.81745971 0.992295136246
2968.91961777 1.00144167516
2968.94004927 0.979696656995
2968.96048086 1.01033710772
2968.98091256 1.0123569603
2969.00134405 1.04401999643
2969.02177574 0.989275258037
2969.1852285 1.00678812194
2969.2056601 1.00767544973
2969.2260917 0.991678218991
2969.24652339 1.02300210823
2969.26695489 1.00092296719
2969.28738649 1.00066196926
2969.30781818 0.988343750604
2969.32824968 1.01352279197
2969.34868128 0.979506102281
2969.36911298 0.993368592915
2969.38954447 1.01132346081
2969.40997607 0.988220286622
2969.43040777 1.02143840145
2969.45083927 1.0077011883
2969.47127087 0.994017797245
2969.49170257 0.983079791107
2969.51213407 1.03587444693
2969.53256577 0.974174363349
2969.55299737 0.944609987376
2969.63472377 0.992129935309
2969.65515537 1.00473549777
2969.67558697 0.995848136761
2969.69601857 0.997940843352
2969.71645027 0.974938652266
2969.73688177 0.985330581783
2969.75731347 0.98231439351
2969.9207662 1.01756931036
2969.9411979 0.992713679278
2969.9616294 1.0005013831
2969.98206111 1.00280828906
2970.00249271 1.00289893126
2970.02292422 1.01809290163
2970.04335592 0.989173872768
2970.06378753 1.00275427367
2970.10465074 1.00763138281
2970.12508234 0.983881969545
2970.14551395 1.03702944806
2970.16594556 0.995039812162
2970.18637716 1.01342348926
2970.20680887 1.01291402857
2970.22724048 1.02941605321
2970.24767198 0.997423901336
2970.26810369 0.999886665237
2970.2885353 1.00457952028
2970.30896681 1.01882341602
2970.32939851 1.02542703834
2970.34983012 0.982833663559
2970.41112495 0.966440101797
2970.43155666 0.975481156684
2970.45198817 1.00099496782
2970.47241978 1.05059881836
2970.49285139 1.01713745228
2970.513283 0.995330368772
2970.53371461 0.987545324803
2970.65630427 0.981483358872
2970.67673588 1.03248793588
2970.6971675 0.986335813912
2970.71759921 0.986575029369
2970.73803072 0.971423022769
2970.75846233 0.968165226271
2970.77889405 1.00698804677
2970.79932566 0.996058234617
2970.84018889 1.00067791055
2970.8606205 0.992006897154
2970.88105201 0.998757160964
2970.90148373 1.05731361558
2970.92191534 0.996352563096
2970.94234706 1.01902613742
2970.96277857 1.02675407558
2970.98321019 1.00638266427
2971.0036419 0.986177973402
2971.02407342 1.00421134053
2971.04450504 0.995253079333
2971.06493675 0.99555259617
2971.08536827 0.972195367547
2971.10579988 0.987720316357
2971.1262316 1.00994190351
2971.14666312 1.03558697861
2971.16709484 0.995383433856
2971.18752645 0.982349266744
2971.20795797 1.00913214108
2971.22838969 1.04032943656
2971.24882131 1.00035063827
2971.26925293 0.996302968887
2971.28968455 0.94136164943
2971.33054768 1.01999257479
2971.3509794 1.00768401797
2971.37141102 1.00833814978
2971.39184264 0.981421290771
2971.41227426 0.9888593943
2971.43270588 1.00179486906
2971.4531376 1.00802373086
2971.47356913 0.99959119486
2971.49400075 0.968608887508
2971.51443247 0.989835140548
2971.59615886 1.00062904913
2971.61659058 1.01048786549
2971.6370222 1.02131321399
2971.65745372 0.993983607953
2971.67788545 0.996285235495
2971.69831707 1.02692022471
2971.71874859 0.997982412818
2971.73918032 1.00198404542
2971.86177007 1.00295530975
2971.88220169 1.02643417666
2971.90263332 0.989654412641
2971.92306505 1.02566771956
2971.94349657 0.988979681197
2971.9639283 1.03251288411
2971.98435983 0.974840268341
2972.00479145 1.03163850218
2972.10694959 1.04199103354
2972.12738132 1.02205061086
2972.14781295 0.996927004899
2972.16824448 0.981291856514
2972.18867621 1.00365488582
2972.20910784 1.04465761643
2972.22953937 1.02510695389
2972.2499711 1.02892754511
2972.27040273 0.975106231218
2972.29083446 1.01200954781
2972.31126599 0.991065514867
2972.33169762 1.03344346063
2972.41342425 1.01228391372
2972.43385588 1.002071658
2972.45428741 0.966046208505
2972.47471915 0.982631046071
2972.49515078 1.0028414319
2972.57687742 1.03872991141
2972.59730895 0.99527152571
2972.61774058 1.00716401187
2972.63817222 1.00135130595
2972.65860385 0.999945870832
2972.67903539 0.99635735936
2972.69946713 0.988471937004
2972.71989876 1.01574090133
2972.7403305 1.00189546989
2972.76076203 0.986840130881
2972.80162541 0.978489037923
2972.82205695 0.996935254545
2972.84248858 0.998786564706
2972.86292032 1.03357922378
2972.88335186 0.992421015736
2972.9037835 0.992913806315
2972.92421524 0.981682853164
2972.94464687 0.975453032339
2972.96507851 0.997404329069
2972.98551015 0.980933083763
2973.06723671 1.00586417133
2973.08766845 1.00192978725
2973.10809999 1.05006067017
2973.12853163 1.00665452981
2973.14896338 1.00434050801
2973.16939492 1.01137425937
2973.18982666 1.01558212348
2973.2102583 1.00676440775
2973.23068984 1.01163794496
2973.25112159 0.995323343895
2973.27155323 1.0159156729
2973.29198477 1.00917504717
2973.31241652 0.996671773154
2973.33284806 0.989651527888
2973.3532797 0.981470698235
2973.37371145 1.00390541608
2973.39414299 0.991349002946
2973.41457474 0.985621229328
2973.43500638 0.991724793995
2973.45543793 1.00754916414
2973.47586967 1.00065690564
2973.55759626 1.01153779051
2973.5780279 0.949191066621
2973.59845955 0.990376580576
2973.6188912 1.00465680203
2973.63932295 0.996068116673
2973.65975459 0.992266958009
2973.68018614 0.981516701568
2973.70061789 1.01083590023
2973.72104954 0.999360407503
2973.74148109 1.01064691028
2973.76191284 0.993491190669
2973.78234449 1.00528315989
2973.80277604 0.976903131169
2973.82320779 1.01389089258
2973.84363944 0.996848266143
2973.86407119 0.966630748577
2973.88450274 0.96534153112
2973.90493439 0.969979774241
2973.92536604 0.976195954497
2974.08881936 0.996534491627
2974.10925092 1.02657854012
2974.12968257 1.01644731129
2974.15011433 0.99521956212
2974.17054598 1.00571714018
2974.19097753 1.01264252569
2974.21140929 0.976330818307
2974.29313591 1.00983249818
2974.31356767 1.01155670605
2974.33399923 1.02193785081
2974.35443088 1.00894766893
2974.37486264 0.98918995528
2974.3952942 1.00488840761
2974.41572586 0.990511388199
2974.43615762 1.01646825649
2974.45658917 1.00454011151
2974.47702083 1.0117263563
2974.49745259 1.02842337134
2974.51788415 0.992681277354
2974.53831591 0.990816553738
2974.55874757 1.003073196
2974.57917923 1.00386913154
2974.59961089 1.03105038195
2974.62004255 0.997566239757
2974.64047421 0.975455718486
2974.66090587 0.996031345875
2974.68133754 1.01510012862
2974.7017691 1.00303630468
2974.72220086 0.946669791304
2974.76306418 1.00190812162
2974.78349585 1.01354781858
2974.80392751 1.00910795161
2974.82435927 1.01626962969
2974.84479084 0.963408157858
2974.8652225 1.0195598016
2974.88565427 0.988728827575
2974.90608583 1.00966468267
2974.9265175 1.02671414003
2974.94694926 0.979263399693
2975.02867582 1.03660972954
2975.04910759 1.0110462463
2975.06953926 1.00529333144
2975.08997083 0.985495207334
2975.11040259 1.0509150514
2975.13083426 1.00166218928
2975.15126593 0.999859257418
2975.1716976 1.01586245296
2975.19212927 0.983186580995
2975.21256103 1.00026748419
2975.25342427 1.00648493429
2975.27385604 0.970113677255
2975.29428761 0.972893086428
2975.31471928 0.984016985322
2975.33515105 0.967467454445
2975.35558272 0.980915243611
2975.3760143 0.988898821349
2975.39644607 0.969002670913
2975.55989945 0.996157514827
2975.58033112 1.00305124697
2975.6007627 1.01426067744
2975.62119447 0.977423901866
2975.64162615 1.00332439917
2975.66205792 1.01081385082
2975.6824895 0.966633614679
2975.70292117 1.00923517787
2975.72335295 1.00459999004
2975.74378453 1.01277532824
2975.7642162 0.974111533324
2975.78464798 0.982300304167
2975.80507966 0.958347749014
2975.82551123 0.974503003498
2975.84594301 0.958167250556
2976.05025981 0.964081721831
2976.07069149 1.0033322214
2976.09112317 0.978077839929
2976.11155495 0.985108706731
2976.13198653 0.990956462503
2976.15241822 0.968880905062
2976.17285 0.955763006747
2976.25457663 0.991840662799
2976.27500832 0.980872453651
2976.2954401 1.01174460367
2976.31587168 0.997841391101
2976.33630347 0.987415476198
2976.35673516 1.02054274062
2976.37716684 0.984856968059
2976.39759853 1.01107085381
2976.41803021 1.02283360001
2976.4384619 1.01505560083
2976.47932527 1.01549451019
2976.49975696 0.992436062855
2976.52018875 1.02577577968
2976.54062034 0.997818352206
2976.56105212 1.01597336667
2976.58148381 1.01346654131
2976.6019154 1.00694036081
2976.62234719 1.03023669073
2976.64277888 1.01466204644
2976.66321047 0.995301978114
2976.68364226 1.01187606917
2976.74493733 1.02042263897
2976.76536892 1.05530721408
2976.78580072 1.0418510963
2976.80623241 0.986323106871
2976.8266641 0.990896235643
2976.84709579 1.02506954839
2976.86752748 1.00476469371
2976.88795918 0.995930185228
2976.90839087 0.976179558724
2976.92882257 0.99165576286
2976.96968605 1.01745546964
2976.99011765 1.00107432517
2977.01054944 1.00703011621
2977.03098114 0.991471324315
2977.05141273 0.989938891675
2977.07184453 1.01382694229
2977.09227623 1.02411352442
2977.11270782 0.992974970145
2977.13313962 0.995110422551
2977.15357132 0.992975147462
2977.17400291 1.00020629363
2977.21486641 0.980435898681
2977.23529821 1.01062502739
2977.25572981 1.00306277589
2977.27616151 0.970614761248
2977.29659331 0.989239628243
2977.31702491 0.983018732841
2977.33745661 0.98449149257
2977.35788831 0.968904314874
2977.52134202 1.00306003082
2977.54177372 1.01758172415
2977.56220533 1.02401585518
2977.58263713 1.01596260459
2977.60306883 1.02880677672
2977.62350044 1.00537142244
2977.64393224 1.00914094218
2977.66436395 0.971286396755
2977.70522736 0.989766575128
2977.72565906 1.02131540761
2977.74609087 0.97351253477
2977.76652248 0.991622409171
2977.78695418 1.02538965086
2977.80738599 0.978466357346
2977.8278176 0.970889951042
2977.84824931 1.00418991773
2977.86868111 0.97042695782
2978.01170308 1.01715508137
2978.03213479 0.997564463283
2978.0525665 1.00021688886
2978.11386164 0.985902601538
2978.13429335 1.00843745066
2978.15472506 1.01949824071
2978.17515677 1.00363595203
2978.19558859 0.994217746228
2978.2160202 1.00256759092
2978.23645191 1.00831400397
2978.25688373 0.973857471963
2978.27731534 0.956090192017
2978.29774706 1.00293544358
2978.31817887 1.0119676761
2978.33861049 0.999182768586
2978.35904231 0.980989100643
2978.37947402 1.00862916689
2978.39990564 0.982956948672
2978.44076917 1.00765654622
2978.46120079 1.01533835262
2978.48163261 0.969583491928
2978.50206433 1.02527019955
2978.52249604 0.974667297314
2978.54292776 1.01879106332
2978.56335948 0.98925708991
2978.5837913 0.997982989835
2978.60422292 0.988464263431
2978.62465464 0.995383702571
2978.64508646 1.00110160487
2978.6859498 1.01722702725
2978.70638162 1.02887383261
2978.72681325 0.984307601747
2978.74724497 1.00985027522
2978.76767679 1.00275300866
2978.78810841 1.01134567151
2978.80854024 0.977046959036
2978.82897196 0.983503836775
2978.84940358 0.99996525371
2978.97199393 1.03264197638
2978.99242576 1.02951961344
2979.01285748 1.02248577952
2979.03328931 1.0191749689
2979.05372094 1.02048774011
2979.09458449 1.00935909169
2979.11501612 1.001284802
2979.13544785 0.990133882206
2979.17631141 1.00576501963
2979.19674304 0.996634838882
2979.21717487 1.01297569396
2979.2376066 1.01123039704
2979.25803833 1.00373708002
2979.27847006 1.00696889386
2979.29890179 0.977274827337
2979.31933362 1.01497332602
2979.33976525 0.970431602433
2979.36019698 0.992421452779
2979.38062872 0.965817537705
2979.42149218 1.00572990015
2979.44192401 0.999320793032
2979.46235565 1.00208897862
2979.48278748 0.99454362711
2979.50321912 1.00252898354
2979.52365085 0.974980348803
2979.54408269 0.98979972518
2979.56451432 0.987434145722
2979.58494606 0.964845198632
2979.60537789 0.96756987996
2979.62580953 0.966291497517
2979.6666731 1.0161439065
2979.68710484 0.993648326752
2979.70753658 0.959884891173
2979.72796832 0.9755972294
2979.74840006 0.988134015854
2979.76883179 0.985601267996
2979.78926353 0.980099300901
2979.80969527 0.982366137634
2979.83012711 0.935042094505
2979.9731492 1.01319642157
2979.99358104 1.01265056328
2980.01401279 0.989410699547
2980.03444443 1.00572430323
2980.05487627 1.00775488832
2980.07530802 0.985113513021
2980.09573966 1.00153781173
2980.11617151 1.00648539542
2980.13660315 0.968507681542
2980.157035 1.03234824904
2980.17746674 0.985032895281
2980.19789839 1.01819680143
2980.21833023 0.988321567337
2980.23876198 1.02003051496
2980.25919373 1.0141041409
2980.27962548 0.99407665574
2980.30005722 0.989554764593
2980.32048897 0.975268956017
2980.34092072 0.99671444701
2980.42264772 1.03401021561
2980.44307957 1.00416525224
2980.46351132 1.01201876897
2980.50437482 0.998607439946
2980.52480657 0.983287585412
2980.54523822 1.03325385284
2980.56567007 1.00973686645
2980.66782894 1.03413593795
2980.6882606 1.01380377309
2980.70869235 1.01585168108
2980.72912421 1.02284626649
2980.74955586 1.02700832967
2980.76998762 1.00299558629
2980.81085113 1.02180334788
2980.83128299 1.00465045782
2980.85171464 1.01945730593
2980.89257826 1.05224273211
2980.91301002 1.01428822181
2980.93344168 1.00555871341
2980.95387353 0.995604959194
2980.97430529 1.00333232329
2980.99473695 1.05370426595
2981.01516881 1.01250475742
2981.03560057 1.0141256927
2981.05603243 1.01011053563
2981.0764641 1.00650816748
2981.09689586 0.995901089765
2981.13775938 0.999476620219
2981.15819114 1.00683274739
2981.17862301 1.00045858446
2981.19905467 1.00047670621
2981.21948643 1.01136630407
2981.2399183 0.97108291885
2981.26034996 0.993980764532
2981.28078183 0.986696951975
2981.30121359 0.996766738184
2981.32164536 0.997744745797
2981.34207712 0.983233751473
2981.38294065 0.995717195691
2981.40337242 0.996538719521
2981.42380419 0.999839669586
2981.44423596 0.978919066048
2981.46466772 0.980458475257
2981.48509949 0.99314059427
2981.5463948 0.94660893512
2981.66898542 1.02448284776
2981.68941729 0.994430646369
2981.70984897 1.00484207755
2981.73028084 0.988516310613
2981.75071261 1.0084284495
2981.77114429 1.00133011697
2981.79157616 1.00323429297
2981.81200793 0.984012504282
2981.83243961 0.979214785153
2981.87330326 1.00374854139
2981.89373503 0.989450692161
2981.91416681 1.01654796149
2981.93459859 1.03283412848
2981.95503046 1.01170346556
2981.97546214 1.00774300014
2981.99589392 1.0016652705
2982.01632579 0.976333919158
2982.03675757 0.987872966197
2982.05718925 0.983299985189
2982.07762113 0.986059883066
2982.11848459 0.988357298756
2982.13891647 1.0213724422
2982.15934815 0.965745285663
2982.17978003 0.990160580518
2982.20021181 1.01675712585
2982.22064349 0.96891175212
2982.24107537 0.969333334378
2982.30237072 1.03388079126
2982.38409786 1.01726380422
2982.40452974 1.0075612454
2982.42496143 1.00488597355
2982.44539321 1.00844364239
2982.4658251 0.988016555253
2982.48625678 1.02409768907
2982.50668857 0.998337165019
2982.52712046 1.00138749475
2982.54755224 1.00457848908
2982.56798393 1.00312249861
2982.58841582 0.947058554919
2982.60884761 0.981237153154
2982.6292794 0.981018369893
2982.64971119 1.00886579667
2982.67014298 1.00474628688
2982.69057487 0.981512813093
2982.71100656 0.9825743874
2982.73143835 0.963192590413
2982.75187024 0.965074151308
2982.77230193 0.963286853718
2982.93575627 1.00290753667
2982.95618807 1.00588553566
2982.97661996 0.990628229927
2982.99705166 1.00703531169
2983.01748346 0.990006851352
2983.03791535 0.989121641413
2983.05834705 1.00309693
2983.09921074 0.988775030402
2983.11964254 0.989887183431
2983.14007434 1.00224941653
2983.16050614 1.00358985258
2983.18093794 0.972785114738
2983.20136984 0.986823683546
2983.22180154 1.046561046
2983.24223334 0.964395847985
2983.26266524 0.987774473097
2983.38525605 0.776015977628
2983.40568775 0.799413492404
2983.42611966 0.998667638027
2983.44655146 0.804263586545
2983.46698316 0.686146958104
2983.48741507 0.774051957269
2983.71216505 0.967482775934
2983.73259676 0.996253919471
2983.75302867 0.984297464244
2983.77346048 1.02660434398
2983.79389219 0.968484492434
2983.87561953 1.05742745163
2983.89605134 1.04358043711
2983.91648326 1.03292998915
2983.93691497 1.04569322133
2983.9777787 1.0548532326
