# #0 time, 1 flux
2384.50414624 1.00018409212
2384.52457841 1.00125144448
2384.54501067 0.988475477515
2384.56544304 1.00125391478
2384.5858752 0.990683257418
2384.60630747 1.00174763889
2384.62673983 1.00735231244
2384.647172 1.00202173692
2384.66760436 0.996985651301
2384.68803662 0.981374843998
2384.70846878 0.988877561023
2384.72890114 0.996671345262
2384.7493334 0.989041159549
2384.76976557 0.994832994998
2384.79019793 0.980147167642
2384.81063019 0.989816204276
2384.83106234 1.01077658707
2384.8514947 0.996612941729
2384.87192696 0.997328905942
2384.91279148 0.997784040683
2384.93322373 0.995711814132
2384.95365609 1.02047382716
2384.97408825 0.996585607416
2384.9945205 1.0082425619
2385.01495286 1.00646149383
2385.03538511 0.996741158495
2385.05581726 1.00369723664
2385.07624962 0.983367987244
2385.09668187 1.01665363733
2385.11711412 1.00927338041
2385.13754638 1.00971227523
2385.15797863 0.997703141443
2385.17841088 1.01374923418
2385.19884313 1.01545499468
2385.21927538 0.989288994847
2385.23970763 1.00814914504
2385.26013988 1.01006656613
2385.28057213 1.00333478742
2385.30100438 1.00040796871
2385.32143663 0.999474580119
2385.34186897 0.992714293557
2385.36230112 1.0024837732
2385.38273337 1.01699357432
2385.40316571 0.994912944226
2385.42359786 0.986157451336
2385.4440301 1.00919247326
2385.46446245 1.00577392627
2385.48489459 1.02236185296
2385.50532684 1.01545589654
2385.52575918 1.00133275727
2385.54619132 0.999678242511
2385.56662367 0.995501112787
2385.58705591 1.0010200183
2385.60748815 0.996752275148
2385.62792039 0.990422083792
2385.64835263 1.00462689444
2385.66878487 0.999918226241
2385.68921711 0.987900755187
2385.70964935 0.99245443431
2385.73008159 0.996218922926
2385.75051393 1.00474513126
2385.77094607 1.014649112
2385.7913784 0.986280210142
2385.81181064 0.984812916946
2385.83224278 1.01846994425
2385.85267511 1.01217113842
2385.87310735 1.01849523008
2385.89353949 0.994296096903
2385.91397182 1.00016336785
2385.93440405 1.01191885002
2385.95483619 1.00388909921
2385.97526852 0.995938575852
2385.99570065 0.99220771617
2386.01613289 0.985924760616
2386.03656522 0.968366231966
2386.20002306 1.00980775718
2386.22045529 1.00148489119
2386.24088751 1.00082595235
2386.26131984 0.998288606965
2386.28175197 0.990332130959
2386.30218419 0.994819153369
2386.32261652 0.992959144705
2386.34304864 1.00357307805
2386.38391319 1.00344891225
2386.40434532 1.00329346224
2386.44520986 0.986234974234
2386.46564199 0.992404886721
2386.48607431 0.997253447292
2386.50650653 0.97986793296
2386.52693865 0.988527195311
2386.54737097 1.00118550544
2386.56780319 0.998822471737
2386.58823541 1.00539646432
2386.60866763 1.00322498951
2386.62909985 0.999868853141
2386.64953217 1.00914110878
2386.66996429 1.00468073564
2386.6903965 0.989295564126
2386.71082872 0.996430994964
2386.73126094 1.00934977968
2386.75169315 1.00707258494
2386.77212537 1.01496328308
2386.79255758 0.998514024714
2386.8129898 1.00429525006
2386.83342211 1.00894421372
2386.85385423 1.00024857858
2386.87428644 0.994848797602
2386.89471875 0.99250738836
2386.91515087 1.00973720178
2386.95601539 1.02051160525
2386.9764475 0.994230716736
2386.99687981 1.00847968088
2387.01731202 0.999947506174
2387.03774413 0.993204693686
2387.05817644 1.02308275614
2387.07860865 1.00057939322
2387.09904086 1.0034639311
2387.11947307 0.996357369507
2387.13990528 0.988319686999
2387.16033748 1.00532199615
2387.18076969 1.00017912516
2387.2012019 1.01897723043
2387.2216341 0.983658211661
2387.24206641 1.00777472663
2387.26249851 1.01690178147
2387.28293072 0.998226874909
2387.30336302 1.00355624659
2387.32379512 1.0002664473
2387.34422743 1.01879510732
2387.36465963 0.992333975179
2387.38509173 0.998819653185
2387.40552403 0.995277647362
2387.42595614 1.00703157472
2387.44638834 0.996296192573
2387.46682064 0.983654680404
2387.48725274 0.999923986673
2387.50768494 0.992479858215
2387.52811724 1.00795139897
2387.54854933 0.990231739695
2387.56898153 1.00734175461
2387.60984593 1.01513435883
2387.63027813 1.01349536976
2387.65071042 1.0022131611
2387.67114262 1.00082052845
2387.69157481 0.986926397965
2387.71200701 0.984484375624
2387.7324392 0.987198834406
2387.7528715 1.00085630833
2387.79373578 0.989440915006
2387.81416808 0.998213540346
2387.83460017 1.00305804818
2387.85503236 0.998689668472
2387.87546465 0.995383867736
2387.89589674 1.00615914105
2387.91632894 1.00437187065
2387.93676123 1.0136757458
2387.95719332 1.01771111447
2387.9776255 1.01208236535
2387.99805779 1.00945125278
2388.01848988 1.02360234634
2388.03892217 1.02186737515
2388.07978655 0.998712964117
2388.10021873 1.01002144357
2388.12065092 1.01760280745
2388.1410831 1.00311301569
2388.16151529 1.00028683874
2388.18194747 1.00517545495
2388.20237956 0.994035132387
2388.22281184 0.973868169601
2388.24324403 0.982853585742
2388.26367611 0.984746497146
2388.28410839 0.980697757697
2388.30454058 0.989741546648
2388.36583712 0.984040452039
2388.3862694 0.983336371733
2388.40670148 0.984385765243
2388.42713366 0.993169922939
2388.44756594 0.993318074917
2388.46799802 0.986975840346
2388.4884302 0.9807462982
2388.50886247 1.00259016138
2388.52929455 0.982627919113
2388.54972673 1.00042333197
2388.57015901 0.995910572047
2388.59059118 1.00481248628
2388.61102326 0.993071513886
2388.63145553 0.997340420392
2388.65188771 0.990218474177
2388.67231978 1.0075409662
2388.69275206 1.00645832102
2388.71318423 1.00445604265
2388.7336163 1.00853962529
2388.77448075 1.02149598417
2388.79491302 1.0030023777
2388.81534509 1.01453062677
2388.83577726 1.0134613623
2388.85620953 1.00027952459
2388.8766416 1.0070197479
2388.89707377 1.00265463845
2388.91750594 0.9941006585
2388.93793811 0.997877220141
2388.95837028 0.997680254316
2388.97880245 0.986814877193
2388.99923462 0.983859812054
2389.01966678 0.99336879801
2389.04009895 0.996419949823
2389.06053112 1.00086819947
2389.08096328 1.01125396988
2389.10139555 1.00899852227
2389.12182761 0.994613570944
2389.14225988 0.983793924383
2389.16269204 1.00020278878
2389.1831241 0.999361317122
2389.20355637 1.00368801415
2389.22398853 1.00558688133
2389.24442059 1.002539105
2389.26485285 0.995541883533
2389.28528502 1.01965194512
2389.30571708 0.996998110455
2389.32614934 1.00502883795
2389.3465815 0.984121447361
2389.36701356 1.00081578363
2389.38744582 0.990814889582
2389.40787798 0.996919336968
2389.42831013 0.991140855912
2389.44874229 1.00573984226
2389.46917445 1.00039468407
2389.48960661 1.0122443003
2389.51003876 0.996943336616
2389.53047092 0.997650346988
2389.55090318 1.00061819182
2389.57133533 0.991318241118
2389.59176739 1.00374452227
2389.61219964 0.999957355159
2389.6326317 1.0005343331
2389.65306385 1.00350137658
2389.69392816 1.00745506906
2389.71436031 1.00555186649
2389.73479256 1.00058528527
2389.75522461 0.998387670939
2389.77565676 0.989324213903
2389.79608901 1.01900062199
2389.81652106 1.00723563309
2389.83695321 0.998795882384
2389.85738546 0.99888963373
2389.87781751 1.01611058883
2389.89824976 0.99456946055
2389.91868191 0.995061696153
2389.93911406 1.00923985606
2389.9595462 0.996107801523
2389.97997835 1.00126794474
2390.0004105 0.999295264524
2390.02084264 0.986726991098
2390.04127479 0.991765218939
2390.06170693 0.997819940693
2390.08213908 0.9995518493
2390.10257122 1.01182830444
2390.12300337 0.987737271746
2390.14343561 1.01879811813
2390.16386765 0.991105535771
2390.1842998 0.97399901154
2390.20473204 1.01462152511
2390.22516408 1.00511256932
2390.24559622 0.983334647126
2390.26602846 1.00301963594
2390.30689274 0.995058935008
2390.32732488 0.986341838151
2390.34775692 0.996189609693
2390.36818916 1.0007593128
2390.3886213 1.00806359619
2390.40905334 1.00320738681
2390.42948558 1.0032335418
2390.44991761 0.996494308707
2390.47034975 0.996665999924
2390.53164616 0.977058584547
2390.55207839 1.0024789138
2390.57251053 0.999125764153
2390.59294256 0.996564646715
2390.61337479 0.993671638141
2390.63380693 0.982316614071
2390.65423896 1.0074480743
2390.67467119 1.00097130665
2390.69510333 0.993911298572
2390.71553556 0.996436116665
2390.73596759 1.01629658909
2390.75639972 0.988960259806
2390.77683195 1.00123210516
2390.79726398 0.998867382136
2390.81769611 0.998318236333
2390.83812834 1.0132299426
2390.85856037 1.00341919855
2390.8789925 1.01121574868
2390.89942472 0.983481278872
2390.91985675 0.995979631442
2390.94028888 0.996105168903
2390.9607211 1.00191773554
2390.98115323 1.02049096835
2391.00158526 0.995274720839
2391.02201748 0.990739695098
2391.04244961 0.993971793553
2391.06288173 1.00891549485
2391.08331386 1.00019005941
2391.10374598 1.00730765985
2391.1241781 1.00034572879
2391.14461023 0.998536304373
2391.16504225 1.00296550636
2391.18547447 1.00757127002
2391.20590659 0.994740478538
2391.22633861 0.992857922476
2391.24677083 1.01904360913
2391.26720295 1.00195155508
2391.28763497 0.994899885229
2391.30806719 1.00059229295
2391.32849931 0.995763530594
2391.34893143 1.00034739072
2391.36936355 0.994731093963
2391.38979567 1.00076248714
2391.41022779 1.00028063972
2391.4306599 0.9886669831
2391.45109202 0.993765775012
2391.47152424 0.997735808026
2391.49195635 1.00454249822
2391.51238837 0.996031804784
2391.53282058 1.01234314225
2391.5532527 1.0090837637
2391.57368471 0.998826591374
2391.59411692 1.00884159776
2391.61454904 0.99811615101
2391.63498105 0.997816025225
2391.65541326 0.986725435452
2391.67584538 1.00620470259
2391.69627739 0.994301293742
2391.7167096 0.993697908246
2391.73714171 0.987198275596
2391.75757372 1.00156607201
2391.77800593 1.00472044776
2391.79843804 0.978686650807
2391.81887025 1.01659101068
2391.83930226 1.01996677798
2391.85973437 0.993380240951
2391.88016647 0.993465526728
2391.90059858 1.0104804021
2391.92103069 0.989087579994
2391.9414628 1.01443326542
2391.9618949 1.00312023547
2391.98232701 0.999409038508
2392.00275921 1.00940390765
2392.02319122 0.999657008725
2392.04362332 1.00456408425
2392.06405553 0.994179151214
2392.12535184 1.00123071052
2392.14578384 1.00918518596
2392.16621594 1.00595211998
2392.18664814 0.986007322616
2392.20708015 1.01200344572
2392.22751235 0.993447458341
2392.26837645 1.00889693365
2392.28880865 1.01656390052
2392.30924075 0.990724069938
2392.32967285 0.993545198365
2392.35010494 0.9932289671
2392.37053704 1.00703244053
2392.39096914 1.00941949436
2392.41140124 1.00558180151
2392.43183333 0.996516919948
2392.45226543 0.98791694061
2392.47269763 1.00331659407
2392.49312962 1.00381130168
2392.51356172 0.996919581355
2392.53399391 0.99870953851
2392.55442591 1.00046914478
2392.5748581 0.99904423198
2392.5952902 0.984925244968
2392.61572219 1.01081285403
2392.63615438 0.992760034907
2392.65658637 1.00993768299
2392.67701847 0.98889002334
2392.69745066 1.00372260324
2392.71788265 1.00597171718
2392.73831474 1.00864412757
2392.75874693 0.997061105739
2392.77917892 0.99402885023
2392.79961101 1.00807191515
2392.8200432 0.998144813664
2392.84047529 1.00542528419
2392.86090728 0.983964384655
2392.88133947 0.987277346861
2392.90177155 0.994966070619
2392.92220354 0.996054960043
2392.94263573 1.008619343
2392.96306781 1.0134349311
2392.9835 0.98072820755
2393.00393199 1.00160718661
2393.02436407 0.984206725858
2393.04479626 0.999826884464
2393.18782074 0.991054319018
2393.20825282 1.00236497983
2393.24911698 1.00367898651
2393.26954906 1.0050417773
2393.28998124 0.979287742211
2393.31041332 1.00941564121
2393.3308454 1.00241932712
2393.35127748 0.989016368447
2393.37170946 0.999698733024
2393.39214164 1.01038085861
2393.41257371 0.989661834342
2393.43300569 0.992466899783
2393.5147341 0.999826514759
2393.53516617 1.01058795652
2393.55559815 0.999159890689
2393.57603032 1.01707592352
2393.59646239 1.00399014609
2393.61689437 1.00581970929
2393.63732654 0.99283492488
2393.65775861 0.986768726051
2393.67819069 0.997171132844
2393.69862276 0.989855218094
2393.71905483 1.01310922369
2393.739487 0.981836533044
2393.75991897 0.9924385718
2393.78035104 0.999436567045
2393.80078321 1.00856892219
2393.82121528 1.00424471377
2393.84164725 0.99091853941
2393.86207942 1.00918616169
2393.88251149 0.992006291996
2393.90294346 0.991098756476
2393.92337563 1.01184278832
2393.94380769 0.98978173949
2394.02553586 1.01027537218
2394.04596802 1.00506590965
2394.06640009 1.01267308633
2394.08683205 0.996297370114
2394.10726422 1.00111619802
2394.12769618 1.0162936847
2394.14812835 1.01107150691
2394.16856041 0.995618625991
2394.25028866 0.997658476332
2394.27072072 0.992181386533
2394.29115278 1.01815323654
2394.31158484 0.998099811239
2394.332017 1.01894852717
2394.35244896 0.992611811542
2394.37288102 0.996021118569
2394.39331318 0.994233444144
2394.41374513 0.998234380005
2394.43417719 0.977832609747
2394.45460935 0.992822246494
2394.47504131 0.996088038583
2394.49547346 0.991436399727
2394.51590552 0.99200497414
2394.53633747 0.998039278009
2394.55676963 1.02152165594
2394.57720169 1.01003390738
2394.59763364 1.01590587586
2394.6180658 1.0110974385
2394.63849785 0.999426825712
2394.6589299 1.00158092411
2394.67936196 0.99915356733
2394.69979401 0.995004147498
2394.72022606 0.991387207803
2394.74065811 0.994095377102
2394.76109016 1.00098902985
2394.78152222 0.998766718899
2394.80195437 1.00375730588
2394.82238632 1.00900024773
2394.84281837 0.999871889428
2394.86325042 0.972155778756
2394.88368247 0.998115078867
2394.90411462 0.996536590683
2394.92454656 0.98765681247
2394.94497861 1.00071667938
2394.98584271 0.995992621146
2395.00627476 1.00275638528
2395.0267069 1.02030053178
2395.04713885 1.00677832853
2395.06757089 1.00022552348
2395.08800304 1.00057782446
2395.10843498 0.998739669179
2395.12886703 0.999667357303
2395.14929917 1.00555471105
2395.23102735 1.01109543083
2395.25145939 0.995803448807
2395.27189143 0.992104184316
2395.29232347 1.01812639505
2395.31275561 1.00889294657
2395.33318756 0.992819100218
2395.3536196 1.01688846382
2395.37405174 1.00412228664
2395.39448368 0.99687723921
2395.41491572 0.996771131556
2395.43534785 1.00070334572
2395.45577979 1.01036673855
2395.47621183 1.0003860588
2395.49664397 1.00126410935
2395.51707591 1.0062529932
2395.53750794 0.990817976919
2395.55794008 0.996669094893
2395.57837202 1.01425692347
2395.59880415 1.0032207784
2395.61923609 0.996446967947
2395.63966812 0.991903265396
2395.66010026 0.995401620041
2395.68053219 0.994541663211
2395.70096423 1.00046790048
2395.72139636 1.00309638179
2395.74182839 0.986578745708
2395.76226033 1.01703853905
2395.78269246 0.987372230976
2395.80312449 1.01177759641
2395.82355642 0.990439252274
2395.84398855 0.995622387733
2395.86442059 1.00137310339
2395.88485252 1.00877813282
2395.90528465 0.995831713239
2395.92571668 1.0127465868
2396.00744489 0.979608258012
2396.02787682 0.995635755746
2396.04830885 1.00852617078
2396.06874097 0.995874656206
2396.0891729 0.994165672358
2396.10960493 1.01147886563
2396.13003705 0.994708944121
2396.15046908 0.988506323471
2396.19133313 1.02336162034
2396.21176515 0.995383995954
2396.23219708 1.01032676164
2396.2526292 0.994888404049
2396.27306123 1.00120915697
2396.29349315 0.999343570539
2396.31392527 0.985922612657
2396.33435729 0.994200562865
2396.35478932 1.00009520215
2396.37522134 1.00761650426
2396.39565326 1.00401950798
2396.41608538 0.994964459163
2396.4365174 1.00877380875
2396.45694932 1.00611842097
2396.47738144 0.999163989357
2396.49781346 1.00100175789
2396.51824538 0.992190849434
2396.5386775 0.99979163261
2396.55910952 0.997487920902
2396.57954153 1.00925213365
2396.59997355 0.988733650068
2396.62040557 1.00201270058
2396.76342978 0.991306369246
2396.78386179 0.988208012773
2396.80429371 0.985955079103
2396.82472582 1.01174983213
2396.84515783 0.994215431384
2396.86558974 0.991788874959
2396.88602186 0.995658569929
2396.90645387 0.999676749778
2396.92688578 0.997906446766
2396.94731789 1.00832160017
2396.9677499 1.00231595331
2396.98818191 0.999612908096
2397.00861392 1.01564781174
2397.02904593 0.994252368121
2397.04947794 0.99722663994
2397.06990995 0.995858602082
2397.09034196 1.00558702505
2397.11077397 1.0085289682
2397.13120598 1.002385399
2397.15163798 0.999858240552
2397.17206999 1.01079123002
2397.192502 1.00890701138
2397.212934 1.01053821033
2397.25379801 1.01354338128
2397.33552603 0.991257484901
2397.35595814 0.991578332108
2397.37639004 1.02069857516
2397.39682204 1.00768273761
2397.41725415 1.00580659691
2397.45811815 1.01383153056
2397.47855015 1.02313694499
2397.49898205 0.991904845989
2397.51941416 0.990902058712
2397.53984616 1.02398426401
2397.56027816 0.980577531072
2397.58071016 0.993578097439
2397.70330225 1.00030107389
2397.72373414 1.00085742864
2397.74416614 1.01166182905
2397.76459824 0.995030642128
2397.78503013 0.988802225569
2397.80546223 0.99258983766
2397.82589412 0.999119175868
2397.84632612 0.991127714414
2397.86675821 0.993339092816
2397.88719011 0.999189807819
2397.9076221 1.00130373403
2397.9280542 1.00213210987
2397.94848609 0.993603649957
2397.96891808 0.989781083385
2397.98935018 1.0115839448
2398.00978207 1.00589236395
2398.03021406 0.995709027798
2398.05064615 1.00471155979
2398.07107814 1.00037779155
2398.09151003 0.99296301162
2398.11194212 1.00061144576
2398.152806 0.991679610311
2398.17323809 1.00371677809
2398.19367008 1.00411933556
2398.21410217 1.01175035028
2398.23453406 0.993329103695
2398.25496605 1.00385832295
2398.27539813 1.00387174885
2398.29583002 1.00800216172
2398.31626201 1.0063289315
2398.33669409 0.997494568713
2398.35712598 1.01237562049
2398.37755797 0.997545007926
2398.39799005 1.01335200399
2398.41842194 1.01030685325
2398.43885392 0.990785118431
2398.45928601 1.0025090199
2398.47971799 0.99756870128
2398.50014987 1.00945098623
2398.52058196 0.998460883958
2398.54101394 1.01971438688
2398.56144592 1.01086973905
2398.5818779 1.01067119459
2398.66360573 0.986393718622
2398.68403781 1.00873795592
2398.70446979 1.00475477167
2398.72490167 1.01772529671
2398.74533375 0.98977607933
2398.76576573 0.997158874103
2398.78619761 0.998526730411
2398.80662968 0.995149943261
2398.82706166 0.987354586449
2398.84749354 1.00368909113
2398.86792562 1.02105509525
2398.88835759 1.00845959743
2398.90878967 1.01701911251
2398.92922155 0.992098602485
2398.94965352 0.99746247717
2398.9700856 0.991473588196
2398.99051747 0.998450531745
2399.01094945 1.00205045276
2399.03138152 1.00651037429
2399.0518135 1.00831519522
2399.07224537 0.995641069738
2399.09267744 1.00002350579
2399.11310942 0.999208619649
2399.13354129 0.992501336643
2399.15397336 0.989536532935
2399.17440533 0.993517523647
2399.1948372 0.997423169572
2399.21526928 1.00005479064
2399.23570125 1.00156770801
2399.25613322 0.986309390163
2399.27656519 1.00236397342
2399.29699716 1.00208216941
2399.41958897 1.0055714897
2399.4604529 0.983484992859
2399.48088487 1.00422108124
2399.50131684 1.00556181321
2399.5217488 1.00741920144
2399.54218077 1.00541946456
2399.56261283 0.98886582417
2399.5830447 1.00288394602
2399.60347666 0.994896053306
2399.62390873 1.00066596069
2399.64434059 0.994095012017
2399.66477265 1.01676514592
2399.68520462 1.00869055352
2399.70563648 0.982281625752
2399.72606854 0.995019022816
2399.74650051 0.999942683583
2399.76693237 1.00536271681
2399.78736443 0.999390655093
2399.80779639 0.991526280146
2399.82822825 0.989267474844
2399.84866031 0.999273626597
2399.86909227 1.00090923493
2399.90995619 0.999418808093
2399.93038815 0.990488022528
2399.95082011 0.995121686977
2399.97125207 1.00411298443
2399.99168402 0.988006054013
2400.01211598 0.988958412767
2400.03254794 1.01173533217
2400.0529799 0.985229395569
2400.07341195 0.989295615229
2400.13470782 1.00228268179
2400.15513968 0.996628721229
2400.17557163 1.00389155804
2400.19600369 1.00445259992
2400.21643554 1.00653368722
2400.23686749 0.992932254439
2400.25729955 1.01135381449
2400.29816335 1.00826475801
2400.31859541 1.00529167509
2400.33902726 0.987822922233
2400.35945931 1.00044617184
2400.37989126 0.991147504133
2400.40032321 0.995815611955
2400.42075516 0.99666655361
2400.44118712 1.02176874607
2400.46161907 1.02021136608
2400.54334696 1.00786444661
2400.56377881 0.983097883973
2400.58421076 1.00769989117
2400.60464281 0.995967099897
2400.62507466 1.00098518312
2400.6455066 1.00999588199
2400.66593865 1.01069866953
2400.6863705 1.00247111542
2400.76809838 1.01234098678
2400.78853032 0.985683911043
2400.80896217 0.984667608593
2400.84982606 1.01618379448
2400.870258 1.00874604159
2400.89069004 1.00551667733
2400.91112198 1.00363947826
2400.93155383 1.0024925117
2400.95198587 0.993198158517
2400.97241781 0.999891731252
2400.99284965 1.00263551259
2401.01328169 0.988958139124
2401.03371363 1.01078639722
2401.05414547 0.997391695382
2401.07457751 0.994961689105
2401.09500945 1.00487705006
2401.11544149 0.981239486129
2401.13587333 0.989342522366
2401.15630527 1.0098710016
2401.17673731 1.02015372076
2401.2788969 0.987992418695
2401.29932893 0.991841243536
2401.31976077 0.991970235967
2401.34019271 0.995528359048
2401.36062474 0.995474067856
2401.38105668 0.99634404564
2401.40148851 1.00623510024
2401.42192055 1.00285794931
2401.44235248 0.994363260579
2401.46278441 1.01475145728
2401.48321635 0.992012493331
2401.50364828 0.99005206144
2401.52408021 0.99740916223
2401.60580794 1.00333020599
2401.62623977 0.991108651495
2401.6466718 0.996657044762
2401.66710373 1.01737447728
2401.68753556 1.00015327415
2401.70796759 1.00061091554
2401.72839952 1.00335631458
2401.74883145 0.993987140952
2401.76926338 0.996608613999
2401.85099109 1.00678024038
2401.87142312 0.997304757364
2401.89185495 1.00210085244
2401.91228687 0.999738868972
2401.9327189 0.994244534554
2401.95315083 1.0102908303
2401.97358265 0.983931694011
2401.99401468 1.00300587379
2402.0144466 1.00427843967
2402.03487843 0.987724824709
2402.07574237 0.999773398977
2402.0961742 0.996903006424
2402.11660622 1.00140822788
2402.15747017 0.995232975663
2402.23919775 0.994415792093
2402.25962967 0.999811002143
2402.2800616 1.00412224207
2402.30049352 0.997243830736
2402.32092544 1.00092492473
2402.34135735 1.00430473691
2402.36178927 0.996731341368
2402.38222119 1.00562626253
2402.40265321 0.999699851234
2402.42308503 1.01501938005
2402.44351695 1.00578242767
2402.46394897 0.992264294535
2402.48438078 0.995113438382
2402.5048128 0.995297253963
2402.52524472 0.978580420362
2402.56610855 1.00860268293
2402.58654047 0.997026556859
2402.60697228 0.992797696409
2402.6274043 1.00241845317
2402.64783621 1.00659947104
2402.66826803 0.999233746398
2402.68870004 0.996663930487
2402.70913196 0.994566966991
2402.72956377 0.983645625067
2402.74999578 1.00839150632
2402.77042769 0.987432613564
2402.79085961 1.00699510524
2402.81129152 0.988545521082
2402.85215544 1.01036087519
2402.87258735 1.00016232267
2402.89301917 1.00391313762
2402.91345118 1.00794681105
2402.93388309 0.991961886138
2402.9543149 1.00456605939
2403.05647444 1.00112022879
2403.07690635 1.00231728432
2403.09733836 0.998601187308
2403.11777017 1.00297001477
2403.13820207 1.0105187308
2403.15863408 0.97922508225
2403.17906589 1.00999947405
2403.19949789 1.00609904464
2403.2199298 0.986359994346
2403.24036171 0.994400467687
2403.32208933 1.00569476358
2403.34252123 0.988795142933
2403.36295313 0.998501304801
2403.38338514 1.01334319982
2403.40381694 1.01819038506
2403.42424884 0.993643369458
2403.44468084 0.995872442358
2403.46511265 0.997171223336
2403.48554455 0.995672272369
2403.50597655 1.00009911379
2403.52640835 1.00052333467
2403.54684035 1.01742143494
2403.56727225 0.992993996433
2403.58770405 0.996098584004
2403.60813605 0.994398072352
2403.62856795 1.01160228564
2403.64899975 1.00458400642
2403.83288683 1.00586463728
2403.85331883 1.00607155179
2403.87375073 0.982475160672
2403.89418262 1.01493232428
2403.91461452 1.00949589112
2403.93504641 0.992767748623
2403.95547841 0.995971445242
2403.9759102 1.00014089718
2403.9963421 1.02198346206
2404.03720588 0.999819011316
2404.09850156 1.02162512777
2404.11893345 0.997538503532
2404.13936545 0.993003188296
2404.15979724 1.00940402966
2404.18022913 0.995248066444
2404.20066112 1.01024754576
2404.22109301 1.00008118693
2404.2415249 1.0157298966
2404.28238868 1.00479253717
2404.30282057 0.985855473315
2404.32325246 0.985521887274
2404.34368435 0.988034458707
2404.36411624 0.990033109504
2404.38454813 1.00116601403
2404.40498001 1.00419585965
2404.4254119 1.00344505551
2404.44584379 0.99831842355
2404.46627568 1.00070795984
2404.48670756 1.01147044615
2404.50713945 0.996281217908
2404.52757124 1.00649280023
2404.54800322 1.00116218826
2404.56843511 1.00103673239
2404.58886709 0.981189528423
2404.60929888 1.00191036956
2404.62973076 0.99624382373
2404.65016275 1.00146039109
2404.67059453 1.00383173445
2404.69102641 1.00092279945
2404.7114584 0.997067944235
2404.79318593 1.00411973238
2404.81361771 0.995832383182
2404.83404969 1.00849991311
2404.85448157 0.999641862072
2404.87491335 0.993763007452
2404.89534534 0.985864350413
2404.91577722 0.996890252373
2404.9362092 1.00080752598
2404.95664098 0.998909009841
2405.05880047 1.00302345502
2405.09966413 1.00024753832
2405.1200961 0.990440434008
2405.14052788 1.00301118417
2405.16095976 0.981705367084
2405.18139163 1.00349398992
2405.20182351 0.97989355842
2405.28355111 1.00773691973
2405.32441476 0.999654416226
2405.34484674 0.984770012017
2405.36527861 0.995723508548
2405.38571038 0.998739363278
2405.40614236 1.00396938079
2405.42657423 1.00782392458
2405.447006 0.986716575625
2405.46743798 1.0038330152
2405.48786985 0.998741570434
2405.50830162 1.00922630666
2405.52873359 0.997297234093
2405.54916546 0.991590252644
2405.56959723 0.989445175384
2405.5900292 1.00723954013
2405.61046107 1.00898308486
2405.63089304 1.00047084685
2405.65132481 1.007051202
2405.67175668 1.00613498393
2405.69218865 0.993106949557
2405.83521173 1.00624237179
2405.8556435 0.996292842811
2405.87607546 0.990838580442
2405.89650723 1.01104728991
2405.91693909 1.01211392277
2405.93737106 1.001082749
2405.95780283 1.00854893285
2405.99866666 0.998969784248
2406.01909842 1.00287274599
2406.03953038 1.00398046853
2406.05996225 1.0008992841
2406.08039401 0.990891248863
2406.10082597 1.00044995511
2406.12125784 0.979839225444
2406.1416897 0.999168162005
2406.16212156 0.991006415096
2406.18255343 1.01210801499
2406.20298529 0.999938337854
2406.22341715 1.02531753332
2406.24384901 0.989264255858
2406.28471283 0.990298488458
2406.30514459 0.995784824589
2406.32557655 0.995527976487
2406.34600841 1.0009018552
2406.36644017 1.0037308729
2406.38687213 0.999027177035
2406.40730399 0.989832040813
2406.42773575 0.994445803053
2406.44816771 0.97414779157
2406.48903132 0.995003202678
2406.50946328 1.00246711745
2406.52989514 0.992177543462
2406.5503269 1.02193486992
2406.57075885 1.02553066468
2406.59119071 1.01790802671
2406.67291813 1.01512433981
2406.69334999 1.00037729262
2406.7342137 0.99063236271
2406.75464555 0.980520648414
2406.7750774 0.993654200831
2406.79550936 0.984220906381
2406.81594111 0.989816146179
2406.83637296 1.0080030975
2406.85680492 1.02022013496
2406.87723667 1.00385925417
2406.89766852 1.0055561668
2406.91810047 0.978862250688
2406.93853223 1.00089341708
2406.95896418 1.00211086788
2406.97939603 0.993147705606
2407.06112333 0.999359089397
2407.10198713 0.995241457708
2407.12241898 0.971647174989
2407.28587376 0.977265621782
2407.30630571 1.01146067691
2407.32673755 0.990602549312
2407.3471693 1.00953087206
2407.36760124 0.996622820752
2407.38803299 0.997402785748
2407.40846484 1.00049664061
2407.42889678 0.977168371871
2407.44932853 0.99140831935
2407.46976037 1.00413730885
2407.49019231 1.00656247355
2407.51062406 1.00082604784
2407.5310559 1.0030329682
2407.55148784 1.02091466007
2407.57191959 1.00283111525
2407.59235143 1.00898913918
2407.61278337 1.01864404733
2407.63321521 0.990072835698
2407.6740789 1.00011625971
2407.69451074 0.998835449104
2407.71494258 0.993726605718
2407.73537442 1.00940959777
2407.75580626 1.01029449297
2407.7762382 0.987391723688
2407.79666994 0.983689617578
2407.81710178 1.00159706659
2407.85796546 0.980166656016
2407.8783973 0.987721140229
2407.89882924 0.990628212574
2408.00098843 0.999307857597
2408.02142026 1.00223222947
2408.041852 1.00275719794
2408.06228394 0.98955867261
2408.08271577 0.995945991781
2408.10314761 1.00961248931
2408.12357944 1.00954750632
2408.14401128 0.990453638694
2408.16444301 1.01186355644
2408.18487495 0.99609239922
2408.20530678 0.992069375339
2408.22573852 1.00874752052
2408.24617045 1.00931206747
2408.26660229 0.99923842974
2408.28703402 1.02086578694
2408.30746595 1.00160211206
2408.32789779 1.00668623049
2408.34832972 0.999658778617
2408.36876145 1.01130308211
2408.38919328 0.99297332246
2408.47092071 0.980634982109
2408.49135244 0.995305288304
2408.51178427 1.00026235623
2408.5322162 0.992374789008
2408.55264793 1.00219732729
2408.57307976 0.980318081487
2408.59351169 1.01226338573
2408.61394352 1.00454499443
2408.63437535 0.991215355802
2408.65480718 0.999932201223
2408.675239 0.981276118433
2408.69567083 1.00287075733
2408.71610266 0.999870211548
2408.73653449 0.994055898259
2408.75696641 0.985859994146
2408.8182619 0.996088516771
2408.83869362 0.999705093929
2409.00214822 0.992578566372
2409.02258005 0.98883520275
2409.04301197 1.00234523574
2409.06344369 1.00209804807
2409.08387552 0.999774471381
2409.10430744 1.01288300076
2409.12473916 0.97363404188
2409.14517098 1.00876766161
2409.24733019 1.00980775723
2409.26776191 0.997539241441
2409.28819383 1.01310320816
2409.34948929 1.01889234895
2409.36992111 0.977771188622
2409.45164849 1.00253668062
2409.4720802 1.00149487982
2409.49251202 0.993833028838
2409.51294394 1.01791279728
2409.53337566 1.00200976716
2409.55380747 0.996085355781
2409.57423939 1.00018402402
2409.59467111 1.00165292573
2409.61510302 1.00484022935
2409.63553474 0.998788122653
2409.65596656 1.01305807957
2409.67639847 1.00466716912
2409.717262 1.0173569245
2409.73769392 1.0082401957
2409.75812573 1.0005436752
2409.77855745 1.000849842
2409.79898936 1.01584950393
2409.81942117 0.999795692237
2409.83985289 0.990992213456
2409.88071661 0.998110359094
2409.92158024 0.999994847595
2409.94201205 1.01124022622
2409.96244396 1.00809127621
2409.98287567 0.994770637785
2410.00330749 0.987334785618
2410.0237394 0.992943962711
2410.04417111 0.990542707704
2410.06460292 0.999623989018
2410.2280575 0.996643616376
2410.2484893 1.01079426477
2410.26892111 1.00588292477
2410.28935292 0.993173653753
2410.30978473 0.986791625252
2410.33021654 1.00469883518
2410.35064824 0.973544033136
2410.37108015 1.01000368834
2410.39151196 0.995993153617
2410.41194366 1.01807126486
2410.43237557 1.015269579
2410.45280737 1.00917028507
2410.47323908 1.01284287402
2410.49367099 0.989498108478
2410.51410279 1.0088599016
2410.5345346 0.992591009057
2410.5549664 0.99566734284
2410.5753982 1.01722470054
2410.59583011 0.986763812044
2410.61626181 0.996128255422
2410.63669362 1.01190390605
2410.65712552 0.977806830612
2410.67755732 1.00334988364
2410.69798903 1.01057808922
2410.71842093 0.992248885411
2410.73885273 0.987520770851
2410.75928443 1.00254140636
2410.77971634 1.00179622294
2410.96360254 0.978707724493
2410.98403434 1.00744304477
2411.00446614 1.02444895513
2411.02489794 0.974355212051
2411.04532974 1.00432923056
2411.06576154 0.989442868249
2411.08619334 1.00972637242
2411.10662513 0.99418988257
2411.12705693 0.982499686663
2411.14748873 0.991644178132
2411.16792053 0.981764585905
2411.20878412 0.980198211288
2411.22921602 0.996980395814
2411.27007951 0.99447439793
2411.29051141 0.99442984366
2411.3109432 0.988212795575
2411.3313749 0.986595395866
2411.41310218 1.00606187996
2411.43353397 1.00881409604
2411.45396566 1.00272333831
2411.47439756 1.00397549872
2411.49482935 1.00235788815
2411.51526114 1.00018506535
2411.53569294 0.992801568461
2411.55612473 1.01286922975
2411.57655662 1.00390912193
2411.59698832 1.02467555855
2411.61742011 1.00009058483
2411.637852 0.993877993955
2411.67871548 1.01541702874
2411.69914737 0.997439643666
2411.71957916 1.01396314325
2411.74001085 0.994354324482
2411.76044274 0.986633743598
2411.78087453 0.999488941809
2411.80130622 1.00066313953
2411.82173811 1.00119342713
2411.8421698 1.0003505731
2411.90346517 0.995182170744
2411.92389706 0.986480626336
2411.94432885 1.00808629249
2411.96476054 0.982180345227
2411.98519242 1.01331376609
2412.00562421 1.00015315182
2412.026056 1.02202641392
2412.04648778 1.00158912612
2412.06691957 0.988115233037
2412.08735136 0.996466315085
2412.12821493 0.995549718358
2412.18951029 0.999466590915
2412.20994217 1.00504102496
2412.23037396 1.00319980407
2412.25080564 1.00064293474
2412.27123753 1.00608832416
2412.29166931 0.999346529455
2412.312101 1.00960544363
2412.33253288 0.986775331685
2412.37339635 1.00083613002
2412.39382823 1.00274606897
2412.41426001 1.02396306775
2412.4346917 0.990154686065
2412.45512358 1.00528079201
2412.47555536 1.00555054278
2412.49598714 1.00223235033
2412.51641892 1.02440132476
2412.5368507 1.00378872298
2412.65944139 1.00023030507
2412.67987327 0.997147329372
2412.70030495 1.00275445692
2412.72073673 1.003143397
2412.74116861 1.00500994023
2412.76160029 1.00291204577
2412.78203207 1.01102548762
2412.80246394 1.00767488117
2412.82289562 1.00220415
2412.8433275 0.993461824513
2412.86375928 1.00713728185
2412.88419096 1.00677839169
2412.90462283 1.01960903716
2412.92505461 0.993503491433
2412.94548629 0.983689483613
2412.98634994 1.0139326339
2413.00678172 0.99483406082
2413.17023592 1.01389418641
2413.21109947 0.996353083194
2413.23153124 0.992873737484
2413.25196311 0.996649772569
2413.27239479 0.999342089263
2413.29282656 0.999740672988
2413.31325843 1.01191207313
2413.33369011 1.00401652833
2413.37455375 0.999782035831
2413.39498542 0.993983176132
2413.41541719 1.0065514578
2413.43584907 1.01151371567
2413.45628074 1.00033254324
2413.47671261 1.00113171175
2413.49714438 1.00687502523
2413.51757615 0.994518792795
2413.53800792 0.990347318089
2413.55843969 1.01476581897
2413.57887146 1.01173303604
2413.59930323 0.995990646619
2413.619735 0.987308879732
2413.64016677 0.976407260133
2413.66059854 0.999999975612
2413.68103031 0.980632049446
2413.70146208 0.988147373484
2413.72189395 0.982353072314
2413.74232561 0.983645134476
2413.90577985 0.994152325635
2413.92621152 1.0085236312
2413.94664338 0.994698727908
2413.96707515 1.00747898155
2413.98750692 1.00196067551
2414.02837035 0.990686727072
2414.04880221 1.00314229016
2414.06923398 0.995559198717
2414.08966574 1.00423919403
2414.11009751 0.997173613541
2414.13052927 0.978610438955
2414.15096103 1.00506027862
2414.1713929 1.00016683359
2414.19182456 1.00436236759
2414.21225632 0.996773698194
2414.23268819 0.997031464286
2414.25311985 1.01653383562
2414.27355161 1.00882175898
2414.35527876 1.00357936914
2414.37571042 1.00529472865
2414.39614228 0.999765588376
2414.41657405 0.996083692603
2414.43700571 0.99999542126
2414.45743757 1.01278697229
2414.47786933 0.993949435216
2414.49830099 1.01078478689
2414.51873285 1.00452242757
2414.53916461 0.986721455705
2414.55959637 1.00394596329
2414.58002813 0.998002720395
2414.60045989 0.986568616357
2414.62089165 0.993122002972
2414.6413235 0.98264241141
2414.66175516 0.992977515161
2414.68218702 0.997530561374
2414.70261868 0.999046420132
2414.72305044 1.00215285054
2414.7434823 1.01077901925
2414.76391395 0.996688783311
2414.84564098 1.00806421914
2414.86607284 1.00209515298
2414.88650449 1.0029579651
2414.90693625 0.99352567474
2414.92736811 0.991013605616
2414.94779976 0.991710773105
2414.96823162 1.00147318712
2414.98866337 0.999875091263
2415.00909513 0.986393354278
2415.02952688 0.992047980586
2415.04995864 0.99220651439
2415.07039039 1.00729307931
2415.09082215 0.993810506502
2415.1112539 0.984719725338
2415.13168565 0.989192741681
2415.25427617 1.0114567353
2415.27470803 0.996923728272
2415.29513968 0.999510861921
2415.31557153 0.998894726355
2415.33600328 1.01653151379
2415.35643493 1.00724068829
2415.37686679 1.01626259199
2415.39729854 0.985866517277
2415.41773019 1.00325851778
2415.43816204 1.00302409341
2415.45859369 1.00749665229
2415.47902544 0.970218281132
2415.60161604 0.99330430393
2415.62204779 0.994397409247
2415.64247954 1.00433119618
2415.66291128 1.00081632065
2415.68334303 0.98950542224
2415.70377478 1.00901682346
2415.72420663 1.00115537936
2415.74463828 1.00533264396
2415.76507002 0.996732510803
2415.80593352 1.00139886283
2415.82636527 1.00741511267
2415.84679711 1.01063625382
2415.86722876 0.991728369745
2415.88766061 1.00627594337
2415.90809235 0.999765127396
2415.928524 0.993688545382
2415.94895584 0.990514588398
2415.96938759 1.01069924831
2415.98981934 0.994566436971
2416.01025108 1.00286434033
2416.03068283 1.0025997822
2416.05111457 0.988703635326
2416.07154631 0.98593721365
2416.09197806 0.997637953571
2416.1124098 1.0162713031
2416.13284155 0.990525624366
2416.15327329 0.979553285538
2416.17370504 1.01095735861
2416.19413678 0.997831030133
2416.21456852 0.995188610362
2416.23500037 1.01186288947
2416.25543201 1.00148949884
2416.27586375 1.0090450278
2416.29629559 1.00103652924
2416.31672724 0.997608796114
2416.33715898 0.999531067649
2416.35759082 0.995200063932
2416.37802246 0.993903052596
2416.3984542 1.01432349138
2416.41888604 0.991578130285
2416.43931769 0.996623269304
2416.48018127 1.00503109681
2416.50061291 0.996991207626
2416.52104475 1.00115392933
2416.54147649 0.994470798692
2416.56190823 1.00990890505
2416.58233997 1.01324542962
2416.60277171 1.00643085535
2416.62320345 1.00539874971
2416.64363519 1.00434608289
2416.66406693 0.994791860606
2416.68449866 0.98753379964
2416.7049305 0.975875185317
2416.88881614 1.00448857367
2416.90924778 1.00014649511
2416.92967962 1.00008624551
2416.95011125 1.00002721858
2416.97054299 0.987699032042
2416.99097482 1.0255574
2417.01140646 1.00381999708
2417.0318382 0.980597453432
2417.05227003 1.00069162384
2417.07270177 1.01291768481
2417.0931335 0.995027492842
2417.11356524 1.00249743421
2417.25658738 0.989631837112
2417.27701921 0.988832256304
2417.29745084 1.02153463811
2417.42004124 0.970407233972
2417.58349519 1.00707224129
2417.60392692 1.02023839476
2417.62435865 1.00510014767
2417.64479038 1.00157270528
2417.66522201 0.990158721263
2417.68565384 0.997887242099
2417.70608557 0.995439407911
2417.7265174 0.998213778952
2417.76738076 1.00182051435
2417.78781259 1.0022852151
2417.80824422 0.992684175732
2417.82867594 1.01036343505
2417.84910777 1.01119574173
2417.8695394 0.997166801237
2417.88997113 0.986866414328
2417.91040296 1.01228580299
2417.93083458 0.992988418259
2417.95126631 0.987915201544
2417.97169814 1.01573544124
2417.99212977 1.00336962522
2418.01256159 1.00368613489
2418.03299332 0.997299832271
2418.05342505 1.00128522254
2418.07385677 1.00951964487
2418.0942885 0.991953756296
2418.13515195 0.997065434026
2418.15558368 1.00472518617
2418.1760154 0.999843308518
2418.2577424 1.00961325118
2418.27817403 1.00850960236
2418.29860585 1.00162045614
2418.31903748 1.01070742164
2418.3394692 0.998888193975
2418.35990102 1.00535293556
2418.38033265 0.999685040437
2418.40076437 1.01008035709
2418.42119619 1.00320988948
2418.44162782 1.00997584788
2418.52335471 0.984663127795
2418.54378653 0.985188517982
2418.56421825 1.00167479343
2418.58464998 0.986975597946
2418.6050817 1.00441974456
2418.62551342 0.982873336371
2418.64594514 1.00691679645
2418.66637686 0.99620398542
2418.68680858 1.00113543776
2418.7072404 0.995850493012
2418.72767202 0.997669994919
2418.74810375 0.994437813397
2418.76853557 0.996998271016
2418.78896719 0.998743249121
2418.80939891 1.00476779306
2418.82983073 1.01080142917
2418.85026235 0.997161192777
2418.87069417 0.974124526983
2418.89112589 0.98565326527
2418.9115575 0.990923644339
2418.93198932 1.0154397224
2418.95242104 0.990417035162
2419.09544297 0.998020989238
2419.21803337 1.00194295832
2419.23846509 1.01099257142
2419.25889681 1.00813596838
2419.27932862 0.994910700208
2419.29976024 1.00494151109
2419.34062377 1.0027873585
2419.36105539 1.00488022079
2419.3814871 0.9970279628
2419.40191892 0.996128477701
2419.52450921 1.01640861702
2419.54494092 1.01553634676
2419.56537264 0.988768366655
2419.58580435 1.000719599
2419.60623606 0.996575212084
2419.62666778 1.00536948877
2419.64709949 1.00075607679
2419.6675312 1.01713654401
2419.68796302 1.00078844208
2419.72882634 1.00781661295
2419.74925815 1.00976269945
2419.76968977 0.992768563682
2419.79012158 0.987846926018
2419.87184833 0.981917186374
2419.89228004 0.989586660629
2419.91271185 0.999520392324
2419.93314346 0.976496451649
2419.95357517 1.00431980648
2419.97400698 0.980100578306
2419.99443859 0.988740196039
2420.0148703 1.0094221155
2420.03530211 0.990722801881
2420.05573372 0.983074493742
2420.07616553 0.997966205796
2420.09659724 1.0017002434
2420.11702895 0.992405378659
2420.13746066 0.996702097965
2420.15789237 0.99904029626
2420.17832408 0.98260455053
2420.19875579 0.979291936519
2420.2191875 0.984078343227
2420.23961921 1.00454186052
2420.26005102 0.999957559193
2420.28048263 0.997832300854
2420.30091433 0.973846285797
2420.32134614 0.986367744086
2420.34177775 0.999381244787
2420.36220956 1.01420664142
2420.38264127 0.986690682667
2420.40307287 0.991058825134
2420.42350468 0.993072725912
2420.44393639 1.01628877824
2420.464368 0.994629301461
2420.4847998 1.00122096724
2420.50523151 1.00092445741
2420.52566312 0.998688636363
2420.54609492 0.996456587269
2420.56652653 1.01452968559
2420.58695824 1.01896584618
2420.60739004 0.996843600909
2420.62782175 1.00543718554
2420.75041198 0.990412365647
2420.8321389 0.994056730127
2420.8525705 0.996481983901
2420.87300221 1.01086736441
2420.89343401 1.00003248437
2420.91386561 1.02581787295
2420.93429742 1.0104121806
2420.95472912 1.00386078727
2420.97516072 1.0124464303
2420.99559253 1.00393219153
2421.01602423 1.00534480634
2421.03645583 0.999753139214
2421.05688764 1.00708091969
2421.07731934 1.00734641013
2421.09775104 1.00284487088
2421.11818274 1.00636377227
2421.13861445 1.00031521891
2421.15904615 0.998094448939
2421.17947785 0.996165247039
2421.19990955 0.985136913117
2421.22034125 1.00739756532
2421.24077305 0.996385684295
2421.26120466 1.01433229926
2421.28163646 0.993880790075
2421.30206806 1.01049682333
2421.32249976 0.984010688173
2421.34293156 0.981501125735
2421.36336316 1.00319448948
2421.38379486 1.00734912567
2421.48595336 0.97475535027
2421.50638516 1.00630218049
2421.52681686 0.993167770026
2421.54724846 0.997494358497
2421.56768026 0.989416584867
2421.58811196 1.01477777511
2421.60854366 1.0008376051
2421.73113385 1.00049224918
2421.75156564 1.00223431723
2421.77199724 0.994889744881
2421.79242904 0.998872363842
2421.81286074 1.01266525053
2421.83329233 1.00459130647
2421.85372413 0.987890702545
2421.87415583 0.987020269369
2421.89458742 1.01060363707
2421.91501922 0.989997776805
2421.93545082 1.00017116122
2421.95588251 0.995433328911
2421.97631431 0.98505905833
2422.0171776 1.00914994039
2422.0376094 0.993791612778
2422.05804099 1.00179662822
2422.07847279 1.02368673084
2422.09890449 1.01498199607
2422.11933618 1.01536252949
2422.13976788 1.01340106282
2422.16019957 1.00354071466
2422.18063127 1.01548851439
2422.20106296 1.00064589546
2422.22149466 0.999238037583
2422.24192635 1.01766982629
2422.26235814 1.00265561775
2422.28278974 1.01716045905
2422.30322143 0.999327357959
2422.32365323 0.988964284152
2422.34408482 1.02426289221
2422.36451661 1.01125031912
2422.38494831 1.00794535307
2422.4258117 1.00212563165
2422.44624339 0.996217334358
2422.46667498 0.998457400806
2422.48710677 1.01213266484
2422.50753847 1.00972309461
2422.52797006 0.997688917158
2422.54840185 0.992066769003
2422.56883354 0.982075913914
2422.58926534 0.999715570775
2422.60969693 1.00446362018
2422.63012862 0.997793877236
2422.65056041 0.992797707539
2422.670992 1.01439577768
2422.6914237 0.991247833674
2422.71185539 0.993903092308
2422.73228708 0.993838114848
2422.75271877 0.999507546929
2422.77315056 0.979357151801
2422.79358215 1.00484666303
2422.81401384 0.999323945313
2422.83444563 0.999976627861
2422.85487722 0.991577397987
2422.87530902 0.99270192554
2422.89574071 0.983841414366
2422.9161723 1.00136287193
2422.93660409 0.973262043105
2422.95703578 0.991886595995
2423.07962591 0.994225680505
2423.1000576 0.991734583925
2423.12048929 0.993182741266
2423.22264783 0.990984492418
2423.24307952 0.985651858699
2423.26351111 0.988246219453
2423.2839429 0.99538022336
2423.30437458 1.00108720962
2423.32480617 0.983504474577
2423.34523796 0.999368338988
2423.42696461 0.992770117195
2423.4473964 1.00281998428
2423.46782808 0.989589415064
2423.48825967 1.00062552393
2423.50869146 1.01136583415
2423.52912314 1.00465759047
2423.54955473 0.992136315217
2423.56998651 0.994900379799
2423.5904182 1.00321042335
2423.61084989 1.00287076464
2423.65171326 1.00069570419
2423.67214494 0.990327050559
2423.69257663 0.999811132072
2423.71300831 1.00370693732
2423.7334401 1.01172159371
2423.75387168 1.00339322761
2423.77430337 1.01280212439
2423.79473515 0.993827942568
2423.81516684 0.990624570327
2423.83559842 1.02229722438
2423.85603021 1.00004191787
2423.87646189 1.02451318164
2423.89689348 1.01886865911
2423.91732526 1.00527321272
2423.93775695 1.00462220022
2423.95818873 1.01559828538
2423.97862031 1.0092803484
2423.999052 1.00730107917
2424.01948378 1.01844889536
2424.03991536 1.00295741364
2424.06034705 1.0056998028
2424.08077873 0.999073442564
2424.10121041 1.01799220006
2424.1216421 1.01730657702
2424.14207378 1.01252365364
2424.18293714 0.995289273867
2424.20336883 1.0005639967
2424.22380051 0.995769212825
2424.26466397 1.00935669938
2424.28509556 1.00707245729
2424.30552734 0.98185953358
2424.32595902 0.972335318139
2424.3463906 0.996680947787
2424.36682238 0.993582483939
2424.38725406 0.978472515021
2424.40768564 1.00243788437
2424.42811743 0.988252917979
2424.44854911 0.982565119806
2424.46898089 0.988594214837
2424.48941247 0.987507435921
2424.50984415 1.00766088121
2424.53027593 0.994933175792
2424.55070751 0.998603391808
2424.67329759 1.0058048727
2424.69372927 0.99396855377
2424.71416105 1.02472402523
2424.73459273 0.987538011519
2424.75502441 1.00714852701
2424.77545609 0.998182827923
2424.79588777 0.997366719062
2424.81631945 0.996660132513
2424.83675113 1.01283624773
2424.85718281 1.01192736336
2424.87761448 1.00982822445
2424.89804616 1.00528719085
2424.91847774 0.990038579147
2424.93890952 0.993549600912
2424.9593412 0.999319691301
2424.97977278 0.995493663907
2425.00020455 1.00569143315
2425.02063623 1.00521729047
2425.04106801 0.994912855304
2425.06149959 1.01263593091
2425.08193127 1.00219144203
2425.10236304 1.02215412529
2425.12279462 1.00935850594
2425.16365808 1.00156777528
2425.20452133 1.00335447215
2425.24538478 0.998320713209
2425.26581646 1.00063967665
2425.28624814 1.00120899404
2425.42926987 1.01041508534
2425.44970165 0.980750295459
2425.47013322 1.00489136537
2425.51099657 1.02015565536
2425.53142825 0.988349141603
2425.55186002 1.0013728442
2425.5722916 0.984487817039
2425.61315505 1.01601798401
2425.63358662 0.989128670489
2425.6540183 0.988924548786
2425.67445007 1.01643597815
2425.69488165 1.00732574871
2425.71531332 0.997907785466
2425.7357451 0.99731879498
2425.75617667 0.98792244997
2425.77660844 0.995261941042
2425.79704012 1.0027695955
2425.81747179 0.986723523152
2425.83790347 0.976736726599
2425.85833514 0.981810111084
2425.87876681 0.993517999345
2425.89919849 0.990432422577
2425.91963016 1.00244492466
2425.94006183 0.988064008396
2425.96049361 0.994154003751
2425.98092518 0.994067408414
2426.00135685 0.989174813455
2426.02178863 1.00051220421
2426.14437866 0.986474083787
2426.22610525 1.00522787535
2426.24653702 0.997883932903
2426.26696869 1.00752981303
2426.28740037 0.996862762566
2426.30783204 1.00702049928
2426.32826371 0.980629588493
2426.34869538 0.999752958962
2426.36912705 1.00012663453
2426.38955872 0.990275411964
2426.40999039 1.00084094765
2426.43042207 1.01319852353
2426.45085374 0.99179264267
2426.47128551 1.01064148586
2426.49171708 0.990876127591
2426.51214885 0.996919532506
2426.53258052 0.990842923753
2426.55301209 1.0097472118
2426.57344386 0.997718807375
2426.59387553 1.0061555032
2426.6143071 1.00516925319
2426.63473887 0.99239945927
2426.65517054 0.993657322773
2426.67560211 1.00707706498
2426.69603388 1.00176005322
2426.71646555 1.01858925276
2426.75732889 1.00415658337
2426.77776056 1.02300697582
2426.79819233 0.995390478047
2426.8186239 1.00408935765
2426.83905557 1.00049815729
2426.85948734 1.00162678675
2426.8799189 1.01602198103
2426.90035057 1.0010625874
2426.98207735 1.00358944128
2427.00250892 0.987873316221
2427.02294069 0.998595945047
2427.04337235 0.993229344235
2427.06380392 0.979545228933
2427.08423569 0.985133130504
2427.10466736 0.985374150758
2427.12509893 0.997817281488
2427.14553069 1.00319983962
2427.16596236 0.991270784394
2427.18639393 1.00415787353
2427.2068257 1.00025488911
2427.22725737 0.993159861454
2427.24768893 1.00770275821
2427.2681207 1.00669649679
2427.28855237 1.0152136495
2427.30898413 0.994578479352
2427.3294157 1.00180477868
2427.34984737 1.00432346353
2427.37027914 1.00128791705
2427.3907107 1.00242400428
2427.41114237 1.02117935552
2427.4520058 0.993800767038
2427.47243737 1.00229515282
2427.49286914 1.00938779873
2427.5133008 1.01474958885
2427.53373247 1.00692143667
2427.5745958 0.995567624381
2427.65632246 0.997482164611
2427.6971858 0.998418677165
2427.71761746 0.984013308207
2427.73804913 1.00848606574
2427.75848089 1.00537942472
2427.77891246 1.0019331677
2427.81977589 0.980037938672
2427.84020745 0.982063047808
2427.86063912 0.989717177681
2427.88107088 0.993226950632
2427.90150245 0.99236485231
2427.92193411 0.994340558814
2427.94236588 0.989284410702
2427.96279754 0.982385102036
2427.98322921 1.01329265922
2428.00366087 1.01386570972
2428.02409253 1.00352587097
2428.0445242 0.998526262968
2428.06495586 0.993942482949
2428.08538753 1.00142375199
2428.10581929 0.995617092311
2428.12625086 0.991355402638
2428.16711428 0.995136888324
2428.18754585 1.01446926568
2428.20797751 1.00346424373
2428.22840927 1.01743627699
2428.24884084 1.00843854441
2428.2692726 1.00127285979
2428.28970426 1.00857718933
2428.31013583 1.01610593252
2428.33056759 0.999928221881
2428.35099925 0.997688422637
2428.37143082 0.997423040798
2428.39186258 1.01156357491
2428.41229414 1.00191265473
2428.43272581 0.997806780843
2428.45315757 0.999041095568
2428.47358913 0.999824071246
2428.49402089 0.996892158604
2428.51445256 1.00499354375
2428.53488422 1.01533802968
2428.55531588 0.994714603939
2428.57574754 1.0006883589
2428.59617921 1.00078776068
2428.61661087 1.00070480609
2428.63704253 0.997976607922
2428.65747419 1.00253657236
2428.67790596 1.01127986417
2428.69833752 1.01407548334
2428.71876928 0.988181429302
2428.73920094 1.00126295667
2428.7596325 1.01800428854
2428.80049593 1.00693074019
2428.82092749 0.986481973433
2428.84135925 0.998249297387
2428.86179091 1.0042379608
2428.88222247 0.999327914493
2428.90265423 0.998506275255
2428.92308589 0.994964120235
2428.94351765 0.987665888983
2428.96394922 1.00150212355
2428.98438088 1.01775690115
2429.00481264 1.00163130408
2429.0252442 0.995589865229
2429.04567586 1.00559406366
2429.06610752 1.00622132939
2429.08653918 0.988808850244
2429.10697084 0.992574952861
2429.1274025 0.98979991945
2429.14783416 0.995481108081
2429.16826582 0.984115962861
2429.18869758 1.01167428846
2429.20912914 0.98227859454
2429.2295609 0.988834846572
2429.24999256 1.01007633049
2429.27042412 1.01097441308
2429.29085588 1.01052282296
2429.31128754 0.995403885724
2429.3317191 0.989719592831
2429.35215086 1.00334685517
2429.37258252 1.00320980005
2429.39301408 0.982086258302
2429.41344584 1.00528497269
2429.4338775 0.995185216102
2429.45430926 1.02322482916
2429.47474082 1.00574657002
2429.49517248 0.995566199949
2429.5360358 1.01164740118
2429.55646746 1.00942272365
2429.57689922 1.00394767369
2429.59733087 0.981269046632
2429.61776243 1.00318808037
2429.63819419 1.00127040657
2429.65862585 1.00089305171
2429.67905751 1.02162600926
2429.69948917 1.01659893382
2429.71992083 1.01109265144
2429.74035249 0.997209387119
2429.76078414 1.01174610919
2429.7812157 1.00248849697
2429.80164746 1.0052286888
2429.82207912 0.994063167985
2429.84251078 1.00667666885
2429.86294244 0.997113056366
2429.88337409 1.00047190995
2429.94466907 1.00488929916
2429.96510083 0.996234189698
2429.98553238 0.992361786117
2430.00596404 0.98920028061
2430.0263958 1.00798343211
2430.04682736 0.987678701475
2430.06725902 0.988707985807
2430.08769077 1.00587008352
2430.10812233 0.974177704833
2430.12855409 0.981142464173
2430.14898575 0.984275677586
2430.1694174 0.991796639836
2430.18984906 0.976924792999
2430.3124391 0.989453669402
2430.39416563 0.995515319663
2430.41459739 0.997124113657
2430.43502904 1.00921501293
2430.4554606 1.02509970078
2430.47589236 0.964686347817
2430.49632401 1.00623217013
2430.51675557 0.983320976808
2430.53718733 1.00085505131
2430.55761888 1.00045091414
2430.57805064 0.99286837256
2430.5984823 1.02524563792
2430.61891385 0.99433672652
2430.63934561 0.996374172253
2430.65977726 0.976783173034
2430.68020892 1.00013345916
2430.70064058 0.996675205495
2430.72107223 1.01079423677
2430.74150389 0.997851414437
2430.76193554 1.00874845635
2430.7823672 0.993259663876
2430.80279886 1.00183256464
2430.82323061 1.00475650588
2430.84366217 0.981468096782
2430.86409392 1.00555824356
2430.88452558 1.01487452231
2430.90495713 1.00338483968
2430.92538889 1.0088066413
2430.94582054 1.00034557493
2430.9662521 0.988394594307
2430.98668386 1.00052017884
2431.00711551 1.00306245683
2431.02754707 0.999088152019
2431.04797882 1.02219182811
2431.06841048 0.992622856948
2431.08884223 0.995000372178
2431.10927379 1.02389996655
2431.12970544 1.0122788242
2431.1501371 1.00431636932
2431.17056875 0.990163782674
2431.19100041 0.995035948501
2431.21143206 0.995424455999
2431.25229537 0.99872599567
2431.27272702 1.00787897118
2431.31359043 1.00372814589
2431.33402199 0.987119926202
2431.35445364 0.999465567428
2431.3748854 0.984695682141
2431.39531705 0.993472196579
2431.41574861 0.977367291243
2431.43618036 0.983961370084
2431.45661201 0.992760378844
2431.74265517 0.985302982034
2431.76308692 0.992625974265
2431.78351858 1.0074288429
2431.80395023 0.999945492917
2431.84481354 1.00559879804
2431.86524519 1.01646600948
2431.88567685 0.989645901775
2431.9061085 1.00774897124
2431.92654005 1.01638485528
2431.94697181 0.991711749521
2431.98783521 1.00756656023
2432.00826677 0.997989418296
2432.02869842 1.01093401391
2432.04913017 1.00218176055
2432.06956172 0.985679047202
2432.08999338 1.00452484545
2432.11042513 1.00318995509
2432.13085668 0.991156021534
2432.15128834 0.996448036676
2432.17172009 1.00073704929
2432.19215164 1.0186168952
2432.2125834 0.989384430055
2432.23301505 0.989672498125
2432.2534466 1.00431167907
2432.27387835 1.00426795799
2432.29431001 0.997037240769
2432.31474166 1.00002195776
2432.33517331 1.01491438198
2432.35560496 0.9888687749
2432.37603662 0.998662224975
2432.39646827 1.00567970068
2432.51905828 1.0031555159
2432.53948984 0.986720406265
2432.55992159 0.998743459317
2432.58035324 0.996145153206
2432.60078479 1.00941988808
2432.62121655 1.01184552313
2432.6416481 1.00884310731
2432.66207985 0.98204019326
2432.6825115 1.00776429426
2432.70294305 0.996542532921
2432.72337481 1.00348743098
2432.74380646 1.00266770996
2432.76423801 1.02472606396
2432.78466976 1.00242651829
2432.80510141 0.997212934181
2432.82553307 0.996628605392
2432.84596472 0.996852190101
2432.86639637 0.993514762821
2432.88682812 0.989520132729
2433.00941803 0.998846067182
2433.02984968 0.994693370358
2433.05028123 0.987589176683
2433.07071299 0.986613367154
2433.09114464 0.977460158275
2433.11157629 1.00681508265
2433.13200794 1.00939781955
2433.15243959 1.00839241967
2433.17287134 0.999181461173
2433.1933029 1.0103047052
2433.2341663 1.00725720085
2433.25459785 1.00324267432
2433.2750295 1.00650924754
2433.29546115 1.00972510803
2433.3158928 0.991399866707
2433.33632455 0.995438633285
2433.60193602 0.992306114037
2433.62236767 1.00260543847
2433.74495768 0.996050249027
2433.76538923 1.00224915067
2433.78582098 0.998003863066
2433.80625263 0.990183594307
2433.82668418 1.01671001913
2433.84711593 1.00652104003
2433.86754758 0.999561421354
2433.88797913 1.00350993251
2433.90841088 1.00774803174
2433.92884253 1.01338777875
2433.94927408 0.995679136388
2433.96970583 0.997157135168
2433.99013748 0.990020784568
2434.01056914 0.998499381262
2434.03100079 1.01247323034
2434.05143244 1.0134618115
2434.07186409 0.988768605592
2434.09229574 0.999697404084
2434.11272739 1.02632295981
2434.13315904 1.00694991299
2434.15359069 1.00969046931
2434.19445409 0.995196400037
2434.21488564 1.01713251055
2434.23531739 0.995473439899
2434.25574904 1.01453773851
2434.27618059 0.98759996145
2434.29661234 0.99408780056
2434.31704399 1.01115807434
2434.33747554 0.986228760098
2434.35790729 0.988879754281
2434.37833894 1.01121832834
2434.39877069 0.988971724744
2434.46006564 0.983335902389
2434.48049719 1.02426821322
2434.50092885 1.00810712933
2434.5213606 0.991414066656
2434.54179215 0.996159912361
2434.5622238 1.00975453331
2434.58265555 0.998629556291
2434.62351885 0.995812417518
2434.6439505 0.998800199991
2434.6848138 1.0017865063
2434.70524545 1.00637061007
2434.7256771 0.981639104884
2434.74610875 0.994039061437
2434.7665404 1.01240688147
2434.8074037 0.999577647468
2434.82783535 0.995071687675
2435.03215195 1.01316065318
2435.0525835 0.996307498387
2435.07301525 0.988415122515
2435.0934469 0.999524724834
2435.11387845 0.994630006422
2435.1343102 1.00033655155
2435.15474185 0.998566850793
2435.1751735 1.00245584505
2435.19560515 1.01260565319
2435.2160368 0.996924046611
2435.23646845 0.997662825256
2435.2569001 0.995665943251
2435.27733175 0.990690855002
2435.2977635 1.00020927277
2435.31819515 1.00533819902
2435.5020799 0.993258435369
2435.52251165 0.999420946632
2435.5429433 1.01020697947
2435.5838066 1.01752843499
2435.60423825 1.002618445
2435.6246698 1.00548959433
2435.64510155 0.996194168342
2435.6655332 1.00826249364
2435.68596495 0.986368019343
2435.7063965 1.00339647906
2435.72682815 0.999918807993
2435.7472599 1.01871396975
2435.7881231 1.00908958304
2435.80855485 1.00234573891
2435.8289864 0.984002499603
2435.84941805 1.00767113792
2435.8698498 0.986402923109
2435.9107131 1.00442379186
2435.9924397 0.999769178064
2436.01287135 0.98729763203
2436.033303 0.98025566698
2436.05373465 1.00575887643
2436.21718785 1.00348542721
2436.2376195 0.992313561802
2436.25805125 1.01532497652
2436.2784828 1.01878045832
2436.29891455 1.01646765626
2436.3193462 0.989210236565
2436.33977785 0.993446070862
2436.3602095 1.00554005046
2436.38064115 1.02383291702
2436.4010728 0.993661699045
2436.42150445 1.01289757886
2436.4419361 1.01100450572
2436.46236775 0.993987143064
2436.4827995 0.98641241539
2436.50323105 1.00470739608
2436.5236628 0.998902496809
2436.54409445 0.999404361823
2436.70754765 0.995085100267
2436.7279793 0.99624766502
2436.74841095 0.998566248576
2436.78927415 0.991139302547
2436.8097059 0.999660478993
2436.83013756 0.985038591901
2436.85056911 1.00646620861
2436.89143251 0.985390097729
2436.91186426 0.999901408022
2436.95272746 1.0095194064
2436.97315921 0.999864031804
2436.99359076 1.00007311197
2437.01402241 0.996466286143
2437.19790746 0.99494908819
2437.21833901 0.994825638577
2437.23877067 0.999417308937
2437.25920242 1.00388707581
2437.27963397 0.987010482913
2437.48395057 0.999601877124
2437.50438223 0.984506524003
2437.52481388 0.996054190127
2437.54524553 0.999783161394
2437.56567718 1.00093762285
2437.58610883 0.997134130338
2437.60654048 1.00432990387
2437.62697213 1.00496026524
2437.64740378 1.00017589321
2437.66783543 0.992649296852
2437.68826708 1.01522287505
2437.70869884 1.01469341986
2437.72913039 0.994896731498
2437.76999379 0.986026618715
2437.79042534 0.997474918654
2437.81085709 1.00056456585
2437.83128874 1.01070578593
2437.87215205 1.00655097926
2437.8925837 0.998083771946
2437.91301545 1.00636531762
2437.933447 0.999117821094
2437.95387865 0.993384051253
2437.9743104 0.994112240166
2437.99474195 0.995037435499
2438.0151736 1.00937011517
2438.17862692 0.990094161721
2438.19905857 1.00151299133
2438.21949022 0.997130009155
2438.23992177 0.984414573401
2438.26035352 1.00958693902
2438.28078518 1.02449306876
2438.30121673 0.993796111898
2438.32164848 1.00558399061
2438.34208013 0.999987805219
2438.38294344 1.00155770557
2438.40337509 1.01194164879
2438.42380684 1.009552965
2438.44423839 1.01057824076
2438.4851018 1.00592148587
2438.50553335 0.992936919683
2438.5259651 1.01814238126
2438.54639675 1.00643045013
2438.62812326 1.00001717442
2438.64855501 0.997785382222
2438.66898667 0.988361996169
2438.68941832 0.987994303306
2438.70984997 0.970896205331
2438.73028162 1.01158597618
2438.75071338 1.01354392923
2438.93459825 0.996560608907
2438.9550298 0.988632558396
2438.97546156 0.991829643668
2438.99589321 0.992822244207
2439.01632476 0.9897845854
2439.03675651 0.994042933546
2439.05718817 1.00789400846
2439.07761972 0.994516917305
2439.09805147 1.00205135834
2439.11848313 0.989664480124
2439.13891488 0.978321740864
2439.15934643 0.99025427593
2439.17977809 0.999963341357
2439.20020984 1.01589432547
2439.22064139 0.994753943784
2439.24107305 0.996759680409
2439.2615048 1.00475051671
2439.36366307 1.00336237269
2439.38409472 1.00171919081
2439.40452637 1.00932618965
2439.42495803 1.0060151794
2439.44538968 0.994231605609
2439.46582133 1.00993009667
2439.48625299 0.999268688782
2439.50668464 1.01346789493
2439.5271164 1.00818431833
2439.54754795 0.985795854141
2439.58841136 1.01834004782
2439.60884291 1.00903255819
2439.62927457 0.995671214971
2439.64970632 1.01504819805
2439.67013787 0.999130300229
2439.69056963 0.977612590566
2439.71100128 0.989255860799
2439.73143284 0.999813926398
2439.75186459 0.987104611154
2439.87445452 1.01379918652
2439.89488617 0.993931174452
2439.91531793 1.0067688557
2439.93574948 0.989989658961
2439.95618114 1.01600371041
2439.97661289 0.991884056662
2439.99704455 0.997818143175
2440.0174761 0.979317571494
2440.03790786 0.990746638161
2440.07877117 1.00363512379
2440.09920282 0.988832117561
2440.11963448 1.0116973542
2440.14006613 0.989693939427
2440.16049779 1.0150176188
2440.18092944 1.00337434226
2440.2013612 0.995069893745
2440.22179275 0.994095703999
2440.24222441 1.01262299007
2440.26265607 0.998015841641
2440.36481444 1.00053715651
2440.385246 1.01053797785
2440.40567765 0.99340761344
2440.42610941 0.993854847915
2440.44654097 1.00440786661
2440.46697272 0.983693844042
2440.48740438 1.01178701463
2440.50783594 0.971455483065
2440.52826769 0.998925168719
2440.569131 1.00777632908
2440.58956266 1.01029892988
2440.60999432 0.993601813051
2440.63042597 1.00263120406
2440.65085763 1.00530596821
2440.67128929 0.999348105619
2440.69172104 1.00198039732
2440.7121527 0.984538179449
2440.87560595 0.991802405365
2440.91646927 1.00961478045
2440.93690092 1.01449670035
2440.95733248 0.994105812917
2440.97776424 1.02102310359
2440.9981959 0.997244649469
2441.05949087 0.999377179407
2441.07992263 0.985944699983
2441.10035418 0.988054952609
2441.12078584 1.00211640569
2441.1412176 0.990247615633
2441.16164916 0.991498912983
2441.18208082 1.01025499362
2441.20251257 1.00177254783
2441.22294423 0.994581410433
2441.34553418 1.01405512626
2441.36596594 0.986649506367
2441.40682926 0.992369038052
2441.42726091 0.988346508897
2441.44769247 0.989167447622
2441.46812423 1.0023411104
2441.59071419 0.993726827021
2441.61114584 0.984533271344
2441.6315775 0.999140817401
2441.65200916 1.0032863075
2441.67244072 0.998019138093
2441.69287248 1.02679960312
2441.71330414 1.01859633496
2441.7337357 0.990781246316
2441.75416746 1.01904397256
2441.77459912 0.998027828469
2441.79503088 1.0000147875
2441.81546244 0.984510048331
2441.8358941 0.988792028627
2441.85632586 1.01414609864
2441.87675752 0.977133594453
2441.89718908 0.985656027283
2441.91762084 0.997242928115
2441.9380525 1.00963596181
2441.95848416 0.995738610018
2441.97891582 1.0190962233
2442.06064246 1.00501404814
2442.08107422 1.01196955294
2442.10150578 0.999953853826
2442.12193744 0.997487546678
2442.1423692 0.993278070247
2442.16280077 1.00233205242
2442.18323253 1.00430702074
2442.20366419 0.996400386771
2442.22409575 0.996724185546
2442.24452751 0.999817252314
2442.28539073 1.00657170334
2442.30582249 1.00809196623
2442.32625406 1.01725500628
2442.4079808 1.00500750287
2442.42841246 0.99961494502
2442.61229742 0.996981632249
2442.63272919 1.00442032466
2442.65316085 0.997729309829
2442.67359241 0.987701877866
2442.69402417 1.00295600288
2442.71445584 1.00873665712
2442.7348876 1.01036510192
2442.75531916 1.00025453771
2442.77575083 1.02102294423
2442.79618259 1.00697027126
2442.81661415 1.00815302644
2442.83704582 1.00016818306
2442.85747758 0.994046542727
2442.87790914 0.987358436709
2442.89834091 1.01478534275
2442.91877247 0.994017896872
2443.06179422 0.999846281596
2443.08222588 1.00108930299
2443.10265754 1.01233951644
2443.12308921 0.999642811718
2443.32740586 1.00655755178
2443.34783762 0.996149102298
2443.36826929 0.984818064622
2443.38870085 0.999560993179
2443.40913262 0.999643256235
2443.42956428 1.00001616135
2443.44999605 0.981572741502
2443.53172261 0.996854762006
2443.55215428 1.00051504489
2443.57258604 0.997159863534
2443.59301761 0.978533450879
2443.61344928 1.00411369003
2443.65431261 0.98578038411
2443.67474438 0.981343670108
2443.69517594 0.99574459715
2443.77690261 1.01227391915
2443.79733438 0.980880471496
2443.81776604 1.00977659066
2443.83819771 0.991594133929
2443.85862938 0.996335327277
2443.87906105 0.990109776703
2443.89949281 0.988136217865
2443.91992438 1.00689205559
2443.94035605 0.992950107263
2444.02208282 0.994653361654
2444.04251439 0.994555606352
2444.06294616 1.00953840858
2444.08337782 1.02186271064
2444.10380939 0.99478631377
2444.12424116 1.00760287895
2444.14467283 0.98003945484
2444.1651044 0.994222407954
2444.18553617 0.97143604765
2444.20596784 1.00970113411
2444.2263996 0.996228527874
2444.24683117 0.986951674856
2444.26726284 1.0103519348
2444.28769461 1.00623167128
2444.30812618 0.998893154919
2444.32855785 1.01331477779
2444.34898952 1.00890175587
2444.36942119 1.01900912914
2444.55330632 1.00481139905
2444.57373799 1.01340758906
2444.59416966 1.02545692436
2444.61460143 1.01216507904
2444.65546467 0.990288071585
2444.67589644 1.00038232551
2444.69632801 0.99927714493
2444.73719146 0.992061817151
2444.75762303 1.00246176524
2444.7780548 0.995718469314
2444.81891804 1.01148113596
2444.83934981 1.00491687537
2444.88021316 1.01278752284
2444.90064483 1.0026646824
2445.02323486 0.979069954524
2445.04366653 0.991926609169
2445.06409831 0.991689565295
2445.1458249 1.00345773889
2445.16625667 0.973719530581
2445.24798337 0.991482320767
2445.26841494 0.996750766342
2445.28884671 1.02196578744
2445.30927839 1.00289229897
2445.32971016 0.972686240671
2445.35014174 1.01007039154
2445.37057341 0.980110935477
2445.39100518 1.00467573874
2445.41143676 0.995496878015
2445.43186843 0.982588488413
2445.47273178 0.981849692488
2445.49316356 1.00948699228
2445.51359523 0.999191185848
2445.53402691 0.996772137395
2445.55445858 0.999224415108
2445.57489026 1.01731352131
2445.59532193 0.979770618039
2445.61575361 0.994016475488
2445.77920712 1.01404217504
2445.79963869 1.01814040797
2445.82007037 0.986003174849
2445.84050214 1.0015427435
2445.86093372 0.992174974235
2445.8813655 0.986477291115
2445.90179718 1.00077547712
2445.92222875 0.999067270277
2445.96309221 1.01340142531
2445.98352378 1.00635069574
2446.00395556 1.0085124868
2446.04481902 0.98014501124
2446.06525059 0.98680901218
2446.08568227 0.993190785154
2446.10611405 1.01029475454
2446.26956748 1.00598016835
2446.28999916 1.008897052
2446.31043084 1.01073790079
2446.33086252 1.00759713218
2446.35129419 1.01232823877
2446.51474763 0.990322294039
2446.53517931 0.996736781574
2446.55561109 0.999518731659
2446.57604267 1.00074360104
2446.59647446 0.990795348178
2446.61690614 0.993752252949
2446.63733772 1.02360374946
2446.6577695 0.998292507981
2446.67820118 0.998177830814
2446.69863276 0.993548751549
2446.71906454 0.993503810508
2446.73949622 0.997119884167
2446.7599279 1.00340153846
2446.78035959 0.998600510432
2446.80079127 0.989055405996
2446.82122305 1.00163029718
2446.98467651 1.01311824135
2447.00510819 0.990193917454
2447.02553988 0.984210845023
2447.04597156 1.0097792456
2447.06640324 0.995433973657
2447.33201524 1.00829749512
2447.35244682 1.01102341846
2447.37287861 0.986660454202
2447.39331029 1.00064399892
2447.41374198 1.02608408166
2447.43417366 1.0154393981
2447.45460535 0.990091579546
2447.47503703 0.997849482609
2447.49546872 0.994346091441
2447.51590041 0.997938232433
2447.53633219 0.997460515934
2447.55676388 1.00157997247
2447.57719547 1.00428561548
2447.59762725 1.01388053977
2447.61805894 1.00829567255
2447.63849053 0.996624711249
2447.69978569 1.00775671698
2447.72021737 0.992994098064
2447.74064906 1.008435239
2447.76108075 0.997908131709
2447.78151244 1.00755310079
2447.80194402 1.00288290375
2447.82237581 0.994549664359
2447.8428075 0.993301197208
2447.86323909 0.998579459653
2447.88367088 0.999742631749
2447.92453435 1.00822853598
2447.94496594 0.998704212729
2447.96539763 0.982723941015
2448.0266927 0.990299540545
2448.04712449 0.991404041415
2448.08798787 1.00045462888
2448.21057801 1.00660269622
2448.2310097 1.00031228513
2448.25144149 1.0074827679
2448.27187318 1.00889684955
2448.29230477 1.00539793952
2448.31273656 0.997012972587
2448.33316825 1.01710663456
2448.35359984 0.9899524737
2448.43532671 1.00612118957
2448.4557583 1.00693722619
2448.47619009 1.0153672241
2448.49662179 1.01077247344
2448.51705338 0.994017445005
2448.53748517 1.00466258059
2448.55791686 1.00297951699
2448.57834846 1.00088229292
2448.59878025 0.992682878626
2448.61921194 1.01182197661
2448.66007533 0.997326727731
2448.68050702 0.991008991552
2448.70093881 1.00290370581
2448.72137051 1.00108773201
2448.7418021 1.00515321064
2448.7622339 1.02219573845
2448.96655084 0.975156123474
2448.98698264 1.00189805726
2449.00741423 1.01057222305
2449.02784603 0.996380150968
2449.04827773 0.975982686541
2449.06870932 0.993297289081
2449.08914112 1.00810128536
2449.10957271 1.0011851265
2449.1912996 1.02059646167
2449.2117313 1.00662759139
2449.2321629 0.992850072285
2449.25259469 1.01557467518
2449.27302639 0.987634917882
2449.29345809 0.997559925754
2449.31388979 0.971329656699
2449.45691167 1.00514826382
2449.47734347 0.987533986771
2449.49777517 0.991273048255
2449.51820677 0.998655033925
2449.53863857 1.01536680972
2449.55907027 0.996899947618
2449.57950207 0.983447635484
2449.62036537 0.990742603023
2449.64079717 0.990272980047
2449.66122877 1.00238714511
2449.68166047 1.00480020086
2449.70209227 0.992887815582
2449.72252387 0.991086840892
2449.74295567 0.991841785312
2449.76338737 1.00339665117
2449.78381897 0.997146839365
2449.80425077 1.00201060593
2449.92684098 0.996552620111
2449.94727269 1.01040583859
2449.96770439 0.991801431184
2449.98813609 1.00398865012
2450.00856779 1.01887246061
2450.0289995 1.00330712929
2450.0494312 1.0014195444
2450.0698629 1.01467361633
2450.09029471 1.0095951101
2450.13115811 0.995180086953
2450.15158982 1.00921508571
2450.17202142 1.01137619384
2450.19245323 0.995050454687
2450.21288493 0.984669635812
2450.23331653 1.00965533459
2450.25374834 0.982041219029
2450.29461185 0.996837091729
2450.31504345 0.995149063134
2450.39677027 0.992839038713
2450.41720208 1.00122482021
2450.43763369 1.01057930926
2450.45806549 1.00074827895
2450.4784971 1.00629749089
2450.4989288 0.999550756622
2450.51936061 1.00151851377
2450.53979222 0.9978737465
2450.56022392 0.989727086175
2450.58065573 1.00097810448
2450.62151915 0.98250363656
2450.64195085 1.00896270164
2450.66238256 0.997988215915
2450.72367768 0.997478585077
2450.74410949 0.9944041597
2450.7645411 1.00838038535
2450.78497281 1.00155207785
2450.90756316 1.01621570832
2450.92799487 1.00936615403
2450.98929 0.999565574746
2451.00972181 0.984212760284
2451.03015342 0.988006507527
2451.05058513 1.00144285583
2451.11188027 0.995257368379
2451.13231198 1.01032762995
2451.15274369 1.01340769551
2451.19360711 0.989785291343
2451.21403882 1.0073580197
2451.23447064 0.997741559711
2451.25490225 1.00739426655
2451.29576577 1.00879429807
2451.31619749 1.00307349224
2451.35706091 0.990575178006
2451.37749263 0.980216094437
2451.39792434 1.00104441154
2451.41835605 1.00596931383
2451.43878777 0.989773241925
2451.45921958 1.00249311761
2451.47965119 0.999878980997
2451.50008291 1.0032485252
2451.52051472 1.0018625947
2451.54094634 0.997237436738
2451.6226733 0.988204392054
2451.64310501 0.991886065687
2451.66353663 1.00200117903
2451.68396844 0.992383845967
2451.70440016 0.997427269545
2451.72483198 0.992991673624
2451.74526359 0.996568380569
2451.76569531 1.01133159509
2451.78612712 1.00168699815
2451.80655874 0.981631738489
2451.82699046 1.00222985618
2451.84742217 0.997961757443
2451.86785389 0.998049389347
2451.88828571 0.987123244347
2451.90871733 1.00033911719
2451.92914904 0.987249208448
2451.94958086 1.0113165612
2451.9904442 1.00286504851
2452.15389805 0.993455598035
2452.17432987 0.984665369414
2452.19476149 0.995149111786
2452.21519321 0.990257886207
2452.23562503 0.990746396039
2452.25605665 1.00967718653
2452.27648847 0.991755427882
2452.29692019 1.00821682973
2452.31735181 0.985801500132
2452.33778363 1.00264096137
2452.35821536 1.00278432562
2452.37864708 1.00346080898
2452.41951052 0.99844548518
2452.46037396 1.02504583902
2452.48080569 0.984563160532
2452.50123741 1.01062492852
2452.62382785 0.985713888956
2452.64425947 1.00437676799
2452.6646913 1.00356381413
2452.68512302 0.999217363532
2452.70555464 0.988875866751
2452.72598647 1.00324170384
2452.74641819 1.00480578711
2452.76684982 1.022903499
2452.78728164 1.02139250297
2452.82814519 0.982168319449
2452.84857682 0.993436983638
2452.86900854 0.984848376814
2452.95073555 1.01647675592
2452.97116718 1.00504570824
2452.991599 0.984254295802
2453.01203073 1.00768697407
2453.03246236 0.989113183563
2453.15505282 0.990482541557
2453.19591628 1.00876035691
2453.21634801 0.991510644914
2453.23677974 1.01223856864
2453.25721147 1.00646333833
2453.29807493 0.998638931602
2453.31850666 1.00666725348
2453.33893849 0.998814487871
2453.35937012 1.00442153865
2453.37980195 1.00408770607
2453.40023368 0.998385716812
2453.42066531 0.996677200653
2453.44109714 1.00548304145
2453.46152887 0.985102134025
2453.4819605 1.01996661471
2453.50239233 1.01063659941
2453.52282406 1.00151642577
2453.56368753 1.00743118078
2453.58411926 0.987224344515
2453.60455109 1.00158545899
2453.62498272 1.00694706974
2453.64541446 0.995642596472
2453.68627792 0.988538063152
2453.70670975 0.995115972259
2453.72714149 1.0085935874
2453.74757322 1.01206866905
2453.76800496 1.00409415941
2453.80886842 0.995629593512
2453.82930016 0.998093265904
2453.84973189 0.999496976774
2453.87016363 0.99398325605
2453.89059536 0.988741565461
2453.9110271 0.99616046256
2453.93145893 0.984473830901
2453.95189057 1.0038045402
2453.9723223 1.00054195382
2453.99275414 0.992705559192
2454.07448098 0.991916555308
2454.09491282 1.01358929207
2454.1357762 1.00851613599
2454.15620803 1.00916604522
2454.17663977 1.01145449649
2454.19707141 0.988412257256
2454.21750325 0.989616646404
2454.23793498 1.01151538366
2454.25836682 1.00661557512
2454.27879846 1.01204451673
2454.2992302 1.0006177918
2454.31966204 0.995444892071
2454.34009368 0.983389747434
2454.36052542 1.00433628225
2454.38095726 0.997212574378
2454.401389 0.990758463362
2454.42182074 0.982242056039
2454.44225248 0.992034663443
2454.46268422 0.980742703618
2454.58527466 1.00245619683
2454.60570641 1.00712418135
2454.62613815 0.99113501532
2454.64656999 1.02194609016
2454.66700163 0.99944251174
2454.68743337 1.00270588142
2454.70786522 0.9884525652
2454.83045568 1.01978691688
2454.85088732 1.01562154156
2454.87131917 1.02625487533
2454.89175091 0.998454237471
2454.9326144 1.01082685767
2454.95304614 0.999942006041
2455.07563662 1.0202905356
2455.09606847 1.01947081203
2455.13693196 0.992391356202
2455.15736371 1.00238308763
2455.17779545 0.993510170241
2455.1982272 0.981806331931
2455.21865895 0.989614942644
2455.2390906 0.993124509127
2455.25952244 0.993095827823
2455.27995419 1.00061000606
2455.30038604 0.996037123928
2455.32081769 1.01019986196
2455.34124944 1.00905896615
2455.36168129 0.991988954797
2455.38211294 1.000038898
2455.40254469 0.978454691633
2455.42297654 1.01020652511
2455.46383994 1.00593329622
2455.54556704 0.990341551257
2455.56599869 1.00717799801
2455.58643054 1.00865474876
2455.60686229 0.988334857736
2455.62729405 0.98773607257
2455.6477258 0.981451166008
2455.66815755 1.00878494628
2455.6885894 0.99831683313
2455.70902105 1.01844912816
2455.79074807 0.977399438204
2455.85204343 0.99961755156
2455.87247518 1.00462631039
2455.89290694 1.0090486987
2455.91333869 1.02164809214
2455.93377045 0.99696532801
2455.9542021 0.996383972638
2455.97463396 0.998901204242
2456.01549757 0.996679027455
2456.03592923 0.990869136459
2456.05636098 0.987449497021
2456.07679284 1.00795323738
2456.09722449 1.00063763312
2456.11765625 0.963812197696
2456.13808811 1.02434640326
2456.15851977 1.00979203549
2456.17895152 0.994619933503
2456.19938338 1.00522556203
2456.21981504 0.989589179382
2456.26067865 1.01624268773
2456.28111041 1.01870177362
2456.30154217 1.00236836106
2456.32197393 0.99610498441
2456.34240569 0.997320355806
2456.36283745 0.998935623516
2456.38326921 1.00997809946
2456.40370107 0.983038257281
2456.42413283 0.996140877618
2456.54672339 0.997665651568
2456.56715516 0.997448543244
2456.58758692 0.995650104405
2456.60801858 1.01447605666
2456.62845044 1.02451476148
2456.6488822 1.0014882808
2456.66931387 0.992123965504
2456.68974573 1.00306387779
2456.71017749 0.990511831466
2456.75104102 0.972845814871
2456.77147278 0.999976970511
2456.79190465 0.997619303572
2456.81233631 0.997231800955
2456.83276808 1.00761424171
2456.85319994 1.01202217049
2456.87363161 1.02097629851
2456.89406347 0.996461739702
2457.0575176 1.01773058246
2457.07794947 1.01294118973
2457.09838113 1.00833515234
2457.118813 1.00715357869
2457.13924477 1.0228350301
2457.15967644 1.00600660119
2457.28226715 0.998737468044
2457.32313059 1.01021084107
2457.34356246 0.990907626886
2457.36399423 0.999641981127
2457.3844259 0.996641294247
2457.40485777 1.00686580607
2457.42528954 0.98789784065
2457.44572141 1.01846425155
2457.46615308 0.998824440347
2457.48658485 0.985672739097
2457.50701673 0.997943358598
2457.5274484 1.00564693383
2457.54788017 0.977557977592
2457.56831204 0.99199446145
2457.58874381 0.99002897794
2457.60917559 0.988719024514
2457.62960736 1.00102673684
2457.65003913 1.00136444487
2457.67047091 0.987944775251
2457.69090268 1.00029097489
2457.73176623 1.00806173003
2457.752198 0.977765354579
2457.77262988 0.987131899415
2457.79306165 1.01756740707
2457.81349333 0.986767013245
2457.8339252 1.00146176499
2457.85435698 1.00671819724
2457.87478866 0.988015509549
2457.89522053 0.983183360708
2457.91565231 0.994703887483
2457.99737942 0.984421719827
2458.01781119 1.0040246498
2458.03824287 1.00465180509
2458.05867475 1.01146277409
2458.07910653 0.988456926761
2458.09953821 0.985881585603
2458.11997008 0.996625830725
2458.14040186 1.01263592186
2458.16083374 0.990829950573
2458.18126542 0.970295652766
2458.22212908 1.01350153014
2458.26299254 0.981134846355
2458.28342442 0.994043338948
2458.3038562 1.01328004309
2458.32428798 1.00392350486
2458.34471977 0.992301357313
2458.36515155 0.999170329878
2458.38558333 0.999349682215
2458.40601511 1.01915520002
2458.48774234 0.999394811227
2458.50817412 1.00439858808
2458.52860581 0.997724905738
2458.54903769 1.00623499055
2458.56946947 0.998683889603
2458.58990116 1.01230286169
2458.61033304 1.00075374219
2458.63076473 0.994803247331
2458.65119651 0.998029786538
2458.6716284 0.987360214541
2458.69206008 1.00787812938
2458.71249197 1.00824075984
2458.73292375 0.991541872047
2458.75335544 1.01124973858
2458.77378733 1.01374907469
2458.79421911 0.988499825127
2458.8146509 0.975727109457
2459.01896888 1.00329720211
2459.03940067 0.984151186922
2459.05983246 0.988552221675
2459.08026425 0.999666381033
2459.10069614 0.999971350189
2459.12112783 1.00441167942
2459.14155962 1.00900439374
2459.16199151 0.997003829309
2459.1824232 1.00253785968
2459.20285509 0.99171981257
2459.22328688 1.00018118827
2459.24371858 0.987836252524
2459.26415047 1.00122140673
2459.28458216 0.996017090472
2459.30501395 1.00058668141
2459.32544585 0.996618730699
2459.34587754 0.987299377552
2459.36630943 0.997087635409
2459.38674123 0.9736762592
2459.4684684 0.985177976856
2459.4889002 1.00774775974
2459.50933199 0.992423776017
2459.52976379 1.01222379142
2459.55019558 0.980596460628
2459.57062738 1.01263646167
2459.59105927 1.00192081507
2459.61149107 0.986460211514
2459.63192277 0.973689486022
2459.65235466 1.01576502033
2459.69321816 0.99861484779
2459.71365005 1.01257977363
2459.73408185 0.992652979053
2459.75451365 1.00125965735
2459.77494545 1.00836630845
2459.79537725 0.987441555275
2459.81580915 0.996725703577
2459.83624084 1.00351130604
2459.85667264 1.00027291451
2459.87710454 0.991612014224
2459.95883164 1.0116817418
2459.97926354 1.01158784058
2459.99969525 1.01628072238
2460.02012705 0.996807417673
2460.04055895 0.996475677161
2460.06099065 1.01410792239
2460.08142255 0.990704890264
2460.10185435 1.01007624066
2460.12228606 1.02216713625
2460.14271796 1.00141003719
2460.18358157 0.991855165784
2460.20401337 0.996455932446
2460.22444517 1.00253560751
2460.26530888 1.00672860226
2460.28574059 0.991470272596
2460.30617249 1.01418489256
2460.3266043 1.02127993009
2460.347036 0.99927238149
2460.36746791 1.00711484168
2460.38789971 1.00345124655
2460.42876332 1.01435084025
2460.44919513 0.997989066757
2460.46962704 0.99875328379
2460.49005875 1.00395248277
2460.51049055 0.997169837252
2460.53092246 0.99048776494
2460.55135417 0.994020119628
2460.57178598 0.988776481135
2460.73524045 0.989669746408
2460.75567236 1.01849396821
2460.77610407 0.992832294418
2460.79653598 0.99741041274
2460.81696779 1.00010382254
2460.8373996 0.99035312313
2460.85783142 1.00329583178
2460.87826323 0.999115434843
2460.91912685 0.988540298088
2460.93955867 0.991730032855
2460.95999058 1.01541169084
2461.06214955 0.997640769927
2461.08258146 1.01133480195
2461.10301328 1.0120186547
2461.18474064 1.00600493198
2461.20517236 1.01744960603
2461.22560417 0.980192078277
2461.24603599 1.01342701612
2461.26646781 0.978713988948
2461.28689962 0.993180604237
2461.30733144 1.00161669552
2461.32776326 0.995887650563
2461.34819518 1.0061394272
2461.3686269 0.99803981137
2461.40949063 1.01323787697
2461.42992235 0.981713871876
2461.45035417 0.995616183936
2461.47078609 0.986687833105
2461.49121791 1.00990000377
2461.51164973 0.999070071981
2461.57294519 0.999462784154
2461.69553622 0.990065622296
2461.71596795 1.00979640064
2461.73639987 1.00563779256
2461.75683169 1.00121461882
2461.77726342 1.01125649047
2461.79769534 0.994305554251
2461.96115004 0.985719850761
2461.98158177 1.02172264611
2462.0020136 0.997525636509
2462.02244542 0.969666649339
2462.04287725 0.996713755969
2462.06330918 1.00558064883
2462.08374091 1.01412626861
2462.10417273 0.995540066564
2462.12460466 1.01337227823
2462.14503649 0.992872491393
2462.16546822 0.979501729866
2462.18590015 0.987870759182
2462.20633198 1.01185739893
2462.22676381 0.993565164548
2462.24719564 1.00487145849
2462.26762747 0.996002979308
2462.2880594 0.975492197782
2462.30849113 0.992957854984
2462.43108212 0.994014668858
2462.45151405 0.997480492143
2462.47194589 0.998234967689
2462.49237762 1.02059789574
2462.51280955 0.986785907868
2462.53324139 0.981429951633
2462.55367332 0.99434307173
2462.65583239 1.00170924774
2462.7171279 0.982975921757
2462.73755974 0.992692882969
2462.75799158 1.00353872217
2462.77842351 0.999734785372
2462.79885525 1.00238747337
2462.94187822 0.997120812326
2462.96231006 0.999011797818
2462.9827419 1.00943216495
2463.00317384 1.00074650593
2463.02360558 0.990684580192
2463.04403742 1.01584412061
2463.16662857 1.00478311387
2463.18706042 0.99887660332
2463.20749216 0.997829676755
2463.2279241 1.00326794911
2463.24835595 1.00791446066
2463.26878779 1.00068162018
2463.28921963 0.999748909684
2463.30965148 1.00206833376
2463.33008332 1.01753525991
2463.35051517 0.98510423206
