# #0 time, 1 flux
2306.65137206 0.996351003246
2306.67180411 0.994472617151
2306.69223626 1.02200136158
2306.7126682 1.03299968105
2306.73310035 1.00957791348
2306.75353229 1.05299323706
2306.77396434 0.974459697098
2306.79439648 1.04188526023
2306.81482843 1.04614398168
2306.83526047 1.02785520116
2306.85569262 1.0188463539
2306.87612456 1.00615376232
2306.8965566 0.990829305689
2306.91698874 0.970268441415
2306.93742078 0.982496868003
2306.95785283 1.01440266529
2306.97828487 1.04335928171
2306.99871691 1.01041553943
2307.01914895 0.979484391346
2307.03958099 0.995198363664
2307.06001302 1.01299911414
2307.08044516 0.990239672535
2307.1008771 1.00465143154
2307.12130914 1.05228034361
2307.14174128 1.02298145085
2307.16217321 1.00238827489
2307.18260535 0.970699353914
2307.20303739 0.992601312383
2307.22346932 0.956352410396
2307.24390146 0.985543755342
2307.26433349 0.99198557487
2307.28476543 1.02214679115
2307.30519756 0.996208270474
2307.32562959 0.980321090526
2307.34606153 0.976121512945
2307.36649366 0.925765273019
2307.38692569 0.984319348324
2307.40735772 1.03248702081
2307.42778976 0.97547353831
2307.44822179 0.960111074732
2307.46865382 0.991529811178
2307.48908585 1.0053887439
2307.50951788 0.935438177641
2307.59124609 1.00985512853
2307.61167802 1.01346671179
2307.63211005 1.00375348808
2307.65254218 1.039946381
2307.6729741 1.00539519826
2307.69340613 0.980269534688
2307.71383825 1.00818867884
2307.73427018 0.986077552385
2307.7547023 0.96382865086
2307.77513433 1.00163828926
2307.79556625 0.993608679933
2307.81599838 1.04023867661
2307.8364304 1.02415576171
2307.85686232 0.949852955249
2307.87729444 1.0260034878
2307.89772647 0.982439244572
2307.91815849 0.984504056928
2307.93859051 0.995762540052
2307.95902253 1.01749662214
2307.97945455 0.982370058547
2307.99988657 1.02919611312
2308.02031859 0.950964102331
2308.04075061 1.04036243721
2308.06118273 1.01515910835
2308.08161465 1.01367238459
2308.10204676 0.962684847627
2308.12247868 1.00972906286
2308.1429107 0.993284031701
2308.16334281 1.02650240638
2308.18377473 0.981815477771
2308.20420675 1.04688500564
2308.22463886 1.00214106037
2308.24507078 1.01016720597
2308.26550279 0.979276388067
2308.2859349 0.992089091745
2308.30636682 0.992431089994
2308.32679883 1.00865994739
2308.34723095 0.951174270377
2308.36766286 0.96992722045
2308.38809487 0.972634468366
2308.40852698 0.978092757724
2308.42895899 0.997996358708
2308.4493909 0.999408767057
2308.46982301 1.01887924746
2308.49025502 0.999814940919
2308.53111904 0.996305001456
2308.55155105 0.99193529239
2308.57198306 1.01970407594
2308.59241507 0.980250027149
2308.61284708 0.980369235092
2308.63327918 1.03609147979
2308.65371109 0.989391481987
2308.6741431 0.984012042992
2308.6945752 0.950721913008
2308.71500711 1.01243609541
2308.73543911 0.990627490471
2308.75587122 1.00494260023
2308.77630312 0.984429287164
2308.79673513 1.03454797328
2308.81716723 0.9418263893
2308.83759913 1.01017480337
2308.85803114 0.986847248191
2308.87846324 0.9818182275
2308.89889514 1.00830922655
2308.91932724 1.00644845467
2308.93975914 1.02967572445
2308.96019114 0.9831104069
2308.98062324 1.01964023403
2309.00105524 0.973383768037
2309.02148714 0.981694564867
2309.04191924 1.00699398643
2309.06235124 0.985673505285
2309.08278314 0.986340914987
2309.10321524 1.00065661716
2309.12364723 0.992777499444
2309.14407913 0.990837966262
2309.16451123 1.01169293675
2309.18494323 0.988498836767
2309.20537512 1.00792402173
2309.22580722 1.00680585868
2309.24623921 1.04797920506
2309.26667121 1.02063536347
2309.3075352 1.0105511658
2309.32796719 1.0301432013
2309.34839918 1.00098780479
2309.36883117 0.99318517429
2309.38926327 0.995188000444
2309.40969516 0.974617622105
2309.43012715 0.998837935374
2309.45055924 0.995400026556
2309.47099123 0.966496839348
2309.51185521 1.00047696601
2309.5322872 1.01906776246
2309.55271909 1.0375249072
2309.57315118 1.03054195525
2309.59358317 1.00730686147
2309.61401506 1.01709550356
2309.63444714 1.03732003226
2309.65487903 1.02651490201
2309.67531102 0.998255935525
2309.6957431 0.99135493396
2309.71617499 1.04483004278
2309.73660698 0.965966694369
2309.75703906 1.01891906697
2309.77747095 1.01033042351
2309.79790293 1.00765107289
2309.81833501 1.01788978539
2309.838767 1.02692689995
2309.85919898 0.995880557952
2309.87963096 0.987657324716
2309.90006295 0.958395744123
2309.92049503 0.979659479338
2309.94092691 1.00317811656
2309.96135889 1.02676017004
2309.98179097 1.03317208773
2310.00222285 0.987185863876
2310.02265483 0.998422033674
2310.04308691 0.989481533244
2310.06351879 0.93345828566
2310.08395077 1.05779508013
2310.10438285 0.971580599864
2310.12481473 0.971736669278
2310.14524671 0.975159081622
2310.16567878 0.971621278939
2310.22697471 0.978127670517
2310.24740659 0.991749420212
2310.26783856 0.996328160944
2310.28827064 0.932537396725
2310.30870261 0.962027901244
2310.32913459 0.938984723267
2310.34956656 0.952903950421
2310.36999844 0.910908909341
2310.39043051 0.962197417383
2310.41086248 0.943497976929
2310.43129435 0.906333829849
2310.45172643 0.908267898192
2310.49259027 1.00351599725
2310.51302234 1.02394589513
2310.53345431 0.977963169331
2310.55388618 1.00172740963
2310.57431825 0.994771529442
2310.59475022 1.00515052738
2310.61518209 0.975976809705
2310.63561416 0.995126817619
2310.65604612 1.00257093702
2310.67647809 0.949893632207
2310.69691006 1.01413826066
2310.73777399 1.00967144268
2310.75820606 1.10089381223
2310.77863792 1.07919886564
2310.79906989 1.07791185111
2310.81950195 1.05971380648
2310.83993382 1.0390156024
2310.86036588 1.02927083252
2310.88079785 0.988189375279
2310.90122971 1.0194764739
2310.92166177 0.995696997049
2310.94209374 0.986864559339
2310.9625256 1.00317542007
2310.98295766 1.04126211825
2311.00338962 0.967157361056
2311.02382148 1.0093070913
2311.04425354 1.0023697808
2311.0646855 1.04124594883
2311.08511736 1.01130849124
2311.10554942 0.993111357128
2311.12598138 1.021125629
2311.14641324 1.03480842896
2311.1668453 0.993850926438
2311.18727726 0.956729087499
2311.22814117 1.03010362566
2311.24857313 1.04604170636
2311.26900499 1.03837930314
2311.28943704 1.0299343068
2311.309869 1.08129191382
2311.33030085 1.03366601053
2311.35073291 1.05003128888
2311.39159692 1.05113590042
2311.45289278 1.00640221952
2311.47332463 1.02468722225
2311.49375658 0.992914645081
2311.51418864 0.987119677618
2311.53462049 0.988175390689
2311.55505244 1.0041763654
2311.57548449 0.969431077435
2311.59591644 0.947387636202
2311.61634829 0.97189047244
2311.63678034 0.949658167304
2311.65721229 0.949755897721
2311.67764414 0.972532892654
2311.71850814 1.01875740199
2311.73893998 1.00176127427
2311.75937203 1.0686905629
2311.77980398 1.01876510096
2311.80023583 0.993785738416
2311.82066787 1.02733613199
2311.84109982 1.01056946684
2311.86153176 1.05393711022
2311.88196371 1.05039224626
2311.90239555 0.983967453907
2311.9228276 1.01606230157
2311.94325954 0.995610630109
2311.96369139 0.972105976867
2311.98412343 0.986318176691
2312.00455537 0.98949609484
2312.02498732 0.954107091577
2312.08628314 0.941295809655
2312.10671508 0.950589029735
2312.12714702 0.901476824067
2312.14757896 0.868425208104
2312.168011 0.883949511315
2312.20887478 0.978477319983
2312.22930682 1.03856847834
2312.24973866 1.02727838316
2312.2701706 0.9970238566
2312.29060264 1.02337166359
2312.31103447 0.987678392844
2312.33146641 0.998910638352
2312.35189845 1.02947137476
2312.37233029 1.01019143426
2312.39276232 1.00769459679
2312.41319426 0.979828729716
2312.45405813 1.01407626488
2312.47449006 1.03202085721
2312.494922 1.03355293254
2312.51535393 1.06082445578
2312.53578586 1.01973584178
2312.5562178 0.984168810712
2312.57664973 1.02277424111
2312.59708166 1.00777543731
2312.67880929 0.997012040865
2312.69924132 1.01855555177
2312.71967325 1.0009389555
2312.74010508 1.10436523327
2312.76053711 1.02212029091
2312.78096904 0.999558972152
2312.80140087 0.969596536418
2312.82183289 1.00175316069
2312.84226482 0.996397165663
2312.86269675 1.01412936022
2312.88312868 0.992504856743
2312.9035606 0.981035871061
2312.92399263 0.951291189859
2312.94442446 0.945724073599
2312.96485638 0.945827593463
2312.98528841 0.961866108651
2313.00572033 0.972984114153
2313.02615216 0.939572643679
2313.04658418 0.964949361937
2313.06701611 0.946348557048
2313.08744793 0.933120003179
2313.10787995 0.927449744711
2313.12831188 0.921564137675
2313.1487437 0.93075875875
2313.18960764 1.03274030638
2313.21003946 1.04752440035
2313.23047149 1.00708179392
2313.25090341 0.985083906964
2313.27133533 1.01818728064
2313.29176725 0.990962649895
2313.31219917 1.03938413593
2313.33263109 1.01324376797
2313.35306301 0.973106281032
2313.37349492 1.00177986883
2313.4552226 0.996625469471
2313.47565451 1.02598392528
2313.49608643 1.0493831844
2313.51651844 1.04960451813
2313.53695026 1.01065073386
2313.55738218 1.04017146293
2313.57781419 1.03009007253
2313.59824601 1.00613427787
2313.61867792 1.03649884888
2313.63910993 1.01295289691
2313.65954175 1.02801989469
2313.67997366 1.02371226515
2313.70040567 0.992681770786
2313.72083749 0.978607288555
2313.7412694 1.02172238435
2313.76170141 0.981415931025
2313.78213322 0.996789372765
2313.80256513 0.996929696435
2313.84342906 0.974241298953
2313.86386087 0.955842275643
2313.88429288 0.974995587559
2313.90472478 0.95933938109
2313.92515669 0.965843748243
2313.9455886 0.959049258621
2313.96602051 0.96894907623
2313.98645242 0.940660019985
2314.00688433 0.928381789101
2314.02731623 0.97018914914
2314.04774814 0.906575604466
2314.06818005 0.89617049054
2314.08861195 0.877078849568
2314.10904386 0.883701942112
2314.12947576 0.861725366901
2314.17033958 1.05133941352
2314.19077148 1.03196789635
2314.21120338 1.01978826207
2314.23163529 1.02375748818
2314.25206719 1.05894092217
2314.27249909 1.02825523288
2314.292931 0.999732085365
2314.3133629 0.973678882624
2314.3337948 0.985964181255
2314.3542268 0.978959071274
2314.41552251 1.03019622567
2314.43595431 1.01589860869
2314.45638631 1.06863325019
2314.47681821 0.982994699119
2314.49725001 1.05882161048
2314.517682 1.00835526325
2314.5381139 0.995032459605
2314.5585457 1.03171861217
2314.5789777 0.975655456713
2314.5994096 1.00831064846
2314.61984139 1.00376212277
2314.64027339 0.975132415127
2314.66070529 0.991639346999
2314.68113718 0.983343218237
2314.70156908 0.983012350576
2314.72200098 0.986973546134
2314.74243287 0.98941814311
2314.76286477 0.967550115307
2314.78329666 1.03527029534
2314.80372855 1.03555896649
2314.82416045 0.973397260615
2314.84459234 0.948005426713
2314.86502413 0.963840847371
2314.90588802 0.989092246835
2314.92632001 0.998298251296
2314.9467518 1.01716593052
2314.9671837 1.05793141133
2314.98761569 1.02326459201
2315.00804748 1.0332616312
2315.02847937 1.03051922327
2315.04891136 1.05418397748
2315.06934315 1.04135832064
2315.08977504 1.04898646562
2315.13063881 0.986233654012
2315.1510707 1.0627540718
2315.17150269 0.982952294563
2315.19193458 0.995410334916
2315.21236637 1.03707666768
2315.23279835 0.99594513819
2315.25323024 0.973785393879
2315.27366203 0.983288749976
2315.29409401 1.0221406707
2315.3145259 0.989938686619
2315.33495768 0.987383548445
2315.35538967 0.975338412861
2315.39625354 1.04570039149
2315.45754919 1.01080464831
2315.47798097 1.03277078716
2315.49841285 1.04710406874
2315.51884474 1.05747531113
2315.53927662 1.04210287203
2315.5597085 0.988798579225
2315.58014038 1.01445526184
2315.60057226 0.988036179614
2315.62100414 1.000403555
2315.64143602 0.97126347348
2315.6618679 0.980728391238
2315.68229978 0.997502333086
2315.70273176 0.970092381688
2315.72316354 0.986604138911
2315.74359542 0.954139045273
2315.7640274 0.925336304555
2315.78445918 0.973884285687
2315.80489105 0.93877574502
2315.82532303 0.964160981389
2315.84575481 0.912688387269
2315.88661866 1.03486965022
2315.90705044 1.06090792773
2315.92748241 1.04484707864
2315.94791429 1.02094439855
2315.96834606 1.02980150566
2315.98877804 1.01678318393
2316.00920991 1.02521280533
2316.02964179 1.02291306451
2316.05007366 1.00665718764
2316.07050553 0.99851044757
2316.11136928 1.02666215054
2316.13180115 1.006976513
2316.15223302 1.04137517103
2316.17266499 0.998242554018
2316.19309677 1.01981748138
2316.21352864 1.0463606165
2316.23396051 1.00378160937
2316.25439238 0.972851933881
2316.29525612 1.03680619605
2316.31568799 0.996955836091
2316.33611996 0.946084198595
2316.37698359 0.987224655303
2316.39741556 0.951686057448
2316.41784733 1.00932503374
2316.47914293 1.03314446423
2316.4995748 1.03345803057
2316.52000676 1.01441869658
2316.54043863 0.977722159018
2316.60173422 0.984197234088
2316.62216599 0.978920079557
2316.64259795 0.965048738203
2316.66302982 0.962415698826
2316.68346158 0.94799526635
2316.70389354 0.995986950778
2316.72432541 1.07386381698
2316.74475717 0.946006122041
2316.76518913 0.974329956016
2316.78562099 0.953068031716
2316.80605295 0.932091921987
2316.82648472 0.950036915216
2316.86734854 0.988071114169
2316.94907588 1.05000095679
2316.96950774 1.07542658301
2316.98993969 0.967183956256
2317.03080331 0.981130544878
2317.05123517 0.993668403377
2317.07166703 0.977709973838
2317.09209888 1.02907901411
2317.11253084 1.00647204878
2317.1329626 1.00175747851
2317.15339445 0.959522267457
2317.17382641 0.992434237158
2317.19425816 1.00530062423
2317.21469012 0.986141700093
2317.23512197 0.993781272161
2317.25555373 0.944339573209
2317.31684929 0.938297739444
2317.3577131 1.03136633313
2317.37814495 1.0919975574
2317.3985768 1.00986220363
2317.41900865 1.09258720448
2317.45987236 1.02869180567
2317.48030421 1.02108310223
2317.52116791 1.05486595585
2317.54159976 1.02097878824
2317.56203161 1.00752363655
2317.58246356 0.997635514872
2317.60289531 1.00437897702
2317.62332716 1.02145576098
2317.64375911 1.00589277729
2317.66419086 0.959096563639
2317.6846228 0.975279893241
2317.70505465 0.975709696757
2317.7254864 0.963698731918
2317.74591835 0.956453207062
2317.76635009 0.910282189752
2317.78678194 0.952212204088
2317.80721388 0.945758842807
2317.84807748 0.99948195779
2317.86850942 1.06426458051
2317.88894117 0.989938036829
2317.90937301 1.00012514501
2317.92980495 0.974676709596
2317.9502368 0.975081360452
2317.97066854 0.986944614491
2317.99110049 1.01037956673
2318.01153233 0.986178470082
2318.03196407 0.964595688673
2318.05239601 0.935339265983
2318.0932596 1.00674984545
2318.11369154 1.01092389752
2318.13412338 1.04676393932
2318.15455532 1.02584056393
2318.17498706 0.99794692812
2318.1954189 0.938930400114
2318.21585084 0.992171876121
2318.23628258 0.962708240641
2318.25671442 0.992039752472
2318.27714636 0.956798186335
2318.35887361 0.989144860537
2318.37930545 0.878624534597
2318.39973739 0.952876938177
2318.42016922 0.982191592836
2318.54276014 0.970036264923
2318.58362391 1.0719420026
2318.60405564 1.00471110536
2318.62448758 1.00579138102
2318.64491941 1.01719873784
2318.66535114 1.10116194331
2318.72664664 1.04356839347
2318.74707857 0.95817081689
2318.76751041 0.986828202292
2318.8288059 1.02111766096
2318.84923773 0.994082707225
2318.86966966 0.991680210884
2318.89010139 1.00670755118
2318.91053322 0.997618076884
2318.93096515 0.952762904335
2318.95139688 1.05951357388
2318.97182871 0.96343810164
2318.99226064 0.966692353873
2319.01269236 0.978202325206
2319.03312429 0.934462908762
2319.07398785 1.07103919681
2319.09441977 1.0394347888
2319.1148516 1.03824888403
2319.13528333 1.06326395283
2319.15571525 1.02694135083
2319.17614698 1.04936562756
2319.21701073 1.00998782581
2319.23744245 0.983042120962
2319.25787428 1.00892570432
2319.2783062 0.997916301399
2319.29873803 1.00220938102
2319.31916975 0.978404767012
2319.33960167 0.968416930634
2319.3600335 0.982810543579
2319.38046522 0.957940295406
2319.40089714 0.97324604821
2319.42132896 1.00630270497
2319.50305635 0.899247488556
2319.52348807 0.940058834293
2319.56435181 1.00531578086
2319.58478353 1.0158459276
2319.60521535 0.977430924102
2319.62564727 0.953287414127
2319.64607899 1.00378971871
2319.66651081 0.945526517206
2319.68694273 0.982522191746
2319.70737455 1.05342213252
2319.72780626 1.0023835172
2319.74823818 0.984820533727
2319.76867 0.961374056118
2319.80953363 1.07210400387
2319.82996545 1.08937008081
2319.85039726 1.0358816639
2319.87082908 1.02208813762
2319.8912608 1.06801257897
2319.91169271 1.06632688001
2319.93212453 1.08246424874
2319.95255634 1.04347653125
2319.97298815 0.99203710364
2319.99341997 1.02845970401
2320.0342836 0.987796895836
2320.05471541 0.976055411982
2320.07514712 1.00396877275
2320.09557904 0.96742183363
2320.11601085 1.02102287058
2320.13644266 0.996110394859
2320.15687447 0.922903877031
2320.17730628 0.910021649222
2320.19773809 0.943202403337
2320.21816991 0.943874535473
2320.23860172 0.984695917158
2320.32032906 1.03094668711
2320.34076087 1.0633971112
2320.36119257 1.07460453196
2320.38162448 0.992895676205
2320.40205629 1.03636823766
2320.422488 1.04173092136
2320.44291991 1.02405226349
2320.46335171 0.977578536681
2320.48378342 1.02257691777
2320.50421533 0.986289507284
2320.52464714 0.985313512324
2320.54507894 1.00552126452
2320.56551075 0.977740841103
2320.58594255 1.0028033192
2320.60637436 0.968288840653
2320.62680616 0.999109250632
2320.64723797 0.982442826716
2320.66766977 0.981193354965
2320.68810158 0.932544955687
2320.70853338 1.01017882228
2320.72896519 0.966851880461
2320.74939699 0.959680424459
2320.7902607 0.994554405458
2320.8106924 1.0125277736
2320.8311242 1.04050112355
2320.8515561 0.992996427851
2320.87198781 1.00310253875
2320.89241961 0.982874169839
2320.91285151 1.03419397833
2320.93328321 0.986227285495
2320.95371501 0.995599255356
2320.97414691 0.984017988013
2321.01501041 0.986674107789
2321.03544231 0.960089728253
2321.05587401 1.00060674373
2321.07630591 1.00110175669
2321.09673771 1.02414255155
2321.11716951 0.948294526806
2321.13760131 0.94309956623
2321.1580331 0.952410566167
2321.1784649 0.893272978731
2321.1988967 0.959464633531
2321.2193285 0.930261068438
2321.23976029 0.93836344525
2321.28062389 1.01570695987
2321.30105568 1.03413494045
2321.32148758 0.998589946975
2321.34191927 1.03272648441
2321.36235107 1.03730432046
2321.38278287 0.98331556224
2321.40321466 1.0267305735
2321.42364635 0.979013321226
2321.44407825 1.03199029163
2321.46451004 1.00627548837
2321.48494194 1.00114626861
2321.50537363 0.984561233855
2321.52580542 0.968385425694
2321.54623732 0.95041326215
2321.56666901 1.01133163081
2321.5871008 0.983113879176
2321.60753269 0.989177075492
2321.62796448 0.974729552732
2321.64839618 0.960383532191
2321.66882807 0.979562578256
2321.68925986 0.990735900518
2321.70969155 0.950261554828
2321.73012344 0.963204125429
2321.77098692 1.05585325986
2321.79141881 0.994606070809
2321.8118506 1.03665587332
2321.83228229 1.01163081228
2321.85271418 0.991185809018
2321.87314597 1.05568798078
2321.89357785 1.06774209924
2321.91400954 1.0320114418
2321.93444133 1.04251406486
2321.95487322 0.99253337166
2321.99573669 0.972673817143
2322.01616858 0.977665972701
2322.03660026 1.01112296132
2322.05703205 1.00638955966
2322.07746384 1.00174900578
2322.09789562 0.981247021167
2322.13875929 0.982135893238
2322.15919098 0.976547548481
2322.17962276 0.970605860895
2322.20005465 0.931623743744
2322.26135 1.06755439986
2322.28178168 1.03868113765
2322.30221356 0.992762647688
2322.32264535 1.05206894388
2322.34307703 1.02475060828
2322.36350891 1.03054320881
2322.38394069 0.984079506439
2322.40437238 0.985103215882
2322.42480426 1.02447190451
2322.44523604 1.01347368634
2322.46566782 0.966035018248
2322.4860996 0.999095052932
2322.50653138 0.985300823498
2322.52696316 0.978456885228
2322.54739494 0.966879455391
2322.56782672 0.970405334465
2322.5882585 0.965387988978
2322.66998571 1.0098974347
2322.69041739 0.92668019023
2322.71084927 0.915048271259
2322.75171272 0.9917364195
2322.7721446 1.03472639299
2322.79257628 1.01761298723
2322.81300805 0.992359777979
2322.83343993 1.03279112212
2322.85387161 1.00904962061
2322.87430338 0.99707250687
2322.89473526 1.01177877405
2322.91516693 1.07517235398
2322.93559871 0.993280624603
2322.97646236 1.02300581549
2322.99689403 0.970577184172
2323.01732591 0.995215831384
2323.03775768 0.976187519851
2323.05818945 0.959260726603
2323.07862123 0.980797611335
2323.099053 1.18297004641
2323.11948477 0.965047817304
2323.13991654 0.986211563226
2323.16034832 0.994405067145
2323.18078019 0.93426659894
2323.20121186 0.933368853761
2323.2420755 0.976550024818
2323.26250717 1.03232330967
2323.28293894 1.01626381032
2323.30337081 1.0055220843
2323.32380248 1.01034683324
2323.34423425 1.00024250517
2323.36466612 0.976112805884
2323.38509779 0.996252241531
2323.40552956 1.02451854085
2323.42596143 1.06900336252
2323.4463932 0.957895406744
2323.46682497 1.02235647639
2323.48725674 0.94346317499
2323.5076884 1.00179481425
2323.52812027 0.969037864837
2323.54855204 0.97614801688
2323.56898371 0.97602047564
2323.58941557 0.970037973068
2323.60984734 0.967385338872
2323.63027901 0.935121417789
2323.65071087 0.941394932791
2323.67114264 0.972470749076
2323.6915743 0.920686301319
2323.79373323 0.998130806505
2323.81416509 1.005941614
2323.83459676 1.02728745127
2323.85502852 1.01628177174
2323.87546038 1.01908260815
2323.89589205 0.993890733196
2323.91632381 1.01710643259
2323.95718734 1.03705362608
2323.9776191 0.985001277752
2323.99805096 0.967000603488
2324.01848272 1.00942422774
2324.03891438 1.06226982354
2324.05934624 0.961536536964
2324.079778 1.05557491981
2324.16150495 0.995942517807
2324.24323208 0.989518413093
2324.26366384 0.979064766797
2324.2840956 1.00520481621
2324.30452736 1.02153664624
2324.32495902 1.02235684103
2324.34539088 1.00472437551
2324.36582263 0.961743902636
2324.38625439 1.01525371609
2324.40668615 1.03049474265
2324.44754966 1.01497235344
2324.46798152 0.978794719014
2324.48841317 0.947727720769
2324.50884493 0.976583202144
2324.52927678 0.98073300434
2324.54970844 0.986781850803
2324.5701403 0.981176303716
2324.59057205 0.957429664983
2324.61100371 0.989870305784
2324.63143556 0.937300807363
2324.65186731 0.953208712256
2324.67229897 0.964611584422
2324.71316258 1.02203619837
2324.77445783 1.02631883542
2324.79488949 1.03190815375
2324.81532134 1.02004819752
2324.83575309 1.05164423531
2324.85618484 1.03108680125
2324.8766166 1.0294400778
2324.89704835 1.03423197769
2324.93791195 1.02137698178
2324.9583436 0.994588473383
2324.97877535 0.977023315958
2324.9992071 0.952030645935
2325.01963885 0.97869162713
2325.0400707 0.986485122064
2325.06050235 1.02499828444
2325.0809341 0.973476806573
2325.10136595 0.944034449134
2325.1217976 0.99499277908
2325.14222935 0.935448723857
2325.16266119 0.947135055819
2325.20352459 1.01872730671
2325.22395644 1.01039229409
2325.24438809 1.05880295228
2325.26481983 1.00962431134
2325.28525168 0.982878206889
2325.30568343 1.02223316343
2325.32611517 1.00034926201
2325.34654722 1.04585014552
2325.36697897 0.992119392281
2325.38741071 1.02941561797
2325.4282741 0.980945000014
2325.44870595 1.01780266494
2325.46913769 0.995074764319
2325.48956934 0.952118463177
2325.51000118 0.999783034426
2325.53043293 0.981506973647
2325.55086457 0.958498867117
2325.57129641 1.01026224065
2325.59172816 0.970993543602
2325.6121598 0.973255057422
2325.63259164 0.948199096171
2325.73475046 1.0122681465
2325.7551821 0.963769892557
2325.77561384 0.945881109456
2325.79604568 1.02206566905
2325.81647732 1.01021940888
2325.83690906 1.07450952481
2325.8573409 0.988895031996
2325.91863612 0.992750201844
2325.93906786 1.02093368322
2325.9594995 0.974017385042
2325.97993134 0.985547529514
2326.00036308 1.00979449968
2326.04122656 0.93823466185
2326.0616583 0.966300378018
2326.08209014 0.974690255649
2326.10252177 0.993507930736
2326.12295351 0.992415521934
2326.14338525 0.983335509615
2326.20468046 1.03182084301
2326.2251122 1.01538549061
2326.24554393 1.03969438339
2326.26597567 1.05089361186
2326.2864074 1.0419896561
2326.30683914 1.00503111766
2326.32727088 1.02333299141
2326.34770261 1.04795350334
2326.40899782 1.02618527306
2326.42942965 1.02277872655
2326.44986138 0.995081299433
2326.47029302 0.985570771007
2326.49072485 0.977619098445
2326.51115659 1.15004881502
2326.53158822 1.00598386621
2326.55202005 0.959469349374
2326.57245179 1.00562228556
2326.59288342 0.971347577126
2326.61331525 0.970552249751
2326.63374698 0.96354305625
2326.65417862 0.9711549322
2326.67461045 0.990220262019
2326.69504218 0.940923451708
2326.71547391 0.981869647526
2326.73590564 0.994017183439
2326.75633737 0.977593609927
2326.81763256 0.970944420994
2326.83806439 0.929980955383
2326.85849602 0.947377448399
2326.87892775 0.924288526471
2326.91979121 1.0331598939
2326.94022294 1.05359385182
2326.96065477 0.98441620921
2326.9810864 1.01554534602
2327.00151813 1.01101731741
2327.02194996 1.02705380278
2327.04238158 1.08550719943
2327.06281331 0.991014898659
2327.08324514 0.997675861518
2327.10367677 0.985257846775
2327.12410849 0.972736678347
2327.14454032 1.01160179332
2327.16497195 0.957370311393
2327.18540377 0.949414703438
2327.2058355 0.901456855504
2327.22626723 1.0155325463
2327.26713068 0.923317365973
2327.2875624 0.936060945051
2327.30799413 1.00233100637
2327.32842585 0.916197186208
2327.34885758 0.946915163469
2327.3692894 0.9689689002
2327.41015275 0.990559617489
2327.43058458 0.996009647071
2327.4510162 0.986803751363
2327.47144792 1.01310376631
2327.49187975 1.02526935796
2327.51231137 0.985072892491
2327.53274319 0.987731936507
2327.55317492 0.995487008022
2327.57360654 1.01139509241
2327.59403836 0.999776614147
2327.61447008 0.961041261905
2327.6349017 1.02372893804
2327.65533353 0.993227956218
2327.67576515 0.913954035389
2327.69619687 0.970800757233
2327.71662869 0.970861711068
2327.75749203 0.966880214836
2327.77792385 0.939004078527
2327.79835557 0.915639058642
2327.81878719 1.0027940104
2327.83921901 0.925217005024
2327.85965073 0.944719959295
2327.90051417 1.0402810441
2327.92094589 1.01764115852
2327.94137771 1.02654255884
2327.96180933 1.01701766405
2327.98224105 1.04020022068
2328.00267287 1.01384459708
2328.02310448 1.04251551648
2328.0435362 0.996035187284
2328.06396802 1.00485307607
2328.08439964 1.04983329666
2328.10483135 0.992438947501
2328.14569479 0.934471571779
2328.1661265 0.966706441506
2328.18655832 0.92898153177
2328.20699004 0.943522631786
2328.22742165 0.934204033334
2328.24785347 0.992115190297
2328.26828519 0.987625497847
2328.2887169 0.94324569869
2328.30914862 1.00186410808
2328.32958033 1.00140340385
2328.35001205 0.942398759276
2328.39087538 1.06017117965
2328.41130719 1.03314115102
2328.4317389 0.983059183599
2328.45217052 1.01657852529
2328.47260233 1.00077516038
2328.49303405 1.09075482646
2328.51346566 1.04079966572
2328.53389747 1.02479502461
2328.55432919 0.957247385159
2328.5747609 0.995072384517
2328.59519261 1.00569540059
2328.61562432 0.940986360915
2328.63605614 0.961206305608
2328.65648775 1.02517453676
2328.67691946 0.994624324111
2328.69735127 0.966573244793
2328.71778288 0.960746511344
2328.73821459 0.948649548847
2328.7586464 0.979628569083
2328.77907812 0.959055213576
2328.79950973 0.960263666772
2328.81994154 1.00005137753
2328.88123667 1.04187608144
2328.9425318 1.05368073561
2328.9629635 1.037087987
2328.98339531 0.999792104774
2329.00382692 1.01318841526
2329.02425863 0.993870461695
2329.06512205 0.983574489113
2329.10598546 0.962244054691
2329.12641717 1.03030872116
2329.14684888 0.968674778299
2329.16728059 1.00276543386
2329.18771229 1.01512126107
2329.208144 1.03799929535
2329.22857581 0.985192515177
2329.24900741 0.999668308045
2329.26943912 1.01459025073
2329.28987092 1.0329257749
2329.31030253 0.975233741077
2329.33073434 0.962869906144
2329.41246116 1.01099757828
2329.43289276 0.985229216333
2329.45332457 1.03473471321
2329.47375627 1.1334196319
2329.49418788 1.03815775224
2329.51461968 1.01380397692
2329.53505138 1.00208457468
2329.55548299 0.982049319084
2329.57591479 1.02262911249
2329.59634649 0.976037981943
2329.6167782 0.902896508718
2329.6372099 0.97183295424
2329.6576416 0.967823397418
2329.67807341 0.951997437938
2329.69850511 0.988698758296
2329.71893671 0.979389460261
2329.73936851 1.04333448839
2329.75980021 0.989003315082
2329.78023182 1.06425251838
2329.80066362 0.974561304945
2329.82109532 0.989113472787
2329.86195872 0.991150611678
2329.88239032 1.02297361023
2329.90282202 0.976665486043
2329.92325382 1.04416834642
2329.94368542 1.02647670174
2329.96411712 1.02178080913
2329.98454892 0.98270350012
2330.00498052 0.993309417673
2330.02541232 0.956670618367
2330.04584402 0.982682637206
2330.06627572 0.938823647622
2330.10713912 1.00072311086
2330.12757082 1.02175996726
2330.14800252 1.03515140543
2330.16843421 1.04000065256
2330.18886591 1.07409072457
2330.20929771 0.990218672216
2330.22972931 0.984739960033
2330.25016101 1.01550647294
2330.2705928 1.01981960614
2330.33188789 1.0049739617
2330.35231949 0.978562538707
2330.37275129 0.993444631517
2330.39318298 0.954327585812
2330.41361458 0.980490400699
2330.43404638 1.02174720036
2330.45447807 1.00566862434
2330.47490967 0.933456204149
2330.49534146 0.985579155089
2330.51577316 0.987259451698
2330.53620485 0.964148887084
2330.55663655 0.958906495533
2330.57706824 0.967958322126
2330.59749984 0.970002296172
2330.61793163 0.959228960294
2330.63836333 0.944315549379
2330.65879492 1.01431570188
2330.67922671 0.902087875832
2330.69965841 0.955256841008
2330.7200901 0.983190565357
2330.7405218 0.959438023676
2330.76095349 1.00016357584
2330.78138528 0.972108372514
2330.80181687 1.02223882021
2330.84268036 0.984297258802
2330.86311195 1.01325226001
2330.88354364 1.01518634134
2330.90397544 1.01992059507
2330.92440703 1.02192409404
2330.94483872 1.01995648522
2330.96527051 1.00063177513
2330.9857021 1.03514712511
2331.00613379 1.02022988237
2331.02656559 0.990510928008
2331.04699728 1.06817677882
2331.06742897 1.00140248071
2331.08786066 1.00071691856
2331.10829235 1.00302549993
2331.12872404 1.04721306919
2331.14915573 0.972116154992
2331.16958742 1.02173846826
2331.19001911 1.01681985304
2331.2104508 0.979054628452
2331.23088249 1.00023695247
2331.25131418 1.00896642823
2331.27174587 0.976744345956
2331.29217755 0.993383165979
2331.31260924 0.957780806534
2331.33304093 1.0036202597
2331.35347252 0.974156075248
2331.37390431 0.922696587078
2331.394336 0.963694679632
2331.41476778 0.972804043361
2331.43519937 1.0699376808
2331.45563106 0.963720150729
2331.47606285 1.02320121285
2331.49649443 0.950315673621
2331.51692612 0.971739339355
2331.53735791 0.97492940951
2331.57822118 0.959234516865
2331.59865297 0.925001993038
2331.61908465 0.998054984046
2331.63951624 0.969283158066
2331.65994803 0.992219411782
2331.68037971 0.976763445842
2331.7008114 0.926910621093
2331.72124308 1.02452736978
2331.74167477 1.00294076927
2331.76210655 0.928790060568
2331.84383319 1.01943368534
2331.86426488 1.00434329128
2331.88469666 1.0195438338
2331.90512825 0.986496643764
2331.92555993 0.981264257213
2331.94599171 0.993978781159
2331.9664233 0.987594244822
2331.98685498 1.03751392149
2332.00728666 1.06224133361
2332.02771835 1.0066209855
2332.06858171 0.998732857562
2332.08901339 1.04147831964
2332.10944518 1.02309871895
2332.12987686 1.08999813834
2332.15030844 1.06635793711
2332.17074022 1.0250906215
2332.19117191 0.999731900666
2332.21160349 1.02201082684
2332.27289853 1.06577749237
2332.29333031 1.01548738067
2332.31376199 1.02558141171
2332.33419357 0.982551842944
2332.35462536 0.989727330355
2332.37505704 1.01687193863
2332.39548882 0.995712929297
2332.4159204 1.0057348869
2332.43635208 1.00515064522
2332.45678386 1.01386681724
2332.47721544 1.03049647442
2332.49764712 0.986935797733
2332.51807889 0.993551541995
2332.53851047 0.982895406578
2332.55894215 0.982914064131
2332.57937393 0.963520781214
2332.59980561 0.995188732898
2332.62023719 0.964439572094
2332.64066897 0.962463439153
2332.66110065 0.995974209281
2332.68153222 0.992402502786
2332.701964 1.00284278448
2332.72239568 0.977479719661
2332.74282736 0.997757133744
2332.76325904 1.00190734412
2332.78369071 0.978326102343
2332.80412239 0.95138193566
2332.82455407 0.976019601606
2332.84498565 0.997528589813
2332.90628068 1.00064812991
2332.92671245 1.0126238638
2332.94714413 1.01462608498
2332.9675758 0.966688764788
2332.98800748 1.01385613587
2333.00843916 0.977530499215
2333.04930251 0.980568957208
2333.06973418 0.992908989496
2333.09016596 0.97588943379
2333.11059763 1.01327310149
2333.13102921 1.00259496658
2333.15146098 0.950211125153
2333.17189266 0.918842766804
2333.19232423 0.986175296296
2333.21275601 0.999506279026
2333.23318768 1.02556170221
2333.25361925 0.974607480926
2333.27405103 1.0103270703
2333.2944827 0.99894355721
2333.31491428 0.968706314173
2333.33534605 1.00969915144
2333.35577772 0.991952063499
2333.3762095 1.02890566789
2333.39664107 1.0229063809
2333.41707274 1.01490356926
2333.43750452 0.997239148826
2333.45793609 0.990889907777
2333.47836776 1.01450102457
2333.49879943 0.974491995832
2333.51923111 0.975968524483
2333.53966278 1.0422056813
2333.56009445 1.04214292547
2333.58052612 0.985879855312
2333.60095779 1.03781327191
2333.62138956 0.977648055187
2333.64182114 1.00099973395
2333.66225291 1.00970024315
2333.68268458 1.00772160794
2333.70311615 1.00247323615
2333.72354792 0.948262793706
2333.74397959 0.942402822287
2333.76441116 0.980139904173
2333.78484293 0.996144513503
2333.8052746 1.00554486648
2333.82570617 0.993536276821
2333.84613794 1.02139993985
2333.86656961 0.984725547167
2333.88700118 0.993687135191
2333.90743295 0.999928607581
2333.92786462 1.01682393853
2333.96872796 1.03182053499
2333.98915963 0.979158456226
2334.03002297 0.983751942029
2334.05045464 1.02010709098
2334.0708864 0.994156436338
2334.09131807 1.01197333783
2334.11174964 1.02430376365
2334.13218141 1.01345716023
2334.15261308 0.991604046168
2334.17304465 1.04776522004
2334.19347641 0.984995737366
2334.21390798 1.03002847171
2334.23433965 1.01842876935
2334.25477142 0.988766541169
2334.27520298 1.00796076549
2334.29563475 0.997641599945
2334.31606642 0.99725231875
2334.33649798 1.00164347621
2334.35692975 1.00641431203
2334.37736142 1.02340917253
2334.39779298 1.02216438053
2334.41822475 0.991384877174
2334.43865642 0.997651123121
2334.45908808 0.972898602476
2334.47951975 1.04969964399
2334.49995141 1.01792883043
2334.52038308 0.998694659329
2334.54081474 1.01429763275
2334.56124641 0.992497058821
2334.58167818 0.987882772848
2334.60210984 0.989180919811
2334.62254141 0.987840319863
2334.64297317 1.01017030911
2334.66340484 0.968042546497
2334.6838364 0.998787079134
2334.76556316 0.972442743553
2334.84728981 1.00092513284
2334.9085848 1.01950414527
2334.92901657 1.03813429499
2334.94944813 1.09840994468
2334.96987979 0.999951374774
2335.01074312 0.996253376329
2335.03117478 0.975781980823
2335.05160644 0.986937142439
2335.0720381 0.96056923604
2335.09246977 1.03772068387
2335.11290143 0.997297162729
2335.13333309 0.97584332969
2335.15376475 0.983211852918
2335.17419651 0.99708388516
2335.19462808 0.994703305096
2335.21505984 0.988654054132
2335.29678648 0.959299854953
2335.31721804 1.01071112303
2335.3376498 0.993946940644
2335.35808146 1.0392206267
2335.37851302 1.00579431186
2335.39894478 1.00709388969
2335.41937644 1.04752330224
2335.4398081 1.02395909836
2335.46023976 1.02862961896
2335.48067142 0.951090346003
2335.50110318 1.06800363934
2335.52153474 0.976672040302
2335.5419664 1.03840783302
2335.56239816 0.96731250587
2335.58282982 1.01785344935
2335.60326138 1.00841652148
2335.62369314 1.00606503042
2335.6441248 1.01856002968
2335.66455636 0.979375178645
2335.68498812 0.984994253214
2335.70541967 1.00582690466
2335.72585133 0.99200616614
2335.74628309 1.03237618116
2335.76671465 1.05647809856
2335.78714631 1.06587472197
2335.80757807 0.998146053972
2335.82800962 0.957769113962
2335.84844138 0.987895367008
2335.86887304 1.02886162384
2335.8893046 1.01781744486
2335.90973635 0.993886920495
2335.93016801 1.00784858461
2336.01189464 0.97104280563
2336.0323263 0.986985812993
2336.05275795 0.9956791333
2336.07318961 0.992103815361
2336.09362127 0.999168406444
2336.11405292 0.966906485283
2336.13448468 0.976745700931
2336.15491633 1.00040448122
2336.17534789 0.975230186254
2336.19577965 1.00789336639
2336.2162113 1.00492139397
2336.23664286 1.0010530649
2336.25707461 0.97648206562
2336.27750627 1.0071553599
2336.29793782 0.993750428837
2336.31836958 1.0279989608
2336.33880123 0.984699386203
2336.35923279 1.00200958436
2336.37966454 0.987253608636
2336.4000962 0.985417984979
2336.42052785 1.01077374012
2336.44095951 1.00970507345
2336.46139106 1.01212281087
2336.48182282 1.0203601897
2336.50225447 1.02132133795
2336.52268612 0.994450517554
2336.54311778 1.01318838007
2336.56354943 1.01863445696
2336.58398109 0.996990274587
2336.60441274 0.967975417883
2336.62484439 0.994595215308
2336.64527605 0.951445959569
2336.6657078 0.997952929013
2336.68613935 1.02457233372
2336.70657111 0.969760920622
2336.72700276 1.00974262678
2336.74743431 0.978597048197
2336.76786606 0.988646122743
2336.78829772 0.989975697854
2336.80872927 1.03282313565
2336.82916102 0.998974739615
2336.84959267 1.01133453006
2336.87002423 1.04592799486
2336.89045598 1.00362054208
2336.91088763 0.991730407978
2336.93131918 1.02636357977
2336.97218259 1.01154373599
2336.99261434 1.03619610452
2337.01304589 0.975005033882
2337.03347754 0.981206876432
2337.05390929 0.981685642326
2337.07434094 1.0197872508
2337.09477249 0.960050925077
2337.11520415 0.971471409916
2337.1356359 0.996747567302
2337.15606745 0.946467710044
2337.23779415 1.01122911397
2337.2582257 0.962060512924
2337.27865745 0.999394494027
2337.2990891 0.984802456351
2337.31952065 1.0137370952
2337.3399524 1.02217271731
2337.36038405 0.990291824266
2337.3808156 1.04275130583
2337.40124735 1.00655537959
2337.421679 0.991876280522
2337.44211055 1.00877918593
2337.4625423 1.04465320052
2337.48297395 1.00894142263
2337.5034056 1.01618128256
2337.52383725 1.02285826018
2337.5442689 1.01842887776
2337.56470054 0.999975930748
2337.58513219 0.960645995313
2337.60556384 0.964847094746
2337.72815373 0.957430121802
2337.74858548 0.977603786966
2337.76901713 1.0044621459
2337.78944868 0.999799526481
2337.80988042 0.983730233424
2337.83031197 0.978949642944
2337.85074362 0.971385402487
2337.87117537 0.984105982781
2337.89160701 0.983148105857
2337.91203866 1.01093461565
2337.9733336 1.00863911163
2337.99376525 0.996477657834
2338.0141969 1.0013066169
2338.03462854 0.97694253088
2338.05506019 0.977540781811
2338.07549184 1.0110531163
2338.09592348 0.971454281135
2338.11635513 0.995072545289
2338.13678677 1.00204715837
2338.15721852 1.01803684603
2338.17765007 0.998324655252
2338.19808181 1.06065150477
2338.21851346 1.01170209185
2338.23894501 1.02675726895
2338.25937675 1.03941933298
2338.2798084 1.01059557978
2338.30023994 1.01014887788
2338.32067169 1.0137298354
2338.34110333 1.00372990252
2338.36153488 0.998473680042
2338.38196662 1.04537240876
2338.40239827 1.01605503763
2338.44326156 0.985613830906
2338.4636932 1.00197532619
2338.48412495 0.975422609236
2338.50455649 0.966484081355
2338.52498814 1.00136405015
2338.54541988 0.991782648871
2338.56585143 1.02436051524
2338.58628307 0.999987757685
2338.60671472 0.956823749528
2338.62714636 1.0190322612
2338.647578 0.978253981
2338.66800975 1.00893462991
2338.68844129 0.979706403746
2338.70887294 1.0518865987
2338.72930468 1.01873537544
2338.74973622 0.956151514467
2338.77016797 1.00256025142
2338.79059961 0.964141237833
2338.81103115 1.00855969454
2338.8314629 0.972984065599
2338.85189454 1.0328775428
2338.87232608 1.04493754463
2338.89275783 1.01907821464
2338.91318947 1.00884673343
2338.93362101 1.00668872263
2338.95405276 1.02932832179
2338.9744844 1.05317608389
2338.99491614 1.00446524601
2339.01534768 1.04976994013
2339.03577933 0.997631027703
2339.05621107 1.01083261528
2339.07664261 1.00962154395
2339.09707425 0.997371670755
2339.117506 1.02816313838
2339.13793764 0.997966681836
2339.17880092 0.965635007603
2339.19923256 0.95670946968
2339.21966411 0.966700049226
2339.24009585 0.990114667312
2339.26052749 1.04928524175
2339.28095913 0.951512770805
2339.30139077 0.992327372796
2339.32182231 0.97668891591
2339.34225406 0.961008026468
2339.3626857 0.942985788209
2339.38311724 0.971391516677
2339.40354898 0.986800369339
2339.42398062 0.977801946483
2339.44441216 1.00573699673
2339.4648439 0.979603297955
2339.48527554 0.969573386183
2339.50570718 0.962663973099
2339.52613882 0.999626724123
2339.54657047 0.942585363583
2339.56700221 0.994361567951
2339.58743375 0.989520710933
2339.60786539 0.989350374894
2339.62829713 0.990882749113
2339.64872867 0.99608256615
2339.66916031 1.01484091983
2339.68959205 0.998436084325
2339.71002369 0.993182655048
2339.73045523 0.996858188209
2339.75088697 1.00138799973
2339.77131861 1.02174419606
2339.79175015 1.00639430572
2339.81218189 1.02285474615
2339.83261353 0.999831032165
2339.85304527 0.995326939129
2339.91434018 1.04357919346
2339.93477172 1.01130591792
2339.95520336 1.02842384076
2339.9756351 1.0079908489
2339.99606664 1.0543639513
2340.01649828 1.0451313675
2340.03692992 1.0431106984
2340.05736156 1.01097327609
2340.0777932 1.06721494706
2340.09822484 1.01886977481
2340.11865647 1.08680636246
2340.15951985 0.957046486388
2340.17995139 0.978188921362
2340.20038313 1.03764910034
2340.22081477 1.00551977117
2340.2412463 0.951726402288
2340.26167804 0.971273913025
2340.28210968 1.01465883221
2340.30254122 0.994793025358
2340.32297296 1.00563466033
2340.34340459 1.04308557122
2340.36383633 0.989422915475
2340.42513125 1.0185765051
2340.44556278 0.974563655688
2340.46599442 0.965758255032
2340.48642616 0.990722576308
2340.54772107 1.00189568413
2340.56815261 1.00263398646
2340.58858425 0.980381147684
2340.60901598 1.00406046559
2340.62944762 1.01560345516
2340.64987926 1.00776842985
2340.67031089 1.0115929068
2340.69074253 1.01271935132
2340.79290071 0.995386376023
2340.81333225 0.973363734765
2340.83376399 1.03194874434
2340.85419562 1.020427741
2340.87462716 1.04952482432
2340.89505889 0.973437336363
2340.91549053 0.960385326132
2340.93592227 0.992811119912
2340.9563538 1.01845046737
2340.97678544 0.997844782098
2340.99721718 0.994235146179
2341.01764871 0.99417674499
2341.03808035 0.983239873006
2341.05851208 0.978783183732
2341.07894362 0.984669930428
2341.09937525 1.00697185924
2341.11980699 1.04584422387
2341.14023863 1.04317982216
2341.16067026 1.07822388485
2341.22196517 1.00234238593
2341.2423968 0.994314326767
2341.26282844 1.02081957113
2341.28326007 1.0731793904
2341.30369171 0.984761944848
2341.32412334 0.961087415556
2341.34455508 0.983723078701
2341.36498661 0.986351328157
2341.38541825 1.03450331454
2341.40584988 0.97301071761
2341.42628152 1.01317153726
2341.44671325 1.0044775592
2341.46714479 0.987534587983
2341.48757642 1.04310047304
2341.50800816 1.03218789552
2341.56930306 1.02712606115
2341.58973459 1.08495193601
2341.61016623 0.987452315819
2341.63059796 1.03278617537
2341.6510295 1.00183019426
2341.67146123 1.03774295571
2341.69189286 1.02440970385
2341.7123245 1.02708897307
2341.73275613 0.943410637239
2341.75318777 1.03499070823
2341.7736194 1.04967275323
2341.79405103 1.03316077019
2341.81448267 1.04194562157
2341.8349143 1.03184939623
2341.8962092 0.990288758633
2341.91664094 1.0098177425
2341.93707247 0.948398025756
2342.0187991 1.01482660082
2342.03923074 0.975057049206
2342.05966227 0.927079911475
2342.080094 0.966327982657
2342.10052564 0.974512251622
2342.12095717 0.969189722258
2342.1413889 0.979311717158
2342.16182053 1.00870529172
2342.18225217 0.958985012741
2342.2026838 0.988060414746
2342.22311543 0.98357480414
2342.24354707 0.968197677592
2342.2639787 1.01009830728
2342.28441033 0.978918195094
2342.30484196 0.949751384485
2342.3252736 0.995890493623
2342.34570523 0.938543582245
2342.36613696 0.991998195976
2342.38656849 0.999573575337
2342.40700013 0.970047279193
2342.42743186 0.997380963347
2342.44786339 0.96182724604
2342.46829512 0.955798240367
2342.48872676 0.97308267561
2342.50915829 0.931227646267
2342.52959002 1.00518049511
2342.55002165 1.01465951243
2342.57045318 0.984434723416
2342.59088492 0.997219726135
2342.61131655 1.04448126159
2342.63174808 1.00341267577
2342.65217981 0.994803559648
2342.67261144 1.1000784338
2342.69304318 0.983064700135
2342.71347471 0.998099275286
2342.73390634 1.00606980777
2342.75433807 1.05864224244
2342.7747696 1.00015027651
2342.79520124 0.983049550896
2342.81563287 1.01542440093
2342.89735939 1.02634914058
2342.91779112 1.03342996301
2342.93822276 1.0161447792
2342.95865429 0.996650764235
2342.97908602 1.01877950073
2342.99951765 0.967061284538
2343.01994918 1.03828893728
2343.04038091 1.15076454692
2343.06081254 1.07387546222
2343.08124407 1.02470785816
2343.10167581 1.02587527234
2343.12210744 0.988268065316
2343.14253897 1.02201124269
2343.1629707 1.03063618077
2343.18340233 1.00110190431
2343.20383406 0.979648364465
2343.22426559 1.01612764304
2343.24469722 0.9988770744
2343.26512895 0.994889998751
2343.28556048 0.990717298344
2343.30599212 0.987398115433
2343.32642385 0.962141732275
2343.34685548 1.01414096483
2343.36728701 1.00767248778
2343.38771874 1.02411731154
2343.40815037 0.978698708649
2343.428582 0.99158461067
2343.44901363 1.03160946348
2343.46944526 1.02731058495
2343.48987699 1.08423494889
2343.51030852 1.0359196937
2343.53074015 1.02560058267
2343.55117178 0.952489389558
2343.57160341 1.01819950841
2343.59203504 1.0137311912
2343.61246667 1.02575564681
2343.6328983 1.00435748905
2343.65333003 0.989083887486
2343.67376156 0.996163477384
2343.69419319 1.00215661461
2343.71462492 1.04206194456
2343.73505645 0.998479180187
2343.75548808 1.00933926566
2343.77591981 1.03071840886
2343.79635134 1.10512980124
2343.8372147 0.94559372326
2343.85764633 1.0531381896
2343.87807786 0.970473061342
2343.89850959 0.994580904176
2343.91894122 0.964832500396
2343.93937285 0.956424991457
2343.95980448 0.972247993657
2343.98023611 0.975857177052
2344.00066784 0.997846704892
2344.02109937 0.937538169353
2344.041531 0.978658081497
2344.06196273 0.913042659631
2344.08239426 0.946177018886
2344.10282589 0.953852464402
2344.12325762 0.955538274395
2344.14368915 0.959996759351
2344.16412088 0.959075587529
2344.18455251 0.943255722442
2344.20498404 0.94071616861
2344.22541577 0.97305263199
2344.2458474 0.978417972805
2344.26627893 0.962749714862
2344.28671066 1.00978664014
2344.30714219 1.03830081706
2344.32757392 0.992895419175
2344.34800555 1.02487040569
2344.36843708 1.0238946078
2344.3888688 1.01037616788
2344.40930043 0.998750770239
2344.42973206 0.950149557953
2344.45016369 0.97887577947
2344.47059532 1.01808871538
2344.49102695 0.992120115059
2344.51145858 1.03058662225
2344.53189021 1.03065373015
2344.55232184 1.0380117721
2344.57275357 0.983048864725
2344.5931851 0.998241124357
2344.61361673 1.01757775583
2344.63404845 0.983313860635
2344.65447998 0.966526018738
2344.71577487 0.990401925656
2344.75663823 0.927102909988
2344.81793312 1.02302826165
2344.83836474 1.03614806986
2344.85879637 1.01315744818
2344.879228 1.01812788606
2344.89965973 1.05582766761
2344.92009126 1.02580087965
2344.94052289 1.05486976501
2344.96095452 1.02585046548
2344.98138615 1.0301309421
2345.00181778 1.06478621201
2345.06311266 1.09313946048
2345.08354439 1.07008475232
2345.10397592 0.991771498581
2345.12440765 1.00717294374
2345.14483928 0.985488939486
2345.1652708 1.06273255933
2345.18570253 1.07529764183
2345.22656569 0.987216024505
2345.24699742 1.00802144636
2345.26742905 0.989836977026
2345.28786058 1.00939372097
2345.30829231 0.991665637067
2345.32872393 0.997426650237
2345.34915566 0.973060306048
2345.36958719 1.00653644862
2345.39001882 0.994654906469
2345.41045055 1.05460095156
2345.43088208 1.02647831941
2345.45131371 0.995464247732
2345.47174543 1.04851235959
2345.49217706 1.00358677658
2345.51260859 0.995504451608
2345.53304032 1.00496507157
2345.55347195 1.03087311767
2345.5943352 0.976534284267
2345.61476683 0.922049539288
2345.63519846 0.970745701685
2345.67606172 0.947652201264
2345.69649335 0.942245285453
2345.71692497 0.890297437556
2345.7373566 0.874758041868
2345.75778823 0.870797890593
2345.79865139 0.987667757589
2345.81908312 0.986510176523
2345.83951475 1.03576369346
2345.85994647 1.01454845718
2345.880378 0.974686316049
2345.90080963 0.968849821248
2345.92124136 1.01361227999
2345.94167289 1.05616755404
2345.96210452 0.974141176307
2345.98253624 0.99991306363
2346.00296777 1.00956914325
2346.04383113 1.0463543633
2346.06426276 0.974058941576
2346.08469439 0.978708135569
2346.10512601 1.0167834889
2346.12555764 1.01111543285
2346.14598927 1.01613990168
2346.1664209 0.946448208299
2346.18685253 0.979649468473
2346.20728426 0.985231307535
2346.22771578 1.02008097299
2346.24814741 1.0070847578
2346.28901067 1.01810892842
2346.35030555 0.964221629933
2346.37073728 0.941379202858
2346.39116891 0.977476217299
2346.41160044 0.979302098763
2346.45246369 0.936897172144
2346.47289532 0.924643107966
2346.49332705 0.892097358657
2346.53419031 1.00704071979
2346.55462194 1.01476400424
2346.57505356 0.998294230391
2346.59548519 0.995606933015
2346.61591682 0.956529107201
2346.63634845 1.0193297932
2346.65678008 0.938097069854
2346.67721171 0.935132831263
2346.69764333 0.976936225941
2346.71807506 0.929209508468
2346.73850659 1.05193996834
2346.77936995 1.04618784829
2346.79980148 1.01415424932
2346.8202332 1.03749675755
2346.84066483 1.02560684836
2346.86109636 1.03028152971
2346.90195972 0.969145443383
2346.92239125 0.974396098212
2346.94282297 0.993298932544
2346.9632546 1.00511213108
2346.98368633 1.01134596175
2347.00411786 0.993753708679
2347.02454949 1.00194825007
2347.04498112 0.989672689022
2347.06541274 0.963257379084
2347.08584437 0.959017425113
2347.12670763 0.906903080701
2347.16757089 0.878892296692
2347.18800252 0.904356219533
2347.20843424 0.904865849159
2347.22886577 0.922337211354
2347.26972913 0.945720968395
2347.29016076 0.993836522551
2347.31059229 1.05447697289
2347.33102401 1.02142245982
2347.3923189 0.953991398576
2347.45361379 0.922491626554
2347.47404541 0.937154308347
2347.51490867 1.06606285054
2347.5353403 1.021326049
2347.57620356 1.0367085114
2347.59663519 1.00822408432
2347.61706692 0.965135549749
2347.63749844 1.01121668818
2347.65793017 1.00210048126
2347.6783618 1.00779658863
2347.69879343 0.988913603372
2347.71922506 1.06864981566
2347.76008832 1.01789523245
2347.78051995 1.01756144039
2347.80095157 0.972001527036
2347.8213832 1.05799645572
2347.84181483 1.01614466551
2347.86224646 0.934267713948
2347.88267819 0.976361304324
2347.90310972 0.990101079319
2347.92354135 1.0109902711
2347.94397308 0.995903975107
2347.96440461 1.02314780158
2348.00526796 0.992943292097
2348.02569949 1.00490334632
2348.04613112 0.982914214239
2348.06656285 1.04171084947
2348.08699438 1.0243629675
2348.10742611 0.996488290063
2348.12785774 1.00826044676
2348.14828927 1.02201668537
2348.168721 1.01626756687
2348.18915263 1.0155000576
2348.20958425 0.93167796334
2348.25044751 0.959408764017
2348.27087914 0.970287500725
2348.29131077 1.01887738897
2348.3117424 1.00219223387
2348.33217413 1.04803156146
2348.35260576 0.94280331448
2348.37303729 0.993865939337
2348.39346902 1.02030341094
2348.41390065 1.00631569359
2348.43433218 1.0219866332
2348.45476391 0.970406653224
2348.49562707 0.965652289263
2348.51605879 0.93119919845
2348.53649032 1.01316340474
2348.55692205 1.02392296586
2348.57735368 0.927943776562
2348.59778521 1.04334086453
2348.61821694 0.983679857978
2348.63864857 0.995006974283
2348.74080672 1.00684278022
2348.76123835 1.04797372878
2348.78167008 0.991278221021
2348.80210161 1.00579735866
2348.82253324 0.973147820261
2348.84296497 1.0088432169
2348.8633965 0.991154385428
2348.88382813 0.927112524982
2348.90425986 0.993793571422
2348.98598638 1.04126345189
2349.08814453 0.977945079652
2349.10857616 0.989286197125
2349.16987115 0.978911910156
2349.19030268 0.914496044452
2349.23116604 0.994900371891
2349.25159757 0.993382171402
2349.2720292 0.971332736959
2349.29246093 1.0568820954
2349.31289247 1.07541580223
2349.3333241 0.983872081028
2349.35375583 1.01362983923
2349.37418736 0.961187801072
2349.39461909 0.998867977554
2349.47634561 1.05734093038
2349.49677724 1.06470222912
2349.51720887 1.01982881227
2349.5376405 1.00015498117
2349.55807213 0.9770760482
2349.57850387 1.00537057371
2349.5989354 0.947714763469
2349.61936713 1.04528692982
2349.63979876 1.01091315842
2349.66023029 0.905943595808
2349.68066202 1.0019135545
2349.76238855 0.957184328447
2349.78282028 1.0264190283
2349.80325181 1.05856604029
2349.82368344 1.01278029946
2349.84411517 1.01717647648
2349.8645467 1.00743472133
2349.88497834 0.949636528603
2349.94627323 0.974757171161
2349.96670486 0.957990584693
2349.98713649 0.953111456169
2350.00756823 1.02121707435
2350.02799976 0.999896151464
2350.04843139 0.945267423871
2350.08929475 0.981596988226
2350.13015802 0.962465914933
2350.21188454 0.951988847007
2350.23231628 0.970325607118
2350.25274781 0.94927065607
2350.27317944 0.989853471286
2350.29361117 1.00208499075
2350.31404271 0.99275338987
2350.33447434 1.04756067828
2350.35490607 1.02265166791
2350.3753376 1.02722631191
2350.39576934 1.03490187133
2350.41620097 1.01243502505
2350.45706423 1.02096082793
2350.47749587 1.08806593008
2350.4979274 1.04439080782
2350.51835913 1.06993277951
2350.53879077 1.07668233651
2350.5592224 0.995678804982
2350.57965403 0.975973816619
2350.60008566 0.986705983647
2350.6205173 1.04057949132
2350.66138056 1.01847162887
2350.6818122 1.02278006647
2350.70224383 0.993124372273
2350.72267546 0.994087814159
2350.7431072 1.03123968932
2350.78397046 0.930526058257
2350.82483363 1.01030575256
2350.84526536 0.913634275518
2350.865697 0.974052868996
2350.88612853 0.938604968958
2350.90656026 0.892476137533
2350.94742343 0.969821297709
2350.96785517 1.02381193869
2350.9882868 0.994468813825
2351.00871853 1.02611067918
2351.0495817 1.01714466223
2351.07001344 0.935128853492
2351.09044497 0.96310448058
2351.1108766 0.922411621022
2351.13130834 0.851486088696
2351.15173987 0.868909686778
2351.19260324 0.957295448424
2351.21303488 0.983818256462
2351.23346651 0.988367085537
2351.25389815 1.07757154857
2351.27432968 1.03663268229
2351.29476141 1.01666262984
2351.31519305 0.968923255696
2351.33562468 0.976457442616
2351.35605632 0.982089015024
2351.43778286 0.984430215797
2351.45821459 1.00310869197
2351.47864613 0.964862513389
2351.49907776 0.983415079473
2351.5195095 1.00688449634
2351.53994103 0.959240747431
2351.56037267 1.00685686112
2351.58080441 0.955481175098
2351.60123594 0.979220944507
2351.62166768 0.988400108359
2351.70339422 1.01680555498
2351.74425749 1.00075405356
2351.78512086 1.02434496415
2351.8055524 1.01752177185
2351.82598403 0.990188591947
2351.84641577 0.965358208842
2351.86684741 1.02270750719
2351.88727894 0.947891692348
2351.90771068 1.02819548251
2351.92814232 0.981188209769
2351.94857385 0.99836601394
2351.96900559 1.03412051807
2351.98943723 0.998231148493
2352.00986886 0.97858138839
2352.0303005 0.997740061771
2352.05073204 1.04117604509
2352.07116377 0.989080252379
2352.09159541 0.952072992498
2352.17332206 1.03463448572
2352.19375359 1.05328758014
2352.21418523 1.04331044115
2352.23461697 0.998453877148
2352.25504851 1.0045103299
2352.27548014 0.9542798442
2352.29591188 1.00093541726
2352.31634342 0.963027314109
2352.33677506 0.989992715058
2352.35720679 0.965021590963
2352.37763843 0.986849292582
2352.41850171 1.03008745516
2352.43893335 0.997657887358
2352.45936498 1.00806058774
2352.47979662 1.05340474959
2352.50022826 0.979099113099
2352.5206599 0.961219634576
2352.54109154 1.00318030192
2352.56152327 1.02851491072
2352.58195491 0.943918687482
2352.60238645 0.928144617687
2352.62281819 0.966033990042
2352.66368137 0.960939441657
2352.68411311 0.96688848885
2352.70454464 1.06954517535
2352.72497638 1.02475440897
2352.76583956 0.954380608345
2352.7862713 0.910810489029
2352.80670294 0.931407374687
2352.82713448 0.853464695513
2352.84756622 0.838126632356
2352.86799786 0.85973341617
2352.90886114 1.08558490435
2352.92929278 1.04962160356
2352.94972452 1.02794677394
2352.97015606 1.04880066469
2352.9905877 1.04733157337
2353.01101944 1.10284038389
2353.03145097 1.05697930279
2353.05188261 1.09209266283
2353.07231435 1.04294014695
2353.092746 1.05650579552
2353.11317764 1.08974198699
2353.13360928 1.03468115367
2353.15404092 0.996751035148
2353.17447256 1.01430111457
2353.1949042 0.918535929734
2353.21533584 0.972855513898
2353.23576758 0.979588234944
2353.25619912 0.97881365503
2353.27663076 0.979276239916
2353.2970625 0.915314162468
2353.31749404 1.00420021661
2353.33792578 0.972279387418
2353.35835742 0.960747874145
2353.41965225 0.940377663916
2353.44008389 0.994621971986
2353.46051563 0.993110492123
2353.50137891 0.989344872456
2353.52181055 0.973685428574
2353.5422421 0.926125179712
2353.56267384 0.911203018919
2353.58310548 0.897530309664
2353.60353712 0.829846363152
2353.66483215 1.10183346668
2353.68526369 1.06106494497
2353.70569533 1.0672583589
2353.72612708 1.06508583215
2353.74655872 1.03989961056
2353.76699026 1.02912409927
2353.787422 1.05138301647
2353.80785365 1.03846364585
2353.82828519 1.01084902805
2353.84871693 1.03963592365
2353.86914858 0.998002582977
2353.88958032 1.00333532785
2353.91001186 1.01710633607
2353.9304435 1.0018001838
2353.99173843 0.956174580111
2354.01217018 0.992390247437
2354.03260172 1.08883591224
2354.05303347 0.984909511271
2354.07346501 0.954679861247
2354.09389665 0.952604010914
2354.13475994 1.01974859309
2354.15519159 1.01680872528
2354.17562333 1.00326651027
2354.19605487 0.993225068273
2354.21648652 1.0085006772
2354.23691826 0.998561489552
2354.25734991 0.941604160145
2354.27778155 0.969647212863
2354.2982132 0.987000618058
2354.31864484 1.00169755471
2354.33907649 0.968483409084
2354.37993978 1.11550553362
2354.40037152 1.07502428308
2354.42080307 1.06634977205
2354.44123481 1.06265870546
2354.482098 1.03076205279
2354.50252975 1.03529260541
2354.52296139 1.03641610163
2354.54339294 1.04264658485
2354.56382469 1.06022684922
2354.58425633 1.01188393887
2354.60468808 0.99967638952
2354.62511962 1.01618700718
2354.64555127 0.919030493553
2354.66598292 1.0052961792
2354.68641456 0.987370040118
2354.70684621 0.989462062841
2354.72727786 0.975112295732
2354.7477095 0.946378243501
2354.7885728 0.935525696787
2354.87029938 1.00333372936
2354.89073113 1.0246688093
2354.91116268 0.961612560249
2354.93159433 0.954398755726
2354.97245772 0.907225384722
2354.99288937 0.943274518139
2355.01332102 0.871714290075
2355.03375267 0.875380039663
2355.05418441 0.815945553489
2355.07461596 0.921126832179
2355.11547936 1.06905172521
2355.13591091 1.01717618286
2355.15634265 1.03390709478
2355.1767743 1.01512183309
2355.19720585 0.949678135285
2355.2176376 1.0128516845
2355.2993642 0.949994032688
2355.31979575 0.95928763298
2355.36065914 0.976469302905
2355.38109089 1.01353397044
2355.40152244 1.02970174086
2355.42195409 0.97945386117
2355.44238574 0.98866339681
2355.48324904 0.912247122909
2355.50368069 0.895665818306
2355.52411234 0.857323817978
2355.54454409 0.801412139693
2355.60583904 1.01111507585
2355.6262707 1.00234668036
2355.64670225 1.064710129
2355.667134 0.966583622902
2355.68756565 0.999552780317
2355.7079973 0.982639004559
2355.72842895 0.960316054042
2355.7488606 0.986086064162
2355.76929235 1.02790594569
2355.7897239 0.987476687304
2355.81015556 1.00515113934
2355.85101886 1.06890103476
2355.87145051 1.08266853403
2355.89188226 1.09253198814
2355.91231381 1.06407461027
2355.93274557 1.0406858035
2355.95317722 1.08974546386
2355.97360877 0.990525694915
2355.99404052 1.0368891778
2356.01447218 1.09314196492
2356.03490383 1.01500880429
2356.05533548 0.995649455827
2356.07576713 1.06959204668
2356.09619879 1.03134218099
2356.11663044 1.02225459883
2356.13706209 0.982801028034
2356.15749375 0.973431683872
2356.1779254 0.946448331596
2356.19835705 0.98044161077
2356.21878871 0.946731607815
2356.36181029 1.08360093615
2356.38224204 1.04460157212
2356.4026737 0.992028449825
2356.42310525 1.01205529437
2356.443537 0.992659974102
2356.50483197 0.997261679828
2356.52526362 0.951221000672
2356.54569538 0.956786639381
2356.58655859 1.04401694135
2356.60699035 1.04457531582
2356.6274219 1.04742484142
2356.64785366 1.09879544296
2356.66828531 1.06019851242
2356.68871687 1.01864953454
2356.70914863 1.01375268176
2356.72958028 1.01720643154
2356.75001194 0.998830421511
2356.7704436 0.980237197752
2356.79087525 0.998221868387
2356.83173857 1.03987728237
2356.85217022 0.982752001826
2356.87260188 0.981557844801
2356.89303354 0.919527219248
2356.91346519 0.94005578012
2356.93389695 0.960304789742
2356.95432851 0.929653850887
2356.99519192 0.941614179197
2357.01562348 0.908274336377
2357.03605524 0.892115076568
2357.07691846 1.0561996037
2357.09735021 0.977999843802
2357.11778187 1.0409166676
2357.13821343 1.0388322535
2357.15864519 1.03120097926
2357.17907685 1.06196333774
2357.19950861 1.00984685883
2357.21994017 0.965300925824
2357.24037183 0.991163232734
2357.26080358 0.986300251274
2357.28123514 0.954150267415
2357.32209856 1.05066191532
2357.34253012 1.07446936994
2357.36296188 1.05561628773
2357.38339354 1.05248817166
2357.4038252 1.05318158333
2357.42425686 1.0250585446
2357.44468852 0.980587384332
2357.46512018 0.983969568333
2357.48555184 0.970723869308
2357.5059835 0.962910510419
2357.52641506 0.926799285715
2357.58771015 1.03220918848
2357.60814181 0.966446005289
2357.62857347 0.983974560922
2357.64900523 0.962771811925
2357.66943679 0.993480568485
2357.68986845 0.983953420195
2357.71030022 0.960961792758
2357.73073178 0.905584544424
2357.75116354 0.963378045652
2357.7715952 0.946471920765
2357.81245853 1.04782482246
2357.83289019 1.05673768372
2357.85332175 1.05254933327
2357.87375352 1.00483269371
2357.95548017 0.961316408479
2357.97591193 0.965182056371
2357.99634349 0.963080032147
2358.01677516 0.94549059306
2358.05763859 1.05127500553
2358.07807025 1.02293592245
2358.09850191 1.02142953415
2358.11893358 1.01581937256
2358.13936524 1.00795031351
2358.15979691 1.02035683202
2358.18022847 1.00455756817
2358.20066024 0.986532231187
2358.2210919 1.00892050326
2358.24152347 0.938277152639
2358.30281866 0.996448121141
2358.32325023 1.01554967351
2358.34368189 0.997546964723
2358.36411366 1.02999087334
2358.38454522 1.05344832284
2358.40497689 1.0009298312
2358.42540866 1.00102070159
2358.44584022 1.00889206407
2358.46627199 1.017259202
2358.48670365 0.950564162504
2358.50713522 0.944858558426
2358.54799865 1.00188424191
2358.58886199 0.990009028013
2358.60929366 1.02061547272
2358.62972542 1.0392234734
2358.65015699 1.02230198749
2358.67058866 0.988167791236
2358.69102043 0.999705865465
2358.71145209 0.998844330097
2358.73188366 0.963620564288
2358.79317867 0.996281032619
2358.81361044 1.02261205857
2358.834042 1.08993531491
2358.85447377 1.01186167934
2358.87490544 1.07094660211
2358.89533701 1.06060014116
2358.91576878 1.07325462357
2358.93620045 1.02558084392
2358.95663202 1.00018491698
2358.97706379 1.01466478448
2358.99749546 0.969055315581
2359.0383588 0.999517844805
2359.05879047 1.0676335902
2359.07922224 1.04378210277
2359.09965381 1.09469160078
2359.12008548 1.06114222698
2359.14051725 1.01683627347
2359.16094882 1.04256585544
2359.18138059 1.00668400628
2359.20181226 0.994544043582
2359.22224383 0.941667831225
2359.24267561 0.956608314018
2359.30397062 0.961194748011
2359.34483396 0.906223543461
2359.36526564 0.904335381659
2359.38569731 0.873752198865
2359.40612908 0.826812604941
2359.42656075 0.79443947583
2359.44699233 0.726395515223
2359.4674241 0.716419709128
2359.52871912 0.990155139898
2359.54915069 0.992294201049
2359.56958247 0.986038769081
2359.59001414 0.99365782034
2359.61044571 0.985292791856
2359.63087749 1.02079647292
2359.65130916 1.02820747149
2359.67174074 1.02694326024
2359.69217251 0.999769226683
2359.71260419 1.05186889477
2359.73303596 1.03348947133
2359.75346753 1.01495815896
2359.77389921 1.03914334465
2359.79433098 1.06491532145
2359.81476256 1.02648093324
2359.83519424 0.983741826528
2359.85562601 0.972811810205
2359.87605759 0.959603708405
2359.89648936 0.972431872766
2359.91692104 0.947956023246
2359.93735271 0.887444565292
2359.95778439 0.900428041796
2359.97821607 0.836835526707
2360.01907942 1.03837255384
2360.10080613 1.03586282236
2360.12123791 1.01377815347
2360.16210116 1.01513233152
2360.18253294 0.936905758384
2360.20296452 0.925516036312
2360.22339619 0.93560884323
2360.30512301 1.04037725856
2360.32555459 1.06349682886
2360.34598637 1.05807384962
2360.36641804 1.04311925376
2360.38684962 1.05039088567
2360.4072814 1.01700151674
2360.42771308 1.04073638592
2360.44814486 1.05711882159
2360.46857644 0.955540629606
2360.5094399 1.0611934756
2360.52987148 1.02173895127
2360.55030316 1.02333041608
2360.57073494 1.04505173726
2360.59116662 1.05710913451
2360.61159831 1.07901477317
2360.63202999 1.07381253396
2360.65246167 1.06901312694
2360.69332503 1.09170065906
2360.71375671 1.11974638488
2360.73418849 1.04328029187
2360.75462008 1.13564972102
2360.79548344 0.970857069924
2360.81591512 0.918212738325
2360.83634691 0.921928034231
2360.85677859 0.878394814783
2360.87721017 0.855764638149
2360.89764195 0.79898830653
2360.91807354 0.835798570831
2360.93850522 0.720890025603
2360.99980037 1.07132725947
2361.02023206 1.07080468953
2361.04066364 1.10570540226
2361.06109542 1.04175378019
2361.08152711 1.01087231003
2361.10195879 0.986799941142
2361.12239048 0.978277951108
2361.14282216 0.963930495714
2361.16325395 0.951727249565
2361.18368553 0.889571139131
2361.20411722 0.911304658604
2361.24498059 1.07087527878
2361.26541227 1.03323854249
2361.28584406 0.995842519393
2361.34713912 0.898498917311
2361.36757081 0.875383940335
2361.38800249 0.856433425964
2361.40843418 0.733567996667
2361.42886587 0.600122055037
2361.44929765 0.777029134579
2361.51059272 1.0026647328
2361.5310243 1.03649258532
2361.55145609 1.05065523965
2361.57188768 1.06145494507
2361.59231937 1.02188687396
2361.61275116 1.11810840281
2361.63318275 1.0555298085
2361.65361443 1.04745964063
2361.67404622 1.02531770247
2361.69447781 1.01066022794
2361.73534129 1.05843387597
2361.75577288 1.03022412285
2361.77620467 1.06059143663
2361.79663636 1.01371669539
2361.9192265 0.87729509739
2361.93965829 0.964263445092
2361.98052158 1.02640988039
2362.00095337 0.998930687828
2362.04181675 1.00817981357
2362.06224844 1.074929105
2362.08268014 1.01715457225
2362.10311193 1.05295054065
2362.1848386 0.933630596235
2362.22570199 1.01279180554
2362.24613368 0.958949885186
2362.26656547 1.03984611532
2362.28699707 0.994697891476
2362.30742876 1.06081992186
2362.32786055 1.00785427551
2362.34829215 1.01029675251
2362.38915564 0.984463210619
2362.40958723 0.921907050711
2362.49131411 0.999656339651
2362.51174581 1.00331110524
2362.53217751 0.999788879907
2362.5526092 1.01092266414
2362.5730409 0.966016899552
2362.59347269 0.985975463223
2362.61390439 0.97073258524
2362.63433599 1.03459664234
2362.65476778 0.975196074068
2362.67519948 0.947531115454
2362.71606288 0.963097791912
2362.73649457 0.996713930025
2362.75692637 1.04578525406
2362.77735797 0.955032406977
2362.79778967 1.05889009675
2362.81822147 0.975229483652
2362.83865306 1.02056198866
2362.85908476 1.00233382056
2362.89994816 1.01071656839
2362.92037996 1.03039480611
2362.94081156 1.01925914141
2362.96124326 1.05450087368
2363.00210666 0.970412701167
2363.02253836 0.97687329365
2363.04297016 0.961666561438
2363.06340176 0.891092762826
2363.08383356 0.899641248062
2363.10426526 0.804334143764
2363.12469696 0.813476656718
2363.14512866 0.810013353655
2363.16556036 0.746889177263
2363.20642376 1.01773191454
2363.22685547 1.06563723384
2363.24728727 1.03013485992
2363.26771887 1.07674806906
2363.28815057 1.00894174988
2363.30858237 1.02237965296
2363.32901408 0.960838200884
2363.34944568 0.976036161016
2363.36987748 0.974448227331
2363.39030919 0.95102243012
2363.4516043 1.03740622931
2363.4720361 1.0359095544
2363.4924677 0.994994163792
2363.51289941 1.04926084025
2363.53333121 1.00973204299
2363.55376282 1.03027984893
2363.57419452 1.01289723086
2363.59462623 0.999811588949
2363.61505793 0.997180703932
2363.63548974 1.03182310316
2363.65592134 1.0323689466
2363.67635305 0.983481563745
2363.69678485 1.03896493666
2363.71721646 1.03007512668
2363.73764817 1.01675563315
2363.75807997 1.0760037693
2363.77851168 1.06116338274
2363.79894339 0.998838232056
2363.81937509 1.02679593165
2363.8398068 0.993092263065
2363.86023851 0.997339047559
2363.88067022 1.03218113578
2363.90110192 0.969532193737
2363.94196534 0.993663882435
2363.96239715 1.00692636626
2363.98282885 0.961934545014
2364.00326046 1.02739986367
2364.02369227 1.01208403085
2364.04412398 1.01144521237
2364.06455559 1.0305339416
2364.0849874 1.01695830422
2364.10541911 1.03839088186
2364.12585092 1.01833870857
2364.14628253 0.972651912888
2364.16671424 1.00120942232
2364.18714595 1.01305631827
2364.20757766 1.02896807252
2364.2893046 1.00420241446
2364.30973621 0.943658465434
2364.33016792 0.975317569296
2364.35059974 0.958714210118
2364.37103135 0.91736761329
2364.43232649 1.01646186351
2364.4527582 1.03122532784
2364.47319001 0.995871880338
2364.49362172 1.03826497916
2364.51405344 1.04092162049
2364.53448515 0.975474870418
2364.55491686 0.973574397016
2364.57534858 1.0087715747
2364.59578029 0.957773998119
2364.61621201 0.977169693565
2364.63664382 0.950518499476
2364.67750725 1.02838822653
2364.69793896 0.959693903989
2364.71837058 1.00343146544
2364.73880239 0.979693261947
2364.75923411 1.00715096689
2364.77966573 1.02646815389
2364.80009754 0.931501382209
2364.82052926 0.888080137242
2364.84096107 0.89049698387
2364.92268784 0.986420325311
2364.94311956 1.03080616732
2364.96355127 1.05565425506
2364.98398299 1.00429973437
2365.00441481 1.01278102579
2365.02484643 0.937026128012
2365.04527815 1.03376131066
2365.06570996 1.02642826747
2365.08614158 1.00318813636
2365.1065733 1.02752518529
2365.12700512 1.03272259248
2365.16786856 1.06890216068
2365.18830028 1.00930831526
2365.208732 1.02742088116
2365.22916372 1.0075623284
2365.24959544 1.01414805691
2365.27002716 0.97606151651
2365.29045898 1.01081810515
2365.3108906 1.02199443231
2365.33132242 1.0271250512
2365.35175414 0.992378920884
2365.37218576 0.954074729638
2365.41304931 1.0111595742
2365.43348093 0.994479827888
2365.45391275 0.991689998269
2365.47434447 1.00714137305
2365.49477609 1.02983223669
2365.51520792 0.952723150828
2365.53563964 1.01549509368
2365.55607146 1.01400558604
2365.57650309 0.976749896596
2365.59693481 0.934024241498
2365.61736653 0.906712347668
2365.65822998 0.973075895264
2365.67866171 1.00892831086
2365.69909343 1.04160638237
2365.71952525 1.0053608084
2365.73995688 1.01391078329
2365.7603886 1.00220996423
2365.78082043 1.02453959919
2365.80125215 1.07935476368
2365.82168378 0.975234351035
2365.84211561 0.993459909262
2365.86254733 0.96176241055
2365.88297906 0.946366809416
2365.90341079 1.01392541937
2365.92384251 1.02132633109
2365.94427434 1.06338680159
2365.96470597 0.981983829471
2365.98513769 0.985677367151
2366.00556952 0.983825376758
2366.02600115 0.972237159631
2366.04643298 0.972893748789
2366.0668647 0.952991004387
2366.08729633 0.935671165962
2366.14859152 1.02822498624
2366.16902335 0.992737094934
2366.18945508 1.00118139595
2366.20988681 0.98528819683
2366.23031854 1.03021458392
2366.25075027 1.02079060766
2366.271182 1.01290889966
2366.29161373 0.974200060114
2366.31204546 1.00701987723
2366.33247719 1.04973362846
2366.35290892 0.99057523121
2366.39377238 1.00457881301
2366.41420411 1.01407872885
2366.43463594 1.04245194526
2366.45506758 1.04374442167
2366.47549931 0.977437255855
2366.49593114 1.01874107178
2366.51636287 1.0904668373
2366.53679461 0.996417194873
2366.55722634 1.03072712321
2366.57765807 0.997732681272
2366.59808991 0.989333433306
2366.61852154 0.947169095566
2366.63895327 0.996114943017
2366.65938511 1.05432876557
2366.67981674 0.949198188198
2366.70024858 1.00193831827
2366.72068031 0.999851648877
2366.74111195 0.898364747299
2366.76154378 0.883776042946
2366.78197552 0.931219428865
2366.80240715 0.916941482997
2366.82283899 0.897783174251
2366.84327072 0.806765600392
2366.8841342 1.13239738127
2366.90456593 1.0154154188
2366.92499777 1.00927072911
2366.94542941 0.980436994771
2366.96586114 1.03794376137
2366.98629288 0.993280908499
2367.00672462 1.01036904587
2367.02715636 1.00904393369
2367.0475881 1.0008796147
2367.12931505 1.06913831024
2367.14974689 1.00661214944
2367.17017863 1.01683958581
2367.19061027 1.00044749493
2367.23147385 1.01304567351
2367.25190559 1.00649828941
2367.27233733 1.06099371957
2367.29276907 0.997840073363
2367.31320091 1.03633078976
2367.33363255 1.01273218424
2367.39492778 0.974686579933
2367.41535962 1.00400112591
2367.43579136 1.00100049647
2367.456223 1.03020238369
2367.47665484 1.04879129216
2367.49708659 1.00499250203
2367.51751823 1.02702592143
2367.53795007 1.03465485839
2367.55838182 1.01834403973
2367.57881356 0.990372225864
2367.5992453 1.03247884374
2367.61967705 1.02970284319
2367.64010879 0.979028952612
2367.66054054 0.98020349974
2367.68097228 1.02005158315
2367.70140403 1.03759433601
2367.72183577 1.01301712366
2367.74226762 0.929310691165
2367.80356286 0.910406344796
2367.8648581 1.00776116557
2367.88528984 0.966065410483
2367.90572159 1.02134937504
2367.92615334 1.03700882957
2367.94658508 1.00364527966
2367.96701693 0.979197608392
2367.98744858 1.01279991553
2368.00788033 1.00241719494
2368.02831218 1.02797603174
2368.04874383 0.960734709366
2368.06917568 0.951050274117
2368.08960742 1.03142760672
2368.11003907 1.00001619971
2368.13047092 0.99331079171
2368.15090267 0.98633934737
2368.19176617 0.971136193402
2368.21219792 1.02175937875
2368.23262968 0.980655539731
2368.27349318 0.959413544275
2368.29392493 0.965230304153
2368.31435668 0.900570054283
2368.35522018 0.993339460309
2368.37565194 0.954826127332
2368.39608379 0.966880834833
2368.41651544 1.0068568515
2368.4369472 1.00666889265
2368.45737905 1.01008147006
2368.4778108 1.00804621245
2368.49824246 1.0034435559
2368.60040133 1.00349193304
2368.62083318 1.02281901478
2368.64126484 1.03019121197
2368.66169659 0.983616301288
2368.68212845 0.996048418146
2368.70256011 0.978936634764
2368.72299186 1.00856272152
2368.74342372 1.00719324826
2368.76385538 1.08713942763
2368.78428723 0.997728400469
2368.80471899 0.974175599782
2368.8455825 0.982971978383
2368.86601426 1.01133465992
2368.88644592 1.03613193936
2368.96817305 0.980898869214
2368.98860481 0.967568648677
2369.00903657 1.00942314707
2369.02946833 1.03051082168
2369.04990009 1.00211063593
2369.07033185 0.976853149852
2369.09076361 0.983119764219
2369.11119547 1.01969653312
2369.13162714 1.02246237267
2369.1520589 1.03392943192
2369.19292252 0.954352731426
2369.21335418 0.948410521246
2369.25421781 0.943174175272
2369.27464957 0.922809675369
2369.29508133 0.868809530777
2369.35637662 0.985748445151
2369.37680838 1.03525991539
2369.39724025 1.01869395745
2369.45853554 0.975364887091
2369.47896721 1.02627236341
2369.49939907 1.01051055934
2369.51983084 1.03340775329
2369.5402625 0.982158262283
2369.58112613 0.991072267681
2369.6015579 0.980994050213
2369.62198967 0.976339598877
2369.64242143 1.01606127845
2369.6628532 1.05898036213
2369.68328497 0.976085723058
2369.70371673 1.01274586064
2369.7241485 1.00646213665
2369.74458027 1.03581674185
2369.76501214 1.02264886105
2369.78544381 1.01985700192
2369.82630744 0.963019165086
2369.84673921 0.993298729693
2369.86717088 1.04038258493
2369.88760275 0.993358409684
2369.90803452 1.03454660315
2369.92846629 0.981144984303
2369.94889806 1.01089600069
2369.96932983 1.00219930606
2369.9897617 1.01987203631
2370.01019338 1.02176212676
2370.03062515 1.01549859366
2370.07148869 1.01041910931
2370.09192046 1.01329304027
2370.11235233 0.990965497314
2370.13278401 1.00209561163
2370.15321588 1.04536273473
2370.17364765 1.02187839173
2370.19407933 1.01854319993
2370.2145112 0.970013571371
2370.23494297 0.979640323006
2370.25537475 1.02000675259
2370.27580652 0.978113771437
2370.35753362 0.994842024451
2370.3779654 0.998829086042
2370.41882895 0.998583171394
2370.43926072 1.00196877212
2370.4596925 0.96376387911
2370.48012438 0.967715821182
2370.50055615 0.941317858336
2370.52098783 0.914135298661
2370.56185149 1.00484826875
2370.58228316 0.947032885025
2370.60271504 0.989463601965
2370.62314682 0.988156574569
2370.6435787 1.04653761892
2370.70487404 1.00511613039
2370.72530572 1.00296054566
2370.7457375 0.980799581247
2370.76616938 0.991193785983
2370.80703294 1.02598539234
2370.82746472 0.96900915727
2370.8478964 0.937017125694
2370.90919175 1.00040170439
2370.92962363 1.03608618891
2370.95005541 1.00201035391
2370.97048719 1.02666328918
2370.99091898 1.00423366858
2371.01135076 1.01531229465
2371.05221433 1.03034594713
2371.07264611 1.00607582301
2371.09307789 1.01890456582
2371.11350968 1.00446304103
2371.13394156 1.00687469925
2371.15437325 1.00069421259
2371.17480503 0.991319139725
2371.19523692 1.00313762942
2371.2156687 0.990056725585
2371.23610039 1.04542089834
2371.25653228 0.99706563416
2371.29739595 0.984353821888
2371.31782764 1.03189134488
2371.33825942 0.967145215162
2371.35869131 0.995380325636
2371.379123 0.980400886452
2371.39955479 0.9926697318
2371.41998667 1.02382178589
2371.44041836 1.01662630621
2371.50171949 1.01780419464
2371.52214559 1.02073146217
2371.56300907 0.992696457578
2371.58344096 0.982028580271
2371.60387275 1.03462153116
2371.62430465 0.986809102481
2371.64473634 0.965786999689
2371.66516813 0.990791238018
2371.68560002 0.954049204938
2371.70603171 0.968580012348
2371.7264635 0.971796697468
2371.7468954 0.961771437765
2371.78775888 1.0075337125
2371.80819077 1.01921377133
2371.82862257 1.03287938764
2371.84905436 1.03186173096
2371.86948615 1.00669443159
2371.88991795 0.962624007764
2371.91034984 1.00552803158
2371.93078154 1.01451724479
2371.95121333 0.915145103295
2371.97164523 1.02111763145
2371.99207692 0.948172090727
2372.03294061 1.02094269579
2372.05337231 1.05963500398
2372.1146677 1.02944600613
2372.1350996 0.996356553496
2372.1555313 1.03912698442
2372.17596319 0.985739248014
2372.33941769 1.00447602913
2372.35984939 0.976883712021
2372.38028119 0.988345301061
2372.40071309 1.09086582413
2372.42114489 1.06862144113
2372.44157659 1.00079953378
2372.46200849 0.983282800645
2372.48244029 1.05422989494
2372.50287209 1.03166259797
2372.5233039 0.987085735019
2372.5437357 0.983648872155
2372.5641675 1.00167208469
2372.5845993 1.00892009463
2372.60503111 1.06794079881
2372.64589472 1.07807963446
2372.66632662 0.987045546244
2372.68675832 0.954589707305
2372.70719013 0.929557033749
2372.82978106 1.01227439329
2372.85021287 0.984382689115
2372.87064458 1.00641317461
2372.89107648 1.04245814286
2372.91150829 1.0297412885
2372.93194 1.01903359507
2372.95237191 0.98403675915
2372.97280371 0.987665550424
2372.99323562 0.972164266284
2373.01366733 0.986932008052
2373.03409914 0.994374340201
2373.05453105 1.02318538795
2373.07496286 1.02622294109
2373.09539457 0.958648650398
2373.11582648 1.0405811791
2373.1566901 0.897312515612
2373.17712191 0.902922611083
2373.19755372 0.849209904393
2373.21798563 0.887238815714
2373.32014469 0.997967158671
2373.34057641 0.952917850328
2373.36100822 0.983442571264
2373.38144013 1.00105452449
2373.40187185 1.01093484995
2373.42230366 0.983961381727
2373.44273558 1.04431916159
2373.46316729 1.01328406943
2373.48359921 1.02684713239
2373.50403102 1.02199353487
2373.52446274 1.02502568491
2373.58575818 1.01433263198
2373.6061901 1.03999773366
2373.62662192 1.0157020201
2373.64705384 0.978218845885
2373.66748555 1.00286967276
2373.68791737 1.02161820744
2373.70834929 1.00407849853
2373.72878101 1.00336931131
2373.74921283 0.950663469
2373.76964474 1.00815932948
2373.79007656 1.01280165494
2373.81050828 1.03691879751
2373.8309402 0.994454122745
2373.85137202 0.973383740829
2373.87180384 1.06498471886
2373.89223566 0.982014600189
2373.91266748 0.994331064349
2373.9330994 0.948344682965
2373.95353113 0.932967388795
2373.99439487 0.998591189337
2374.01482659 1.02588606472
2374.03525851 1.02256346602
2374.05569024 0.97853909493
2374.07612206 1.01916016994
2374.23957665 0.996400462138
2374.26000858 1.03664647067
2374.2804404 0.957116539354
2374.30087223 1.03644979474
2374.32130406 0.99287854986
2374.34173588 0.954711242036
2374.36216781 1.02122872977
2374.38259954 0.970085900521
2374.40303137 0.980987921244
2374.42346329 0.997049317013
2374.44389512 0.986175952106
2374.46432685 1.04100302262
2374.48475878 1.03128749499
2374.50519061 1.02074530427
2374.52562244 1.01070349984
2374.54605427 1.02048040674
2374.5664861 1.00271595412
2374.58691803 1.00695984207
2374.60734976 1.01212791414
2374.62778159 0.981126757859
2374.64821352 0.990063313541
2374.66864525 0.981825355832
2374.68907718 0.953505147831
2374.72994074 1.03168745748
2374.75037268 1.00585326917
2374.77080441 1.0295525692
2374.79123624 1.04705690247
2374.81166817 1.03048438774
2374.89339541 0.971566635081
2375.03641836 1.01358686714
2375.0568502 0.975994960551
2375.07728213 0.967734812347
2375.09771397 1.02540500122
2375.11814581 1.00416480095
2375.13857764 0.937134803742
2375.24073694 1.05293323855
2375.26116868 1.01936312099
2375.28160062 1.00591412381
2375.36332788 1.07293614001
2375.38375972 0.996072409494
2375.40419166 1.00513460786
2375.4246235 0.996530169395
2375.44505535 1.04722471723
2375.46548719 1.06525691362
2375.48591893 0.985035153957
2375.50635087 1.01338626801
2375.52678272 1.06048940394
2375.54721446 1.00812544225
2375.56764641 1.01531334596
2375.58807825 0.864904234077
2375.60851019 0.972460225096
2375.62894194 0.983374062105
2375.64937378 0.934484756645
2375.66980573 0.921103017352
2375.71066932 1.00596853215
2375.73110127 1.03016730827
2375.75153301 1.06771562583
2375.8332605 0.984579964789
2375.85369235 0.966750718137
2375.8741242 1.05354711182
2375.89455615 0.990338532778
2375.97628345 1.01461166262
2375.9967154 0.975227301923
2376.01714725 1.02406380387
2376.037579 1.05244670943
2376.05801095 0.985842958019
2376.0784427 0.990301669324
2376.09887455 1.00183131689
2376.1193065 0.937032922357
2376.13973825 0.98083984563
2376.20103381 1.04154506431
2376.22146577 1.00521810472
2376.24189762 1.01190291327
2376.26232937 1.05244805968
2376.28276133 0.983168561125
2376.30319318 1.01242929196
2376.32362514 1.00416355564
2376.34405689 0.984050331645
2376.36448875 1.0265178313
2376.3849207 0.963618922457
2376.40535246 0.90592639071
2376.44621627 0.930431719783
2376.46664813 1.03232753678
2376.48707999 0.957266890116
2376.54837556 0.932143619686
2376.56880742 0.948555663769
2376.58923928 0.940573004824
2376.60967124 0.911270180961
2376.630103 0.946817481634
2376.65053496 0.897154157271
2376.69139858 1.04000538489
2376.71183054 0.991933429905
2376.7322623 0.999746400561
2376.75269416 1.01634303874
2376.77312612 1.04448283456
2376.79355788 1.00364006767
2376.81398985 1.01080944611
2376.83442171 1.00420204636
2376.85485347 1.02324699495
2376.87528543 1.03415045659
2376.8957173 1.03972719058
2376.93658102 1.02558216182
2376.95701289 1.04347343406
2376.97744485 1.01528756053
2376.99787662 1.02180210987
2377.01830848 0.966399299745
2377.03874045 1.00159337751
2377.07960408 0.938780914924
2377.10003605 0.977800732018
2377.12046791 0.938336591399
2377.14089978 0.906080556686
2377.18176352 1.01058306618
2377.20219538 0.971824614524
2377.22262725 1.03396502329
2377.24305912 1.024427577
2377.30435483 1.00190978417
2377.3247867 1.03734118476
2377.34521847 0.974125359264
2377.36565044 0.995688994821
2377.38608231 1.01432043362
2377.40651408 1.06072964455
2377.42694605 0.996606080374
2377.44737782 1.03659414598
2377.4678098 0.980413699769
2377.48824167 0.995814957359
2377.52910541 0.969181916454
2377.54953729 0.971134937403
2377.59040103 0.942071440467
2377.61083291 0.95354541861
2377.63126488 0.953546934819
2377.67212853 1.02607198542
2377.69256051 0.987373899377
2377.71299228 1.03669877387
2377.73342416 1.0121551873
2377.75385614 0.994048985648
2377.77428801 1.00495763387
2377.79471989 1.0163070635
2377.85601552 1.05191232753
2377.93774304 0.995397600919
2377.9786069 1.02609543464
2378.01947066 1.00773533394
2378.03990254 0.965707907623
2378.06033432 0.998013592714
2378.0807663 1.03380161068
2378.10119808 1.01963219298
2378.12163006 1.04944156116
2378.14206195 1.00865978839
2378.16249373 1.0007003979
2378.18292571 1.03983001965
2378.28508523 0.918987496221
2378.3259489 0.986936097178
2378.34638089 0.953943010006
2378.40767654 1.02885451368
2378.42810833 1.01427943254
2378.50983598 0.940334391167
2378.53026787 0.996870203246
2378.55069976 0.941895718502
2378.57113165 0.975106100128
2378.6732912 0.971930912499
2378.69372309 1.03080583923
2378.71415488 0.982962776365
2378.73458687 1.08129870063
2378.75501866 1.0024600482
2378.77545066 0.94750447861
2378.79588255 0.985692468234
2379.14322487 0.996937136536
2379.26581636 1.00791383342
2379.28624827 1.01793362807
2379.30668007 0.97378801861
2379.32711207 1.0054804034
2379.34754397 1.03646184464
2379.36797577 1.00745165031
2379.38840777 0.987651139588
2379.44970348 0.959367272651
2379.47013528 1.00369944823
2379.49056729 1.01177506628
2379.551863 1.01585510518
2379.63359062 1.00271100439
2379.65402263 0.97856103252
2379.67445443 0.987921590401
2379.69488634 1.02750743459
2379.71531835 1.03524653798
2379.73575016 0.997311064568
2379.75618206 1.01012635714
2379.77661407 1.0298307301
2379.79704598 0.98290892558
2379.98093327 0.974169364864
2380.00136518 1.00606414258
2380.021797 1.0163698562
2380.04222901 1.00696539966
2380.06266092 1.0252260369
2380.08309273 0.958496371817
2380.12395656 0.962777235252
2380.1852523 1.00028189717
2380.20568432 1.0082486427
2380.22611624 1.03645100508
2380.24654805 1.02470791888
2380.26698007 0.99389385749
2380.28741198 0.953843266013
2380.307844 0.97356544455
2380.32827582 1.00430598323
2380.36913975 0.991001260761
2380.38957157 1.1511996845
2380.41000349 1.0190078131
2380.43043551 1.01637635623
2380.45086733 1.00201231198
2380.47129935 1.08761807759
2380.49173127 1.06621352249
2380.55302703 0.981696089889
2380.63475482 0.980769717888
2380.65518674 1.03625319202
2380.67561856 1.05711072358
2380.69605059 1.02792468022
2380.71648251 1.00818937099
2380.73691433 1.03544453558
2380.75734636 0.962229039913
2380.81864213 1.00399771083
2380.90036974 0.990604766127
2380.96166572 1.03078616014
2380.98209755 1.04208527667
2381.00252947 1.00466002171
2381.0229615 1.00081907422
2381.04339333 0.952065599049
2381.06382526 0.99282990333
2381.10468922 1.00092185824
2381.12512115 1.02275898601
2381.14555308 1.00703701248
2381.16598501 1.06804588887
2381.18641695 0.989410922626
2381.20684888 0.952466507489
2381.22728081 0.945428238722
2381.39073628 0.982183779918
2381.41116831 1.00676214809
