# #0 time, 1 flux
2749.63161477 0.95056156966
2749.65204679 0.919078598267
2749.672479 0.924051669401
2749.69291112 0.968338164263
2749.71334313 0.950038474925
2749.95852848 0.984318197137
2749.97896069 1.01000471828
2749.9993928 0.999608502373
2750.01982481 0.964098827134
2750.04025701 0.980001644306
2750.06068912 1.0055330401
2750.08112123 0.975827038128
2750.10155334 1.01544141406
2750.12198544 0.994672598238
2750.14241755 1.01106789707
2750.16284966 0.970595701342
2750.18328176 1.01507006889
2750.20371397 0.992800882555
2750.22414597 0.995936661268
2750.24457807 1.02425766669
2750.30587438 1.02440973912
2750.40803489 0.997216926894
2750.42846699 0.988886268894
2750.44889919 0.996852030367
2750.46933129 0.994772293187
2750.48976329 0.995236433361
2750.51019549 1.02021572472
2750.53062759 1.01088261626
2750.55105969 1.0059343332
2750.57149179 0.998529333364
2750.59192388 1.01278623361
2750.61235598 1.00618296929
2750.65322017 0.971092282258
2750.67365227 0.978423652261
2750.69408436 1.00442533119
2750.71451646 1.00895553472
2750.73494855 1.00757608442
2750.75538065 1.00664267516
2750.77581264 0.990281811425
2750.79624483 1.02751283561
2750.81667692 1.0052180032
2750.83710892 0.999506305721
2750.85754111 1.00006867292
2750.8779732 0.980602120032
2750.89840529 0.9990516414
2750.91883738 0.972205122721
2750.93926947 1.00448344085
2750.95970156 1.01645930752
2750.98013365 1.00372798525
2751.00056574 1.00323437417
2751.02099793 1.03015656204
2751.06186201 1.01636003359
2751.08229419 1.03141922661
2751.10272628 1.03351423272
2751.14359045 1.00521849669
2751.16402254 0.998445629937
2751.18445452 0.997710856454
2751.20488671 0.999157848936
2751.28661505 0.975932616847
2751.30704713 0.999635093133
2751.32747921 1.01176276155
2751.34791129 0.991884573575
2751.36834337 1.01013531557
2751.38877546 0.99629525541
2751.40920754 0.982972897693
2751.42963962 1.00396963486
2751.4500717 0.994850787614
2751.47050378 0.980787916589
2751.49093576 1.03767264959
2751.51136794 0.980963099203
2751.53180001 0.960845761725
2751.55223219 0.982271450187
2751.57266417 0.992976930637
2751.59309625 1.02216559055
2751.61352843 0.993605067832
2751.6339604 0.988812028425
2751.65439248 0.991798660741
2751.67482465 0.98858480945
2751.69525663 1.01945772439
2751.7156887 1.00502587973
2751.73612088 1.00852382456
2751.75655285 0.993942694987
2751.77698493 1.00896037086
2751.7974171 1.01287400398
2751.81784907 0.978666490172
2751.83828115 1.00671421824
2751.85871332 1.00133884099
2751.87914539 0.995311888627
2751.89957736 1.00543468794
2751.92000953 0.999927065677
2751.9404416 0.987529751359
2751.96087357 1.01593640078
2751.98130574 1.00063718139
2752.00173781 1.02365488485
2752.02216998 1.00043033961
2752.04260195 0.993524717048
2752.06303402 1.00888477828
2752.14476239 0.976507499998
2752.16519435 0.999278962194
2752.18562642 0.995314603553
2752.20605859 0.993107540262
2752.22649055 0.999820150623
2752.24692262 1.00024764391
2752.26735468 0.995644579274
2752.28778674 1.00649921354
2752.30821881 0.958811507563
2752.32865087 1.0152141168
2752.34908293 1.02216169532
2752.36951499 1.00426041306
2752.38994716 0.993346493885
2752.41037912 1.00521896202
2752.43081118 0.998432533001
2752.45124334 1.0013286429
2752.4716753 1.01091657465
2752.49210746 1.02354820242
2752.51253952 1.00472708414
2752.53297148 1.00111720858
2752.55340364 0.999535006276
2752.5738357 0.994019967083
2752.61469981 0.970929549509
2752.63513187 0.999404324647
2752.65556383 1.03304717354
2752.67599598 0.984609375196
2752.69642804 0.984476590699
2752.71686009 1.01774642533
2752.73729215 0.987581761627
2752.7577242 0.991716322937
2752.77815626 1.00250741304
2752.79858831 0.992951219291
2752.81902037 0.994100431721
2752.83945242 1.01218149225
2752.85988457 0.995030639702
2752.88031653 1.01911409538
2752.90074858 0.988353472954
2752.92118073 0.993385520558
2752.94161268 1.02816608968
2753.00290883 1.02024689662
2753.02334098 1.01256422779
2753.04377293 0.998250337155
2753.14593327 0.990757590247
2753.16636522 1.00179688264
2753.18679727 0.978554522946
2753.20722941 1.00100539833
2753.22766146 0.980235701007
2753.24809341 0.995695972673
2753.26852555 1.00984492958
2753.2889576 1.01105880296
2753.30938954 1.00702120683
2753.32982168 0.997244929696
2753.35025373 0.986951943814
2753.37068587 0.987838238524
2753.39111781 1.00003054497
2753.41154986 1.00963301347
2753.431982 0.970763300466
2753.45241394 1.01463770708
2753.47284598 0.995536110888
2753.49327812 1.02064146602
2753.51371006 1.02773512507
2753.5341421 1.00198988604
2753.55457424 1.01842998282
2753.59543822 0.999789371748
2753.67716647 0.962764493515
2753.69759841 0.960704579594
2753.71803045 0.965645951192
2753.73846258 0.981048036997
2753.75889452 1.01038913276
2753.77932656 1.00084281851
2753.79975869 0.993702674
2753.82019063 0.998502609054
2753.84062276 0.99802063837
2753.8610548 0.991896124109
2753.88148673 1.00618758911
2753.90191886 1.01884503669
2753.9223509 0.998288711506
2754.00407892 1.01441158771
2754.02451105 1.03159381593
2754.08580715 0.968122990724
2754.10623918 0.988815827706
2754.1266712 0.981768862122
2754.14710323 1.00305218738
2754.16753526 1.0188214444
2754.18796729 1.00142337289
2754.20839942 1.00133330039
2754.22883134 0.992706754738
2754.24926337 1.01130092207
2754.2696955 0.988435784625
2754.29012742 0.983550716965
2754.31055955 1.01417658581
2754.33099158 0.989666686903
2754.3514235 1.01023063194
2754.37185563 0.986629770925
2754.39228765 1.02118703364
2754.41271957 1.01217238783
2754.4331517 1.00325139806
2754.45358372 1.00019243302
2754.47401564 0.996615468782
2754.49444776 1.0148902126
2754.51487969 1.0071382027
2754.53531171 0.997562565134
2754.57617585 1.0001457778
2754.59660777 0.988955401165
2754.61703989 0.988338856165
2754.63747191 1.00879014927
2754.65790383 0.996593655011
2754.67833595 0.996463620335
2754.69876797 1.00188180921
2754.71919999 0.982843337769
2754.739632 0.994846273149
2754.76006402 1.01010026403
2754.78049614 1.02329454929
2754.80092806 1.02262772054
2754.82136007 0.99953120705
2754.84179219 1.01683888144
2754.90308823 0.973439505435
2754.92352015 1.01179191934
2754.94395216 0.983702568819
2754.96438428 0.982999919345
2754.98481619 1.01130125236
2755.0052482 1.00367973824
2755.02568032 1.00009241136
2755.06654424 0.981495530014
2755.12784027 0.989631617764
2755.14827238 1.01277657819
2755.16870439 1.00075484513
2755.1891364 0.967777568928
2755.20956841 1.01196510734
2755.23000032 0.998249734257
2755.25043243 1.01366738833
2755.27086444 0.970190235644
2755.29129635 1.00192717862
2755.31172846 1.00360934032
2755.33216046 0.990630881161
2755.35259237 0.999599795062
2755.37302448 0.996554816221
2755.39345648 0.991413069175
2755.41388849 1.00941195014
2755.43432049 1.00943769292
2755.4547525 0.98449078394
2755.4751845 1.01866759977
2755.49561651 1.00569792075
2755.51604851 0.996559696691
2755.55691252 1.00561041322
2755.63864053 1.00548956911
2755.65907263 0.983658536193
2755.67950463 0.988139059378
2755.69993653 0.996227037501
2755.72036863 1.02188581898
2755.74080063 1.016319521
2755.76123253 0.976352524518
2755.80209663 0.990506237072
2755.82252852 0.997128752941
2755.84296062 0.983689509619
2755.86339262 0.993709387934
2755.88382462 0.963082604465
2755.90425661 1.0136169151
2755.9859846 0.999293465309
2756.00641659 1.00844456424
2756.02684859 0.995550908006
2756.04728058 1.01945343516
2756.06771268 0.986386676719
2756.08814457 0.992492194222
2756.10857656 1.00518477501
2756.12900866 0.997148922946
2756.14944055 0.978814555061
2756.16987254 0.972552635625
2756.19030463 0.974689502737
2756.21073652 0.979031462874
2756.23116852 0.990002634889
2756.25160061 0.997482983968
2756.2720325 1.01601366683
2756.31289658 1.01057640407
2756.33332847 1.02137074894
2756.35376046 1.00576131524
2756.37419254 0.995047755605
2756.39462443 1.01334751969
2756.41505642 0.990159384354
2756.43548851 1.00573752984
2756.47635238 0.981747190567
2756.49678447 1.0146874385
2756.53764854 1.00536884932
2756.55808043 0.999856682615
2756.57851241 1.00150634244
2756.5989445 1.01015629164
2756.61937638 1.01755500116
2756.63980836 0.995358951473
2756.66024045 1.00988849297
2756.68067233 1.01333308379
2756.70110431 0.987800183719
2756.7215363 1.02461274937
2756.74196828 1.00334407935
2756.78283224 0.981862866083
