# #0 time, 1 flux
2306.65165398 0.997108568679
2306.67208611 1.00709586365
2306.69251834 1.00474755112
2306.71295037 1.03422109342
2306.7333826 1.01793725105
2306.75381462 1.00432548386
2306.77424675 0.99553234736
2306.79467898 0.982772372994
2306.815111 0.959316826547
2306.83554313 1.00146333474
2306.85597536 1.01155873408
2306.87640738 0.9823729008
2306.89683951 1.0092159332
2306.91727173 1.00312934407
2306.93770385 1.01382317486
2306.95813598 1.01529290115
2306.9785681 0.986810008054
2306.99900022 0.979784592426
2307.01943235 0.984348307775
2307.03986447 0.985420979065
2307.06029659 1.03552911841
2307.08072881 1.00308103892
2307.10116083 1.00103211154
2307.12159295 0.98872288791
2307.14202517 1.01311255986
2307.16245719 1.00071988544
2307.18288941 1.01412153062
2307.20332152 0.98932960506
2307.22375354 0.993340096226
2307.24418576 0.995420641119
2307.26461787 1.00511066466
2307.28504989 0.992933802581
2307.30548211 1.00712521656
2307.32591422 1.00415147195
2307.36677845 0.979078131001
2307.38721056 0.959096728701
2307.40764268 1.00177254452
2307.42807479 0.9685267742
2307.4485069 0.993562685478
2307.46893902 0.99180667524
2307.48937113 0.973910467054
2307.55066746 0.983271251326
2307.57109957 0.99112501034
2307.59153178 0.984074322738
2307.61196379 1.03515120709
2307.6323959 1.00221502965
2307.6528281 1.00015812463
2307.67326011 1.0003355902
2307.71412443 0.987614717615
2307.73455643 1.02602883067
2307.75498864 0.991901329988
2307.83671706 1.00986686593
2307.85714906 0.997811493133
2307.89801337 0.998121040844
2307.91844547 0.999864632324
2307.93887757 0.982953392666
2307.95930967 0.964530151976
2307.97974177 1.00390350078
2308.00017387 0.976662435478
2308.02060597 1.00072155343
2308.04103807 0.988819205656
2308.06147027 0.988303483318
2308.08190227 1.00470846125
2308.10233447 0.994302278451
2308.12276646 0.969987345253
2308.14319856 1.00601779082
2308.16363076 0.995776743244
2308.18406276 0.992301894815
2308.20449485 0.983325306468
2308.22492705 1.01205503666
2308.24535904 1.0217203683
2308.26579114 0.989341621173
2308.28622333 1.00854316332
2308.30665532 1.01960918645
2308.32708742 0.976846991844
2308.34751961 0.971209188002
2308.3679516 1.01420048904
2308.38838369 1.01080583314
2308.40881589 0.989760460949
2308.47011216 1.00283520952
2308.49054425 1.00660748424
2308.53140843 1.00473878755
2308.55184051 0.992339396617
2308.5722726 0.985187372827
2308.59270469 1.01082770372
2308.63356896 1.01339830064
2308.65400095 1.01583844509
2308.67443303 1.00550207918
2308.69486522 1.01022410601
2308.7152972 0.992937562756
2308.73572929 0.980409939839
2308.75616147 1.00709260239
2308.77659346 0.998606294496
2308.79702554 1.0070607835
2308.81745772 1.00653794937
2308.8378897 0.999251794587
2308.85832179 0.98046811271
2308.87875397 0.979335813018
2308.89918595 1.0122953178
2308.91961813 1.01445590939
2308.94005011 0.999990714557
2308.96048219 1.01334554804
2308.98091437 1.00255694753
2309.00134645 0.991914761067
2309.02177842 1.01610209689
2309.0422106 1.01717538374
2309.06264268 0.996877348518
2309.08307466 0.968734052395
2309.10350683 0.990782310073
2309.12393891 1.00354719858
2309.14437088 0.958987806546
2309.16480306 0.981233629568
2309.18523513 1.01102120881
2309.20566711 0.981934188871
2309.22609928 0.985969593727
2309.24653136 1.02341828146
2309.26696343 0.98940227205
2309.2873955 0.990347570783
2309.30782757 0.995258730125
2309.32825965 0.976368557133
2309.34869172 1.00566794559
2309.38955596 0.979292010321
2309.40998793 1.00588866798
2309.43042 1.00215881551
2309.45085217 0.997403574413
2309.47128424 0.994766636697
2309.51214837 0.98407216341
2309.55301241 0.997676355731
2309.57344457 1.01784305005
2309.59387664 0.985869026811
2309.6143086 0.963447781424
2309.63474077 0.983122751766
2309.65517273 0.999069365664
2309.6756048 1.02338305045
2309.69603696 0.981274407853
2309.71646893 0.992536370475
2309.73690099 1.00754466282
2309.75733315 0.980541609399
2309.77776511 1.00041523603
2309.79819718 1.01247835057
2309.81862934 0.975973836726
2309.8390614 1.0255353621
2309.85949346 1.00256645266
2309.87992552 0.999528320588
2309.90035758 0.999040284312
2309.92078974 1.00184240676
2309.9412217 1.02353679037
2309.96165375 1.00438980502
2309.98208591 0.997042923325
2310.00251787 1.00469265615
2310.04338208 1.00579151303
2310.06381404 0.994456386753
2310.12511021 1.01000919577
2310.14554226 0.997477100714
2310.16597441 1.02843524426
2310.18640637 1.01373113673
2310.20683842 0.987229706056
2310.26813458 0.995268179101
2310.28856673 0.999676883248
2310.30899878 0.994386791405
2310.32943083 1.0007899139
2310.34986288 1.01101655815
2310.37029483 1.00162533052
2310.39072698 0.984135909333
2310.41115903 1.00494143014
2310.43159098 0.985709825787
2310.45202313 0.954334422559
2310.49288712 1.00937849707
2310.51331927 0.994335236119
2310.53375132 0.970374091797
2310.55418326 1.01861250855
2310.57461541 0.993846775835
2310.59504745 0.99001113474
2310.6154794 1.00292101071
2310.63591154 0.998078653514
2310.65634359 0.999698041369
2310.67677563 0.991236108905
2310.69720767 1.00419998015
2310.73807176 1.02416925813
2310.77893584 1.03090774602
2310.79936788 1.02212793516
2310.81980002 1.02529908179
2310.84023196 1.00060916303
2310.8606641 0.998733095135
2310.88109614 0.998456106745
2310.90152808 1.01244595302
2310.96282419 0.988525201961
2310.98325633 0.983735122345
2311.00368837 1.00419124895
2311.0241203 1.00005614958
2311.04455244 0.999082586437
2311.06498447 0.995562887764
2311.08541641 0.987321899482
2311.10584854 0.98472595823
2311.12628058 0.969838074481
2311.14671251 0.971204422916
2311.16714465 1.01128418573
2311.18757668 1.0324971546
2311.22844074 0.99685523162
2311.24887278 1.00151455766
2311.26930471 0.990022860316
2311.28973684 1.00783244139
2311.31016887 1.0099736242
2311.3306008 0.996737735255
2311.37146496 0.977850642364
2311.39189709 0.983609145678
2311.41232901 1.0038313917
2311.43276104 1.01821063595
2311.45319317 1.01637652241
2311.4736251 1.00363129116
2311.49405712 1.03307984161
2311.51448925 1.01149097073
2311.5553532 1.03306289576
2311.57578533 0.977388536514
2311.59621735 0.999714425387
2311.61664928 1.01233362636
2311.6370814 1.02993415261
2311.65751342 0.979089518838
2311.67794535 0.981786496018
2311.71880949 0.991269785663
2311.73924141 1.02830161394
2311.75967353 0.999765918722
2311.78010556 0.991078896604
2311.80053748 0.999408503525
2311.8209696 0.985235499641
2311.84140162 0.99523139151
2311.88226565 1.0035926239
2311.90269757 1.01045337771
2311.92312969 1.00846643405
2311.94356171 1.00478792405
2311.96399363 1.02541723394
2311.98442574 1.01922665188
2312.00485776 0.950101734323
2312.02528978 1.0115191462
2312.04572179 1.01973577308
2312.06615381 0.990014416231
2312.08658582 0.982396039323
2312.10701784 0.999414987319
2312.12744985 0.985274905955
2312.14788186 0.969478936305
2312.16831398 1.02126770283
2312.2091779 0.982960489654
2312.22961001 0.983258355262
2312.25004193 0.989744763101
2312.27047394 1.02725572698
2312.31133796 1.01076173882
2312.33176997 0.977619982971
2312.35220208 0.993466774422
2312.37263399 1.01302375632
2312.3930661 0.989984160097
2312.4134981 0.981759668815
2312.45436212 1.01076970959
2312.47479413 1.02084542503
2312.49522613 0.996443225324
2312.51565814 0.994410551039
2312.53609015 0.986724053755
2312.61781807 0.989666454237
2312.63825017 1.02767843898
2312.65868217 1.00797579418
2312.71997818 1.00552087819
2312.74041008 0.994753375776
2312.76084219 1.01661985185
2312.78127419 1.00082730209
2312.80170609 1.02191866691
2312.82213819 0.95370809893
2312.88343419 1.0020243182
2312.90386619 1.00365633901
2312.92429828 0.990880855475
2312.94473018 1.00063371834
2312.96516218 1.00731860403
2312.98559428 1.02499012992
2313.00602627 0.976857345853
2313.02645817 0.996463788518
2313.04689027 1.02478052902
2313.06732226 1.00855465092
2313.08775416 0.993361837745
2313.10818625 1.01847040147
2313.12861825 0.995560075286
2313.14905014 0.994604723162
2313.18991423 1.00328631664
2313.21034612 0.993932372991
2313.23077821 1.01239149536
2313.2512102 0.984395988014
2313.27164219 0.968327030932
2313.29207419 1.01972737572
2313.31250618 0.992870657913
2313.33293817 0.99536580844
2313.35337016 0.980944795768
2313.37380215 0.994730902538
2313.43509811 0.999991979977
2313.4555301 0.991329630145
2313.49639408 1.00510136331
2313.51682616 0.986664293022
2313.53725805 1.00141619777
2313.55769004 1.00809833036
2313.59855401 1.0232999644
2313.61898599 1.01500132607
2313.63941808 0.973352371325
2313.65984996 0.996342909615
2313.68028194 1.00457908407
2313.70071403 1.02507973471
2313.72114591 1.02088733118
2313.74157789 0.976663872133
2313.76200997 1.00267772118
2313.78244186 1.01236105424
2313.80287384 1.01289519364
2313.82330592 0.989734236827
2313.8437379 1.01113084316
2313.86416978 0.98348889876
2313.88460186 0.996496601738
2313.90503384 1.01712546654
2313.92546582 1.00024782393
2313.9458978 0.991785144791
2313.96632977 0.997441847678
2313.98676175 0.965831824586
2314.00719373 0.989005073646
2314.02762571 1.00411698904
2314.04805768 0.972281694246
2314.06848966 0.987761363357
2314.08892164 0.976608758019
2314.10935361 0.96951571812
2314.12978559 1.01724515168
2314.17064954 1.00351299205
2314.19108151 1.0042799522
2314.21151348 0.98936394031
2314.23194546 0.999233595314
2314.29324137 1.00916527116
2314.31367335 0.995669100541
2314.33410532 0.994909979009
2314.35453739 1.02990540137
2314.37496926 1.00105994859
2314.4158333 0.993878624039
2314.43626517 0.992230980482
2314.53842511 0.998701571672
2314.55885698 1.02225669358
2314.57928904 1.00999170923
2314.59972101 1.01362211819
2314.62015287 1.0002687548
2314.64058494 1.00175162198
2314.66101691 1.00700099744
2314.68144887 1.02116958606
2314.70188083 0.992505985379
2314.7223128 0.980739487712
2314.74274476 1.00029553289
2314.76317672 1.01040362278
2314.78360869 0.995528214153
2314.80404065 0.980066318769
2314.82447261 0.979821589289
2314.84490457 1.01356229599
2314.86533644 0.991112772338
2314.90620046 1.01741328273
2314.92663252 1.00098767083
2314.94706438 0.997490516131
2314.96749634 1.00053396203
2314.9879284 1.02289651113
2315.00836025 0.995049291074
2315.06965613 0.999481472123
2315.09008809 0.996579569748
2315.11052014 1.0024268085
2315.130952 1.00474401731
2315.15138395 0.999995067068
2315.17181601 0.987118590881
2315.19224797 1.01217404058
2315.21267982 1.01818850517
2315.23311188 1.01011649978
2315.25354383 0.99683658028
2315.27397568 1.00162790922
2315.29440774 0.979529437017
2315.31483969 1.00638864664
2315.33527154 0.982374744905
2315.35570359 1.02626295948
2315.3965676 1.00273371749
2315.41699945 1.00589546805
2315.4374314 0.984094776983
2315.45786345 0.974813531921
2315.5191592 0.993948968738
2315.58045505 0.99318903901
2315.60088699 0.991836296946
2315.62131894 1.00182290063
2315.64175089 1.00072972474
2315.66218283 1.00365870002
2315.68261478 1.01783088142
2315.70304683 0.986945779089
2315.72347867 1.00120764702
2315.74391062 0.986591050741
2315.76434266 1.01140811143
2315.78477451 1.02358712305
2315.80520645 0.981944659044
2315.82563849 0.982162582889
2315.84607034 0.988755786074
2315.88693432 1.00033955057
2315.90736617 0.99090773832
2315.92779821 1.01201107995
2315.94823015 0.988492228752
2315.96866199 1.00195841084
2315.98909403 1.01077892242
2316.00952597 1.00886984381
2316.09125373 0.982338682594
2316.11168567 0.99639499737
2316.13211761 1.0147719755
2316.15254954 1.00122471684
2316.17298158 0.978324124194
2316.19341342 0.975680725443
2316.21384536 1.00344166527
2316.23427729 0.975512628684
2316.25470923 0.98627164318
2316.27514106 0.997962777893
2316.2955731 0.990556267463
2316.31600503 1.01365760876
2316.33643707 0.996064498571
2316.37730084 1.02649765279
2316.39773287 0.982792658273
2316.4181647 0.993106563477
2316.43859664 1.00110312148
2316.45902867 0.991778045128
2316.4794605 1.00971443305
2316.49989243 0.984080888332
2316.52032446 1.02611170294
2316.54075639 1.00931009517
2316.56118822 1.01751609334
2316.58162025 1.02751870647
2316.60205218 0.997534204454
2316.62248401 1.01132794891
2316.64291604 0.993552878928
2316.66334797 0.999104396643
2316.6837798 1.00028338184
2316.70421183 1.01237828007
2316.72464376 1.00756706083
2316.74507558 0.989377742938
2316.76550761 0.979052763231
2316.78593954 1.01949861449
2316.80637156 1.00387860521
2316.82680339 1.01668939671
2316.86766734 1.02132265382
2316.94939494 1.00336472297
2316.96982686 1.00456986968
2316.99025888 0.994909810854
2317.01069071 1.01004552804
2317.03112263 1.00652776056
2317.05155455 0.993196908234
2317.07198647 0.980735771672
2317.09241839 0.986202059526
2317.11285041 0.995475115263
2317.13328223 0.990241385815
2317.15371415 1.00617708576
2317.17414617 0.961571028447
2317.19457799 1.00137457162
2317.21501001 0.992411635662
2317.23544193 0.997036031992
2317.25587375 1.01461803196
2317.27630577 1.01600382904
2317.29673768 1.02870442057
2317.3171695 0.987541830638
2317.35803344 1.01380827535
2317.37846535 0.997083722058
2317.39889727 0.986808559424
2317.41932918 0.985768235925
2317.4397611 1.005543166
2317.46019301 1.00552051031
2317.48062493 0.983314413768
2317.50105684 0.990211719744
2317.52148876 0.985671399523
2317.54192067 1.01356770418
2317.56235258 0.996204942518
2317.60321641 0.992500102163
2317.62364832 0.998046392518
2317.64408033 1.00532809212
2317.66451214 0.970345435792
2317.68494415 0.99251593987
2317.70537606 1.02969658174
2317.72580787 0.993756566962
2317.74623988 0.98762247953
2317.76667169 0.98556280678
2317.7871036 0.975019827492
2317.80753561 1.01771499974
2317.86883134 1.00808269205
2317.88926314 1.00654672801
2317.90969505 1.01889514962
2317.93012706 0.983300960973
2317.95055896 1.00014205343
2317.97099077 0.980501567058
2317.99142278 1.01699986352
2318.01185468 1.02935403496
2318.03228649 0.976916756124
2318.05271849 0.950470137279
2318.0935822 0.998328411012
2318.1140142 1.01956497154
2318.13444611 0.981753409052
2318.17530991 1.02150839727
2318.19574181 1.03620029271
2318.21617382 0.992342130697
2318.23660562 0.988655251625
2318.25703752 1.00800518592
2318.27746952 0.993186405515
2318.29790132 0.983564191243
2318.35919702 1.00950173722
2318.37962892 1.0130232474
2318.40006092 1.01017024103
2318.42049282 1.00170918936
2318.44092461 1.02628144229
2318.46135661 1.0036438512
2318.48178841 0.984839958428
2318.50222031 0.993489719965
2318.5226523 1.02908497609
2318.5430841 0.99121820315
2318.58394799 0.990118650101
2318.60437979 0.99361497888
2318.62481178 1.01560132497
2318.64524368 0.996300513869
2318.66567547 0.983616985903
2318.68610746 0.981121397519
2318.70653936 0.980869694856
2318.72697115 1.03392287581
2318.74740314 0.978563637902
2318.76783504 0.976959059424
2318.86999459 1.02358571049
2318.89042639 1.02799359115
2318.91085828 1.031475847
2318.93129027 0.995550443849
2318.95172206 1.0184453551
2318.97215394 0.984270065434
2318.99258593 0.978342245764
2319.01301772 0.991314905245
2319.03344971 1.00322862597
2319.07431339 1.00556404454
2319.09474537 0.990227063671
2319.11517726 1.01035326386
2319.13560905 1.0104066531
2319.15604103 0.979751166043
2319.17647282 1.02830823924
2319.25820036 1.00826397127
2319.27863234 0.991327963107
2319.29906423 1.0164949472
2319.31949601 1.01473524907
2319.33992799 0.992652481529
2319.36035988 1.00330125893
2319.38079166 0.999940073272
2319.40122364 0.994132368212
2319.42165552 0.998593061323
2319.44208751 0.960042591654
2319.46251929 1.01404533434
2319.48295117 1.02668961278
2319.56467879 0.974543056738
2319.58511057 1.01797169641
2319.60554245 1.01446244737
2319.62597442 0.998301321139
2319.6464062 1.0049816175
2319.66683808 1.01054466737
2319.68727006 1.02213734425
2319.76899757 1.00019754068
2319.80986132 1.00047611734
2319.83029319 1.01427745729
2319.87115694 0.99843025983
2319.89158872 0.967943838713
2319.91202069 0.989198034775
2319.93245256 1.00289088522
2319.95288444 1.00978577779
2319.99374818 1.00123134899
2320.01417995 0.971218905284
2320.03461193 0.964590240132
2320.0550438 1.00318308658
2320.07547557 0.969020862647
2320.09590754 1.0007968202
2320.11633941 0.984929295528
2320.13677128 0.985548241902
2320.15720315 0.977943031034
2320.17763502 0.976963592993
2320.19806689 1.03119486312
2320.21849876 0.996823318094
2320.23893063 1.00647178781
2320.2593626 1.03242881909
2320.30022623 1.02871975239
2320.3206582 0.965157806735
2320.34109007 0.997677600179
2320.36152183 1.01528796941
2320.3819538 1.00404598257
2320.40238567 1.029573071
2320.42281743 0.974662133897
2320.4432494 0.959458824859
2320.46368126 0.97567527526
2320.48411303 1.00359648395
2320.50454499 1.00473154869
2320.52497686 0.996285547875
2320.54540872 1.0176046359
2320.56584058 1.00138336542
2320.58627245 1.01514564898
2320.60670431 0.995590031542
2320.62713617 0.952769204524
2320.64756804 0.999272216851
2320.6679999 1.02366502611
2320.68843176 0.995331574641
2320.70886362 0.983783507584
2320.72929548 1.00929508315
2320.79059116 1.00438199666
2320.81102292 1.00327786646
2320.83145478 0.963480199892
2320.89275036 1.00541968436
2320.91318232 0.968943012099
2320.93361407 0.996731982779
2320.95404593 1.00128693325
2320.97447789 0.987502917937
2320.99490965 1.02581811862
2321.0153415 0.986502974154
2321.03577346 1.01108610718
2321.05620522 0.994786436647
2321.07663717 1.03113332294
2321.09706903 1.00520044553
2321.11750088 0.996789380997
2321.13793274 1.01652761963
2321.15836459 1.00558153624
2321.17879644 0.982212293207
2321.1992283 0.97390930947
2321.21966015 0.992763323581
2321.240092 1.00403817966
2321.28095571 1.03871131401
2321.30138756 0.990789547696
2321.32181951 0.988470513958
2321.34225127 1.01309438666
2321.36268312 0.985333207696
2321.38311497 0.970102198014
2321.40354682 0.990888339618
2321.42397857 1.00439169948
2321.44441052 0.990676699843
2321.46484237 1.02304489501
2321.48527432 0.992747487051
2321.50570607 1.03684883243
2321.52613792 1.00685926102
2321.54656986 0.991830458839
2321.56700161 1.00177771472
2321.58743346 0.990414543853
2321.60786541 1.00719198469
2321.62829725 1.03945791681
2321.648729 0.987546530005
2321.66916095 1.02026770973
2321.68959279 1.01674854357
2321.71002454 1.00339413411
2321.73045649 0.989512263104
2321.77132008 0.996896187369
2321.79175202 1.02016794254
2321.81218387 0.999603249617
2321.83261561 0.997782013134
2321.85304755 1.01373117139
2321.8734794 0.991469590909
2321.89391134 1.01373864991
2321.91434308 1.00108563608
2321.93477493 0.979409842095
2321.95520687 1.01786482134
2321.97563861 1.01371676215
2321.99607045 0.997981152407
2322.07779782 0.984377607606
2322.09822966 1.02030980337
2322.1186615 0.994412194586
2322.13909343 1.01656481276
2322.15952517 1.00087400417
2322.17995701 1.01594056621
2322.20038895 0.994156097484
2322.22082069 0.991750533285
2322.26168447 1.03195592774
2322.2821162 0.983130307442
2322.30254814 1.01191695096
2322.32297998 0.986040780243
2322.34341171 1.0045722592
2322.36384365 0.979945936748
2322.38427549 1.01310852444
2322.44557099 0.99960396639
2322.46600283 1.00356806713
2322.48643466 1.02686505606
2322.50686649 0.988171925331
2322.52729833 0.982396322603
2322.54773016 1.00835812641
2322.56816199 0.962585764521
2322.58859383 0.977511408638
2322.60902576 0.974532235558
2322.62945749 0.96027156293
2322.64988942 0.991428831382
2322.67032126 1.03023423758
2322.69075299 0.974423450484
2322.71118492 0.986135836689
2322.75204848 1.01791164024
2322.77248041 1.00075951
2322.79291214 1.01536632662
2322.81334397 1.00387952838
2322.8337759 0.986833566347
2322.85420763 1.00643457849
2322.87463946 1.01410390272
2322.89507139 1.00776590727
2322.91550311 0.991565827216
2322.93593494 0.982072129509
2322.95636687 0.996971735503
2322.9767987 1.02238020544
2322.99723042 0.993794383704
2323.01766235 0.990926315656
2323.03809418 0.989993921697
2323.058526 0.986767300356
2323.07895783 0.997762111647
2323.09938965 0.997070162441
2323.11982148 0.971837031082
2323.1402533 1.01160105215
2323.16068513 0.950314616922
2323.18111705 0.994956269015
2323.20154878 1.0198786732
2323.24241252 1.00498313014
2323.26284425 0.970823893135
2323.28327607 1.00135027389
2323.30370799 1.0068496973
2323.32413971 1.0327945437
2323.34457154 1.00712451153
2323.36500346 0.977126481463
2323.38543518 0.990759295062
2323.405867 1.02822440222
2323.42629892 0.992609176391
2323.44673074 1.00821894048
2323.46716256 1.01629920722
2323.48759438 1.01477153756
2323.5080261 1.01628392545
2323.52845802 1.01354846581
2323.54888984 1.00314026111
2323.56932156 0.992228816733
2323.58975348 1.01316160518
2323.61018529 1.00566889234
2323.63061701 1.00671187194
2323.65104893 1.01807999717
2323.67148075 1.02156327177
2323.69191246 0.985167823755
2323.75320791 1.00736879222
2323.77363983 1.0091746849
2323.79407164 1.00531674511
2323.81450356 1.01232314109
2323.83493528 0.994617341359
2323.85536709 0.984545868762
2323.875799 0.981892075232
2323.89623072 0.98860981458
2323.91666253 0.979240587635
2323.93709445 0.988979875983
2323.95752616 0.97471949829
2323.97795797 1.00770412096
2323.99838988 1.00550425552
2324.0188217 1.01098212405
2324.03925341 1.00332441874
2324.05968532 1.01773943065
2324.08011713 0.970343128986
2324.10054884 1.01249904674
2324.12098076 0.99048805891
2324.14141257 0.977423655444
2324.16184428 1.00086136461
2324.18227619 1.02836153496
2324.24357162 1.02671015248
2324.26400342 1.01507701379
2324.28443523 1.01004747931
2324.30486704 0.983229787966
2324.32529875 0.983001818615
2324.34573066 0.995292597638
2324.36616247 0.997966523019
2324.38659427 0.98157329226
2324.42745789 1.0265653351
2324.44788969 0.996069136783
2324.4683216 0.976433289216
2324.48875331 0.988777927241
2324.50918511 0.993201517734
2324.52961702 0.988225038915
2324.55004872 1.0051907919
2324.57048063 1.00130939478
2324.59091243 1.00230060954
2324.61134414 1.02336937434
2324.63177604 1.00524828454
2324.65220784 1.00218559809
2324.67263955 0.985285691929
2324.71350325 1.00371564561
2324.73393496 0.969144782154
2324.75436686 0.98710239483
2324.77479866 1.00375848488
2324.79523036 1.00253792429
2324.81566226 0.99875976612
2324.85652587 1.01249967287
2324.89738947 1.03684331018
2324.91782127 0.982221849585
2324.93825317 0.997525855063
2324.95868487 1.02848559121
2324.97911667 1.00175848034
2325.01998026 1.00705754479
2325.04041216 0.999856519222
2325.06084386 0.983334289635
2325.08127566 1.02209871467
2325.12213925 0.988543073528
2325.14257105 1.02180066167
2325.16300295 0.964572035657
2325.20386644 0.995494499272
2325.22429834 1.01158480218
2325.24473003 0.99239775625
2325.26516183 0.992203442761
2325.28559372 0.995810340394
2325.30602552 0.988042494299
2325.32645731 0.999816972141
2325.34688941 0.996036838684
2325.3673212 1.0100284922
2325.38775299 0.994523533478
2325.40818479 0.999089465992
2325.42861648 0.996704580008
2325.44904837 0.993802521356
2325.46948017 1.01877561846
2325.48991186 1.03739154445
2325.51034375 0.998527046048
2325.53077554 1.01190303325
2325.55120724 0.988102460754
2325.57163913 1.01271134624
2325.59207092 0.978992009908
2325.61250261 1.01971387769
2325.6329345 1.00525493768
2325.65336629 0.977539963934
2325.69422987 1.00606235483
2325.71466166 1.01519741868
2325.73509355 1.0138878348
2325.75552524 1.00493566145
2325.77595703 1.02066324553
2325.79638892 1.00235699472
2325.8168206 0.989123567539
2325.83725239 0.992983003069
2325.85768428 1.01790133431
2325.87811607 0.979122371718
2325.89854775 1.00485096638
2325.91897964 1.00870157424
2325.93941143 1.01688805279
2325.95984311 1.01008063373
2325.980275 0.978294271878
2326.00070679 0.990062552086
2326.02113847 0.985456954911
2326.04157036 1.03508197361
2326.06200214 0.97419554372
2326.08243403 0.972768669465
2326.10286571 0.998046717274
2326.1232975 0.975964433196
2326.14372928 1.02506839817
2326.20502463 1.00447360787
2326.22545641 1.00017720478
2326.2458882 0.977157067124
2326.26631998 1.02694628781
2326.28675176 1.000152998
2326.30718354 1.00182963796
2326.32761532 0.995818680351
2326.34804711 0.980163717589
2326.36847889 0.994597015459
2326.38891077 0.99141588894
2326.40934245 0.993800455897
2326.42977433 0.987611018064
2326.45020611 0.97200918526
2326.47063779 0.976770174566
2326.49106967 0.984820146902
2326.51150145 0.999879367409
2326.53193313 1.00030712607
2326.57279678 1.01164400831
2326.59322846 0.978231467769
2326.61366034 1.01463272473
2326.63409212 0.979606597367
2326.6545238 0.980676201265
2326.67495567 1.00044720824
2326.69538745 1.00989311789
2326.71581923 1.00027568326
2326.736251 1.00024745759
2326.75668278 1.01226775845
2326.77711456 1.01347118039
2326.79754633 0.974446599143
2326.81797811 1.00099901603
2326.83840998 1.00662716321
2326.85884166 1.00512030921
2326.87927343 0.965257933341
2326.92013698 1.0087400803
2326.94056876 0.977185690509
2326.96100063 1.00367677516
2326.9814323 1.02272647965
2327.00186408 1.01760794324
2327.02229595 0.98465540624
2327.04272762 0.97577785963
2327.06315939 0.997913263751
2327.08359127 0.995510049508
2327.10402294 1.0191393831
2327.12445471 0.988183581996
2327.14488658 0.990059606369
2327.16531825 1.03069157098
2327.18575012 1.00357002688
2327.22661367 0.999738930627
2327.24704544 1.00027643743
2327.26747721 1.00646958458
2327.28790898 1.02025216672
2327.30834074 1.01208913469
2327.32877251 0.986388425515
2327.34920428 0.999763633196
2327.36963615 1.0035623332
2327.41049959 1.01588181294
2327.43093146 0.990209413879
2327.45136312 1.00255605461
2327.47179489 1.01113122368
2327.49222676 0.99850237172
2327.51265843 0.989770553594
2327.53309029 0.989776827274
2327.55352206 1.0372349173
2327.57395373 1.00946488992
2327.59438559 0.9859136251
2327.61481736 0.996405560984
2327.63524902 0.997006446673
2327.65568089 0.989496281922
2327.67611255 1.00344133039
2327.69654432 1.00406916997
2327.71697618 0.980333978745
2327.73740795 0.99887169608
2327.75783961 0.973865521804
2327.77827147 0.986178814575
2327.79870324 1.00526965637
2327.8191349 1.00921670682
2327.83956676 1.02590641079
2327.85999853 0.995777079474
2327.90086205 1.01276497248
2327.92129381 1.00041036344
2327.94172568 1.00691210783
2327.96215734 1.00445290445
2327.9825891 0.990111680793
2328.00302096 0.997120576109
2328.0847479 0.987672575811
2328.10517966 1.01394913185
2328.14604318 1.00414707329
2328.16647494 0.984547468738
2328.1869068 1.00865087816
2328.20733856 1.0062929725
2328.22777022 0.963736986171
2328.24820207 0.977951490038
2328.26863383 0.999394982771
2328.28906559 1.00366446252
2328.30949735 1.01357923847
2328.32992911 1.00071869167
2328.35036086 0.977134261976
2328.39122428 0.982257459319
2328.45251954 0.995530225405
2328.4729514 0.994351049235
2328.49338316 0.976412814169
2328.51381481 1.00061479785
2328.53424667 1.01059401436
2328.55467842 0.983730835772
2328.57511017 1.00960050761
2328.59554193 1.01316168292
2328.61597368 1.02927632915
2328.63640554 0.999398524929
2328.65683719 1.02453700247
2328.67726894 0.972825276541
2328.6977008 1.01932210702
2328.71813245 1.00433397534
2328.7385642 1.01034791185
2328.75899605 1.02434260072
2328.77942781 0.995718076235
2328.79985946 1.01540719241
2328.82029131 1.00208003378
2328.84072306 1.00342563634
2328.88158656 1.02176309958
2328.90201831 0.99028930866
2328.92244996 0.97575391264
2328.94288181 1.01446237463
2328.96331356 0.977216233364
2328.98374541 1.0060876476
2329.04504056 0.986802863404
2329.06547231 0.982129245093
2329.08590406 0.986629930602
2329.10633581 0.991687213326
2329.12676756 1.02162534454
2329.1471993 0.989442954203
2329.16763105 0.997182666987
2329.1880628 1.00083290969
2329.20849455 0.995443766092
2329.22892639 1.00325307967
2329.24935804 1.02039689062
2329.29022163 1.01176251981
2329.31065328 0.975976495435
2329.33108513 0.969212948752
2329.37194852 1.00375541795
2329.39238036 1.00295343123
2329.41281211 0.991800397647
2329.43324375 0.976760314898
2329.4536756 1.03380171103
2329.47410734 0.973414829906
2329.49453898 0.990398394205
2329.51497083 0.980446290628
2329.53540257 1.00029642677
2329.55583422 1.02875267447
2329.57626606 0.993102542038
2329.5966978 0.990620823759
2329.61712954 0.988495563148
2329.63756129 1.02803929783
2329.65799303 0.985429130244
2329.67842487 0.979580585089
2329.69885661 1.00573971552
2329.71928825 0.986147360693
2329.7397201 1.00517464471
2329.76015184 0.98212588839
2329.78058348 0.997837827342
2329.86231054 1.01018385496
2329.88274218 1.01249226879
2329.90317392 1.01953743608
2329.92360576 1.01190486796
2329.9440374 1.01172369391
2329.96446914 0.986140721401
2330.00533261 1.0103279087
2330.02576445 0.989058230306
2330.04619619 1.0120496968
2330.06662793 1.01182916966
2330.1074914 0.999817219071
2330.12792314 1.01088578094
2330.14835488 1.01009353999
2330.16878661 1.01504158289
2330.18921835 1.00365249602
2330.20965019 0.99303698995
2330.23008182 0.985351681738
2330.29137703 0.999662020222
2330.31180876 0.989032406471
2330.35267223 0.993555286308
2330.37310407 1.00361236415
2330.3935358 0.965584849928
2330.41396744 1.02921544346
2330.43439927 0.993843699803
2330.45483101 1.01386733252
2330.49569447 0.994249688007
2330.51612621 0.986162020146
2330.53655794 0.996755115893
2330.55698967 0.992147083851
2330.59785304 1.01797494685
2330.61828487 1.0058968855
2330.6387166 1.00054390404
2330.65914823 1.00920782004
2330.67958006 0.998871875442
2330.70001179 0.985578834164
2330.74087525 1.0048224387
2330.76130699 0.999345979179
2330.78173882 1.00724145794
2330.80217045 0.995658802106
2330.843034 0.952533489132
2330.86346563 0.987500061639
2330.88389736 1.00290864715
2330.90432919 0.999188726878
2330.92476082 1.01414418776
2330.94519255 1.01264575511
2330.96562438 1.00043662611
2330.98605601 1.03428146343
2331.00648773 1.01730830834
2331.02691956 0.988756149815
2331.04735129 1.023813728
2331.06778302 0.97807244911
2331.08821474 1.00457710159
2331.10864647 0.989419876106
2331.1290782 1.01038158436
2331.14950992 1.01874867106
2331.19037338 0.993393142325
2331.2108051 0.987430825301
2331.23123683 0.986566915567
2331.25166855 1.00629266953
2331.27210028 1.02591542115
2331.292532 0.996124994842
2331.31296373 0.992757049804
2331.33339545 1.00228879701
2331.35382708 1.02375485186
2331.3742589 0.969435430275
2331.39469063 1.0006688981
2331.41512245 1.0025549344
2331.43555407 0.993672174359
2331.4559858 1.01139373639
2331.47641762 0.992101913107
2331.49684924 0.98432175213
2331.51728097 1.00706785252
2331.53771279 0.992034180543
2331.61943968 0.993002161501
2331.6398713 0.992309461344
2331.66030312 0.973290770596
2331.68073484 0.980669646512
2331.70116656 1.02970447472
2331.72159828 1.02598490351
2331.74203 0.979505552512
2331.76246182 0.983366363713
2331.78289344 0.983216579502
2331.82375698 1.0023521251
2331.8441886 1.02103197085
2331.86462032 1.00262113029
2331.88505214 1.02437961846
2331.90548376 1.0000114132
2331.92591548 1.0077526045
2331.9463473 0.997703593794
2331.96677892 1.0088274864
2331.98721064 1.01899928832
2332.00764235 0.996362207785
2332.02807407 1.01914269334
2332.06893751 1.01498747296
2332.08936922 0.999638220321
2332.10980104 1.03067445676
2332.13023276 1.00630115242
2332.17109619 0.990794806626
2332.19152791 1.01288922874
2332.21195952 0.99426817536
2332.23239134 0.983591397195
2332.25282305 1.00782157378
2332.27325467 0.977651694002
2332.29368648 0.987556492216
2332.35498163 1.00231939899
2332.37541334 1.02932780685
2332.39584516 1.00377004031
2332.41627677 1.00419367528
2332.43670849 1.02081360068
2332.4571403 0.997187030616
2332.49800363 0.988542246693
2332.51843544 0.993048594905
2332.53886705 1.02655936619
2332.55929876 1.00496332692
2332.57973058 1.00154249204
2332.60016229 0.988862015711
2332.66145743 1.01465456211
2332.68188904 1.02476029919
2332.82491111 0.979046903739
2332.84534272 1.00062532811
2332.86577453 1.01249351144
2332.88620624 1.01858481388
2332.90663785 1.00765413579
2332.96793308 0.973820262373
2332.98836479 0.996152131829
2333.0087965 0.991448176301
2333.04965991 0.979880483385
2333.07009162 0.987012001717
2333.09052343 0.990004260908
2333.17225026 0.984428645813
2333.19268186 1.00069145198
2333.21311367 0.986169270043
2333.23354538 1.0126115388
2333.3152721 0.988733171858
2333.33570391 1.01120554081
2333.35613561 0.995639800596
2333.37656742 0.987552623828
2333.39699902 0.962955884226
2333.41743073 0.98186196032
2333.43786253 1.00090430989
2333.45829414 0.978797486091
2333.47872584 1.01205964887
2333.49915755 0.992262214079
2333.51958925 0.976054996154
2333.56045266 1.00555852064
2333.58088436 1.01029883213
2333.60131606 1.00689009192
2333.62174787 0.98691856852
2333.64217947 1.00999787934
2333.66261127 0.970480101907
2333.68304297 0.979424469777
2333.70347458 0.994147765259
2333.72390638 0.997206995265
2333.74433808 0.972199559768
2333.76476968 1.01978988558
2333.78520148 0.981237433713
2333.80563318 1.03488132844
2333.84649659 1.00395607792
2333.86692829 0.987388768164
2333.88735989 0.991628325223
2333.90779169 1.02965666121
2333.92822339 0.987774597207
2333.96908679 0.99780438979
2333.98951849 0.990900354534
2334.03038189 0.989068918793
2334.05081359 0.997292429419
2334.07124539 0.983739903167
2334.09167709 0.973504092215
2334.13254048 0.977559964636
2334.15297218 1.02289286517
2334.19383558 1.00312892034
2334.21426717 1.00879282534
2334.27556227 1.03512173758
2334.29599406 1.03096976528
2334.31642576 1.02051532466
2334.33685736 0.998803936037
2334.35728915 1.03175718239
2334.37772085 1.00597288151
2334.39815245 0.979174244083
2334.41858424 0.994425451795
2334.43901594 1.00307817492
2334.45944764 1.00653413728
2334.47987933 0.990319147739
2334.50031103 0.969856619674
2334.58203791 1.03033998021
2334.6024696 1.00599064869
2334.6229012 1.01239408964
2334.64333299 0.998311045121
2334.66376468 1.03217551027
2334.68419628 0.983396394425
2334.70462807 0.985056895419
2334.72505977 0.977231210197
2334.74549136 0.999013632627
2334.76592315 1.00876950706
2334.78635484 1.02750287143
2334.80678644 0.986203134027
2334.82721823 0.979843092675
2334.84764992 1.01863332794
2334.86808152 1.03566142622
2334.88851331 0.98866910737
2334.92937679 1.03099774255
2335.01110346 0.993106577183
2335.03153515 1.0000747744
2335.05196684 1.01292937334
2335.07239853 0.976316003038
2335.09283022 1.01655906629
2335.11326191 0.995930824299
2335.1336936 0.984235236566
2335.15412529 1.0337246261
2335.17455708 0.995122556437
2335.19498867 0.989574042571
2335.21542046 0.986017064972
2335.23585215 1.00415306587
2335.25628374 1.00472522253
2335.27671553 0.997841927547
2335.29714722 0.979679246719
2335.31757881 0.980452284143
2335.33801059 1.01837042999
2335.35844228 1.0362786743
2335.37887387 1.01754069447
2335.39930566 1.01786095069
2335.41973735 1.03450555155
2335.44016903 1.00150499489
2335.46060072 1.00948169903
2335.48103241 1.00108312571
2335.56275926 1.03416751416
2335.58319094 0.997074006377
2335.60362253 0.994186616154
2335.62405432 1.01234100611
2335.644486 0.967366512488
2335.66491759 0.994423786525
2335.70578096 0.97964241319
2335.72621265 1.00069713307
2335.74664443 0.998670980071
2335.76707602 1.00756841319
2335.7875077 0.989501373522
2335.80793949 1.02819744754
2335.82837107 0.994743990461
2335.84880286 0.981819762286
2335.86923454 1.01821635983
2335.91009791 1.02136848538
2335.93052959 1.0022508178
2335.95096118 0.999616972583
2335.99182464 1.02262739794
2336.01225633 0.994717953883
2336.03268801 0.989315211705
2336.05311969 0.978278164087
2336.07355138 1.01000968656
2336.09398306 0.999006784921
2336.11441474 1.02470997302
2336.13484652 1.00115074544
2336.15527821 1.03184761506
2336.17570979 0.985876595982
2336.19614157 1.00856619932
2336.21657325 0.976991665623
2336.25743662 1.00557124888
2336.2778683 0.992306845631
2336.29829988 0.994719393054
2336.31873166 1.0028223658
2336.3800267 0.980305615224
2336.40045838 0.993965863255
2336.42089006 0.977526912025
2336.44132174 1.01236510678
2336.46175332 0.997833044979
2336.4821851 0.996775329518
2336.50261678 0.993418343958
2336.52304846 0.978715189519
2336.54348014 0.995409739893
2336.56391182 1.00464463818
2336.5843435 0.995118055992
2336.60477518 1.01417389604
2336.62520686 0.975176373805
2336.64563854 0.996331895437
2336.66607031 1.01339312121
2336.70693367 0.999419964993
2336.72736535 1.01842282003
2336.7682287 1.01118320898
2336.78866038 0.993766583113
2336.80909196 0.973549465925
2336.82952374 1.00155892062
2336.84995541 1.01943765831
2336.87038699 0.966257874583
2336.89081877 1.00150132826
2336.91125045 0.983516785096
2336.93168202 1.00219970965
2336.97254547 0.988696456913
2336.99297725 1.01877604676
2337.01340883 0.964962520009
2337.0338405 1.01397969787
2337.05427228 0.994517496306
2337.07470395 0.978425174125
2337.09513553 0.972710163664
2337.1155672 1.0178348861
2337.13599898 0.991445071041
2337.15643056 0.968821913548
2337.17686233 1.00429587794
2337.1972939 0.965313835949
2337.21772558 0.998838225896
2337.23815735 1.01403273101
2337.25858893 1.02177632552
2337.2790207 0.993831127932
2337.29945238 0.990740968386
2337.31988395 1.0034310264
2337.34031572 0.997074544122
2337.38117897 1.00969629003
2337.40161074 0.952139224656
2337.42204242 1.01867002269
2337.44247399 0.971930420198
2337.46290576 0.991839978872
2337.48333744 0.980682775969
2337.50376911 1.0110796871
2337.54463245 1.00859357027
2337.56506413 0.970190737098
2337.5854958 0.989075268832
2337.64679091 0.986954694469
2337.66722249 1.0069022638
2337.70808593 0.995874868646
2337.7285175 0.992556285407
2337.81024428 0.98430488
2337.83067585 1.00121727148
2337.87153929 0.975708600821
2337.89197096 1.03052229584
2337.91240263 0.983107628682
2337.97369764 1.00009879547
2337.99412931 0.995569440041
2338.01456098 0.98888756986
2338.03499265 0.986238970065
2338.05542432 1.01892155617
2338.07585599 1.00772282238
2338.09628766 0.995348396723
2338.11671932 0.991935267685
2338.13715099 1.00791720907
2338.17801433 0.998635559746
2338.1984461 1.0276603414
2338.21887777 1.02370209528
2338.23930933 1.00940821417
2338.2597411 1.0171621095
2338.28017277 1.01398442397
2338.30060434 0.996890416491
2338.3210361 0.992870430016
2338.34146777 0.975789920928
2338.36189934 1.0054684796
2338.3823311 1.01304855159
2338.40276277 0.999232999682
2338.4436261 1.00068480679
2338.46405777 1.00525218448
2338.5049211 0.987422081855
2338.52535277 0.97961658
2338.54578453 1.0320446055
2338.5662161 0.994173642868
2338.58664777 1.01896867781
2338.60707943 1.01676720126
2338.6275111 0.995889372359
2338.64794276 0.994193727305
2338.66837453 0.976434411183
2338.68880609 0.995846948293
2338.70923776 1.01488555404
2338.72966952 0.997951714488
2338.75010109 1.02123649774
2338.77053285 1.02883003029
2338.79096452 1.01406985064
2338.81139608 0.997288652181
2338.83182784 1.00642972741
2338.85225951 1.00433047978
2338.87269107 1.02019409383
2338.89312284 0.992303229041
2338.9135545 0.988568668672
2338.93398606 0.986990780655
2338.95441783 1.00711743549
2338.97484949 1.01523262367
2338.99528125 1.03849744673
2339.01571281 1.01279571304
2339.03614448 0.99051401201
2339.05657624 0.999800024253
2339.0770078 0.995449492051
2339.11787123 0.995846925818
2339.13830289 0.964458706764
2339.17916621 0.970142934298
2339.19959788 1.02382072137
2339.22002944 0.993444441374
2339.2404612 0.961580781196
2339.26089286 0.988556192794
2339.28132452 0.970724586105
2339.30175618 1.01454909368
2339.32218775 0.969727265942
2339.34261951 0.998719452074
2339.36305117 1.01506176037
2339.38348273 0.992587113172
2339.42434615 0.984440447913
2339.44477771 1.00719625001
2339.46520947 0.9843091489
2339.48564113 0.983955047365
2339.50607279 1.00047150316
2339.52650445 1.01665008809
2339.54693611 1.01648510733
2339.62866285 1.00828003684
2339.64909441 1.00423232024
2339.66952607 0.978891653922
2339.68995783 1.01342255441
2339.71038949 0.997403500809
2339.73082104 0.979380551393
2339.7512528 0.984775170362
2339.79211602 1.02179632936
2339.83297944 1.00978098272
2339.85341119 1.01966768058
2339.87384275 1.00991739958
2339.91470617 1.02018153814
2339.93513773 0.997251717305
2339.95556938 0.985111846303
2339.97600114 1.01827022694
2339.9964327 1.0190660877
2340.01686436 0.998859845243
2340.03729601 0.998905515425
2340.05772767 1.00171527165
2340.07815933 1.0025999243
2340.09859098 1.00882006792
2340.11902264 0.998927383306
2340.15988605 1.01057125361
2340.18031761 1.02463351437
2340.20074937 1.02232753089
2340.22118102 0.98745832346
2340.24161258 0.973428928856
2340.26204433 0.986596357875
2340.28247599 1.01368872911
2340.30290755 0.99243875711
2340.3233393 0.991880966645
2340.34377096 0.97910933481
2340.36420271 0.999965786365
2340.40506592 0.996806626849
2340.42549768 1.00297432536
2340.44592923 0.988935422879
2340.46636089 0.992323597621
2340.48679264 1.00025275991
2340.5072242 0.9914758703
2340.52765585 1.0030051895
2340.54808761 0.993816174977
2340.56851916 1.01090645338
2340.58895082 0.992769242362
2340.60938257 0.998380713663
2340.62981422 0.971682683847
2340.65024588 1.03742409088
2340.67067753 0.987625879447
2340.71154084 0.972217731804
2340.73197249 0.999953356753
2340.75240415 0.974643630735
2340.7728358 0.994755275496
2340.79326745 0.986858232084
2340.81369901 0.999210215332
2340.83413076 0.986502160363
2340.85456241 1.00021374452
2340.87499396 1.00215458453
2340.89542572 1.00226444139
2340.91585737 1.02715996349
2340.93628912 1.00063021786
2340.95672067 1.00549800758
2340.97715233 0.999171226335
2340.99758408 1.01884316235
2341.01801563 0.972974225907
2341.03844728 1.00730602279
2341.05887903 1.01237412892
2341.07931059 0.996575905136
2341.09974224 1.00131513471
2341.12017399 0.985986735165
2341.14060564 1.02064835824
2341.16103729 1.01986760437
2341.18146894 0.988784921925
2341.20190059 0.988071937332
2341.22233225 0.998227711589
2341.2427639 0.997906068851
2341.26319555 1.00651776134
2341.2836272 0.996925154221
2341.30405885 1.0164825384
2341.3244905 0.999490714356
2341.34492225 1.00715463983
2341.3653538 0.996236926414
2341.38578545 1.00862218417
2341.4062171 1.01339687318
2341.42664875 1.01696229372
2341.4470805 0.994531467128
2341.46751205 1.00383818772
2341.4879437 1.00194552108
2341.50837545 0.979945873636
2341.528807 0.999870022463
2341.54923865 0.998526293387
2341.5696704 1.00329072237
2341.6105336 1.00247503016
2341.63096535 0.993632517471
2341.6513969 1.01516205813
2341.67182865 0.999842771489
2341.69226029 0.992977468296
2341.71269194 0.981859651495
2341.73312359 0.982800159562
2341.75355524 0.996505997838
2341.77398689 0.990792611447
2341.79441854 0.985072814677
2341.81485019 1.00170712983
2341.83528183 0.994675640622
2341.89657678 0.978278955815
2341.91700853 1.01070196303
2341.93744007 0.995333636678
2341.95787182 1.00145569511
2341.97830347 0.990794893886
2341.99873502 1.0187980003
2342.01916676 0.989044538667
2342.03959841 1.00679149927
2342.06002996 0.976093620811
2342.08046171 1.00787431639
2342.10089335 1.00280103862
2342.1213249 0.989015675608
2342.14175665 0.979173283855
2342.16218829 1.01985967994
2342.20305159 1.02602888918
2342.22348323 1.01041453997
2342.24391488 1.02098306641
2342.26434653 1.00014697603
2342.28477817 1.01527130128
2342.30520982 1.00999702017
2342.32564147 1.00807820656
2342.34607311 1.00113335384
2342.36650486 1.01473203741
2342.3869364 0.990075311312
2342.40736805 1.01376498221
2342.42779979 0.985406921741
2342.44823134 0.968924583509
2342.46866309 1.00398378097
2342.48909473 0.995862935956
2342.50952628 0.990276266897
2342.52995802 0.996656896604
2342.55038967 1.01702598424
2342.57082121 0.992036649578
2342.59125296 1.0165638015
2342.6116846 0.97250137587
2342.63211615 0.99199325587
2342.65254789 1.01244824723
2342.67297954 1.0021307783
2342.69341128 1.01228955255
2342.7955694 1.03478385389
2342.81600105 1.0054286941
2342.83643279 1.00482570235
2342.85686434 0.981335214202
2342.87729608 1.00004794742
2342.89772762 1.01561532044
2342.91815937 1.00616477975
2342.93859101 1.0116281992
2342.95902255 0.979021451853
2342.99988594 0.99706265446
2343.02031748 1.00853202963
2343.04074923 0.999426632024
2343.06118087 1.01761369158
2343.08161241 0.99605072245
2343.10204416 0.98751605489
2343.1224758 0.973087686743
2343.14290734 0.985267710998
2343.16333908 1.00179454233
2343.20420247 0.976542469559
2343.22463401 1.00107708564
2343.24506566 1.02650476382
2343.2654974 0.987409041504
2343.28592894 1.00620398957
2343.30636058 0.967843743329
2343.32679232 0.98210931237
2343.36765551 1.00016424313
2343.38808725 1.00846236093
2343.40851889 0.990869741398
2343.42895053 0.989794371445
2343.44938218 0.994791097785
2343.46981382 1.02461163458
2343.49024556 1.01107810367
2343.55154038 0.985758558158
2343.57197202 0.997848684558
2343.59240367 0.998387586463
2343.61283531 0.992902025775
2343.63326695 1.01782650511
2343.65369869 1.01640607094
2343.67413023 0.994525319777
2343.69456187 0.990770423843
2343.71499361 0.998501003379
2343.73542515 1.02788311359
2343.77628853 1.00862362427
2343.79672007 0.985993491307
2343.83758345 0.991131061784
2343.8580151 1.01044659415
2343.87844664 1.01060972335
2343.89887838 0.991503604632
2343.91931002 0.998772192811
2343.93974166 1.02449866164
2343.98060494 0.979173710673
2344.10319477 1.00064309992
2344.12362651 1.0304473405
2344.14405805 1.00875079401
2344.16448979 1.00679646037
2344.18492143 1.0000732878
2344.20535297 0.987892557961
2344.22578471 1.00034262511
2344.24621635 1.01287772781
2344.26664789 0.996505184741
2344.28707963 1.00584613484
2344.3279429 0.987739097004
2344.34837454 0.988218718026
2344.36880608 1.00329809811
2344.38923782 0.983032507441
2344.40966946 0.993045347353
2344.4301011 0.98764367211
2344.45053273 0.975549362886
2344.47096437 0.982375366129
2344.49139601 1.02651690267
2344.51182765 0.997032108806
2344.53225929 1.01890515628
2344.55269093 1.0144043524
2344.57312266 0.998642512648
2344.5935542 1.01297631951
2344.61398584 0.98818681922
2344.67528085 1.02956359341
2344.69571249 1.00120665395
2344.71614403 0.997907914903
2344.73657576 0.997866898936
2344.7570074 1.00610831134
2344.77743894 0.996983466626
2344.81830231 1.01979074514
2344.83873395 0.99484324954
2344.85916559 1.02226885686
2344.87959723 1.009494438
2344.90002896 0.968995843225
2344.9204605 0.971723325144
2344.94089214 0.990572679171
2344.96132377 0.997718285356
2345.00218705 1.0187684588
2345.02261878 0.995039081478
2345.06348196 1.00606430514
2345.08391369 1.00254699052
2345.10434523 1.02081803979
2345.12477697 1.02516492893
2345.1452086 1.00012972025
2345.16564014 0.998993087256
2345.18607188 1.01678827942
2345.20650351 0.956414397652
2345.22693505 0.97649769257
2345.24736678 0.982318199631
2345.26779842 0.968503851737
2345.28822996 0.990776238879
2345.30866169 1.00476012236
2345.32909333 1.01140511828
2345.34952506 1.02865446494
2345.3699566 0.972459771544
2345.39038823 1.00604641917
2345.41081997 0.993827200531
2345.43125151 0.986502416841
2345.45168314 0.993631200337
2345.47211488 0.963018324235
2345.49254651 1.02469167475
2345.51297805 1.0000253797
2345.53340978 1.0225344324
2345.55384142 1.00708704041
2345.57427305 0.984227991882
2345.59470469 1.02253983016
2345.61513632 0.969760358103
2345.63556796 0.99749641869
2345.65599959 0.997542441765
2345.67643123 0.964304899743
2345.69686286 1.01197921935
2345.7172945 1.02194069031
2345.73772613 0.976716659658
2345.75815777 0.981382757038
2345.79902094 0.994909607452
2345.81945267 0.999453932872
2345.83988431 1.00037033813
2345.86031604 0.986469333916
2345.88074758 1.01462687027
2345.90117921 1.00790451378
2345.92161094 0.998953264446
2345.94204248 1.01017512559
2345.96247411 1.00966186957
2345.98290585 0.997414187748
2346.00333738 1.01542245807
2346.04420075 1.00964679485
2346.06463238 0.996991475605
2346.08506402 1.01810705802
2346.10549565 1.02014254875
2346.12592729 1.00775356396
2346.14635892 0.988519870008
2346.16679055 1.02441219898
2346.18722219 1.00409319442
2346.20765392 0.971919368893
2346.22808546 0.980872632036
2346.24851709 0.980263031318
2346.28938036 1.00761752523
2346.30981209 0.989855419124
2346.33024372 0.981148770263
2346.35067526 0.981089514209
2346.37110699 1.0259221894
2346.39153862 1.00997234178
2346.41197016 1.00930851926
2346.43240189 0.996636922281
2346.45283342 1.01815777955
2346.47326506 1.00667304435
2346.49369679 1.01029754719
2346.53456006 1.00957072482
2346.55499169 0.999072385159
2346.57542332 0.992217688847
2346.59585496 0.989325946297
2346.61628659 0.992486779433
2346.63671822 1.01535278263
2346.65714985 1.00561417509
2346.69801312 1.02966427366
2346.80017128 0.981553324161
2346.82060302 0.984775831452
2346.84103465 1.01093367627
2346.86146618 1.02803932799
2346.88189791 0.998851137221
2346.90232955 0.974462749734
2346.92276108 0.990800288251
2346.94319281 0.981344407139
2346.96362444 1.00074910929
2346.98405617 1.00219170907
2347.00448771 0.992916834358
2347.04535097 1.01513720212
2347.0657826 1.00958951889
2347.08621424 0.989259469743
2347.10664597 0.984768840268
2347.1270775 1.00419352862
2347.14750913 1.00301599236
2347.16794076 0.998264833818
2347.1883724 1.01154264244
2347.20880413 0.963868784785
2347.22923566 1.00270618588
2347.27009902 1.00065736304
2347.29053065 1.01530805814
2347.31096219 0.998683959248
2347.33139392 1.01362984409
2347.35182555 1.01441867372
2347.37225708 0.999047470944
2347.39268881 1.0038431938
2347.41312044 0.994081379477
2347.43355218 1.00021877868
2347.45398371 0.993363422194
2347.47441534 1.01815008071
2347.5152786 1.00558815295
2347.55614196 1.03088033696
2347.5765735 1.01895309893
2347.59700513 1.01986362139
2347.61743686 1.01876967433
2347.63786839 1.0144592916
2347.65830012 1.00172409502
2347.67873175 1.0186282437
2347.69916338 0.983447866088
2347.71959501 1.00066989827
2347.76045828 0.994235655086
2347.78088991 1.00165122711
2347.80132154 1.03968858575
2347.82175317 0.992568973185
2347.8421848 1.00177004634
2347.86261643 0.987255597633
2347.88304816 0.995778086607
2347.90347969 1.00600655534
2347.92391132 1.03894717264
2347.94434305 0.988881994432
2347.96477458 0.988777907857
2348.00563795 1.01588043014
2348.02606948 1.00599799863
2348.04650111 1.00123604058
2348.06693284 0.9805222594
2348.08736437 0.974013472334
2348.1077961 0.994588232448
2348.12822773 0.988059385206
2348.14865926 0.996938206707
2348.18952262 0.986951355407
2348.20995425 0.979574468112
2348.29168077 0.978662597808
2348.3121124 1.00651155839
2348.33254414 0.989979594193
2348.35297577 0.998725101337
2348.3734073 0.996359285294
2348.39383903 0.977256737818
2348.41427066 0.995832735777
2348.43470219 1.00514851928
2348.45513392 1.00679632211
2348.49599708 0.979753261522
2348.51642881 1.00295454653
2348.53686034 1.01634554392
2348.55729207 0.940823325191
2348.5777237 1.00983534269
2348.59815523 0.99371798034
2348.61858696 0.984149476472
2348.63901859 0.998286543705
2348.65945012 1.01483456193
2348.67988185 1.01528347999
2348.70031348 1.00893438897
2348.74117674 0.991712988561
2348.76160837 0.99729154629
2348.7820401 0.995009062397
2348.80247163 1.00494015178
2348.82290326 1.00196313051
2348.84333499 1.02814781191
2348.86376652 1.01918142045
2348.88419815 0.99606165673
2348.90462988 0.983729596956
2348.92506151 0.987621006555
2348.94549314 1.01085116649
2349.04765129 0.98095177505
2349.06808302 1.00643988606
2349.08851455 1.01087199894
2349.10894618 1.00982877818
2349.12937791 0.975162514241
2349.14980944 1.00069650937
2349.17024117 1.00489274932
2349.23153605 0.980547611607
2349.25196758 1.00342400839
2349.27239921 0.942598216606
2349.29283094 1.02007772784
2349.31326247 1.00110850856
2349.3336941 1.00504081349
2349.35412583 0.957636441461
2349.39498909 0.997822438142
2349.41542072 0.993481334209
2349.43585235 0.977115985972
2349.47671561 0.990475428693
2349.49714724 0.983014888719
2349.51757887 0.979160574577
2349.5380105 1.0112244522
2349.55844213 1.01147400012
2349.57887386 1.01057521936
2349.59930539 0.965531652618
2349.61973712 1.01256332238
2349.64016875 0.983138445053
2349.68103201 1.02945976376
2349.74232689 1.00564848434
2349.76275852 0.995809149708
2349.78319025 0.998671946252
2349.80362178 0.997628908676
2349.84448514 0.99026842767
2349.86491667 0.966117253414
2349.8853483 0.995405711425
2349.90577993 1.01548639709
2349.92621156 1.01470811792
2349.94664319 1.00218203419
2349.96707482 0.986259255221
2349.98750645 1.00376905034
2350.02836971 0.989755754456
2350.04880133 1.01986866068
2350.06923306 0.986694670869
2350.08966469 1.02770036233
2350.11009622 0.988739142036
2350.13052795 1.00269721508
2350.15095958 1.01325700516
2350.17139111 1.00769708669
2350.2326862 1.00045394134
2350.25311773 1.02787118815
2350.27354936 1.00070227775
2350.29398109 0.984157525356
2350.31441262 0.987657594815
2350.33484425 0.984046063082
2350.35527598 1.02298298511
2350.39613923 1.01302179961
2350.41657086 0.972826936865
2350.45743412 1.01612249922
2350.47786575 0.992878411059
2350.49829728 0.977756210265
2350.51872901 0.979576141193
2350.55959227 0.995383864513
2350.5800239 0.995495996557
2350.60045553 0.968822264438
2350.62088716 1.00058387538
2350.64131879 0.988762604026
2350.66175042 0.972010709043
2350.68218205 0.998477954179
2350.70261368 1.01892236951
2350.7230453 0.974386688667
2350.74347703 0.984005966319
2350.76390856 1.01246484251
2350.78434029 0.993761206139
2350.80477192 0.996642399965
2350.82520345 0.997892359666
2350.84563518 1.0103382416
2350.86606681 0.99536365286
2350.88649834 1.0210774647
2350.90693007 0.981653913247
2350.94779323 0.979437226779
2350.96822496 1.00112310633
2350.98865659 0.986402568706
2351.00908832 1.02623650783
2351.02951985 1.0014866608
2351.04995148 1.0055123045
2351.07038321 1.00211938351
2351.09081474 0.990131252156
2351.11124636 1.0014184664
2351.13167809 0.977828779005
2351.15210962 1.02191373172
2351.19297298 0.97493478837
2351.21340461 0.978330328326
2351.23383624 1.00130312371
2351.25426787 1.00425216673
2351.2746994 1.00162608411
2351.29513113 1.01369328456
2351.31556276 0.995294549647
2351.35642602 1.01569930886
2351.37685765 1.00398987636
2351.39728938 1.00739925284
2351.43815254 1.02042019737
2351.45858427 1.00917341026
2351.4790158 0.988154878855
2351.49944743 1.00073100874
2351.51987916 0.998873912415
2351.54031069 0.99653103148
2351.56074232 0.999459605613
2351.58117405 1.01266810851
2351.60160558 0.993424022851
2351.62203731 0.991751506159
2351.64246894 1.01800580294
2351.70376383 0.990325764365
2351.72419536 1.01132682372
2351.74462709 0.978980366144
2351.76505872 0.984475012897
2351.80592198 0.989478320733
2351.82635361 0.973018462816
2351.84678534 0.9909123636
2351.86721697 0.987614244611
2351.8876485 1.00740602795
2351.90808023 0.961293050146
2351.92851186 1.01726687738
2351.94894339 1.00480302261
2352.03067001 1.01454798561
2352.05110154 1.02320299187
2352.19412305 1.0136452677
2352.21455468 0.985138334023
2352.23498641 1.02298785026
2352.2962813 1.01168478806
2352.31671283 0.968968477716
2352.33714446 0.965435312331
2352.35757619 1.0152178952
2352.37800782 1.01894159908
2352.41887108 0.989283456698
2352.43930271 0.992130270921
2352.45973435 1.02037605634
2352.48016598 0.9997640528
2352.50059761 0.994267205181
2352.52102924 1.00782165912
2352.54146087 1.00350322263
2352.5618926 1.02501519968
2352.62318749 0.979298621616
2352.66405065 1.00744751506
2352.68448238 1.0304365574
2352.70491391 1.02233159129
2352.72534565 0.972010751103
2352.74577728 1.03667303642
2352.76620881 0.988794866939
2352.80707217 1.01092721308
2352.8275037 1.0208295085
2352.84793543 0.997226452204
2352.86836706 1.02442224046
2352.90923032 0.968020697085
2352.92966196 0.990043064814
2352.95009369 0.989566858442
2352.97052522 0.976983629988
2352.99095685 1.00205073494
2353.01138858 0.981470474495
2353.03182011 1.00955426431
2353.05225174 0.974235926303
2353.07268348 0.960604264307
2353.09311511 0.994453265779
2353.11354674 0.998755272945
2353.13397837 0.998447322355
2353.15441 1.02579249934
2353.17484163 0.995711944239
2353.19527326 1.03176432314
2353.2157049 0.981503998915
2353.23613663 1.02732162681
2353.25656816 0.988165260497
2353.27699979 1.03497796091
2353.29743152 1.00286585735
2353.31786305 1.01312568787
2353.35872642 1.01132464858
2353.39958968 1.01558215606
2353.42002121 0.989551217249
2353.44045285 0.999264526486
2353.46088458 1.00814369996
2353.48131611 0.997570111645
2353.52217947 0.996827300356
2353.54261101 1.02291421331
2353.56304274 1.01078093977
2353.58347437 1.01594356928
2353.603906 0.997305310985
2353.665201 1.0065523596
2353.68563253 0.957315131665
2353.70606416 0.976139710185
2353.74692753 0.975556265242
2353.76735906 0.986827384455
2353.78779079 1.01281449078
2353.80822243 1.01014854402
2353.82865396 1.02679005314
2353.84908569 1.0126054291
2353.86951733 1.00012424378
2353.88994906 1.00609346488
2353.91038059 0.999646005925
2353.93081222 0.994781158353
2353.95124396 0.983755351133
2353.97167549 0.99838326999
2353.99210712 1.0050895942
2354.01253886 1.02101884297
2354.03297039 1.0156309545
2354.05340212 1.02266352789
2354.07383365 1.00779280514
2354.09426529 1.02292241759
2354.13512855 0.994732516887
2354.15556019 0.987769660773
2354.17599192 0.998027397632
2354.19642345 1.00348439939
2354.21685509 0.9887798785
2354.23728682 0.989090701316
2354.25771845 1.00406171888
2354.27815009 1.01658694175
2354.29858172 1.03977121308
2354.31901336 0.988182360569
2354.33944499 0.999264157248
2354.38030826 1.00064232762
2354.40073999 0.978157938035
2354.42117152 1.01392847372
2354.44160326 1.00735388961
2354.46203489 0.990302356312
2354.48246643 0.978198579606
2354.50289816 0.966737873066
2354.52332979 1.00173458204
2354.54376133 0.952803678273
2354.56419306 1.00905351332
2354.5846247 1.00426194407
2354.60505643 0.990366974189
2354.62548796 1.0058331124
2354.6459196 1.01979131734
2354.66635123 1.01592635113
2354.68678287 0.977714182144
2354.7072145 0.993680354563
2354.72764614 1.00760400674
2354.78894104 1.0224745827
2354.80937268 0.951594625303
2354.89109931 0.978534038286
2354.91153085 0.99709035974
2354.93196248 1.00818185191
2354.95239422 0.997655622468
2354.97282585 0.972727750653
2354.99325749 1.02030237136
2355.01368913 0.98767304243
2355.03412076 0.963528315503
2355.0545525 0.991913451774
2355.07498403 0.996270823389
2355.1158474 1.01213830178
2355.15671067 1.02008188229
2355.17714231 1.01891986454
2355.19757384 0.996957227118
2355.21800558 0.995158520586
2355.23843722 0.989974238999
2355.25886875 0.981523975509
2355.27930049 1.01343433303
2355.29973212 0.970623684188
2355.32016366 0.981527519797
2355.36102703 0.99533091824
2355.38145877 1.0004849502
2355.4018903 1.0015992835
2355.42232194 1.03243310313
2355.44275358 0.992764223411
2355.46318521 1.02508699479
2355.48361685 1.02038847441
2355.50404849 0.982443214807
2355.52448012 0.997470546912
2355.54491186 1.0218818843
2355.5653434 0.977358813631
2355.60620677 0.988736643979
2355.62663841 0.9709463879
2355.64706994 0.970528146909
2355.66750168 0.986422968737
2355.68793332 1.00017295009
2355.70836495 0.9979620919
2355.72879659 1.00884538057
2355.74922823 1.03305319954
2355.76965996 1.01965791698
2355.7900915 0.992904681614
2355.81052314 1.01313122158
2355.85138641 1.01399760572
2355.87181805 1.0097473974
2355.89224979 1.00678432086
2355.91268133 0.980340606958
2355.93311306 1.03518725681
2355.9535447 0.978466210273
2355.97397624 1.00049090043
2355.99440798 0.990308347992
2356.01483962 0.982904792929
2356.03527125 0.975297558364
2356.05570289 0.983678123152
2356.07613453 1.01525726916
2356.09656617 0.998481814786
2356.11699781 1.00937607978
2356.13742944 1.01488570618
2356.15786108 0.993003538457
2356.17829272 0.998937112236
2356.19872436 1.01432178159
2356.219156 1.00743377506
2356.23958764 1.01727269311
2356.26001938 1.02543986836
2356.28045101 1.01479309487
2356.30088255 1.00846128372
2356.34174593 0.981621831793
2356.38260921 0.989947869547
2356.40304085 1.00842986086
2356.42347239 0.992469201311
2356.44390413 1.00474931999
2356.46433577 0.990633565856
2356.48476751 1.00528854107
2356.50519904 1.00241853256
2356.60735734 1.01191016861
2356.62778888 1.00420231377
2356.72994718 0.971804976038
2356.75037882 0.991709089865
2356.77081046 1.00025863371
2356.7912421 1.03660406452
2356.83210538 0.966923330563
2356.85253703 0.972253804957
2356.87296867 1.00267447581
2356.89340031 1.00082401064
2356.91383195 0.983556098679
2356.93426369 1.03000586981
2356.95469523 1.01808756807
2356.97512687 0.988763323515
2356.99555861 0.975281384293
2357.01599015 1.01673204274
2357.03642189 1.00199453486
2357.07728508 0.996326433169
2357.09771682 0.989564655788
2357.11814846 0.972637913274
2357.13858 1.00774185322
2357.15901174 0.998470364003
2357.17944338 1.00209032635
2357.19987513 1.01806929682
2357.22030667 1.01690005863
2357.24073831 0.968411358159
2357.26117005 0.991581232508
2357.28160159 0.978532279485
2357.32246498 0.962173198513
2357.34289652 0.974033037907
2357.36332826 1.01885098824
2357.38375991 1.00600215573
2357.40419155 0.984742558217
2357.42462319 0.979674349088
2357.52678131 1.02737146824
2357.58807633 1.00773519842
2357.60850798 0.999419080048
2357.62893962 0.970284836991
2357.64937136 1.03025410194
2357.66980291 1.01002463507
2357.69023455 0.987823974339
2357.7106663 0.999130475015
2357.73109784 1.02625981281
2357.75152958 0.97861058555
2357.77196123 1.0055844771
2357.8536877 1.02418409816
2357.87411945 0.991720658413
2357.89455109 0.998285501277
2357.91498284 0.989997040119
2357.93541438 1.01977658927
2357.99670932 0.976580547388
2358.05800435 0.989366945199
2358.078436 0.995769912275
2358.09886764 0.967310209116
2358.11929929 0.990407869542
2358.13973093 1.0205182376
2358.16016258 0.990228417186
2358.18059412 1.00268316596
2358.20102587 1.00155157004
2358.22145751 0.991250971722
2358.24188906 1.00924379377
2358.26232081 1.01484104661
2358.36447914 1.01053703366
2358.38491068 0.993141001258
2358.40534233 1.01293876596
2358.42577408 0.97944861418
2358.44620562 1.00224097377
2358.46663737 1.02234846959
2358.48706902 0.995645803352
2358.50750056 1.0142449352
2358.54836396 0.981055463482
2358.5687955 0.99608771849
2358.58922725 1.00287498296
2358.6096589 1.03374773449
2358.63009065 1.01216863219
2358.65052219 0.993200296772
2358.67095384 0.994157607347
2358.69138559 1.00561645224
2358.71181724 0.999373836332
2358.73224879 1.00550406207
2358.75268053 0.983810358589
2358.79354373 0.994633062451
2358.81397548 0.998884393377
2358.83440703 0.998676203164
2358.85483877 1.01463648354
2358.87527042 1.00397966695
2358.89570197 1.0321848735
2358.91613372 1.01418219412
2358.93656537 0.964464812677
2358.95699692 1.03332522106
2358.97742867 1.00683601602
2359.03872361 1.02256295182
2359.05915526 0.980997637839
2359.07958701 1.00116307702
2359.10001856 0.959866088744
2359.12045021 1.02094109125
2359.18174526 1.00200114569
2359.20217691 1.02416373287
2359.24304021 0.999622348396
2359.28390351 1.00131268568
2359.30433516 0.989660378852
2359.32476681 1.0250404185
2359.34519846 1.01091287069
2359.36563012 0.976772448693
2359.38606177 0.991763581397
2359.40649352 1.02572872586
2359.42692517 1.02084936324
2359.44735672 0.985517087726
2359.46778847 1.02010807943
2359.48822012 0.965930068582
2359.56994673 0.987282935273
2359.59037838 0.975379919612
2359.61080993 0.97765682539
2359.63124168 0.996436054253
2359.65167334 0.980214281479
2359.67210489 0.981292742806
2359.69253664 0.97954323051
2359.71296829 1.00703375033
2359.73340005 0.989490167449
2359.7538316 1.00743403146
2359.77426325 1.00823793937
2359.794695 1.01824062187
2359.81512656 0.973182680809
2359.83555821 0.971548251812
2359.85598996 1.00614190201
2359.91728492 0.986462801952
2359.93771658 1.02778305485
2359.95814823 0.990835416648
2359.97857988 0.997549248091
2360.01944319 1.00989899841
2360.10116981 0.997362941492
2360.12160156 0.980569057372
2360.14203322 0.997913133644
2360.18289653 1.00863807179
2360.20332808 0.987929135945
2360.22375974 1.01990929094
2360.26462305 1.010121303
2360.2850548 1.01690857341
2360.30548646 0.980771480096
2360.32591801 0.967617394533
2360.34634977 0.998247810023
2360.36678142 1.00295119106
2360.38721298 1.0097868319
2360.40764474 0.996000636575
2360.44850815 1.02564498647
2360.4689397 1.014438693
2360.50980312 0.994367365097
2360.57109809 0.983993604229
2360.59152974 0.989825630335
2360.6119614 0.995876431519
2360.63239306 1.00576533789
2360.67325637 1.01672553804
2360.69368803 1.02358305857
2360.71411969 1.00197029495
2360.73455145 0.992782507901
2360.754983 1.0086641962
2360.77541466 0.978814047386
2360.79584632 0.994180301524
2360.81627798 1.01443995463
2360.83670974 1.02336040985
2360.85714139 0.987333558692
2360.87757295 0.970640373098
2360.89800471 0.976805081204
2360.91843627 0.999525686175
2360.93886793 1.01741171197
2360.95929969 0.992931845189
2361.00016301 0.998734986681
2361.02059466 1.02953978278
2361.04102622 1.01641581319
2361.06145798 0.991164757395
2361.08188964 0.992121539739
2361.1023213 0.965475332973
2361.14318462 1.032944097
2361.16361638 1.01910655892
2361.18404794 0.997312138415
2361.2044796 1.01767797681
2361.24534292 0.99003725758
2361.32706967 0.986923918076
2361.34750133 0.989158955805
2361.36793299 1.00233950623
2361.38836465 1.0051126085
2361.40879631 0.995977289157
2361.42922797 0.995633496213
2361.44965973 0.950550338423
2361.51095472 1.0006206694
2361.53138628 1.00176835369
2361.55181804 1.00894382642
2361.57224961 1.01073139876
2361.59268127 1.02202687277
2361.796998 1.00377717728
2361.81742966 0.99931851945
2361.83786133 0.979140778561
2362.00131474 0.981542559767
2362.02174641 1.00023913504
2362.12390474 0.993878838311
2362.1443364 1.01567194332
2362.22606307 1.00525510387
2362.24649473 1.00351246831
2362.2669265 1.01293128803
2362.28735806 0.959475818801
2362.30778973 0.96567039553
2362.3282215 0.977083571003
2362.36908483 1.00567622888
2362.40994807 1.02411847785
2362.43037983 0.992628906411
2362.47124317 1.00909224389
2362.49167484 1.01126471745
2362.51210651 1.00500863125
2362.53253817 1.00525164486
2362.55296984 1.00048348588
2362.57340151 1.00002396795
2362.59383328 0.996668837282
2362.61426495 0.972365360013
2362.63469652 0.993146250376
2362.65512829 0.978532375828
2362.67555995 0.998889210336
2362.73685496 0.988318810488
2362.75728673 1.01086727349
2362.83901331 1.01950912392
2362.85944498 1.00684921693
2362.87987675 0.948894936775
2362.90030832 1.02941616299
2362.92074009 1.00318855459
2362.94117166 0.977522289612
2362.96160334 0.989037785407
2362.98203511 0.970528389722
2363.00246668 0.977811339181
2363.02289835 1.00902131585
2363.04333012 0.98886946975
2363.06376169 0.970004936092
2363.08419346 0.996765626137
2363.10462514 0.983685055366
2363.12505681 0.996843935385
2363.14548848 1.01203973068
2363.16592015 1.0070505142
2363.2067835 0.984769287958
2363.22721517 0.997749739529
2363.32937363 1.01828769298
2363.34980521 0.992329748231
2363.37023698 0.9972752872
2363.39066865 1.00092123857
2363.45196368 1.00908784828
2363.47239545 0.994126712874
2363.49282703 1.01605950537
2363.5132587 1.01874188246
2363.53369047 1.00226654918
2363.55412205 0.99822745686
2363.57455372 1.00309385336
2363.5949854 0.979779599164
2363.61541708 0.991517464007
2363.63584885 0.976652160454
2363.65628043 0.981666811597
2363.69714388 1.00675443603
2363.71757545 1.00916922635
2363.77887058 0.993958353409
2363.79930226 0.97420741406
2363.81973394 1.0126471939
2363.84016561 1.0378681688
2363.86059729 0.999513761218
2363.88102897 0.998651392456
2363.90146064 1.00028944859
2363.942324 0.974328217231
2363.96275578 1.00019642099
2363.98318745 0.995075322604
2364.00361903 0.999130684196
2364.02405081 0.999510833095
2364.04448249 0.989037278883
2364.06491407 0.997090882639
2364.08534584 0.98570172274
2364.10577752 0.988290866884
2364.1262093 1.00041695072
2364.14664088 1.01895274926
2364.16707256 1.01008284494
2364.18750424 1.0027867659
2364.20793592 0.991147145967
2364.2283676 1.03124925877
2364.24879928 0.989026847264
2364.26923096 0.982018606796
2364.28966274 1.01590602075
2364.31009432 0.979056153292
2364.330526 1.00211827727
2364.35095778 0.989910479608
2364.37138936 1.0332407243
2364.39182104 1.01929741267
2364.4326844 1.00282743806
2364.45311608 0.979411458975
2364.47354786 1.0116344973
2364.49397954 1.02044994352
2364.51441123 0.99935642743
2364.53484291 0.981466470735
2364.55527459 0.974792797397
2364.57570627 1.01298972385
2364.59613795 1.01401739922
2364.61656964 0.983731944673
2364.63700142 1.01448360991
2364.67786478 1.01034594474
2364.69829647 1.01343619547
2364.71872805 0.981843175238
2364.73915983 1.00360562943
2364.75959152 0.99436462654
2364.7800231 1.02182783582
2364.80045488 1.00662643191
2364.82088657 1.00399191879
2364.84131835 0.998933608583
2364.86174994 0.981523910241
2364.88218162 0.978535121896
2364.92304499 1.00483778115
2364.94347667 0.99435741396
2364.96390836 0.979987017273
2364.98434004 1.00961845021
2365.00477183 1.00592672389
2365.02520341 0.98606867374
2365.0456351 0.98749904138
2365.06606689 1.00564119288
2365.08649847 1.00676584978
2365.10693016 0.992488634754
2365.12736194 0.989458318541
2365.16822532 0.996403406183
2365.188657 0.967409849056
2365.20908869 0.988959899947
2365.22952038 0.987054374357
2365.24995206 0.992150688594
2365.27038375 1.0321747694
2365.29081554 1.02808642257
2365.31124713 0.9884499772
2365.33167891 1.00582887738
2365.3521106 1.03747419989
2365.37254219 1.01336594724
2365.41340567 1.00145101065
2365.43383725 0.985372064133
2365.45426904 1.02300626039
2365.47470073 0.995309621617
2365.49513232 1.02782297079
2365.51556411 0.97392428293
2365.5359958 1.01243968608
2365.59729087 0.980163609814
2365.61772256 0.995079626374
2365.65858594 0.990215006702
2365.67901763 1.02345751009
2365.69944932 1.0326519871
2365.71988111 0.998136672834
2365.7403127 0.981510219979
2365.76074439 1.01777144504
2365.78117618 0.975152512633
2365.80160787 1.02797872322
2365.82203946 0.989217546132
2365.84247126 1.03836464869
2365.86290295 0.996184563811
2365.90376633 0.990727654004
2365.92419802 1.01549447932
2365.94462982 1.00503577438
2365.96506141 0.999628390111
2365.9854931 1.00037755579
2366.0059249 0.992693723799
2366.02635649 0.988651167406
2366.04678828 0.989969634291
2366.06721998 1.00061738196
2366.08765157 0.98831519267
2366.10808336 1.017470125
2366.14894665 0.982690673294
2366.16937845 0.980680601908
2366.18981014 0.996279838572
2366.21024183 1.02211424826
2366.25110522 1.01979714935
2366.27153692 1.01688038931
2366.29196861 1.01929592683
2366.31240031 0.997896220499
2366.33283201 0.994634268892
2366.3532637 1.01419916464
2366.39412709 1.01117025202
2366.41455879 0.997640073028
2366.45542218 1.00324304431
2366.47585388 0.993945334337
2366.49628568 0.989067324098
2366.51671737 1.00335255749
2366.53714907 0.979308906718
2366.55758077 1.02730932151
2366.57801247 0.995675160613
2366.59844426 1.02523271746
2366.61887586 1.01644271062
2366.63930756 0.99845991243
2366.65973936 1.00969454995
2366.68017096 0.994753714268
2366.70060275 0.99297045327
2366.72103445 0.971835687785
2366.74146605 0.990704496817
2366.76189785 0.982747117868
2366.80276115 1.01081636487
2366.82319295 0.963887832622
2366.84362465 1.02407639762
2366.88448805 0.987155589856
2366.90491975 0.991582233483
2366.92535155 0.999523009425
2366.94578315 0.994336981673
2366.96621485 0.999754643249
2366.98664655 0.99926402538
2367.00707825 1.01102094615
2367.02750996 0.994031959975
2367.04794166 1.03294009258
2367.06837336 1.00810275964
2367.08880516 1.03290264521
2367.12966847 0.995565283375
2367.15010027 0.982316718141
2367.17053197 0.971639789425
2367.21139538 0.993966344787
2367.23182708 1.03174460531
2367.25225878 1.01713221793
2367.27269049 1.00292280645
2367.29312219 1.01792511437
2367.31355399 0.997566842228
2367.3339856 0.996257864709
2367.39528071 1.01262311134
2367.43614422 1.01138703211
2367.45657583 0.982755818302
2367.47700763 1.00604064728
2367.49743934 0.980129293392
2367.51787094 0.983675771961
2367.53830275 0.981818141941
2367.55873445 1.01860257895
2367.57916616 0.997765850215
2367.59959787 0.991831113777
2367.62002957 1.02124736586
2367.64046128 0.996928490017
2367.68132469 1.01525951229
2367.7017564 1.00814699633
2367.72218811 1.02870555552
2367.74261992 1.00724860805
2367.76305152 0.990533177783
2367.78348323 0.992477396546
2367.80391504 1.01922385223
2367.82434675 0.998692998618
2367.86521016 1.01095904775
2367.92650529 1.03086187226
2367.96736881 0.990900503191
2367.98780042 1.03411722552
2368.00823213 0.998141674201
2368.02866394 0.999921343037
2368.04909555 0.979234256757
2368.06952736 0.991657942622
2368.08995907 1.01176112515
2368.11039068 1.00532336086
2368.13082249 1.02407202015
2368.15125421 0.989560955955
2368.17168582 1.0229754311
2368.19211763 0.99477562506
2368.21254934 1.02099771981
2368.23298105 0.990430051057
2368.25341276 1.00931304293
2368.27384448 0.993558624344
2368.29427619 0.987187389617
2368.3147079 1.02822891883
2368.35557133 1.0033384108
2368.37600304 1.0044978055
2368.39643486 1.0116941328
2368.41686647 1.00935098842
2368.43729818 1.00395164074
2368.45773 0.996055495041
2368.47816171 0.988216117714
2368.49859333 0.993132391698
2368.51902514 1.01525866678
2368.53945685 1.01019774745
2368.55988847 0.964470350826
2368.600752 0.970616819228
2368.68247896 1.01773852593
2368.70291058 1.00463816729
2368.7233423 1.00029544397
2368.74377411 1.02825275502
2368.76420573 1.01236717928
2368.78463755 1.02062088462
2368.80506926 0.983491308128
2368.8459327 0.98754831691
2368.86636442 0.986535629814
2368.88679604 1.01279387711
2368.90722785 0.998923226831
2368.92765957 1.01403471973
2368.94809139 1.0209185118
2368.96852301 0.9877189438
2368.98895473 0.997737629269
2369.00938645 0.969399941124
2369.02981817 1.00033747841
2369.05024989 0.965421878614
2369.07068161 0.990042263105
2369.09111333 1.00616759612
2369.11154515 0.973282990649
2369.13197677 0.990612873955
2369.15240849 0.989391436997
2369.17284031 0.992386767161
2369.19327203 1.02263345121
2369.21370365 1.03240483326
2369.23413547 0.994251166996
2369.25456719 0.992370395506
2369.27499891 0.992417539042
2369.29543064 1.00681499649
2369.3567258 0.993247371904
2369.37715753 0.976703488877
2369.39758935 0.980298974905
2369.41802097 1.00762828197
2369.4384528 1.02260081737
2369.45888452 1.01076038246
2369.47931614 0.988923997821
2369.49974797 0.986755598744
2369.52017969 0.988232522202
2369.54061131 0.989750106643
2369.58147486 1.00706132988
2369.60190659 0.997680814845
2369.62233831 0.943237621394
2369.64277004 0.96564414492
2369.66320176 1.00620999667
2369.68363349 0.997763887401
2369.70406522 1.00350948106
2369.72449694 1.0128632665
2369.74492867 1.00384527595
2369.76536049 1.0197559118
2369.8470874 1.00412546011
2369.86751903 0.996197599962
2369.88795086 0.983472557976
2369.90838259 1.00681467059
2369.92881431 0.954288618043
2369.94924604 1.03527497083
2369.96967777 1.02047982241
2369.9901096 1.00864189335
2370.01054123 0.984915251349
2370.03097296 1.00724832333
2370.07183642 0.95482612595
2370.09226815 0.991730210684
2370.11269998 1.00098813789
2370.13313161 0.99464415241
2370.15356344 0.979821676573
2370.17399517 1.02405922042
2370.1944268 1.00952258151
2370.21485863 0.96392435335
2370.23529036 0.974955260717
2370.25572209 1.01426438563
2370.27615382 1.00615477447
2370.29658555 0.967536702266
2370.31701739 0.983428237396
2370.37831248 1.01367885244
2370.41917595 1.0024849116
2370.43960768 1.01403250192
2370.56219819 0.975387536673
2370.58262982 1.00789300483
2370.60306166 1.00261910673
2370.62349339 0.983580620974
2370.64392523 1.0145187427
2370.66435686 1.01068970747
2370.6847886 1.01342681552
2370.70522043 1.00825876495
2370.72565207 0.956608222483
2370.7460838 1.00208483309
2370.76651564 1.01175726325
2370.80737912 1.00519800035
2370.82781085 0.961682182936
2370.84824249 1.00069920047
2370.86867433 0.99922774059
2370.88910607 0.985040099804
2370.9095377 1.00003982854
2370.92996954 1.0091637487
2370.95040128 0.998683342534
2370.97083302 0.989587428604
2371.05255998 0.971524408365
2371.07299172 0.989531794714
2371.09342345 1.018618897
2371.1138552 0.983433260619
2371.13428704 0.993867362433
2371.15471868 1.00076302926
2371.17515042 1.00356638295
2371.25687748 0.990574287466
2371.29774107 0.985594535373
2371.31817271 0.972416471361
2371.35903629 0.965668914336
2371.37946794 0.976977200797
2371.39989968 0.961465937901
2371.42033152 1.01200433111
2371.44076317 0.98895748012
2371.46119501 1.01765830521
2371.48162675 1.02137780921
2371.50206416 1.00510381835
2371.54292196 1.03298934931
2371.56335361 0.989298004845
2371.58378545 0.999711625877
2371.6042172 1.01286381299
2371.62464904 0.961444628034
2371.64508069 0.965297266564
2371.66551243 0.997716869201
2371.68594428 0.984981847692
2371.70637593 0.99723862616
2371.74723952 1.03785131138
2371.78810292 0.998129345213
2371.80853476 1.00465721604
2371.82896651 1.02942630187
2371.84939826 0.989893475767
2371.86983001 0.998079597862
2371.89026175 1.00286409896
2371.9106936 0.989531229289
2371.93112525 1.02724192661
2371.951557 0.999629987049
2371.97198885 0.992125626329
2371.9924205 1.01352165253
2372.0332841 0.981405359203
2372.05371575 0.99357833491
2372.0741476 1.01860560367
2372.09457925 1.0076519045
2372.115011 1.02600271996
2372.13544285 0.999698122116
2372.1558745 0.968336151941
2372.17630636 1.01588074901
2372.19673811 0.989434277728
2372.21716976 1.01777238527
2372.27846512 0.996897216976
2372.29889687 0.990386539382
2372.31932862 0.972751702469
2372.33976048 1.01259411407
2372.36019213 0.986971005806
2372.38062388 1.01825468506
2372.40105574 1.02415917174
2372.42148749 0.976205362229
2372.44191915 0.998031879099
2372.462351 0.996913043361
2372.48278276 0.992259785941
2372.50321451 1.01741912607
2372.52364627 0.987496109566
2372.54407802 1.02416758599
2372.56450978 0.995721852954
2372.58494153 1.00998813416
2372.60537329 1.01099049471
2372.62580515 0.955332412879
2372.6462368 0.998142673596
2372.66666866 1.00053923935
2372.68710032 1.03222370802
2372.70753208 1.00842342875
2372.72796393 0.98434376251
2372.80969087 0.990633065307
2372.83012272 0.957106374579
2372.85055448 0.985920841118
2372.87098614 1.01958066608
2372.891418 0.994196345875
2372.93228142 1.02131873832
2372.95271328 1.03308536315
2372.97314504 1.01097328949
2372.9935769 0.996978045707
2373.01400856 1.03138553864
2373.07530395 0.981747116144
2373.09573561 0.991018277395
2373.11616747 1.00921198434
2373.13659923 0.979371578437
2373.157031 1.035469614
2373.17746276 0.999781062284
2373.19789452 1.00593959694
2373.21832639 0.969517131653
2373.27962168 0.996627496346
2373.30005334 0.991567955537
2373.32048521 1.01758441963
2373.34091687 0.98678341926
2373.36134863 1.01584470461
2373.3817805 0.995167500542
2373.40221217 1.00649503266
2373.42264393 1.03295427244
2373.4430758 1.03440363552
2373.46350746 1.01900681036
2373.48393933 1.02374479931
2373.5043711 0.999507137393
2373.52480276 1.0072720659
2373.54523463 0.993637450372
2373.5656664 0.984935706313
2373.58609806 0.959976739182
2373.60652993 0.979205300542
2373.6269617 0.959672133169
2373.64739357 1.01656260739
2373.66782524 0.968523995914
2373.688257 0.990106036235
2373.70868887 1.01536312647
2373.72912054 1.007604258
2373.74955231 1.00082969645
2373.76998418 0.989876583732
2373.79041595 0.973200478603
2373.81084762 1.03337615777
2373.83127949 1.02386283223
2373.85171126 1.00268604137
2373.87214303 0.991029025107
2373.93343845 0.97696969436
2373.95387012 1.01250923095
2373.99473376 1.01571441001
2374.01516544 1.00347361419
2374.03559731 1.03900461575
2374.07646075 1.01617322753
2374.09689263 1.01697239351
2374.1173243 0.978582679349
2374.13775608 0.998274668265
2374.15818795 1.0259832619
2374.17861962 0.999847529691
2374.26034682 1.00910126608
2374.2807786 1.00396386136
2374.30121038 1.00929077171
2374.32164215 0.994912579499
2374.34207393 0.994633682751
2374.3625058 0.992478782057
2374.38293748 0.982311259918
2374.40336926 0.99345906373
2374.42380114 0.995954187488
2374.44423291 0.977945319756
2374.46466459 1.00246112693
2374.48509647 0.988889043549
2374.50552825 0.98097151368
2374.52596003 1.01481097013
2374.54639181 1.01406505463
2374.58725546 0.970901889148
2374.60768714 0.993244006193
2374.62811892 1.00274834369
2374.6485508 1.0002438702
2374.66898248 0.970862569174
2374.68941436 1.02778847431
2374.73027783 0.990324745311
2374.75070971 0.983685516309
2374.77114139 1.03011326314
2374.81200505 0.99905979943
2374.83243674 0.983884181149
2374.85286862 1.03956155689
2374.8733004 1.01082670798
2374.89373208 0.96651689257
2374.91416397 1.01299444366
2374.93459575 1.01045410336
2374.97545932 0.999206247434
2374.9958911 0.998151761968
2375.01632299 1.00579758519
2375.09805013 0.991932428181
2375.11848191 0.995945590111
2375.1389137 0.979152410856
2375.15934549 1.02298893851
2375.17977727 1.00126674968
2375.24107273 0.998897385078
2375.26150442 0.999549678185
2375.28193631 0.992845250998
2375.3023681 1.00975258709
2375.32279979 0.986492802271
2375.34323167 0.991112521261
2375.36366336 1.03284090795
2375.38409515 1.00981547548
2375.40452704 0.977419864273
2375.42495883 0.991330248012
2375.46582241 0.976277935982
2375.4862541 1.0096713392
2375.50668599 1.00014019331
2375.52711778 1.01874187327
2375.54754947 0.99303870842
2375.56798137 0.996269289164
2375.58841316 1.0155228434
2375.60884505 0.999430359841
2375.62927674 1.00132239897
2375.64970853 0.992457132301
2375.67014043 1.01388131852
2375.71100391 0.993642847358
2375.73143581 0.987802693447
2375.7518675 1.02441505149
2375.77229939 0.996102451741
2375.79273119 0.968898225564
2375.81316298 1.00847168146
2375.85402657 0.98348212517
2375.87445837 1.01074964536
2375.89489026 0.997358669542
2375.91532196 1.00326369065
2375.95618565 0.996242233243
2375.97661735 1.03688269577
2375.99704924 0.956618613072
2376.01748104 1.01014692962
2376.03791274 0.996307787427
2376.05834464 0.982216401934
2376.07877633 1.00870123469
2376.09920813 1.00215773436
2376.11964003 1.00451963007
2376.14007173 0.973241840005
2376.16050363 0.963122260947
2376.20136713 0.998277033921
2376.22179903 1.00191466793
2376.24223083 1.0211567082
2376.26266253 0.978383167037
2376.28309443 1.01060999829
2376.30352623 0.962499661767
2376.32395813 0.988358156494
2376.34438983 1.00569141996
2376.40568524 1.00327263703
2376.44654894 0.97208848568
2376.46698074 1.02282278971
2376.48741255 1.00863125581
2376.50784435 0.978769987579
2376.52827615 0.983039253624
2376.54870796 1.01960692845
2376.56913976 0.996591635355
2376.58957157 0.99932829748
2376.61000347 1.0197281652
2376.63043518 0.997481616777
2376.65086708 0.969119366552
2376.69173059 1.00236633187
2376.7121625 0.977579535309
2376.73259421 0.949626945124
2376.75302601 0.989217866224
2376.77345792 1.0039606055
2376.79388963 1.00675923018
2376.81432153 1.02951565116
2376.83475334 0.971374958805
2376.85518505 1.03147039742
2376.87561696 0.986283044265
2376.89604877 0.999115521478
2376.93691238 0.997183025981
2376.95734419 1.00606790655
2376.9777761 1.01283615574
2376.99820781 1.00385603828
2377.01863962 0.9982961327
2377.03907153 0.986711264067
2377.05950324 0.979924039668
2377.07993505 0.988526296958
2377.10036696 0.99304992753
2377.12079878 1.02614112444
2377.14123059 1.02201601178
2377.22295784 0.999863041362
2377.24338965 0.991878509722
2377.26382156 1.01108599936
2377.28425328 1.00579080278
2377.34554872 1.02245863277
2377.36598063 1.01973324394
2377.38641245 0.997369146997
2377.40684416 0.99792050877
2377.42727608 0.989411856252
2377.4477078 1.00124068209
2377.46813971 1.00520316354
2377.48857153 0.990509326541
2377.50900324 0.989170416792
2377.52943516 1.00232848578
2377.54986698 0.977037330752
2377.5702987 1.02113558576
2377.59073061 1.01125431989
2377.61116243 0.999921779515
2377.63159435 1.01623226262
2377.67245789 0.956806809773
2377.69288981 0.990754247404
2377.73375335 0.999825967423
2377.75418527 1.00658418018
2377.77461709 1.02782981197
2377.79504891 0.977009247716
2377.81548073 0.99552180467
2377.83591255 1.01624572262
2377.85634437 0.99711239239
2378.01979905 1.00403781753
2378.04023087 1.00848711767
2378.0606626 1.02282994578
2378.08109452 0.973814790932
2378.10152625 0.981284519558
2378.12195817 0.975825503925
2378.14239 1.01076860921
2378.16282172 0.989881353568
2378.18325365 1.01619099527
2378.20368547 0.991900605242
2378.2241172 1.00999468839
2378.24454913 0.994922982592
2378.26498095 1.01507186463
2378.28541288 0.998410723316
2378.30584461 0.992152888764
2378.32627644 0.985279822868
2378.34670836 0.964952908477
2378.36714009 0.99203860483
2378.40800385 0.991300809655
2378.42843558 1.00960887636
2378.44886751 0.988597445279
2378.46929934 1.00991410752
2378.48973117 0.998818910058
2378.510163 1.0360238026
2378.53059483 0.999816851974
2378.55102666 1.02464284225
2378.57145849 0.995895777969
2378.59189032 0.972637395695
2378.61232225 1.02854868873
2378.65318582 1.02527528159
2378.67361775 0.99615655635
2378.69404958 1.01099004507
2378.71448132 1.0088353077
2378.73491325 1.0188187422
2378.75534498 0.993594267066
2378.77577692 1.02122273717
2378.79620875 0.969947133437
2378.81664049 1.00725589808
2378.83707242 1.00077114012
2378.85750426 1.02479929615
2378.89836793 1.03194640066
2378.91879976 0.97070227342
2378.9392317 0.9923346039
2378.95966344 0.991588831074
2378.98009527 1.02114878815
2379.00052721 0.998938673241
2379.02095895 1.01389263157
2379.04139078 1.00970117481
2379.06182272 0.990221660289
2379.08225446 0.996026776322
2379.1026864 1.01408206918
2379.14355008 0.991068920792
2379.16398192 0.99869929128
2379.18441376 1.0111122479
2379.2048456 0.970786183979
2379.22527744 0.995524269371
2379.24570928 1.02351064437
2379.26614122 0.991350384267
2379.28657306 1.01143145789
2379.3070048 0.995320349062
2379.32743674 0.987759841219
2379.34786858 1.00208117608
2379.36830033 0.99280522562
2379.38873227 0.988840832529
2379.40916411 1.00739208892
2379.42959586 1.01199344529
2379.4500278 0.994707707149
2379.47045954 1.01017543572
2379.49089149 0.987182241659
2379.51132333 0.995253327627
2379.53175508 1.00267567223
2379.55218702 0.970825544107
2379.57261887 1.00419923728
2379.59305061 1.00815042626
2379.6339144 0.984274964101
2379.65434635 1.02246206265
2379.6747781 0.993300476429
2379.69520994 1.01354497412
2379.71564189 0.977276697085
2379.73607364 0.983011092182
2379.75650549 1.02167230315
2379.77693744 0.996617205869
2379.79736928 0.98765485188
2379.81780113 0.999792975813
2379.87909668 1.01728080942
2379.96082408 0.993972990347
2379.98125603 0.984465941742
2380.00168789 1.02897219522
2380.02211964 0.981086774527
2380.04255159 0.989898742733
2380.06298344 0.982012984787
2380.08341519 1.02454443385
2380.1242789 1.01026706209
2380.14471085 1.00989123068
2380.16514271 1.02305332313
2380.18557446 1.00921911526
2380.20600642 0.991675431323
2380.22643827 1.01429579079
2380.26730198 0.970431947171
2380.28773384 0.997780598474
2380.30816579 1.00440129417
2380.32859755 1.02272540797
2380.36946136 0.998930802721
2380.38989312 0.98890741084
2380.41032498 0.991835626031
2380.43075693 1.01995114938
2380.45118869 0.979145060279
2380.47162065 1.0204283701
2380.49205251 1.02571164978
2380.51248437 1.01193998478
2380.53291623 1.00964514902
2380.57377995 1.00269487452
2380.61464367 1.01895859454
2380.63507563 0.971077938806
2380.65550749 0.998127695501
2380.67593925 1.00896492989
2380.69637121 1.02767175029
2380.71680307 0.98880444069
2380.73723484 0.98313457263
2380.77809856 1.03748303492
2380.79853052 1.00255299147
2380.81896239 0.999756639455
2380.85982612 1.01081414589
2380.88025798 0.981965938696
2380.92112171 0.976662564869
2380.94155358 0.992808975305
2380.96198554 0.988897065135
2380.98241731 0.997704058139
2381.00284917 1.03347486594
2381.02328114 1.01916372879
2381.04371291 1.02984566871
2381.06414477 0.983787976182
2381.10500861 1.02618175914
2381.12544048 0.981170102527
2381.18673608 1.00546570718
2381.20716795 0.971061499455
2381.22759982 0.98199349943
2381.24803169 0.995561041768
2381.26846356 1.0132759269
2381.28889553 0.981516659361
2381.3093274 0.985390196061
2381.35019115 0.988133087201
2381.37062302 0.982806243175
2381.39105479 0.994797640857
2381.41148676 0.990778652511
