# #0 time, 1 flux
2559.10948826 1.02033927688
2559.12992061 1.0214397865
2559.15035296 1.02761969456
2559.17078531 1.02865336238
2559.19121766 1.01231221287
2559.21165011 1.01875051819
2559.23208236 0.995335152447
2559.27294716 1.02915921848
2559.29337941 1.0252322112
2559.31381186 1.03280089346
2559.3342442 1.0013380443
2559.35467645 0.994570965671
2559.37510889 0.973399109483
2559.39554124 0.983356456845
2559.41597348 0.967509585123
2559.43640593 0.945976143199
2559.45683827 0.956649404975
2559.47727051 0.93221764796
2559.51813529 1.02026452223
2559.53856763 1.03413092521
2559.55899997 1.01166918948
2559.57943231 1.02157519619
2559.59986465 1.02455293985
2559.62029699 1.02672167081
2559.64072933 1.00424305215
2559.66116166 1.02114434329
2559.681594 0.999508067351
2559.70202634 0.974684444801
2559.72245877 0.981761511832
2559.76332334 1.00039155122
2559.78375577 1.04165563236
2559.80418801 1.0015796486
2559.82462034 0.992447623935
2559.84505277 0.964684406861
2559.865485 0.983172456003
2559.88591733 0.951146715388
2559.90634976 0.934471508256
2559.92678199 0.935996339713
2559.94721442 0.908430629118
2559.96764675 0.910387679582
2560.0085114 1.01196750106
2560.02894373 1.03642385644
2560.04937606 1.00170614653
2560.06980838 1.0183553219
2560.09024071 1.0177555242
2560.11067303 1.00785216787
2560.13110535 1.00007761536
2560.15153768 0.976902450425
2560.17197 0.992151685242
2560.19240242 0.960052525961
2560.21283464 0.944219930412
2560.25369938 1.03110009122
2560.2741316 1.01682865685
2560.29456402 1.04311861155
2560.31499634 1.0062588733
2560.33542856 1.009067457
2560.35586097 0.993237077359
2560.37629329 0.987826092273
2560.39672551 0.96868137552
2560.41715792 0.949599846026
2560.45802245 0.949710037497
2560.49888708 1.00498100267
2560.51931939 0.9805667266
2560.5397518 0.981498554294
2560.62148104 0.937444751454
2560.64191325 0.929001936799
2560.66234566 0.91235945246
2560.68277797 0.908135703999
2560.70321038 0.885096515097
2560.74407489 1.02339176943
2560.76450729 1.03095931408
2560.7849395 1.01878730996
2560.8053718 1.01801338913
2560.82580421 1.02098113559
2560.84623641 0.996926398461
2560.86666871 1.01691284496
2560.88710111 0.997078897084
2560.90753332 0.985891467933
2560.92796562 0.958213104119
2560.94839802 0.947517366369
2561.00969491 1.01928234156
2561.03012721 1.0061727336
2561.05055941 1.00128617286
2561.07099181 1.01471789409
2561.15272089 1.01573618818
2561.17315328 1.00495267821
2561.19358558 0.977435000371
2561.23445016 1.0282361785
2561.25488245 1.00832204576
2561.27531464 1.01520909077
2561.29574703 1.02522621947
2561.31617932 1.01685607577
2561.33661151 1.01290204656
2561.3570439 0.998016243721
2561.37747619 1.00952669804
2561.39790848 0.991661834367
2561.41834077 0.982341342457
2561.43877305 0.95447551065
2561.47963762 1.00379788971
2561.50006991 1.0154810141
2561.52050219 0.997144734214
2561.54093458 1.00215168834
2561.56136676 1.00798071213
2561.58179904 0.989741351481
2561.60223142 0.995008887872
2561.6226636 0.980353216625
2561.64309588 0.976483903446
2561.66352826 0.957932086465
2561.74525728 1.01365236541
2561.76568966 0.997277423765
2561.78612193 1.01143141603
2561.80655411 0.981473882723
2561.82698649 0.982930712764
2561.84741876 0.96567168828
2561.92914776 0.913982972613
2562.03130921 1.02493286902
2562.05174138 1.03249963419
2562.07217375 1.02416642852
2562.09260602 1.00710028818
2562.11303818 1.0375188335
2562.13347055 1.01110753004
2562.15390282 0.991663479652
2562.17433498 0.978014066883
2562.21519961 1.02346766081
2562.23563188 1.01818340776
2562.25606414 0.999109731289
2562.27649641 0.998321260939
2562.29692867 0.999624650288
2562.31736093 0.959740305253
2562.33779319 0.994627282779
2562.35822545 0.967121699075
2562.37865781 0.960195531334
2562.39908997 0.959053437169
2562.41952223 0.959594988669
2562.46038675 1.03920940857
2562.4808191 1.02239042049
2562.50125136 1.02002009666
2562.52168352 1.00124118896
2562.54211587 1.00506104964
2562.60341264 0.958751707707
2562.62384489 0.947142633042
2562.64427704 0.944667280425
2562.6647094 0.934804346435
2562.7055738 1.0273490838
2562.72600615 1.03563548178
2562.7464384 1.03600123298
2562.76687055 1.03499233719
2562.7873029 1.00011651759
2562.80773515 0.98722870129
2562.82816729 0.989624854439
2562.84859964 0.957667539284
2562.86903189 0.97226517506
2562.88946403 0.967256714031
2562.90989638 0.954060359959
2562.99162536 1.01208952291
2563.0120575 1.02594240336
2563.03248984 1.01801877892
2563.05292208 1.03086664062
2563.07335432 1.02537709187
2563.09378657 1.02151912428
2563.11421881 1.01292881986
2563.19594786 1.01100625964
2563.2163801 1.00497929486
2563.23681223 1.00099201239
2563.25724457 1.02471646513
2563.2776768 1.01351039594
2563.29810894 1.02445509951
2563.31854127 1.01235765353
2563.33897351 1.00592506307
2563.35940564 0.989835900569
2563.37983797 0.986344424504
2563.40027011 0.996318918311
2563.44113467 1.01790119084
2563.50243136 1.02101023119
2563.52286349 1.01603798423
2563.54329572 0.978697546213
2563.62502472 0.970568061293
2563.64545695 0.9404021963
2563.6863214 1.01675090515
2563.70675362 1.03345966085
2563.72718574 1.01578058746
2563.74761807 1.01128784145
2563.76805029 1.03604245277
2563.78848241 1.01214649625
2563.80891473 1.00913583165
2563.82934695 0.986674221835
2563.84977907 0.974322028374
2563.87021139 0.984521324634
2563.95194026 1.01585087669
2563.97237248 1.00224296408
2563.9928047 0.992161914242
2564.01323691 0.970694799961
2564.03366923 0.970940065087
2564.05410144 0.952098507199
2564.07453355 0.969507165998
2564.19712683 1.03591678476
2564.21755914 1.01025429374
2564.23799125 1.02705234118
2564.34015238 0.995347287513
2564.36058449 0.991705414118
2564.3810167 0.983294489109
2564.42188121 1.0345185094
2564.56490652 0.945407502813
2564.70793201 1.01294435373
2564.72836421 1.01594616604
2564.78966079 1.01366292419
2564.81009299 0.983825000555
2564.83052518 0.978305779488
2564.85095737 0.966438687175
2565.03484708 0.996222860182
2565.05527937 1.01335222283
2565.07571146 1.00896004915
2565.09614365 0.997992010516
2565.11657593 1.00284464245
2565.1574402 1.02584152881
2565.17787249 1.01138900298
2565.19830457 1.01711118628
2565.23916904 1.01933484283
2565.25960122 1.01894193856
2565.32089776 0.978576928721
2565.34132984 0.978680242249
2565.36176212 0.988188299329
2565.40262638 0.995965681128
2565.42305865 1.0166995012
2565.44349083 1.02734290144
2565.46392291 1.00419230467
2565.48435518 1.01201458249
2565.50478736 0.99185025195
2565.52521943 0.989662063252
2565.64781257 1.00360078449
2565.66824474 0.995870902452
2565.68867692 0.995628768752
2565.70910919 1.00672775029
2565.72954126 0.963649978835
2565.74997342 0.963036965127
2565.77040559 0.939066111561
2565.79083776 0.927016508088
2565.81126993 0.963901900631
2565.8317022 0.918122259534
2565.85213426 0.908980317101
2565.89299869 1.02235667497
2565.91343076 1.02827919018
2565.93386292 1.01652851263
2565.95429519 1.00599164138
2565.97472725 1.04615451211
2565.99515941 1.00884517
2566.01559167 1.00955524523
2566.03602374 0.998245292851
2566.0564559 0.980590174211
2566.07688816 0.984327448687
2566.09732032 0.97113594748
2566.13818464 1.0143712708
2566.15861679 1.00416979166
2566.17904885 1.01143376228
2566.19948111 1.00297429211
2566.21991327 1.00002906806
2566.24034532 1.00483426438
2566.26077758 0.995519435184
2566.28120973 0.992950265691
2566.30164179 0.950253164554
2566.32207404 0.9828734933
2566.3425062 0.979788013949
2566.3833705 1.00345848087
2566.40380265 1.02168141009
2566.4242348 1.0140761541
2566.44466696 0.991834117541
2566.46509911 0.981050366192
2566.48553116 0.960445942197
2566.5059634 0.987476387874
2566.52639555 0.96430727502
2566.64898844 1.03306730664
2566.66942068 1.01126514269
2566.68985272 1.02405394633
2566.71028487 1.01632012713
2566.73071711 1.02362241541
2566.75114916 1.01811321931
2566.81244558 0.999566045654
2566.83287772 0.980709608319
2566.89417414 1.00233269865
2566.91460638 1.01990054862
2566.93503852 1.03179879822
2566.99633493 1.01785211132
2567.01676697 0.999407483199
2567.0371992 0.986240344866
2567.05763134 0.992188628834
2567.07806337 0.998514207687
2567.11892774 1.020977249
2567.13935977 1.02039336202
2567.159792 1.02960312421
2567.18022414 1.00671891675
2567.20065617 1.0138972638
2567.2210884 1.00617208312
2567.24152043 0.99757151657
2567.28238479 0.994768461788
2567.3641133 1.01014730837
2567.38454533 1.0158917744
2567.40497755 1.00191604847
2567.42540968 0.997937810217
2567.4458418 1.00520503638
2567.46627393 1.00595987181
2567.48670605 1.04479280975
2567.50713827 1.02502511541
2567.5275703 1.00026565606
2567.54800242 1.00847634273
2567.629731 1.03095235524
2567.65016302 0.998315826894
2567.67059514 1.01081698039
2567.69102736 1.02002443493
2567.71145938 1.00394361828
2567.7318915 1.00094329518
2567.79318785 1.00493707633
2567.81362006 0.9940310578
2567.83405218 0.996419369247
2567.85448419 1.00251024673
2567.87491641 1.01002101617
2567.89534852 0.994729082159
2567.91578054 0.999987368083
2567.93621275 0.967833748253
2567.95664486 0.970369199446
2567.97707687 0.967639809776
2567.99750908 0.972054643163
2568.01794119 0.962129019966
2568.0383732 0.936633972438
2568.05880541 0.948156006856
2568.09966953 1.00338914554
2568.12010174 0.984615741085
2568.14053375 0.988689051218
2568.16096585 0.973243973229
2568.18139806 0.982552299677
2568.20183016 0.992596293957
2568.22226217 0.981311276682
2568.24269437 0.965226221171
2568.26312648 0.938669748911
2568.28355848 0.950982573377
2568.30399069 0.958638719215
2568.34485499 0.987209927506
2568.40615129 0.999167715148
2568.42658329 0.983036800354
2568.44701539 0.998680156383
2568.46744759 0.979229965669
2568.48787959 0.971177421158
2568.50831169 0.979792746365
2568.52874389 0.94786488628
2568.54917589 0.961206648943
2568.63090427 1.01073048276
2568.65133646 1.02905559868
2568.67176856 1.01460964306
2568.69220055 0.997652700766
2568.71263274 0.998640143207
2568.73306484 0.98170704608
2568.75349683 0.994834903369
2568.77392902 1.00345716609
2568.79436111 0.974008849085
2568.83522529 1.02086513568
2568.85565728 1.02114085942
2568.87608937 1.01761372208
2568.89652156 1.04293041461
2568.91695355 1.01604182004
2568.93738563 1.0225463453
2568.95781782 1.0224222735
2568.97824981 1.00630655072
2568.99868189 1.01235400045
2569.01911408 0.995206674211
2569.03954616 1.01246733514
2569.08041033 1.01023753747
2569.10084241 1.00876515781
2569.16213866 1.01698085374
2569.18257084 1.0384658199
2569.20300282 1.01274346134
2569.2234349 1.02093798936
2569.24386708 1.01168600182
2569.26429906 1.01950866099
2569.28473114 1.02459813069
2569.3255953 1.02315346151
2569.4073236 0.998608763272
2569.50948407 1.02889227562
2569.52991605 1.02704318513
2569.55034822 1.0068417745
2569.57078019 1.0324017307
2569.59121226 1.01302510464
2569.61164443 1.02483599735
2569.6320764 0.99857221393
2569.65250847 0.999985304442
2569.67294064 0.965630580511
2569.69337261 1.01170040182
2569.71380468 0.964254439712
2569.73423685 0.954429718884
2569.75466881 0.971034617085
2569.77510088 0.947772269283
2569.81596501 0.99489784502
2569.83639708 1.00292010804
2569.85682924 0.993602257398
2569.87726131 1.00077987708
2569.89769327 0.995120824662
2569.91812543 0.966136575576
2569.9385575 0.996733393282
2569.95898946 0.94843113453
2569.97942162 0.959208747007
2569.99985368 0.93726485437
2570.02028584 0.949661712393
2570.06114986 1.01596296052
2570.08158202 1.02969726811
2570.10201398 1.00542179418
2570.12244604 1.01043567223
2570.14287819 1.04697531149
2570.16331015 0.995503060202
2570.18374221 0.989272821925
2570.20417437 0.988539482039
2570.22460632 1.00259990288
2570.24503838 0.989926813759
2570.26547053 0.986168937926
2570.30633454 0.998960095263
2570.3676307 1.0028942041
2570.38806285 1.01590233728
2570.4084948 0.988709062117
2570.42892685 1.0164696815
2570.449359 1.00724987683
2570.46979095 1.00450400415
2570.490223 0.999021618191
2570.51065515 1.01596413647
2570.5310871 0.999241026238
2570.55151914 1.00118848982
2570.57195129 0.989238942679
2570.59238324 1.02161700342
2570.61281528 0.985773162903
2570.63324743 0.988802483192
2570.65367938 0.991177547667
2570.67411142 1.00192006828
2570.69454357 1.0004731567
2570.71497561 0.977450267549
2570.73540755 0.99857079268
2570.7558397 0.980497380953
2570.79670368 0.996016737074
2570.81713582 0.995357431877
2570.83756786 0.999195915762
2570.8579998 0.995095272766
2570.87843194 1.00625520966
2570.89886398 1.01268375886
2570.91929612 1.00607752323
2570.93972806 1.00887768769
2571.00102417 0.991073782444
2571.02145621 0.999009362325
2571.04188834 1.01381602372
2571.06232028 0.993476975872
2571.08275231 0.996415828855
2571.10318435 1.01427590817
2571.12361638 0.98494574089
2571.14404842 1.01701085988
2571.16448045 0.997913819554
2571.18491248 0.9990376573
2571.20534451 0.990491939272
2571.22577665 0.989038368256
2571.30750467 0.998726711977
2571.3279367 0.987226678979
2571.43009683 1.00879231538
2571.45052886 1.01359019276
2571.47096099 1.00431752477
2571.49139291 1.01366722141
2571.51182494 1.01729221119
2571.53225706 0.990236127356
2571.55268908 0.997956852412
2571.57312101 1.00678080318
2571.59355313 1.01461123536
2571.61398515 0.993696188202
2571.63441707 1.01277848829
2571.6548492 0.987600452834
2571.67528122 1.01200229833
2571.69571314 0.991897668032
2571.71614526 0.978856243058
2571.77744131 1.00160839527
2571.79787333 0.986181019984
2571.81830535 1.02086806288
2571.83873737 1.01685400499
2571.90003342 1.00443279468
2571.92046543 1.01526943303
2571.94089745 1.01256110506
2571.96132946 1.02340862573
2571.98176147 1.02257516635
2572.00219349 0.997982420236
2572.0226255 1.00767364911
2572.04305751 0.995201267526
2572.06348962 0.998977145497
2572.08392153 0.985277850048
2572.10435355 0.986842228515
2572.12478566 0.995386339015
2572.14521757 0.971147700579
2572.20651359 0.972253890482
2572.28824162 1.01231562278
2572.30867373 1.00158872885
2572.36996974 0.984745590925
2572.39040175 0.980956648245
2572.41083365 0.976375104515
2572.43126575 0.989222242322
2572.45169776 0.981908819581
2572.47212966 0.967533364321
2572.51299376 1.00834281276
2572.53342566 1.01499963425
2572.55385776 0.994867667623
2572.57428976 0.989704870693
2572.59472166 1.00764913877
2572.61515376 1.00143432663
2572.63558576 1.00803828488
2572.65601766 1.00105930501
2572.67644975 1.00647174031
2572.69688165 0.993569069417
2572.71731375 0.974603716262
2572.8807697 0.985303841928
2572.9012018 1.00381167624
2572.92163369 0.997089320904
2572.94206568 1.00674477563
2572.96249777 1.00192454594
2572.98292966 0.980505668215
2573.00336165 1.00520863272
2573.02379374 1.00045282838
2573.04422563 1.0061002477
2573.06465762 0.980650283314
2573.08508971 1.00121618098
2573.10552159 0.998784142885
2573.12595358 1.00673420193
2573.14638567 1.0011326354
2573.20768162 0.999244125473
2573.22811361 0.995053244034
2573.24854549 1.00214251792
2573.30984144 1.00774611396
2573.33027353 0.989729692068
2573.35070551 1.009625737
2573.37113739 0.991225616133
2573.39156947 0.992877510913
2573.41200135 0.976794634994
2573.43243333 1.00720208212
2573.5550253 0.975296296975
2573.57545728 0.988697506263
2573.59588926 0.990694197371
2573.65718518 1.01168888369
2573.67761716 1.0027138588
2573.69804913 1.00190661708
2573.7184811 1.01820896205
2573.73891318 1.0292488229
2573.75934505 0.999489617693
2573.77977702 1.01951593247
2573.80020909 1.01483720684
2573.82064097 1.00480170862
2573.84107294 1.01193736694
2573.86150501 1.00536806215
2573.88193688 1.02669838945
2573.90236885 0.993802385616
2573.92280092 1.0047607727
2573.94323278 0.989576769029
2573.96366475 1.00609041385
2573.98409682 1.01759084813
2574.00452869 0.998103020884
2574.08625655 0.999039616926
2574.10668862 0.990976735938
2574.12712058 1.00261318478
2574.14755244 0.993425223424
2574.16798451 0.979351009739
2574.18841647 0.993404899458
2574.2292804 0.981840117355
2574.24971226 0.985596547294
2574.31100814 0.972759392941
2574.3314401 0.992038494956
2574.35187216 0.994165320886
2574.37230402 1.00383117377
2574.39273598 0.978723390879
2574.41316803 1.00185985858
2574.43359999 0.998400979737
2574.45403195 1.00077115103
2574.47446391 0.99192720971
2574.49489586 0.999320898854
2574.51532782 1.00565759002
2574.53575977 0.993600338185
2574.57662378 1.00025872889
2574.59705564 0.998712845149
2574.61748759 1.00463920553
2574.63791964 1.00223398766
2574.6583515 0.987685255508
2574.67878345 0.990281238648
2574.7400793 1.0230432613
2574.76051135 1.04073105473
2574.84223905 0.996334393117
2574.862671 0.995893935871
2574.88310304 1.01946536264
2574.90353499 0.993785442281
2574.92396684 0.996294025529
2574.94439888 0.982023886096
2574.96483083 1.01188834555
2574.98526268 1.00262211357
2575.00569472 1.03233656208
2575.02612657 0.997173327819
2575.04655851 0.991921192334
2575.06699055 0.990106826746
2575.0874224 0.994377655331
2575.10785434 0.997639847885
2575.12828638 0.983288487284
2575.14871822 0.990954917354
2575.27130996 1.01349913893
2575.2917419 1.00682201912
2575.31217384 1.00974023129
2575.33260578 0.989308174249
2575.35303772 1.01893008659
2575.37346965 0.993213275336
2575.39390159 1.00414187346
2575.41433363 1.01614220431
2575.43476546 1.02670083444
2575.4551974 1.00031034122
2575.53692523 1.00863398857
2575.55735707 1.01478915518
2575.577789 0.991696624487
2575.59822103 1.00871165672
2575.61865286 1.00007829487
2575.70038058 1.03030315052
2575.72081261 1.01734803018
2575.74124444 1.00411194086
2575.76167637 1.00006679324
2575.7821084 1.0024962336
2575.80254023 1.00474409746
2575.82297215 0.996596748695
2575.84340418 0.994487354397
2575.86383601 0.974631659767
2575.88426793 1.00144411248
2575.90469996 0.999930056306
2575.94556371 0.996219715728
2575.96599573 0.99570115342
2575.98642755 1.00918021677
2576.00685948 1.00220904027
2576.0272915 1.00292402647
2576.04772332 1.0006060751
2576.06815524 0.995512383548
2576.08858726 1.00400631084
2576.10901919 1.00369149301
2576.12945111 0.992633347546
2576.14988303 1.00924067831
2576.17031495 0.992104141808
2576.19074687 1.00216008248
2576.21117878 1.02111361603
2576.2316107 0.992098796289
2576.25204272 1.00400617764
2576.27247454 0.995825546929
2576.29290646 1.00032664062
2576.31333847 1.01617761546
2576.33377029 0.98845199619
2576.3542022 0.981665840899
2576.37463422 1.00614859025
2576.39506603 0.999222554739
2576.41549795 0.982840265918
2576.43592996 1.00414510986
2576.4972256 0.989635700944
2576.51765751 0.983915138888
2576.53808943 1.00633862007
2576.55852134 0.967509001019
2576.57895325 0.968031744618
2576.59938516 1.01402963908
2576.61981717 0.95234488087
2576.72197661 1.02204819558
2576.80370434 1.01206836888
2576.82413615 1.01064535737
2576.84456805 1.00161150675
2576.86500006 1.00739481329
2576.88543186 1.0261594493
2576.90586377 1.00985044577
2576.92629577 0.993931648259
2576.98759148 1.00354198526
2577.00802338 1.02261632495
2577.02845528 1.01120232356
2577.04888718 1.00854923596
2577.06931908 0.991609785374
2577.08975108 0.999605497623
2577.11018288 1.00847402653
2577.13061478 0.987136042531
2577.15104678 0.999379833276
2577.17147858 0.991105462669
2577.19191048 0.994346652827
2577.21234248 0.973815668722
2577.23277427 0.992896040358
2577.25320617 1.00258184453
2577.27363807 1.00238244464
2577.29406996 0.997208317616
2577.31450186 0.981282030099
2577.33493375 0.976231170791
2577.35536565 0.998726486597
2577.37579754 0.992255653186
2577.41666133 0.999332812152
2577.43709322 0.97749176325
2577.45752522 1.00823498996
2577.47795701 1.01168394437
2577.4983889 1.00622323692
2577.51882089 0.999623934029
2577.53925268 1.00682555698
2577.55968457 1.00141455735
2577.62098024 1.01866286185
2577.64141223 1.0066699548
2577.66184402 1.02564976881
2577.68227591 1.01399576918
2577.70270789 1.01294688787
2577.72313968 1.00463724289
2577.74357157 1.01327455308
2577.76400355 0.999084628643
2577.78443544 0.984092239125
2577.80486732 1.00097500047
2577.84573109 1.00688320359
2577.86616298 1.00239781701
2577.88659486 1.02559867647
2577.90702675 0.988158490709
2577.92745873 0.977719095067
2577.94789051 0.997954603069
2577.96832239 1.00271298625
2577.98875427 0.99441931231
2578.00918616 1.0051166224
2578.02961804 1.00902829244
2578.05004992 0.984941925741
2578.0704818 0.982690782305
2578.09091358 0.980743665817
2578.17264119 0.998996244489
2578.19307307 0.998773768886
2578.21350495 0.996762940517
2578.23393682 0.998169737079
2578.2543687 1.00178125843
2578.27480057 1.0001891315
2578.29523255 0.997477825145
2578.31566433 0.986426263107
2578.3360962 1.01634315274
2578.43825557 1.00986332046
2578.45868744 1.00625424857
2578.47911941 0.995505804173
2578.49955118 0.99736762612
2578.51998305 1.00144835274
2578.54041502 0.999722554377
2578.56084679 1.02651802811
2578.58127876 1.01071288114
2578.60171063 0.996699987314
2578.64257437 1.00048673606
2578.66300624 1.00611959645
2578.68343811 1.00632880923
2578.70386997 1.00306127227
2578.72430184 1.02999301412
2578.74473371 0.997823903901
2578.76516567 1.00574235045
2578.78559744 1.01147424729
2578.8060293 1.01452865885
2578.82646117 0.996921044348
2578.84689303 1.01535635877
2578.8673248 0.998051508117
2578.88775676 1.02478015205
2578.90818862 1.03308291744
2578.92862039 1.02326880958
2578.94905235 1.00969698308
2578.96948421 1.01866969948
2578.98991607 0.993704794124
2579.01034793 0.980941714037
2579.03077979 0.988224730429
2579.05121165 1.00225757068
2579.07164351 1.00400470831
2579.09207537 0.995150651234
2579.11250723 0.99501087567
2579.13293919 0.997004946547
2579.15337095 0.972543815376
2579.17380281 0.97928262453
2579.19423476 0.974866168228
2579.21466652 0.982638968133
2579.23509838 0.985523280448
2579.25553033 0.982584790858
2579.27596209 0.965616439368
2579.29639394 0.959644120183
2579.3168259 0.964430997121
2579.39855322 1.04314308536
2579.41898517 1.00967962272
2579.43941702 1.0254935136
2579.45984887 1.02104808148
2579.48028073 1.04074101583
2579.50071258 1.02140370276
2579.52114443 1.01322578786
2579.58243988 1.00127147751
2579.60287183 1.01157883301
2579.68459922 0.972930848345
2579.70503097 0.985690266213
2579.72546292 0.992495107617
2579.74589476 0.97568174532
2579.86848583 1.0378674173
2579.88891768 1.0089075528
2580.01150883 1.00922733068
2580.03194067 1.00277511671
2580.05237241 0.990198854198
2580.07280436 0.998858328669
2580.09323619 0.992197114528
2580.11366793 0.987602332355
2580.15453171 1.00401372187
2580.17496345 0.973703624404
2580.19539539 1.00792587979
2580.21582723 0.968720211139
2580.23625896 0.959448618612
2580.2566909 0.982245099568
2580.46100925 1.02002592846
2580.48144098 1.00089140337
2580.50187291 1.00913655239
2580.52230474 0.997745117701
2580.60403197 0.998547548939
2580.62446389 1.00735259942
2580.64489572 0.998827426321
2580.66532755 1.01299720795
2580.68575938 0.999220807882
2580.70619121 1.01038018741
2580.76748669 1.00714989729
2580.78791862 1.0107498949
2580.80835045 1.00120283145
2580.82878217 1.00120506255
2580.8492141 1.01080046352
2580.86964592 0.995212714019
2580.89007765 0.995561756861
2580.91050957 0.970099957865
2580.93094139 1.00141909442
2580.99223686 0.975467694923
2581.01266859 0.981509244599
2581.03310051 0.999104148288
2581.11482769 1.03089710079
2581.13525961 0.998410206383
2581.15569143 1.00908461507
2581.17612325 0.989264690477
2581.19655497 1.0159243446
2581.21698689 1.01650191358
2581.23741871 0.99870988035
2581.36000961 1.00810832875
2581.38044152 0.983178014628
2581.40087324 1.0010738676
2581.42130505 1.00009722455
2581.4826005 0.979891007174
2581.50303241 0.985897866705
2581.52346412 0.98078109281
2581.54389594 0.976542453131
2581.58475956 1.0105333016
2581.60519137 1.02856123128
2581.62562328 1.02608092592
2581.64605509 1.02586460209
2581.6664868 1.01843239114
2581.68691871 1.01273887101
2581.70735052 1.01267387445
2581.72778223 1.00067652662
2581.78907766 1.00898519627
2581.80950956 1.00657203373
2581.9116685 1.00058122515
2581.9321004 0.994353243982
2581.95253211 0.987881976948
2581.97296401 1.00421561706
2581.99339582 0.964315943359
2582.01382762 0.979337483551
2582.09555483 1.01232898617
2582.11598663 1.02250403254
2582.17728204 0.993213590746
2582.19771384 0.994492939512
2582.21814574 0.986822965494
2582.23857744 1.00230548702
2582.25900924 0.976335821172
2582.27944114 0.963028746873
2582.32030463 0.991342551997
2582.34073653 0.982031834385
2582.36116823 0.968692133865
2582.38160003 0.980209005899
2582.40203192 0.98892935194
2582.46332731 0.96299634135
2582.5246227 0.961660221925
2582.56548629 0.998776180038
2582.58591808 1.03541796186
2582.60634987 1.00010246154
2582.62678167 0.995106454723
2582.64721346 1.01719762731
2582.66764515 1.00863682199
2582.68807704 1.0083820167
2582.70850883 1.00193677202
2582.72894052 0.985533117195
2582.74937241 0.998266513521
2582.76980421 0.998398925499
2582.81066778 1.02925892588
2582.85153136 1.03024591473
2582.87196315 1.01331558959
2582.89239494 1.02710644083
2582.91282673 1.0122673877
2582.93325851 1.03919706164
2582.9536903 1.04519219254
2582.97412209 1.0099398674
2582.99455387 1.02741552824
2583.01498566 1.00715720265
2583.03541745 1.01756569286
2583.05584933 1.00870391784
2583.07628102 1.0002579622
2583.0967128 1.00122169888
2583.11714469 0.997862093997
2583.13757637 0.999030828406
2583.15800825 0.971152577934
2583.17844004 0.98997611742
2583.19887172 0.967316245995
2583.2193036 0.965349282839
2583.36232607 1.02462042199
2583.4236214 1.03991398831
2583.44405308 1.02738423417
2583.50534842 0.999846830842
2583.52578029 1.0049287904
2583.54621207 0.994769619631
2583.6075074 0.999570955866
2583.62793907 0.998143707643
2583.64837095 0.981981639708
2583.66880272 0.99599854767
2583.6892345 0.969143428232
2583.70966627 0.984478811734
2583.73009804 0.97812156482
2583.75052992 0.995133997651
2583.79139336 1.01295861825
2583.81182523 1.02058399881
2583.83225691 1.02096065138
2583.85268868 1.03131091867
2583.87312055 1.00569635345
2583.89355232 1.02819913835
2583.91398399 1.0083180099
2583.93441586 0.998707677253
2583.95484763 1.05421382541
2583.9752793 1.03146922071
2583.99571117 0.986771823352
2584.01614294 0.982572456297
2584.0365746 1.0044630361
2584.05700647 1.00636325476
2584.07743824 0.985785357974
2584.09786991 1.00605260275
2584.11830177 0.968656396269
2584.13873354 0.985631458306
2584.15916521 0.973634695979
2584.17959707 0.966089892702
2584.20002874 0.977454814848
2584.30218766 1.0258011459
2584.32261942 1.01078152348
2584.34305119 1.00616659845
2584.36348295 1.01642464658
2584.38391471 1.02247877263
2584.40434657 1.00729975825
2584.42477824 1.01662656982
2584.44521 1.02405392981
2584.46564186 0.999784395521
2584.48607352 1.0057020154
2584.52693714 0.98415601586
2584.5473688 1.02566767728
2584.56780056 1.04698679811
2584.58823242 1.02536527679
2584.60866407 1.00980270737
2584.62909583 1.02135694525
2584.64952769 1.01519489499
2584.66995935 1.01216587944
2584.85384525 1.01168402605
2584.87427691 1.01513191267
2584.89470876 0.997060986811
2584.91514041 0.98463247262
2584.93557227 0.988578476304
2584.95600402 0.991946413182
2585.01729928 0.973930127656
2585.03773093 0.978378607378
2585.05816278 0.976692873399
2585.07859453 0.967265271979
2585.09902628 0.968585495227
2585.11945803 0.984773749326
2585.13988978 0.952704331477
2585.16032153 0.986140023308
2585.18075328 0.959902607176
2585.20118503 0.957381072466
2585.22161677 0.957226485186
2585.26248027 0.991119191881
2585.28291202 1.01537562835
2585.34420726 0.993814520409
2585.3646391 1.00025709519
2585.38507075 1.00645124288
2585.4055025 1.00327636069
2585.42593434 0.992224634776
2585.5485248 1.01771679965
2585.56895655 0.997861327442
2585.58938829 1.01087144046
2585.60982003 0.998646278997
2585.63025167 0.990884170685
2585.65068352 1.00065989648
2585.67111526 0.988001062058
2585.6915469 1.0286812751
2585.71197874 0.994928595122
2585.73241048 1.00722722406
2585.75284212 0.99656799382
2585.77327396 1.01359846412
2585.7937057 1.00588650616
2585.81413734 1.00733175752
2585.83456917 1.00363512219
2585.85500091 1.00841353451
2585.87543255 0.99985552601
2585.93672786 0.996187709811
2585.9571596 1.01395841738
2585.97759133 0.984068342577
2585.99802307 0.962164452496
2586.01845481 0.982632132886
2586.03888654 0.981598864086
2586.05931838 0.972207533527
2586.07975011 0.984441007907
2586.10018174 0.983863438266
2586.12061358 0.975178961704
2586.14104531 0.996094797598
2586.16147695 0.978446288243
2586.28406734 1.01953161893
2586.30449917 1.02723743544
2586.3249309 1.00337705477
2586.34536253 0.981174224547
2586.36579436 1.01022426178
2586.38622609 1.0113079047
2586.40665782 1.00764032411
2586.42708955 0.994981117678
2586.44752128 0.990468697056
2586.48838474 1.00771294922
2586.50881646 1.00773936841
2586.52924809 1.01310881196
2586.54967992 0.991610252239
2586.57011164 0.978187041537
2586.59054347 1.00066909095
2586.6109751 0.987941326794
2586.63140682 0.994637760173
2586.65183865 0.99906977414
2586.67227027 0.993147626347
2586.692702 0.983944464446
2586.71313382 1.00599296304
2586.73356545 1.00835129921
2586.75399717 1.00063399974
2586.85615579 0.996150621274
2586.87658751 0.996420866191
2586.89701933 0.984815730076
2586.91745105 0.990145695407
2586.93788267 0.992166145894
2586.9583145 0.985576303656
2586.99917784 0.980597313462
2587.01960966 0.985354817648
2587.04004138 0.965699019583
2587.060473 0.953489951641
2587.08090481 0.97653364783
2587.10133653 0.972282354447
2587.12176825 0.983618940307
2587.18306341 0.952370460091
2588.44982949 1.03515923652
2588.47026109 1.00132433024
2588.49069289 1.01983218256
2588.51112459 1.02650098759
2588.53155618 1.00823992645
2588.55198798 1.01054691411
2588.57241968 1.02137652455
2588.59285138 1.00682216849
2588.61328307 1.01754479686
2588.63371477 1.01973000401
2588.65414646 1.00409650085
2588.67457816 1.03022475038
2588.69500985 1.02487870712
2588.71544155 1.00300804719
2588.73587324 1.01647399089
2588.75630494 1.00422773683
2588.77673673 1.00899583122
2588.79716833 1.02529851314
2588.81760002 1.01862830938
2588.83803181 0.992378456957
2588.85846341 1.02139242274
2588.8788951 0.999401635203
2588.89932689 0.992362419218
2588.91975848 0.984765024191
2588.94019017 0.985598120863
2588.96062196 1.02022065114
2588.98105356 0.993855304705
2589.04234863 0.978340275549
2589.06278032 0.979734755381
2589.08321211 0.9871799172
2589.1036438 0.962210595559
2589.12407539 0.967325528705
2589.14450717 0.965747578771
2589.18537055 1.01051583916
2589.24666571 0.989789561146
2589.2670973 1.01202621881
2589.28752899 0.993208427757
2589.30796077 0.98882749151
2589.32839236 0.974055019403
2589.34882405 0.981570898867
2589.36925573 0.983889894965
2589.38968742 0.987547039573
2589.43055079 1.0033571856
2589.45098247 1.00559324411
2589.47141416 1.02108542902
2589.49184584 1.01848531344
2589.51227752 0.991710999087
2589.53270921 1.00075791821
2589.55314089 1.0199687735
2589.57357257 1.00607821667
2589.59400426 1.00551484436
2589.61443604 1.01670740173
2589.63486762 1.00374552443
2589.6552993 1.0005558661
2589.67573108 0.998383800008
2589.69616266 0.988333717924
2589.71659445 0.999948192525
2589.73702613 0.998959488018
2589.75745771 1.0015833221
2589.77788949 0.982417980462
2589.79832117 0.989371568362
2589.81875275 0.973383043273
2589.83918453 0.977140937206
2589.8596162 0.974971658433
2589.92091124 0.965354331086
2589.94134292 0.999622710235
2589.96177459 0.978947441187
2589.98220627 0.981355092193
2590.00263795 0.966295020181
2590.02306963 0.983226870584
2590.10479633 0.946060194753
2590.18652313 1.01413233562
2590.2069547 1.00832278011
2590.22738638 0.984436992999
2590.24781815 1.00575839027
2590.26824972 0.989432666601
2590.2886814 1.02125407758
2590.30911317 1.00285130006
2590.32954474 1.02317553393
2590.34997642 1.01559639386
2590.37040819 0.992369793698
2590.41127143 0.987886859155
2590.4317032 1.03229116601
2590.45213487 1.01711586985
2590.47256644 1.01100787159
2590.49299821 1.02447019384
2590.51342988 1.00636152864
2590.53386145 1.01619555037
2590.59515646 1.00332252574
2590.61558823 1.01735865487
2590.6360199 0.994947627867
2590.65645167 1.01755283774
2590.67688324 1.01373989953
2590.6973149 0.986172529068
2590.71774667 0.974668880002
2590.73817824 0.990944631953
2590.75860991 0.984945154659
2590.77904167 1.00601481325
2590.79947324 1.00195557517
2590.81990491 1.01160468105
2590.84033667 1.01911435352
2590.86076824 0.998914407186
2590.8811999 1.00487554618
2590.90163157 1.02413156637
2590.92206333 1.00398826542
2590.9424949 0.987655418151
2590.96292666 1.01955086914
2590.98335822 1.0002055223
2591.00378989 1.00432617389
2591.02422165 1.009010645
2591.04465322 0.998026523583
2591.06508488 1.0342412471
2591.08551664 0.987825754321
2591.16724319 0.915659205387
2591.18767495 0.995657035139
2591.20810661 0.923822286765
2591.22853817 0.93278400305
2591.24896993 0.921150530325
2591.26940159 0.930940904497
2591.28983325 0.92802052025
2591.31026491 0.93696976975
2591.39199155 0.996622014216
2591.41242321 1.01782870096
2591.49414994 1.00100933553
2591.5145815 1.02756505416
2591.53501316 1.01351766166
2591.55544491 0.997358123758
2591.57587647 1.0219629217
2591.59630822 0.995573885189
2591.61673978 0.984415166876
2591.63717144 1.00230123506
2591.65760319 0.996548070841
2591.67803485 0.990059276063
2591.6984664 1.0018106965
2591.71889816 1.00645690208
2591.73932971 0.987739102711
2591.75976137 0.991662658508
2591.82105633 0.982219523291
2591.84148808 0.962019112646
2591.88235129 1.00747495488
2591.90278304 1.01295991018
2591.92321469 1.02298344237
2591.94364624 1.00110431921
2591.96407799 1.01017930523
2591.98450965 0.993504475325
2592.0049412 1.00870395164
2592.02537295 1.02023911785
2592.0458046 1.02064667501
2592.06623635 1.00480262673
2592.0866679 1.00094060394
2592.10709955 0.993724697691
2592.1275313 1.00294265102
2592.14796285 0.982207939852
2592.1683945 1.0043942767
2592.18882625 1.01922315998
2592.20925779 1.00987242877
2592.22968944 0.995626776783
2592.25012119 1.00561072841
2592.27055284 0.998057550981
2592.29098439 0.990824333122
2592.31141613 1.01656214174
2592.33184778 0.999457314594
2592.37271108 0.98475761347
2592.39314272 0.96462009279
2592.41357427 0.988134730039
2592.43400601 0.963460255629
2592.45443756 0.984120099016
2592.4748693 0.979997585404
2592.49530095 0.963661769445
2592.5157325 0.975983154435
2592.61789082 1.00893422519
2592.63832246 1.03193695192
2592.6587541 1.02206058795
2592.67918575 1.00906338287
2592.69961739 0.99044479137
2592.72004903 1.00852684827
2592.74048067 1.00494906556
2592.76091232 1.01234164059
2592.78134396 1.00034118667
2592.8017756 0.990520275446
2592.82220724 1.01140508176
2592.84263898 1.01026827911
2592.86307052 1.00504313612
2592.88350216 0.98865550247
2592.9039339 0.996118759793
2592.92436544 1.01575427955
2592.94479718 1.01148007202
2592.96522882 0.996518289203
2592.98566036 0.996031848041
2593.0060921 1.02066528991
2593.02652374 0.984773976122
2593.04695528 0.998603045686
2593.06738702 1.00161027133
2593.08781866 0.975461019856
2593.10825029 1.00002803006
2593.12868193 0.996349913055
2593.14911347 0.988254437382
2593.16954511 0.98753706776
2593.18997684 1.00241480878
2593.21040848 0.98708292524
2593.23084002 1.00969876145
2593.25127175 1.01187857221
2593.27170339 0.98927549994
2593.29213493 0.997750907719
2593.31256666 1.01078344361
2593.3329983 1.01092871615
2593.35343003 1.00132257065
2593.37386157 0.979453732564
2593.3942932 0.993656294608
2593.41472494 0.991036053731
2593.43515647 0.976332006265
2593.45558811 1.00976834231
2593.47601984 0.98302028258
2593.53731474 1.00699521618
2593.55774627 1.01500598843
2593.5781779 1.00043775548
2593.59860964 1.00889820384
2593.61904117 0.990326849981
2593.6394728 1.01713734287
2593.65990453 0.99382370265
2593.68033616 0.973680740497
2593.7007677 1.00944635368
2593.72119943 0.996355745115
2593.74163106 1.00112889658
2593.76206269 1.00907337456
2593.78249432 1.00903696894
2593.80292595 0.995774754025
2593.82335758 0.987025578846
2593.84378921 1.00884965381
2593.86422084 0.99645093461
2593.88465247 0.974502857806
2593.9050841 0.988048860041
2593.92551572 0.976263682408
2593.94594735 0.978078086237
2593.96637898 0.973127901927
2593.98681051 0.987319465254
2594.00724224 0.967998186763
2594.02767386 0.986609921697
2594.10940037 1.00618587959
2594.129832 1.00100470187
2594.17069535 1.00580249983
2594.19112698 1.01386890603
2594.2115585 1.02256097581
2594.23199023 0.992576392942
2594.25242185 0.99729976497
2594.27285338 1.00381377476
2594.2932851 1.02374518994
2594.35457998 1.00967763066
2594.3750116 1.00879000543
2594.39544312 0.998178266172
2594.41587485 1.02286586269
2594.43630647 1.0002295733
2594.45673799 1.00077502314
2594.47716972 1.01244048063
2594.49760134 0.989056748978
2594.51803296 1.00586311039
2594.53846458 0.984985352597
2594.5588962 0.998186314032
2594.57932783 0.98763015807
2594.59975945 1.00219178693
2594.62019107 0.987287709677
2594.64062269 0.984715452021
2594.66105431 0.988880000005
2594.68148593 0.986016887333
2594.70191765 0.99116224192
2594.72234917 1.00246477384
2594.74278079 1.0098433235
2594.76321251 1.00173851368
2594.78364403 1.00228357877
2594.80407565 0.993224956041
2594.82450737 0.998065424354
2594.84493889 1.00630624679
2594.86537051 0.99387851294
2594.88580223 0.993604588466
2594.90623374 1.00260667644
2594.92666536 1.00168761493
2594.94709708 1.00464141414
2594.9675286 0.984764569326
2595.02882355 1.02553763555
2595.04925516 0.978216265321
2595.06968678 0.98632844
2595.0901184 1.01649396995
2595.11055001 0.984176441514
2595.13098163 1.0008023361
2595.15141324 1.00115895565
2595.17184496 1.01199166323
2595.19227648 1.00376809516
2595.21270809 0.98047266313
2595.23313981 1.00116754394
2595.25357132 0.985560060069
2595.27400293 1.00531132578
2595.31486616 1.01627919608
2595.33529778 1.01491531701
2595.35572939 1.00619592369
2595.376161 1.01384723138
2595.39659262 1.02365878526
2595.41702423 1.00057049767
2595.43745584 1.01412880993
2595.45788755 0.994902716698
2595.47831907 1.02860287395
2595.49875068 0.998556529194
2595.51918239 1.01419711319
2595.539614 1.00924639093
2595.56004551 1.01172838293
2595.58047723 1.0097583324
2595.60090884 1.01617542482
2595.62134035 1.01838442394
2595.64177206 0.998108953002
2595.66220367 0.996804617434
2595.68263518 0.982043267931
2595.70306689 0.987780502119
2595.7234985 0.997664087889
2595.74393001 0.978362268777
2595.76436172 1.01432337096
2595.84608815 0.990692101117
2595.86651986 0.992162418585
2595.88695137 0.994849337255
2595.90738298 0.995784257027
2595.92781469 0.987526469478
2595.94824619 0.987581132751
2595.9686778 0.979451030556
2595.98910951 0.979507313701
2596.00954112 0.987923467999
2596.05040433 1.02928048646
2596.07083584 1.01522614296
2596.09126744 1.03292378891
2596.11169915 1.01698288788
2596.13213075 1.00217742413
2596.15256226 0.993687207992
2596.17299396 0.99372303856
2596.19342547 1.0113314917
2596.21385708 1.01118816517
2596.23428878 1.01375140425
2596.25472028 1.00968800513
2596.29558359 0.993627647959
2596.3160151 0.979973513186
2596.3364468 1.0182605662
2596.3568784 0.999712677318
2596.37731001 0.995076771641
2596.39774161 0.973319008295
2596.41817321 0.978678239774
2596.43860482 0.982176312325
2596.45903642 0.988177940772
2596.47946802 0.993183362803
2596.49989963 1.0000097215
2596.54076283 1.01715002965
2596.56119443 1.01198555769
2596.58162613 0.992993654965
2596.60205763 1.00213053335
2596.62248934 1.00043026124
2596.64292094 1.00584262895
2596.66335244 0.988032486707
2596.68378414 1.01061686805
2596.70421574 0.994280478659
2596.72464724 0.999858486865
2596.74507894 1.00847874627
2596.76551054 1.01316824998
2596.78594204 1.02712056786
2596.80637374 1.00834667289
2596.82680524 1.00596744476
2596.84723694 0.988108037104
2596.86766853 1.0179961999
2596.88810013 1.0014016658
2596.90853163 0.997294556241
2596.92896333 1.02490171888
2596.94939493 0.999990789564
2596.96982643 1.01246297676
2596.99025812 1.00436020091
2597.01068972 0.995095210147
2597.03112142 1.02366477854
2597.05155292 1.01516812009
2597.07198451 0.992449745193
2597.09241621 1.02127156499
2597.11284771 0.990938600065
2597.1332793 0.982679691641
2597.153711 0.998732844018
2597.1741425 1.002581354
2597.19457409 0.994319027985
2597.21500579 1.01785282193
2597.23543728 1.00943948431
2597.25586888 1.00080675604
2597.27630057 0.998989555398
2597.29673207 1.01280623049
2597.31716366 0.999540783956
2597.33759536 1.01601691278
2597.35802695 1.0088418242
2597.37845845 1.00093048873
2597.39889014 1.01044982306
2597.41932173 1.01293239533
2597.43975333 1.01749826289
2597.46018492 1.00582152896
2597.48061651 1.01796406232
2597.54191129 1.01000891775
2597.56234289 0.977125790239
2597.58277448 1.05272759167
2597.60320597 1.00329866431
2597.62363766 0.991876091707
2597.64406926 1.00838813425
2597.66450075 0.99434518504
2597.68493244 0.991545736259
2597.70536403 0.998001176706
2597.72579562 0.992837761845
2597.74622721 0.998264786646
2597.7666588 0.991284765846
2597.78709039 0.983647242603
2597.80752198 0.997632521435
2597.82795357 0.98055220184
2597.84838526 0.970864577173
2597.86881685 0.983809981436
2597.93011162 0.973929988801
2597.95054311 0.965672283488
2597.9709748 0.974935534834
2598.01183788 1.01761086698
2598.03226957 0.989897604772
2598.05270116 1.01076596506
2598.07313264 1.006694686
2598.11399592 1.00117831782
2598.13442741 0.993658449315
2598.1548591 1.01141204883
2598.17529068 0.997839684011
2598.19572237 1.00079832841
2598.21615386 0.996587589016
2598.25701713 1.01627725073
2598.27744862 1.01540724046
2598.2978802 1.00348657192
2598.31831179 1.0099188066
2598.33874338 1.01616874087
2598.35917496 1.01162961367
2598.40003813 0.985310117341
2598.42046972 0.999043464447
2598.4409014 0.995117445534
2598.46133289 1.00510831258
2598.48176447 0.986068022531
2598.50219616 0.998933148643
2598.52262764 0.991246048064
2598.54305933 0.987184650929
2598.56349091 0.994718768015
2598.64521715 1.01307312447
2598.66564883 0.98646948703
2598.68608041 1.0150048991
2598.706512 0.999080348552
2598.72694358 1.02610148155
2598.74737516 1.00771831448
2598.76780674 0.983049710982
2598.78823833 1.01197972545
2598.80866991 0.998877243999
2598.82910149 0.998371705299
2598.84953317 1.01001802464
2598.86996465 1.00728887571
2598.89039624 0.992715346439
2598.91082792 1.00702939861
2598.9312594 0.984433227135
2598.95169108 1.0296031313
2598.97212266 1.00864255244
2598.99255414 0.99581403933
2599.01298582 1.0002195158
2599.0334174 0.984795875259
2599.05384888 1.01229282328
2599.07428056 1.02457722233
2599.09471204 0.997323238068
2599.11514362 1.00159543715
2599.1355753 0.995339029682
2599.15600678 1.01130909008
2599.17643836 1.01033054612
2599.19687004 1.02084556118
2599.21730152 1.00301333882
2599.2377331 0.999222331703
2599.25816478 1.00516617089
2599.27859636 1.0168475926
2599.29902793 0.98911849516
2599.31945951 0.985459663901
2599.33989109 0.996450265932
2599.36032267 1.00914494634
2599.38075425 1.01331653795
2599.40118582 0.990956029491
2599.4216175 1.00453291983
2599.44204898 0.999120957006
2599.46248055 0.970761695579
2599.48291223 0.997642958862
2599.54420696 1.00636894336
2599.56463844 0.988092208865
2599.58507001 0.981497553327
2599.60550169 0.985591367037
2599.62593317 0.983089119046
2599.64636484 0.980796192678
2599.66679642 0.983825772083
2599.68722799 0.966999866926
2599.72809114 0.999255257374
2599.74852272 1.01520156988
2599.76895429 0.994593111957
2599.78938587 0.998391106343
2599.80981734 1.01676715991
2599.83024902 1.01920365106
2599.85068059 0.990920162307
2599.87111207 0.99759499516
2599.89154374 1.01914729495
2599.91197531 1.00107479569
2599.93240679 1.00069620006
2599.95283846 1.01557286706
2599.97327003 1.02062359473
2599.99370151 1.0177550524
2600.01413318 0.995111408117
2600.03456475 1.00350791944
2600.05499643 0.998759149938
2600.0754279 1.01399715082
2600.09585947 1.00065478681
2600.11629114 1.01283993311
2600.13672262 1.00338460192
2600.15715419 1.00207259318
2600.17758586 0.986243814834
2600.23888057 1.01064282566
2600.25931215 0.990903226693
2600.27974362 1.01284790922
2600.30017529 0.98717312499
2600.32060686 1.00817299154
2600.34103833 0.988828896435
2600.40233324 0.97747630555
2600.42276471 0.98801774255
2600.44319628 0.998406809782
2600.46362785 1.01383311629
2600.48405942 0.999079081491
2600.50449099 0.9872960313
2600.52492256 0.979366703394
2600.54535413 0.992621508463
2600.5657856 0.980792880595
2600.58621727 0.994334031917
2600.60664884 1.00147019569
2600.6270804 1.01347164332
2600.64751197 1.00685560717
2600.66794354 1.00785295816
2600.68837511 1.00030112082
2600.70880668 1.00482249692
2600.72923825 1.00091444615
2600.74966991 0.990440470265
2600.77010148 0.988729454192
2600.79053295 1.00129754755
2600.81096462 1.0009572469
2600.83139618 0.989917165199
2600.85182765 0.996162259934
2600.87225932 1.00787477981
2600.89269089 1.00041781194
2600.91312235 1.01032116845
2600.93355402 1.00718726303
2600.95398559 1.00684701754
2600.97441705 0.991394957381
2600.99484872 0.98806037903
2601.01528029 1.01424026919
2601.03571175 1.01515684206
2601.05614342 0.999498882171
2601.07657498 1.01488964879
2601.09700665 0.997692931798
2601.11743811 0.996285228224
2601.13786968 1.00021101608
2601.15830134 1.00946110594
2601.17873291 1.00598377189
2601.19916437 1.00373780963
2601.21959594 0.998751232693
2601.2400276 1.00339524955
2601.26045907 0.998651023984
2601.28089073 1.00737924473
2601.3013222 0.997955584453
2601.32175376 0.989406566887
2601.34218543 0.999164308879
2601.36261689 1.00293987376
2601.38304845 1.00322768026
2601.40348012 1.00064752872
2601.42391158 0.998518061186
2601.44434324 0.976337014637
2601.46477481 0.987537061256
2601.48520627 0.984908223881
2601.50563793 0.995072623876
2601.58736418 0.971000503001
2601.60779575 0.990484893211
2601.62822731 0.985927715999
2601.64865887 0.988866431927
2601.689522 0.997743680592
2601.70995356 1.01379927581
2601.73038512 1.02042550222
2601.75081678 0.992266404224
2601.77124824 1.00504692237
2601.7916799 0.993768238364
2601.81211146 1.00499280806
2601.83254293 1.02142986711
2601.85297459 0.986252002746
2601.87340615 1.01092656747
2601.89383761 1.00929167293
2601.91426927 1.01208300754
2601.93470083 1.00368328518
2601.95513229 0.999453749914
2601.97556395 1.00120213825
2601.99599551 0.993882517721
2602.01642697 0.980070222901
2602.03685863 0.995676376697
2602.05729009 1.00574703899
2602.07772165 0.97962540675
2602.09815331 0.982778983729
2602.11858487 0.99628100824
2602.13901643 0.98737261316
2602.17987954 0.98868854174
2602.2003111 1.00353147747
2602.24117422 0.985531265178
2602.26160588 1.00685597276
2602.28203734 0.972503773934
2602.3024689 0.992580895729
2602.32290055 1.00022651014
2602.34333201 1.01260000297
2602.36376357 1.00561892299
2602.38419523 1.00689492454
2602.40462669 1.01855145292
2602.42505824 0.99852879958
2602.4454899 1.0006937591
2602.46592136 0.998102862842
2602.48635302 0.97505553764
2602.50678457 1.0036268422
2602.52721603 0.99636559491
2602.54764769 1.00186967694
2602.56807924 1.01208512771
2602.5885108 1.01617156218
2602.60894236 0.984150974069
2602.62937391 1.00418821697
2602.64980547 0.995545923256
2602.67023703 1.00898626275
2602.69066858 0.991854257772
2602.71110014 0.985765620488
2602.79282636 0.988555356546
2602.81325792 0.995472252835
2602.83368957 1.00068816645
2602.85412103 1.01322662887
2602.87455258 1.00559102439
2602.89498424 0.988314193456
2602.91541569 1.01054187854
2602.93584725 0.989455457047
2602.9562789 1.02496362902
2602.97671036 0.978967175626
2602.99714191 0.985294757627
2603.01757356 0.995078775372
2603.03800502 0.994305823687
2603.05843657 0.99716869985
2603.07886823 0.999300408597
2603.11973133 0.984474906909
2603.16059444 1.006614664
2603.181026 1.01780117394
2603.20145755 1.02586253751
2603.2218891 1.01137089261
2603.24232076 1.01295088686
2603.26275221 0.997841455396
2603.28318376 0.988776520464
2603.30361541 1.00058933531
2603.32404687 0.988974771553
2603.34447842 1.01732965988
2603.36491007 0.996078696556
2603.38534152 1.01198763113
2603.40577308 0.983960080872
2603.42620463 1.0085300655
2603.44663618 1.03754580466
2603.46706783 1.00285577789
2603.48749929 1.01203603058
2603.52836249 0.993067046814
2603.54879394 1.00790433921
2603.56922549 0.999653734824
2603.58965714 1.00264607349
2603.61008869 0.987274957841
2603.6509518 0.998989163461
2603.67138335 1.00917386963
2603.6918148 1.0171934436
2603.71224645 1.00745506192
2603.7735411 1.00687529378
2603.79397265 0.998684071143
2603.8144043 0.991272108896
2603.83483575 1.00647650182
2603.8552673 0.983397154906
2603.8961304 0.985825637141
2603.91656195 0.994719612549
2603.9369936 1.02444284321
2603.95742505 1.00882320903
2603.9778566 0.987724967227
2603.99828825 1.00782823651
2604.0187197 1.0005034813
2604.03915135 1.00847553992
2604.0595829 0.99839105319
2604.08001445 0.994108846209
2604.100446 0.992303194447
2604.141309 1.00330691957
2604.16174064 0.988371514328
2604.18217219 0.993086582009
2604.20260364 1.00385349426
2604.22303529 0.999540866816
2604.24346684 0.996675558074
2604.26389829 1.00161380636
2604.28432994 1.00786005
2604.30476148 0.997573069377
2604.32519293 0.989982147316
2604.34562458 0.988055168262
2604.36605613 0.978633972252
2604.38648778 1.00363853501
2604.40691922 0.998284852154
2604.42735077 1.0047093456
2604.44778242 0.994640169213
2604.46821387 0.978245231379
2604.48864541 0.998068209684
2604.50907706 1.00568198997
2604.52950851 0.992235610459
2604.54994005 0.9954539058
2604.5703717 1.00209917644
2604.59080315 0.989247764899
2604.63166634 0.995802854959
2604.65209789 0.998212941086
2604.67252944 1.00298088228
2604.69296098 0.99599594106
2604.71339253 1.01128283961
2604.73382417 1.02544586405
2604.75425562 1.00604877685
2604.77468717 1.02687735285
2604.79511881 1.01728256729
2604.81555026 0.993254126284
2604.8359818 1.0087929406
2604.85641345 0.997271137538
2604.8768449 1.02291906737
2604.89727644 1.00778618328
2604.91770799 1.00269296338
2604.93813953 1.02443321888
2604.95857118 0.996196571298
2604.97900262 0.977106611823
2604.99943417 0.98841250439
2605.01986581 0.983007310844
2605.04029726 0.991408747564
2605.0607288 0.962445194803
2605.08116045 0.965134003528
2605.12202344 1.02559654041
2605.14245508 1.03679085058
2605.16288663 1.01489798018
2605.18331807 0.996014315563
2605.20374972 1.02863389736
2605.22418126 1.00842592662
2605.2446127 1.00064856387
2605.26504435 0.997968526288
2605.28547589 0.982432168581
2605.30590754 0.99731612045
2605.32633898 1.00303494002
2605.36720217 1.02234564871
2605.38763361 0.996279736007
2605.40806516 1.01554586034
2605.4284968 1.02775991414
2605.44892824 0.999248688063
2605.46935979 0.994798804169
2605.48979143 1.00168268243
2605.51022287 0.997879293394
2605.53065442 1.00416132177
2605.55108596 0.992098447848
2605.5715176 1.01058472687
2605.61238069 1.02362400068
2605.63281213 0.996630479012
2605.65324377 1.00732287721
2605.67367532 1.03731798509
2605.69410676 1.0017493746
2605.7145384 1.00184531419
2605.73496994 1.01191504045
2605.75540139 1.00281938909
2605.77583303 0.998363335955
2605.79626457 0.981546875331
2605.81669601 0.978163693107
2605.8575592 0.987910037037
2605.87799084 0.996888823222
2605.89842228 1.00770507994
2605.91885382 1.01480678355
2605.93928547 1.00648255205
2605.95971691 1.02351404243
2605.98014845 0.993326700298
2606.00058009 0.99042241589
2606.02101153 0.983769290865
2606.14360088 0.983951944614
2606.16403242 1.00262344302
2606.18446396 0.976514727161
2606.2048955 0.984116904102
2606.22532704 1.00591281107
2606.24575858 1.01030260363
2606.26619013 0.999853878458
2606.28662167 0.99667208875
2606.30705321 0.981846413484
2606.32748475 1.01394863685
2606.34791629 0.999895888577
2606.36834783 1.00282636163
2606.38877927 1.00598087109
2606.40921091 1.00841784598
2606.42964245 1.01065087657
2606.45007409 1.00082149268
2606.47050553 1.00395208336
2606.49093707 1.00976579423
2606.51136871 1.00163838952
2606.53180015 0.985627996278
2606.55223169 0.975840451859
2606.59309477 1.00246447804
2606.61352631 1.00551274583
2606.65438949 1.02024093945
2606.67482093 1.00037008511
2606.69525257 1.01633444343
2606.71568411 1.00858347406
2606.73611565 0.996382055573
2606.75654718 0.995012311057
2606.77697872 0.991413703839
2606.79741036 1.00388338232
2606.83827334 0.992268997689
2606.85870498 0.982574118426
2606.87913642 0.988094944355
2606.89956796 0.990895048265
2606.9199996 1.01940956358
2606.94043104 0.985931610371
2606.96086257 0.979315595342
2606.98129421 0.963051555509
2607.00172565 0.978220096109
2607.02215729 0.93820690016
2607.04258873 0.924309024457
2607.08345191 1.03160593989
2607.10388334 1.02437834386
2607.12431488 1.02819719728
2607.1856095 1.00756462918
2607.20604113 0.989010410132
2607.22647267 0.9847873374
2607.24690411 0.987016294048
2607.26733575 0.963436703733
2607.28776729 0.949462505902
2607.32863036 1.00971688344
2607.3490619 0.998953278921
2607.36949354 1.02284022866
2607.38992497 1.00061642921
2607.43078815 1.00346060331
2607.45121959 1.00276850166
2607.47165112 0.999002769401
2607.49208276 0.970854407427
2607.5125142 0.939748413544
2607.53294574 0.943616393583
2607.57380881 1.01832901667
2607.59424045 1.0072236506
2607.61467199 1.013815888
2607.63510352 1.00063313406
2607.65553506 0.989241696056
2607.6759666 0.985135436207
2607.69639813 0.978391372859
2607.71682967 0.954711996425
2607.73726121 0.942216984008
2607.75769264 0.943480356364
2607.77812428 0.904523388418
2607.81898745 1.00383478491
2607.85985043 1.02586022305
2607.88028206 1.01772627874
2607.9007135 1.00548853992
2607.92114504 1.00768576683
2607.94157667 0.999683864602
2607.96200811 1.01759554484
2607.98243965 0.993498184123
2608.00287128 0.995996176944
2608.02330272 0.977031576617
2608.08459733 1.00617623075
2608.10502896 1.01098247111
2608.1254605 1.00245838299
2608.14589203 1.00940381885
2608.16632357 0.9879197679
2608.18675511 1.01207513216
2608.20718664 1.02087411165
2608.22761818 1.00197921604
2608.24804971 1.00354373311
2608.26848125 0.997619934913
2608.30934432 1.00865970703
2608.35020749 0.994806830125
2608.37063893 1.00498266432
2608.39107056 1.01424904854
2608.4115021 1.00583297075
2608.43193353 1.00617362212
2608.45236517 1.00446597838
2608.47279671 1.00451873243
2608.49322814 0.991367274133
2608.51365978 0.974685786355
2608.55452275 0.993890217318
2608.57495438 1.00056308978
2608.59538582 0.986949572009
2608.61581745 1.0007264158
2608.63624899 1.01318275158
2608.65668052 0.984979530236
2608.67711206 0.989593813094
2608.69754359 1.0039315959
2608.71797513 0.991341053518
2608.73840666 0.996059778571
2608.7588382 0.990015912248
2608.79970137 1.00300675587
2608.8201328 1.02329826522
2608.84056434 1.01254401429
2608.86099597 0.999588604884
2608.88142741 0.988264855578
2608.90185904 0.994952159904
2608.92229058 0.989567997733
2608.94272201 1.00854813453
2608.96315365 0.995298016378
2608.98358518 1.00051468858
2609.00401661 0.999200955285
2609.04487978 1.01587826564
2609.06531122 0.996524483522
2609.08574285 1.01313585317
2609.10617439 0.986761718978
2609.12660592 1.00715124494
2609.14703746 1.01599464793
2609.16746899 1.03036692819
2609.18790052 1.00470240364
2609.20833206 0.98105943588
2609.22876359 0.984729803717
2609.24919513 0.967924578889
2609.2900582 1.00784488766
2609.31048973 0.998973200866
2609.33092126 0.996688132994
2609.3513528 1.01368503459
2609.37178443 0.993780120023
2609.39221587 1.00098496971
2609.4126475 1.00256194314
2609.43307904 0.999137184407
2609.45351047 0.994427274398
2609.4739421 0.990164681311
2609.49437364 1.00144308015
2609.53523671 1.01440647635
2609.55566824 0.988907532746
2609.57609967 1.02161954953
2609.59653131 1.01242764081
2609.61696284 1.00047180812
2609.63739437 1.02721221125
2609.65782591 0.990247344835
2609.67825744 1.00879435311
2609.69868908 0.983449957126
2609.71912051 0.988453276619
2609.73955204 0.954642165496
2609.78041521 1.03049816455
2609.80084665 1.02570602744
2609.82127828 0.997173459308
2609.84170981 0.995985997044
2609.86214125 0.989993172676
2609.88257288 1.04853066811
2609.90300431 1.02647408766
2609.92343595 1.00584164204
2609.94386748 0.973386683777
2609.96429891 0.969159429305
2609.98473055 0.924810681992
2610.04602515 1.01002782136
2610.06645668 1.00118166226
2610.08688812 1.0074755834
2610.10731975 1.01445701829
2610.12775128 1.00994755967
2610.14818272 1.01588956724
2610.16861435 0.995877456313
2610.18904588 1.00272578095
2610.20947752 0.983593254975
2610.22990895 0.985670004864
2610.27077212 1.00799931614
2610.29120355 1.01972122837
2610.31163508 1.01515686632
2610.33206672 1.00085077761
2610.35249825 1.00134540578
2610.37292968 0.991954214188
2610.39336132 1.00328653723
2610.41379285 1.0015069352
2610.43422448 0.974250659999
2610.45465592 0.979108346398
2610.47508745 0.940854985854
2610.51595052 1.01196102341
2610.59767665 1.01115091863
2610.61810818 0.970625837782
2610.63853972 0.975534506411
2610.65897135 1.03219539475
2610.67940278 0.953562399556
2610.69983432 0.954589995217
2610.72026595 0.961858842422
2610.76112892 0.993357236762
2610.78156055 1.00153740181
2610.80199198 0.991828947937
2610.82242352 1.01185254542
2610.84285515 0.981422525331
2610.86328668 1.00355374375
2610.88371812 0.956818119071
2610.90414975 0.946287044046
2610.92458128 0.95596000315
2610.94501282 0.92066864671
2611.00630752 1.00130982243
2611.02673895 0.995623012182
2611.04717048 0.990174312928
2611.06760211 1.00143428031
2611.08803355 1.00286606295
2611.10846508 0.992440729089
2611.12889671 1.00916397418
2611.14932815 0.988716276747
2611.16975978 0.990683508682
2611.19019131 0.978354241698
2611.21062275 0.988047864142
2611.25148591 1.01380440414
2611.27191745 0.977943571976
2611.29234898 1.00090712273
2611.31278041 1.0150598546
2611.33321205 1.01190953129
2611.35364358 1.02547178715
2611.37407511 1.01236330733
2611.41493818 1.00754700896
2611.43536971 1.0004486793
2611.45580125 0.987967487315
2611.49666431 1.00365677121
2611.51709595 1.04414377343
2611.53752738 1.00906568621
2611.55795891 1.02845662105
2611.57839055 1.02173051708
2611.59882198 1.01625757927
2611.61925361 1.0271748341
2611.63968515 1.00731133324
2611.66011658 0.998023429983
2611.68054821 1.00262870188
2611.70097975 1.01124780612
2611.74184281 0.997038663953
2611.76227435 0.991383031107
2611.78270578 0.992536216613
2611.80313741 1.02247402358
2611.82356895 1.01047191639
2611.84400048 1.02559763956
2611.86443201 1.01199045465
2611.88486355 1.00633028069
2611.90529518 1.00840231859
2611.92572661 0.998489430958
2611.94615815 0.964822681409
2612.00745275 1.00641066548
2612.08917898 0.989044845682
2612.10961041 0.996976860289
2612.13004205 0.987996186079
2612.23219962 1.00792473848
2612.25263125 1.00057953211
2612.27306278 0.996669961509
2612.29349422 1.01329769769
2612.31392585 1.01058067177
2612.33435739 1.00377477648
2612.35478902 0.988683160317
2612.37522045 0.988184485886
2612.39565199 0.98044056472
2612.41608362 0.953996103988
2612.43651505 0.936434523991
2612.47737822 1.01026148446
2612.49780976 1.01183642456
2612.51824119 0.996160267585
2612.53867282 0.988324155052
2612.55910436 1.00722464683
2612.57953589 0.983128130342
2612.59996743 0.961383404502
2612.62039896 0.97641548111
2612.64083049 0.928841637474
2612.66126203 0.923611081693
2612.68169356 0.905781500422
2612.72255663 1.00714720679
2612.74298816 1.0196203853
2612.7634197 1.01295714322
2612.78385123 1.02700945858
2612.80428287 1.02113302811
2612.8247143 1.03620636265
2612.84514583 1.02070437739
2612.86557747 1.02535392118
2612.8860089 1.01551431
2612.90644044 0.996954248145
2612.92687207 1.01858901535
2612.96773504 1.01240178444
2612.98816668 0.992118132751
2613.00859811 1.01346196614
2613.02902974 1.01229529865
2613.04946128 1.01121695834
2613.06989281 1.00562748669
2613.09032435 1.02588312008
2613.11075588 1.01498656013
2613.13118742 1.00208000117
2613.15161905 1.01622438463
2613.17205049 1.01151775535
2613.19248202 0.996225298623
2613.21291366 1.00401016934
2613.23334509 0.993965560302
2613.25377673 0.992154372377
2613.27420826 0.994887730236
2613.29463969 0.936184469438
2613.31507133 0.937791465458
2613.33550286 0.923299906501
2613.3559343 0.903642117626
2613.37636593 0.897944850357
2613.39679737 0.868999547549
2613.4172289 0.854699659918
2613.45809197 1.01212488834
2613.47852361 1.0110554887
2613.49895514 1.01682331659
2613.51938668 1.02162363578
2613.53981822 1.02842234768
2613.56024975 1.03442919664
2613.58068129 1.00108916618
2613.60111282 1.00316160858
2613.62154436 0.999185211186
2613.64197589 0.969109805756
2613.66240753 0.956795630912
2613.7032706 1.00643410043
2613.72370213 1.01148394055
2613.74413357 0.968139144032
2613.7645652 0.967837682597
2613.78499674 0.9674867998
2613.80542818 0.939525862275
2613.82585981 0.920773266698
2613.84629135 0.887854778642
2613.86672278 0.8671556825
2613.88715442 0.865935621165
2613.90758595 0.852963458087
2613.94844903 1.00819258104
2613.96888056 1.01342683876
2613.9893122 1.01045080107
2614.00974363 1.00190241925
2614.03017517 0.987652025393
2614.05060671 1.01389885654
2614.07103824 0.994972370601
2614.09146978 0.995403638818
2614.11190142 0.99529380094
2614.13233285 1.0093051524
2614.15276449 0.991789604375
2614.19362746 1.00340319596
2614.2140591 1.01574989828
2614.23449063 1.0268091455
2614.25492207 1.01399985365
2614.27535371 1.00440419254
2614.29578524 1.01987586977
2614.31621668 1.00782962819
2614.33664832 1.00343840856
2614.35707985 1.00236588692
2614.37751149 0.986725299468
2614.39794293 0.976288554188
2614.4388061 1.01350385102
2614.45923754 1.02181606182
2614.47966907 1.01405399051
2614.50010071 1.01937789392
2614.52053215 1.00483158041
2614.54096369 1.01830066555
2614.56139532 0.999152914603
2614.58182676 0.99392410506
2614.6022584 0.990505408799
2614.62268994 0.97307927439
2614.64312137 0.953724600252
2614.68398455 1.01163696899
2614.70441608 1.00968417465
2614.72484762 1.02083343699
2614.74527916 0.993592935458
2614.7657107 1.01089141816
2614.80657377 1.02110934449
2614.82700531 1.00180875376
2614.84743685 1.01551083798
2614.88830002 0.991582690713
2614.929163 1.01643478916
2614.94959464 1.01288762847
2614.97002608 1.0245822488
2614.99045762 1.00881117513
2615.01088925 1.01769815248
2615.03132069 0.996231392695
2615.05175233 1.00103466773
2615.07218387 1.02618970712
2615.09261531 1.03132002071
2615.11304695 1.00454214652
2615.13347848 0.97959883864
2615.17434156 1.00534463192
2615.1947731 1.02093597173
2615.21520464 1.02970313813
2615.23563618 1.00215760248
2615.25606772 1.00816907473
2615.27649936 1.0236007637
2615.2969308 1.00003997929
2615.31736233 0.977463355279
2615.33779397 0.964569347756
2615.35822551 0.927547624921
2615.37865695 0.910665361641
2615.41952013 1.01954690582
2615.43995157 0.996405859838
2615.46038321 0.978277402043
2615.48081475 0.979216687559
2615.50124629 0.951250810598
2615.52167783 0.91094363887
2615.54210927 0.91203615026
2615.56254091 0.888622477792
2615.58297245 0.856175883704
2615.60340389 0.834636742653
2615.62383553 0.881203696589
2615.66469851 1.00204930708
2615.68513015 0.992087350231
2615.70556169 0.989351855632
2615.72599333 0.974644436455
2615.74642477 0.959056286239
2615.76685631 0.93471336163
2615.78728795 0.915026723151
2615.80771939 0.898955998382
2615.82815093 0.885992503343
2615.84858257 0.852065069593
2615.86901411 0.833147445428
2615.90987719 1.03212682208
2615.93030873 1.02137309648
2615.95074028 1.02628497577
2615.97117182 1.00900483174
2615.99160336 1.01767093377
2616.012035 1.0024071817
2616.03246644 1.02050674582
2616.05289798 1.01804996438
2616.07332962 0.995242192294
2616.09376106 0.981115384835
2616.11419261 0.974841648745
2616.15505569 1.02838026378
2616.17548733 1.04079290639
2616.19591877 1.00516563122
2616.21635031 1.00713516639
2616.23678196 1.01508491197
2616.2572134 1.00173564597
2616.27764494 1.00802665622
2616.29807658 0.98801700985
2616.31850802 0.970480583668
2616.33893967 0.985539776333
2616.35937121 0.995656376007
2616.40023429 1.02128703293
2616.42066584 1.0178186988
2616.44109738 1.021579992
2616.46152892 1.0081187047
2616.48196046 0.998073400636
2616.50239201 1.00016987839
2616.52282365 0.99779885079
2616.54325509 0.96337293
2616.56368674 0.992525094189
2616.58411828 0.944585963286
2616.60454972 0.956514062168
2616.64541291 1.00387788309
2616.66584435 1.00332544888
2616.686276 1.02460848885
2616.70670754 1.01334761087
2616.72713898 1.01686525959
2616.74757063 1.0108716496
2616.76800217 1.01732080631
2616.78843371 1.01619120021
2616.80886526 1.00494814221
2616.84972845 0.981501522998
2616.89059144 1.02154660682
2616.91102298 1.0062882765
2616.93145452 1.02312720142
2616.95188607 1.02809898988
2616.97231761 1.00464436538
2616.99274916 1.01077135626
2617.0131808 0.995244946525
2617.03361225 1.00534806209
2617.05404379 0.976995844132
2617.07447544 0.954155329062
2617.15620162 1.00344621349
2617.17663306 0.991175155506
2617.19706471 0.99255567579
2617.21749625 0.970916868019
2617.2379279 0.953076222916
2617.25835935 0.927562776067
2617.27879089 0.933394177321
2617.29922254 0.883377180848
2617.31965398 0.884074446615
2617.34008553 0.829455658873
2617.38094862 1.00006833651
2617.40138017 1.00748517673
2617.42181181 1.02025584162
2617.44224326 1.00884475988
2617.46267491 1.03535913909
2617.48310645 1.02179062822
2617.5035379 1.02882896797
2617.52396955 1.00474599648
2617.54440109 1.01205695692
2617.56483264 0.995382293936
2617.58526419 0.984413922384
2617.62612718 1.02607542644
2617.64655883 1.03284544455
2617.66699038 1.02702391737
2617.68742192 1.02842143206
2617.70785347 1.00333233415
2617.72828502 1.01140856382
2617.74871667 1.0217743874
2617.76914811 1.0160535905
2617.78957966 0.977099373749
2617.81001131 1.00367551631
2617.83044276 0.96932235489
2617.87130595 0.980410568888
2617.8917374 1.01328575144
2617.91216905 1.00147852334
2617.9326006 1.01263669232
2617.95303205 0.997233143881
2617.9734637 1.00806262818
2617.99389525 1.0078160545
2618.01432679 1.0149992451
2618.03475834 1.01144096088
2618.05518989 1.01902957325
2618.07562154 0.995474554927
2618.09605299 1.00424318277
2618.13691619 0.999219280883
2618.15734774 1.00557256051
2618.17777919 1.01107152448
2618.19821084 1.00457421864
2618.21864239 0.984622422445
2618.23907384 0.977419323644
2618.25950549 0.970074058694
2618.27993694 0.992932061561
2618.30036859 0.959579600661
2618.32080014 0.941967182568
2618.36166324 1.00532612766
2618.38209479 0.998460020653
2618.40252624 0.976826757221
2618.42295789 0.981110532106
2618.44338944 0.949047284282
2618.46382089 0.946234623461
2618.48425255 0.91895555978
2618.5046841 0.915158077304
2618.52511575 0.905370049606
2618.5455472 0.882663528012
2618.56597875 0.885658527127
2618.60684185 1.01709450224
2618.62727341 1.00281275472
2618.64770506 1.01596152666
2618.66813651 1.01337628921
2618.68856806 1.01837489843
2618.70899971 1.01538131245
2618.72943127 0.980486067342
2618.74986282 1.01416101188
2618.77029437 0.988577026601
2618.79072592 1.00371874751
2618.81115748 0.985870433048
2618.85202058 1.0017981184
2618.87245223 1.01564568726
2618.89288369 1.01118280166
2618.91331524 1.0175175925
2618.93374679 1.02561119965
2618.95417835 1.00333071021
2618.97461 1.0146380726
2618.99504145 1.02641499974
2619.01547301 1.00426935592
2619.03590466 0.974077268199
2619.05633612 1.00243832585
2619.09719932 1.0086783558
2619.11763078 0.999893356322
2619.13806243 1.00979750191
2619.15849399 1.00691161541
2619.17892544 1.01272579091
2619.1993571 0.972921102831
2619.21978865 0.959454159146
2619.24022021 0.93782362686
2619.26065176 0.94079827234
2619.28108332 0.934294056973
2619.30151487 0.896946392894
2619.36280964 1.02371562183
2619.38324119 1.00314822442
2619.40367265 1.03470636571
2619.42410431 1.02059515477
2619.44453586 1.01074210778
2619.46496732 1.00239743838
2619.48539897 1.00273265027
2619.50583053 0.994980810658
2619.52626199 0.990088432304
2619.54669364 0.957123545791
2619.58755686 1.02586909902
2619.60798831 1.01360929993
2619.62841987 1.00199706212
2619.64885143 1.02614279581
2619.66928298 0.98331891199
2619.68971444 0.989692506549
2619.7101461 0.970804336779
2619.73057766 0.936934705253
2619.75100911 0.937256302932
2619.77144077 0.887883048223
2619.79187233 0.908044348345
2619.83273545 1.0095625074
2619.853167 1.0259075147
2619.87359866 1.0264711234
2619.89403022 1.01195326671
2619.91446168 1.00266177851
2619.93489334 1.01959475308
2619.9553249 0.980830775329
2619.97575636 0.982088676261
2619.99618802 0.992810018457
2620.01661957 0.973041401199
2620.03705123 0.978183609052
2620.07791425 1.00457177372
2620.09834591 1.00444236445
2620.11877737 1.01377341596
2620.13920893 0.999898391138
2620.15964059 1.02618042027
2620.18007205 0.994681713438
2620.20050371 1.01796366981
2620.22093527 1.00158460098
2620.24136673 1.01761340078
2620.26179839 1.00856833704
2620.28222995 1.02716017782
2620.30266142 1.01127129586
2620.32309308 1.01154172505
2620.34352464 1.00698951255
2620.3639562 0.991714762212
2620.38438776 1.0023471967
2620.40481932 0.982741520117
2620.42525088 0.974639605609
2620.44568244 0.963087947713
2620.46611401 0.926251628561
2620.48654557 0.937267675786
2620.50697713 0.906418574403
2620.52740869 0.900343644806
2620.56827182 0.981832613772
2620.58870338 1.03044735934
2620.60913504 1.00957980728
2620.62956651 1.01368688003
2620.64999817 1.00330999896
2620.67042973 1.011776488
2620.6908612 1.01342012931
2620.71129286 1.01115250235
2620.73172442 1.0007513161
2620.75215589 1.0038438332
2620.77258755 0.992091577247
2620.81345058 0.99883698732
2620.83388224 1.00376452689
2620.85431381 1.01080029157
2620.87474547 0.994931340023
2620.89517693 1.00166077484
2620.9156085 0.986776877307
2620.93604016 1.02762695876
2620.95647163 1.00052339612
2620.97690319 1.00713232373
2620.99733486 0.994179996139
2621.01776632 1.00118209076
2621.05862945 0.998849228465
2621.07906102 0.994975612119
2621.09949269 1.00872093631
2621.11992425 1.00114334467
2621.14035572 1.01506119172
2621.16078738 1.00557543474
2621.18121895 1.01397237146
2621.20165042 1.04415462324
2621.22208208 0.992318903294
2621.24251365 0.992280682052
2621.26294532 0.989086466242
2621.30380835 0.996026195297
2621.32424002 1.00912712217
2621.34467149 1.00422808554
2621.36510305 1.0079344108
2621.38553472 1.00187112239
2621.40596619 1.02194258446
2621.42639776 1.01806986422
2621.44682943 1.00462409649
2621.46726089 0.997832874521
2621.48769256 0.989158459758
2621.50812413 0.984502033875
2621.54898727 0.988792611586
2621.56941884 1.01139198776
2621.58985041 1.00877625574
2621.61028197 1.02037423101
2621.63071354 1.01595488315
2621.65114511 1.00991088261
2621.67157678 1.00595227252
2621.69200825 0.989278216573
2621.71243982 0.984739642714
2621.73287149 0.963514480771
2621.75330296 0.96255184701
2621.7941661 1.01469840085
2621.81459767 0.99960492868
2621.83502935 1.01671058869
2621.85546082 1.01557151319
2621.87589249 1.00029598256
2621.89632406 1.02197974147
2621.91675553 1.00663659762
2621.9371872 0.99386597111
2621.95761877 1.00371855147
2621.97805024 1.03527830232
2621.99848192 0.98787161163
2622.03934496 1.00278347478
2622.05977663 0.996951846644
2622.0802082 0.983854863126
2622.10063988 1.006178535
2622.12107135 1.01375895034
2622.14150292 0.99532003783
2622.1619346 1.00710505483
2622.18236607 1.02486698812
2622.20279764 1.02120705775
2622.22322932 0.992338171091
2622.26409246 1.0160301781
2622.28452404 1.01351771643
2622.30495561 1.01459056264
2622.32538719 0.997236498007
2622.34581876 0.997346572679
2622.36625033 1.00151563021
2622.38668191 1.00762725342
2622.40711348 0.972044286317
2622.42754496 0.946921638326
2622.44797663 0.956967408438
2622.46840821 0.934803852953
2622.48883988 0.913531974512
2622.52970294 1.01468631954
2622.55013461 1.02166773706
2622.59099766 1.00233622746
2622.61142934 1.00907053511
2622.63186082 0.994295194102
2622.65229239 0.977359003055
2622.67272407 0.975719832611
2622.69315555 0.970945974786
2622.71358722 0.941926920689
2622.7340188 0.922894959609
2622.77488196 1.0167830411
2622.79531353 1.03062920274
2622.81574511 1.02518591235
2622.83617669 1.01686020967
2622.85660827 0.998237039711
2622.87703995 0.994977711606
2622.89747152 0.972921641711
2622.917903 0.98894575198
2622.93833468 0.96009153147
2622.95876626 0.928284724991
2622.97919774 0.929850056372
2623.020061 1.01466426247
2623.06092416 1.0171486526
2623.08135574 1.0091622591
2623.10178732 1.00906890549
2623.1222189 0.998880392473
2623.14265048 1.00403010048
2623.16308206 1.0024999742
2623.18351364 0.982027298582
2623.20394512 0.966875973191
2623.2243768 0.956322451497
2623.26523996 1.04345335984
2623.28567154 1.01745100926
2623.30610312 1.04004770594
2623.32653481 1.03004523616
2623.34696629 1.02862968159
2623.36739787 1.0098869963
2623.38782955 1.02475579613
2623.40826104 1.01130658449
2623.42869262 0.996121735052
2623.4491243 0.977748546235
2623.46955588 0.956645247752
2623.51041905 1.00595257651
2623.53085063 1.01547671659
2623.55128232 1.022436192
2623.5717138 0.998095883179
2623.59214538 0.987835101971
2623.61257707 1.01666125996
2623.63300855 1.00737121584
2623.65344014 0.996486004261
2623.67387182 0.971519659886
2623.69430331 0.944513498513
2623.71473499 0.927914407714
2623.75559806 1.00721884832
2623.77602975 1.01949113434
2623.79646123 1.01907672334
2623.81689282 1.00911440048
2623.8373245 1.01530206993
2623.85775599 1.00236094732
2623.87818758 0.995697769202
2623.89861926 1.00338964581
2623.91905085 0.986391478762
2623.93948243 0.983781834148
2623.95991402 0.986806089143
2624.02120878 1.03078004548
2624.04164037 1.03384073279
2624.06207206 1.00680525502
2624.08250355 1.0051941251
2624.10293523 1.00859997553
2624.12336682 0.992149380897
2624.14379831 0.994712936436
2624.16423 0.990716582013
2624.18466159 0.993844877247
2624.20509308 0.972334440566
2624.24595636 1.01424867262
2624.26638784 1.00360993562
2624.28681953 1.02192574267
2624.30725112 1.0289532996
2624.32768281 1.01467741967
2624.3481143 1.00756969157
2624.36854589 1.00312004045
2624.38897758 1.00013990125
2624.40940908 0.995621933484
2624.42984067 0.974018680618
2624.45027226 0.978791334607
2624.49113554 1.01645062058
2624.51156703 1.03258182254
2624.53199862 1.00119635114
2624.55243031 1.01465364102
2624.5932934 0.975655643645
2624.61372509 0.966616627821
2624.63415668 0.952430402856
2624.65458818 0.974309389839
2624.67501987 0.920069816296
2624.69545146 0.904030997456
2624.73631465 1.02225885757
2624.75674624 1.00392301897
2624.77717794 1.01716973967
2624.79760943 1.00947617757
2624.81804102 1.01421928149
2624.83847272 1.03343892963
2624.85890421 1.01712441578
2624.87933581 1.00348708632
2624.8997675 0.999235299486
2624.920199 1.03343830585
2624.94063069 1.02220798404
2624.98149378 1.02640618511
2625.00192548 1.01608075402
2625.02235708 1.03492650955
2625.06322027 1.01117945944
2625.08365186 1.00355552943
2625.10408356 1.00321426803
2625.12451506 1.00493715543
2625.14494665 0.982537201111
2625.16537825 0.94968864261
2625.18580985 0.939409208435
2625.22667304 0.990551741955
2625.24710464 0.993514420325
2625.26753624 1.00931691143
2625.28796794 0.993250015272
2625.30839944 0.979367553805
2625.32883114 0.959578534949
2625.34926274 0.914948778153
2625.36969423 0.915634786826
2625.39012593 0.91320003958
2625.41055753 1.01463549623
2625.43098903 0.848064353113
2625.47185233 0.989742565281
2625.49228403 0.994547766706
2625.51271553 0.987041396851
2625.55357883 0.958219700436
2625.57401034 0.94238134413
2625.59444194 0.9242591479
2625.61487364 0.896862359877
2625.63530514 0.891612024802
2625.65573674 0.827126914636
2625.67616844 0.848981546102
2625.73746325 1.00306530839
2625.75789485 1.0276402656
2625.77832646 1.00955927413
2625.79875806 1.0214904149
2625.81918966 1.02242965769
2625.83962127 1.00110602225
2625.86005287 1.02408860798
2625.88048447 1.00248267643
2625.90091608 0.995229793545
2625.92134768 0.985714475735
2625.96221089 1.0105120953
2625.98264249 0.987884877189
2626.0030742 1.02051812974
2626.0235057 1.01993767852
2626.04393731 0.999615044709
2626.06436902 1.03595957238
2626.08480052 1.00053811052
2626.10523223 0.997222588467
2626.12566383 1.01342129748
2626.14609534 1.02060682993
2626.16652705 1.00906005477
2626.20739016 1.00362724679
2626.22782187 1.00649858216
2626.24825347 0.99526305513
2626.26868508 1.00302735382
2626.28911669 0.979692975109
2626.3095483 1.0262896232
2626.32998001 1.01352704491
2626.35041151 0.993554578937
2626.37084312 0.977797217251
2626.39127483 1.00472894473
2626.41170644 1.00758667638
2626.45256966 1.02496967399
2626.47300127 1.00257223632
2626.49343288 1.02386350097
2626.51386449 1.02295860172
2626.5342961 1.00488786551
2626.55472771 1.01454080177
2626.57515932 1.0270965171
2626.59559083 1.01288980077
2626.61602254 1.00846411787
2626.63645415 1.00343829579
2626.65688566 1.0170058877
2626.69774899 1.01013253006
2626.7181807 1.0004402267
2626.73861221 1.03750656171
2626.75904382 0.989541968926
2626.77947553 1.03073594797
2626.79990705 1.00053643206
2626.82033866 0.998637127345
2626.84077037 0.9984436667
2626.86120189 1.02615358226
2626.8816336 0.987965179714
2626.90206521 0.978251583611
2626.94292844 1.04089255549
2626.96336006 1.03979913626
2626.98379167 1.02566418291
2627.00422329 1.0045232885
2627.06551813 0.940056353209
2627.08594975 0.912420877379
2627.10638146 0.926420257045
2627.12681308 0.916702265048
2627.1472446 0.934551335323
2627.18810783 1.02007967489
2627.20853945 1.00918711213
2627.22897116 0.989893208641
2627.24940278 0.983132639306
2627.2698344 0.970976487273
2627.29026602 0.941919648901
2627.31069753 0.929253590375
2627.33112925 0.933090195665
2627.35156087 0.907327357082
2627.37199239 0.871036064993
2627.39242411 0.862951373497
2627.43328724 1.00327766942
2627.45371896 1.01825882996
2627.47415058 0.995215136553
2627.4945823 1.00144095568
2627.51501382 1.00442289185
2627.53544544 0.994599548484
2627.55587716 1.01301567967
2627.57630879 1.01138511795
2627.59674031 1.02878735172
2627.61717203 1.01037666329
2627.63760365 1.00532755849
2627.71933024 1.00019422621
2627.73976176 1.00362874589
2627.76019338 1.01806521095
2627.7806251 1.01176637615
2627.80105663 1.0386007356
2627.82148825 1.02164770833
2627.84191997 1.00668116482
2627.8623515 1.00099513563
2627.88278322 1.01864322054
2627.90321485 1.04108489491
2627.92364637 0.996084528995
2627.94407809 0.988645534398
2627.96450962 1.01489193238
2627.98494124 1.00518840882
2628.00537297 0.971029672056
2628.02580449 0.988365994506
2628.04623622 0.955102833872
2628.06666785 0.959737684078
2628.08709937 0.951932631237
2628.1075311 0.945689054176
2628.12796273 0.939954163448
2628.16882598 0.997138496777
2628.18925761 1.01764892888
2628.20968923 1.02609069101
2628.23012086 1.00631743152
2628.25055249 0.997778142743
2628.27098422 1.01358898224
2628.29141585 1.00584536199
2628.31184737 1.00050669883
2628.3322791 0.951829849419
2628.35271073 0.984918241534
2628.37314226 0.96483987293
2628.41400562 1.01591831121
2628.43443735 1.01263771061
2628.45486888 1.0024320953
2628.47530051 1.01906159553
2628.49573224 0.985071010843
2628.51616377 0.998616193783
2628.5365954 1.00286130637
2628.55702703 0.969203862528
2628.57745867 0.976959066333
2628.5978903 0.969939565957
2628.61832193 0.961751186614
2628.65918529 1.03521458978
2628.67961683 1.02081724886
2628.70004846 1.02420267278
2628.72048019 1.0094513099
2628.74091172 1.00164085926
2628.76134336 0.995124434336
2628.78177509 0.980208696723
2628.80220673 0.975988418519
2628.82263836 0.971474791429
2628.84306999 0.943518761329
2628.86350163 0.928098263431
2628.9043649 1.01707589463
2628.92479653 1.04099169192
2628.94522827 1.0251761292
2628.96565981 1.03796640311
2628.98609144 1.01688639395
2629.00652318 1.0297457584
2629.02695471 1.03249094461
2629.04738645 1.00210361484
2629.06781809 1.00336767722
2629.08824963 0.989250616405
2629.10868136 1.00042110478
2629.14954454 1.03760167941
2629.16997628 1.03637726491
2629.19040791 1.0342919363
2629.21083945 1.02676491653
2629.23127119 1.03307991143
2629.25170283 1.02963876163
2629.27213457 0.987447973213
2629.31299775 0.98728915965
2629.33342939 0.979237352866
2629.35386103 0.970957970723
2629.39472431 1.03713881692
2629.41515595 1.02734723039
2629.43558769 1.0177962441
2629.45601933 1.00705979474
2629.47645088 1.01795760831
2629.49688262 1.00120415008
2629.51731426 1.01318563888
2629.5377458 0.985021424003
2629.55817755 0.977796986335
2629.57860919 0.95573874329
2629.59904073 0.935300477961
2629.63990412 1.01706337512
2629.66033586 1.00371852567
2629.68076741 1.00840701304
2629.70119905 1.00263992454
2629.72163079 1.01446938855
2629.74206234 0.992391048547
2629.76249398 0.995414074653
2629.78292573 1.00646601321
2629.80335727 1.02353619681
2629.82378902 0.988567078608
2629.84422067 0.993938354976
2629.88508396 1.00278032107
2629.90551561 1.01547790139
2629.92594725 1.00345846373
2629.9463789 1.02175741344
2629.96681055 0.986143865369
2629.98724219 0.99698819847
2630.00767384 1.01656500288
2630.02810549 0.981170558437
2630.04853714 1.00455526511
2630.06896879 0.9896254227
2630.08940044 1.01095130575
2630.13026373 1.00243178221
2630.15069538 1.01245971602
2630.17112713 1.0382271895
2630.19155868 1.00350785352
2630.21199043 0.996692444201
2630.23242209 0.991363345243
2630.25285364 1.01044612893
2630.27328539 1.00399111079
2630.29371704 0.997080583083
2630.31414859 1.00616399379
2630.33458034 0.984202783705
2630.37544355 1.02437146151
2630.3958753 1.00904001785
2630.41630695 1.01267759318
2630.4367387 1.02547760781
2630.45717026 0.990105591558
2630.47760191 1.032574955
2630.49803367 1.00686681209
2630.51846522 0.998435513525
2630.53889687 1.00919968486
2630.55932863 0.971218886804
2630.57976028 0.977888958443
2630.62062359 1.03431227736
2630.64105525 1.01673418462
2630.6614869 1.01796649527
2630.68191856 1.01087944716
2630.70235012 1.01711572169
2630.72278187 0.99090608073
2630.74321353 0.99014231716
2630.76364509 0.979059046666
2630.78407684 0.942028104054
2630.8045085 0.935905481145
2630.82494026 0.931334944591
2630.86580348 1.01620732339
2630.88623523 1.00625376786
2630.90666679 1.0245963972
2630.92709845 1.00955475488
2630.94753021 0.985948142356
2630.96796177 0.973767927459
2630.98839353 0.982829830212
2631.00882519 0.952538146949
2631.02925675 0.994148474427
2631.04968851 0.937014817211
2631.07012017 0.925482291663
2631.1109835 1.0184826391
2631.13141516 1.04190905287
2631.15184692 1.02205599754
2631.17227848 0.989503372304
2631.19271014 1.0214265667
2631.21314191 0.989608343158
2631.23357357 1.00953264219
2631.25400513 0.98787432558
2631.2744369 0.969817943708
2631.29486856 0.959545860914
2631.31530012 0.921125082275
2631.35616345 1.02870484398
2631.37659522 0.994000149852
2631.39702688 0.999876758963
2631.41745845 1.00773178717
2631.43789021 0.969375637335
2631.45832188 0.961177692905
2631.47875344 0.974915569382
2631.49918521 0.944563219695
2631.51961688 0.904319384083
2631.54004864 0.894084287066
2631.56048021 0.913959005083
2631.60134365 1.00815476231
2631.62177521 1.03285381021
2631.64220688 1.0342358371
2631.66263865 1.00897713354
2631.68307022 1.03306782686
2631.70350189 1.04511872548
2631.72393366 1.03446699867
2631.74436523 1.01476395563
2631.764797 0.990225846666
2631.78522867 1.04170325143
2631.80566034 1.01037764449
2631.82609201 1.02670509935
2631.84652368 1.01210788607
2631.86695535 1.01416559851
2631.88738702 1.00128109625
2631.90781869 1.00321321826
2631.92825046 1.0045922955
2631.94868214 1.01606306287
2631.96911371 0.998514050687
2631.98954548 0.993291083182
2632.00997715 0.995589096153
2632.03040873 0.973809598459
2632.0508405 0.963823143609
2632.09170375 1.01175948593
2632.11213552 0.999476645293
2632.1325671 1.01076985985
2632.15299887 1.02395926729
2632.17343055 0.984001050753
2632.19386212 1.00696383502
2632.2142939 0.999945553768
2632.23472557 0.992326713707
2632.25515715 0.972522756744
2632.27558893 0.971915376561
2632.2960206 0.960778213056
2632.33688396 1.02855210016
2632.35731563 1.0237667444
2632.37774741 1.01870032455
2632.39817899 1.01227557769
2632.41861067 1.02238595737
2632.43904245 1.03644176254
2632.45947413 1.00680715661
2632.47990571 1.04084102775
2632.50033748 1.00355346434
2632.52076916 1.02517609304
2632.54120084 1.01559641696
2632.5820642 1.0322661838
2632.60249599 1.01741871234
2632.62292757 1.0151040471
2632.64335925 1.02699597538
2632.66379103 1.00777409011
2632.68422261 0.992892909445
2632.70465439 1.01124736197
2632.72508598 1.01148190996
2632.74551766 0.977796583036
2632.76594944 0.987291758699
2632.78638102 0.984857490862
2632.82724449 1.00025860004
2632.84767608 0.998946867131
2632.86810776 0.991233116905
2632.88853954 0.9692448498
2632.90897113 0.932206309179
2632.92940292 0.940931313237
2632.9498346 0.947593352354
2632.97026619 0.932301604325
2632.99069797 0.917826434977
2633.01112966 0.915885969136
2633.03156135 0.882893487656
2633.07242472 1.04034079819
2633.09285651 1.01085010482
2633.11328819 1.03020989683
2633.13371978 1.00427946134
2633.15415157 1.02810014371
2633.17458326 0.977554003557
2633.19501485 0.991868969503
2633.21544664 0.987226575565
2633.23587833 1.01253039582
2633.25630992 0.969881349612
2633.27674171 0.970726635447
2633.31760509 1.01339909762
2633.33803678 1.02452114603
2633.35846847 0.987746066496
2633.37890016 0.970724672268
2633.39933185 0.974888224351
2633.41976354 0.972763605065
2633.44019524 0.958426856081
2633.46062693 0.921570380186
2633.48105872 0.936198419269
2633.50149031 0.909712528176
2633.52192201 0.880260545138
2633.56278539 1.02157845232
2633.58321709 1.02571617201
2633.60364888 1.00815517387
2633.62408058 1.00913927646
2633.64451217 0.995720495734
2633.66494397 1.01598399568
2633.68537566 0.99894238017
2633.70580736 1.00550402763
2633.72623906 1.00782407115
2633.74667075 0.992364675781
2633.76710245 1.00410010634
2633.80796584 1.03787817211
2633.82839764 1.00630269412
2633.84882924 1.00596609431
2633.86926104 1.01197821858
2633.88969274 0.992183129567
2633.91012433 1.01105162782
2633.93055613 0.992314209627
2633.95098783 0.999776710564
2633.97141943 0.991142190403
2633.99185123 0.978902050715
2634.01228293 0.965407379703
2634.05314633 1.02789313265
2634.07357804 1.00811647964
2634.09400974 1.00475393955
2634.11444144 1.01608443107
2634.13487304 1.00764476769
2634.15530484 1.02179710802
2634.17573655 1.00183201199
2634.19616825 0.982488735443
2634.21659995 0.998161957191
2634.23703166 0.969080421917
2634.25746346 0.971315103182
2634.29832677 1.00497028543
2634.31875857 1.00711792341
2634.33919028 1.00979120705
2634.35962188 1.03947169778
2634.38005369 1.02622975705
2634.40048539 1.01591801553
2634.4209171 1.01922360021
2634.44134881 1.01424467219
2634.46178051 1.0012249441
2634.48221232 1.00285178876
2634.50264393 1.00593202926
2634.54350744 1.00451571586
2634.56393905 1.00539312822
2634.58437076 1.02572126883
2634.60480257 1.01091216817
2634.62523418 0.999187560499
2634.64566599 0.996122070562
2634.6660977 0.988490631925
2634.68652931 0.972430194688
2634.70696112 0.952607676709
2634.72739273 0.962374040752
2634.74782444 0.931882044725
2634.78868786 1.02914435226
2634.80911967 1.02152924553
2634.82955138 0.999695726385
2634.8499831 1.00490096393
2634.87041481 1.00481079861
2634.89084652 1.00655500077
2634.91127824 0.971941259002
2634.93170995 0.970064382115
2634.95214166 0.976806364968
2634.97257338 0.944936287458
2634.99300519 0.93504856792
2635.03386862 1.00627860984
2635.05430034 1.02389338594
2635.07473195 1.00181049924
2635.09516377 0.998381900774
2635.11559548 0.970771086094
2635.15645892 0.970315883624
2635.17689064 0.947121604818
2635.19732245 0.926849529398
2635.21775407 0.937666598588
2635.23818579 0.896112190371
2635.27904923 1.05081045471
2635.29948095 1.04105965188
2635.31991276 1.00778814468
2635.34034438 1.01589266455
2635.3607761 0.993180405686
2635.38120792 0.99475843294
2635.40163954 0.976098067181
2635.42207137 0.942097473211
2635.44250309 0.946341876625
2635.46293471 0.938887160949
2635.48336653 0.928752556482
2635.52422987 1.04805971124
2635.5446617 1.0428048477
2635.56509342 1.04793169671
2635.58552514 1.02858760214
2635.60595687 1.02676643064
2635.62638859 1.02025653196
2635.64682042 1.03320893528
2635.66725204 1.01835685
2635.68768377 1.01622643073
2635.70811559 1.02806198482
2635.72854722 1.03748389611
2635.76941077 1.04154010257
2635.78984239 0.999772702353
2635.81027422 1.02269594989
2635.83070595 1.02996973027
2635.85113758 1.0417381797
2635.8715694 1.02687731948
2635.89200113 1.03678514344
2635.91243276 1.02856124535
2635.93286459 1.02247160609
2635.95329632 1.00994311181
2635.97372815 1.00113590832
2636.01459151 1.00523256069
2636.03502334 1.00575762028
2636.05545497 1.00948272111
2636.0758867 0.987508838119
2636.09631853 0.984160437643
2636.11675016 0.997889126761
2636.13718199 0.997793051952
2636.15761362 0.951043080563
2636.17804536 0.945494436884
2636.19847719 0.955116360355
2636.21890892 0.938626867288
2636.25977239 1.01223518477
2636.28020412 1.02555181965
2636.30063576 1.01994982002
2636.32106759 1.02634255504
2636.34149933 1.01256106645
2636.36193116 0.984743300192
2636.3823628 1.01236404374
2636.40279453 0.994134869191
2636.42322637 0.990940904123
2636.44365801 0.981095807442
2636.46408974 0.962270083114
2636.50495322 1.01393774792
2636.52538506 1.00482691915
2636.54581679 1.03149934421
2636.56624843 0.997233781043
2636.58668027 1.01351206608
2636.60711201 1.0016877686
2636.62754365 0.996925681184
2636.64797549 0.9889483615
2636.66840723 1.01942604562
2636.68883907 0.997477940722
2636.70927071 0.99114122897
2636.72970245 0.976276066741
2636.75013419 0.987373331506
2636.77056603 0.968329517152
2636.79099768 0.964312016262
2636.81142942 0.959917737155
2636.83186116 0.950637187494
2636.8522929 0.934662715705
2636.87272475 0.941798453555
2636.89315639 0.925003829516
2636.91358823 0.897046153583
2636.93401998 0.908190405314
2636.95445162 0.899839358839
2636.99531521 1.02750119449
2637.01574686 1.0296486418
2637.0361787 1.0221193936
2637.05661045 1.0233601695
2637.0770423 1.02955429653
2637.09747394 1.00537017894
2637.11790569 1.00653641417
2637.13833754 1.00421474745
2637.17920093 1.00384293238
2637.19963278 0.998447992558
2637.24049618 1.02783162034
2637.26092803 1.01556758597
2637.28135978 1.03489613483
2637.30179153 1.01471339468
2637.32222328 0.996647369424
2637.34265503 0.980211323311
2637.36308678 1.00005412135
2637.38351853 0.985992046041
2637.40395029 0.962693600676
2637.42438204 0.958139941186
2637.44481379 0.975429824349
2637.54697256 1.0462570459
2637.56740431 1.0535378215
2637.58783617 1.05322132984
2637.60826782 1.04097563489
2637.64913143 1.03208368682
2637.66956309 1.0069412918
2637.68999494 1.00559939823
