# #0 time, 1 flux
2306.6514461 0.971606586966
2306.67187819 1.00581079027
2306.69231038 0.951079661635
2306.71274236 1.00034226486
2306.73317455 0.971843555455
2306.75360653 0.992490297884
2306.77403861 1.00139488107
2306.7944708 0.973782419958
2306.81490278 1.00839886682
2306.83533486 0.991385238793
2306.85576705 0.992541808835
2306.87619903 0.998493419468
2306.89663111 1.00356421996
2306.91706329 0.983978786009
2306.93749537 0.974019904635
2306.95792745 1.00733150069
2306.97835953 1.01378281367
2306.99879161 1.009561755
2307.01922369 1.00149048205
2307.03965577 0.993291838408
2307.06008785 0.958029872463
2307.08052002 1.00273068878
2307.100952 0.99914037011
2307.12138408 0.999354618393
2307.16224823 0.996952034781
2307.1826804 0.998541521758
2307.22354445 1.01115389502
2307.24397663 1.03341336932
2307.2644087 1.03048498392
2307.28484068 1.01570898532
2307.30527285 1.03378051227
2307.34613689 1.01428596896
2307.36656906 1.00259813917
2307.38700114 1.06427972561
2307.40743321 1.03020690215
2307.42786528 1.01534015943
2307.44829735 1.02771772579
2307.46872942 0.980333415148
2307.48916148 1.06819878804
2307.50959355 1.01855448699
2307.55045769 0.972773629715
2307.57088976 0.932505052217
2307.59132192 0.973792626439
2307.61175389 0.979203931125
2307.63218596 0.977844063142
2307.65261812 1.05803694896
2307.67305009 1.02434961239
2307.69348215 0.961875412112
2307.71391432 1.02387627862
2307.73434628 1.01048650104
2307.75477844 1.02389443076
2307.77521051 0.994275885174
2307.79564247 0.993618268279
2307.81607463 1.02823162476
2307.85693865 0.999537481822
2307.87737082 1.03089642258
2307.89780288 1.0056310341
2307.91823494 0.983136784315
2307.938667 1.04976437324
2307.95909906 0.987451026805
2307.97953111 1.0284142774
2307.99996317 1.05367736018
2308.02039523 1.03978923776
2308.04082729 1.03439021496
2308.06125945 1.00804727594
2308.0816914 1.0036211088
2308.10212356 0.994841392121
2308.12255551 0.999390664359
2308.14298757 1.00520192026
2308.16341973 0.995085072426
2308.18385168 0.98402715305
2308.20428373 1.00750059608
2308.22471589 1.0208177458
2308.24514784 0.994585560378
2308.26557989 0.974628693096
2308.3473082 0.969553782202
2308.36774015 0.964501210094
2308.3881722 1.02411562979
2308.40860435 1.0069664347
2308.4290364 0.984642697319
2308.44946835 1.01440007667
2308.4699005 0.99839008045
2308.49033255 0.98835672759
2308.53119665 0.977922200203
2308.55162869 0.976426434072
2308.57206074 1.02474083778
2308.59249279 1.00560763659
2308.67422097 0.991621556166
2308.71508506 1.04229556558
2308.7355171 0.994028971929
2308.75594924 0.978487346039
2308.77638118 0.972769859152
2308.79681323 1.06401222119
2308.81724537 0.978204290045
2308.83767731 1.00065773508
2308.85810935 1.05246215944
2308.87854149 1.01066895037
2308.89897343 1.01047681614
2308.91940557 0.995304321795
2308.93983751 1.05139561512
2308.96026955 1.02547793788
2308.98070169 1.02022605496
2309.00113373 1.0172216627
2309.02156566 0.989880353969
2309.0419978 1.01465808604
2309.06242984 0.982878858732
2309.08286177 0.9883337687
2309.10329391 0.976296653574
2309.12372595 1.00196544208
2309.14415788 1.0195194624
2309.16459002 1.00196615829
2309.18502205 1.00877842331
2309.20545398 0.960788272734
2309.22588612 0.981083948927
2309.24631815 1.00836142129
2309.26675018 0.97526946567
2309.28718222 1.00420559091
2309.30761425 0.986701372445
2309.32804628 1.01918166221
2309.34847831 0.994894045968
2309.36891034 1.00374456838
2309.38934247 1.04599671209
2309.4097744 1.00090440495
2309.43020643 1.01775555842
2309.47107059 1.02491172267
2309.51193465 1.00732413623
2309.53236667 1.02308688171
2309.5527986 0.999991972724
2309.57323073 0.988107473371
2309.59366275 1.01314554719
2309.61409468 0.983940099957
2309.6345268 1.00017692789
2309.65495873 0.983701517045
2309.67539075 0.993236485334
2309.7162548 0.996443027254
2309.73668683 0.958610814138
2309.75711895 0.983427563338
2309.77755087 0.994900671777
2309.79798289 0.984373129657
2309.81841502 0.98438353519
2309.83884704 1.00947416475
2309.85927906 1.03221492038
2309.87971108 0.975742624202
2309.9001431 1.02251532494
2309.92057522 0.987881783261
2309.94100714 1.03923948023
2309.96143916 0.981763068354
2309.98187128 1.01192143855
2310.00230319 1.00520218205
2310.02273521 1.00679996713
2310.04316733 1.00547184278
2310.06359925 1.03794047499
2310.08403126 1.03800856582
2310.10446338 0.990652974878
2310.12489529 0.956928389414
2310.14532731 1.00821425974
2310.16575943 0.97414096402
2310.18619134 0.97333865856
2310.20662335 1.0062942699
2310.22705547 1.02015652499
2310.24748738 1.03682666404
2310.26791939 1.04555704186
2310.28835151 0.994277924678
2310.30878352 1.02058883847
2310.32921553 0.955775300489
2310.34964754 0.957207526703
2310.37007945 0.959030325702
2310.39051156 0.929417391621
2310.41094358 0.951474006703
2310.43137548 0.978264170951
2310.45180759 0.969768835294
2310.49267151 0.982834642895
2310.53353563 1.00573590646
2310.55396754 0.977093859329
2310.57439964 1.01030238719
2310.59483165 0.99932213992
2310.61526356 1.04134852296
2310.63569566 1.01781424729
2310.65612767 0.974594078967
2310.67655967 0.991450098788
2310.69699168 1.00936957348
2310.73785569 0.986573701071
2310.75828779 0.956852803796
2310.77871969 1.01854474782
2310.79915169 0.994487812578
2310.8195838 1.02160109667
2310.8400157 0.980337034716
2310.8604478 1.03904249904
2310.8808798 0.979885976771
2310.9013117 1.00308205741
2310.9217438 1.01662384456
2310.9421758 1.02022478354
2310.9626077 0.999646452369
2310.9830398 1.0049030766
2311.0034718 1.01799915581
2311.0239037 1.00264797194
2311.0443358 1.00441044983
2311.06476779 0.97845032076
2311.08519969 1.04197133696
2311.10563179 1.02951089155
2311.12606379 1.02930970833
2311.14649568 1.02838140509
2311.18735977 0.984026263371
2311.22822376 0.982317519131
2311.24865576 1.01399944314
2311.28951974 0.976185923892
2311.30995174 0.988626518828
2311.33038363 1.01580363986
2311.35081572 0.98091004358
2311.37124771 1.02333275715
2311.3916798 0.999646103755
2311.4121117 1.01302143165
2311.43254369 0.992620479908
2311.45297578 1.00753334002
2311.47340767 0.976833775405
2311.49383966 0.989263205859
2311.51427175 1.02792934
2311.53470363 1.01368890207
2311.55513562 1.04626290437
2311.5959997 0.990114663146
2311.61643158 1.00443283039
2311.63686367 0.990734930461
2311.65729566 1.00785443868
2311.67772754 0.983560874046
2311.71859161 1.04217094065
2311.7390235 1.02372101092
2311.75945558 0.987509784657
2311.77988757 1.0062143391
2311.80031945 0.991014256092
2311.82075154 1.01043517533
2311.84118352 1.00128224692
2311.8616155 0.987421710796
2311.88204748 1.0064013355
2311.90247937 0.982652551557
2311.92291145 0.989331799842
2311.94334343 0.97075264321
2311.96377531 0.983714759929
2311.98420739 0.946977192561
2312.00463937 1.00103246599
2312.02507135 1.00346208453
2312.04550333 0.926178668208
2312.06593531 1.00675991491
2312.08636728 0.937848611008
2312.10679926 0.936798537972
2312.12723124 0.968746765322
2312.14766322 0.950384897591
2312.16809529 0.933393940998
2312.20895915 1.01824779376
2312.22939122 1.00500364362
2312.2498231 1.02066117513
2312.27025507 1.00141706335
2312.29068715 1.05436245498
2312.31111902 0.996956039653
2312.331551 0.984637416535
2312.35198307 1.04261360029
2312.37241494 1.00220533977
2312.41327899 1.00001275149
2312.45414293 1.00354322306
2312.4745749 1.00977822492
2312.49500687 0.997719608554
2312.51543884 0.999508756516
2312.53587081 1.00678005597
2312.55630278 1.00581435815
2312.57673475 0.981115357252
2312.59716672 0.955041044628
2312.61759859 1.00120672642
2312.63803066 1.00086657721
2312.65846263 1.01287134681
2312.67889449 0.994799561474
2312.69932656 0.9675982958
2312.71975853 0.960412390044
2312.74019039 0.961259095386
2312.76062246 1.01408370116
2312.78105443 1.03452293923
2312.80148629 0.977588716394
2312.82191836 1.01490448694
2312.84235032 1.01390811094
2312.86278229 0.9953142607
2312.88321425 1.02515785561
2312.90364621 0.982744370633
2312.92407828 1.00028790742
2312.94451014 1.01138210543
2312.9649421 1.00688006543
2312.98537416 0.996890121761
2313.00580612 1.00200360938
2313.02623798 1.00515476984
2313.04667005 0.989528435149
2313.06710201 0.958952863053
2313.08753387 1.03761715798
2313.10796593 0.986439634255
2313.12839788 0.957751407388
2313.14882974 0.960785631958
2313.18969376 0.998483046194
2313.21012562 0.98464469335
2313.23055768 0.978692653132
2313.25098963 0.998679072728
2313.27142159 1.01617794984
2313.29185355 0.992042757494
2313.3122855 1.02978575246
2313.33271746 1.01019763775
2313.35314941 1.00718023594
2313.37358137 1.00184578832
2313.39401322 1.01270464695
2313.43487723 0.981454665025
2313.45530918 0.99414729352
2313.47574114 0.974559435484
2313.49617309 0.97893735292
2313.51660514 1.00695282985
2313.53703699 0.968944770269
2313.55746895 1.01025540562
2313.577901 1.00132506322
2313.59833285 1.03086222137
2313.6187648 1.02631496884
2313.63919685 1.01478062986
2313.6596287 0.991684198169
2313.68006065 0.984105571159
2313.7004927 1.02519890853
2313.78222039 1.0042532257
2313.80265234 1.02168093022
2313.82308438 0.996502070818
2313.84351633 0.980386678147
2313.86394818 0.994120084627
2313.88438022 0.997088709737
2313.90481217 0.996425595823
2313.92524411 1.00188487267
2313.94567606 0.966712507589
2313.966108 0.999078420229
2313.98653995 1.01081094896
2314.00697189 0.992225572252
2314.02740383 1.03012714197
2314.04783578 0.993893243345
2314.06826772 0.92906462403
2314.08869966 0.901349786122
2314.1091316 0.959362426303
2314.12956354 0.921038186458
2314.17042743 1.01282798621
2314.19085937 0.998974831335
2314.21129131 0.973545577083
2314.23172324 1.037488543
2314.25215518 1.05510210938
2314.27258712 1.03994478219
2314.29301906 1.00138049222
2314.313451 1.00766457236
2314.33388294 0.982915859785
2314.35431498 1.01593716934
2314.37474681 0.989165727624
2314.41561079 1.02919957413
2314.43604262 1.01299752447
2314.45647466 1.03428869143
2314.47690659 1.01920492755
2314.49733843 1.00369979878
2314.51777046 0.992839033313
2314.5382024 1.03263423266
2314.55863423 1.00612381968
2314.57906626 1.06241387708
2314.5994982 1.00778890994
2314.61993003 1.00830472355
2314.64036206 0.994780264069
2314.660794 0.984328272805
2314.68122593 1.01401702662
2314.70165786 1.01918247491
2314.72208979 0.961103479757
2314.74252172 1.03986177286
2314.76295365 0.981399162347
2314.78338558 1.00311766448
2314.80381751 1.04545912846
2314.82424944 1.01931312374
2314.84468137 0.971374796696
2314.8651132 1.00343982676
2314.90597715 0.993955389757
2314.92640918 0.980795188041
2314.94684101 1.03225599358
2314.96727294 1.0677081328
2314.98770496 0.987541779281
2315.00813679 1.00507699221
2315.02856872 0.990603330703
2315.04900074 0.988248671111
2315.06943257 0.96576824539
2315.08986449 0.981169456305
2315.11029652 1.01893318354
2315.13072834 1.01249473726
2315.15116026 0.999536845314
2315.17159229 0.990628671155
2315.19202421 1.02575240647
2315.21245603 0.995714355994
2315.23288805 1.02537515279
2315.25331998 0.979284278541
2315.2737518 0.991793411927
2315.29418382 1.04670273064
2315.31461574 0.994552714611
2315.33504756 1.00180991956
2315.35547958 0.968110653977
2315.39634352 1.00777843634
2315.41677534 1.00672959641
2315.43720726 1.00719292351
2315.45763928 0.998732933022
2315.4780711 0.988762714157
2315.49850301 1.05241263732
2315.51893493 0.990945274903
2315.53936685 0.995323470025
2315.55979877 0.996537591868
2315.58023068 0.995600486761
2315.6006626 0.994512108507
2315.62109451 0.999664493345
2315.64152643 1.003959319
2315.66195834 1.04061758536
2315.68239026 1.01916950738
2315.70282227 1.0213590115
2315.72325409 1.00748320089
2315.743686 1.0476868503
2315.76411802 1.01012573272
2315.78454983 0.949450419309
2315.80498174 0.986631439254
2315.82541375 1.01324407119
2315.84584557 1.00113246377
2315.88670949 0.970037051867
2315.9071413 1.01866921761
2315.92757331 0.99833586048
2315.94800522 1.00839894692
2315.96843703 1.01103374502
2315.98886904 0.996943230547
2316.00930095 0.996278867655
2316.02973286 0.991318562716
2316.05016477 0.99494372299
2316.07059668 1.02212568631
2316.09102858 1.03148683977
2316.11146049 1.01238502783
2316.1318924 1.01961182502
2316.23405193 0.991745102101
2316.25448383 0.999937916894
2316.27491564 0.999793289305
2316.29534764 0.984278619835
2316.31577955 0.998834547035
2316.33621155 0.97129945202
2316.37707526 1.03904082814
2316.39750726 0.995217680717
2316.41793906 1.03385134751
2316.43837097 0.990305218498
2316.47923477 1.02522186852
2316.49966667 1.02143578664
2316.52009867 0.984515778554
2316.54053057 1.04372678457
2316.56096237 0.992998989429
2316.58139437 1.01027593319
2316.60182627 0.99867334563
2316.62225807 0.98376548077
2316.64269007 1.01005493884
2316.66312197 1.01460893658
2316.68355377 1.00949374018
2316.70398577 1.00472115878
2316.72441766 0.983009232076
2316.74484946 1.0097135378
2316.76528146 1.0037737893
2316.78571335 0.967988761745
2316.80614535 0.975053743035
2316.82657715 1.00057294653
2316.86744104 0.987283885823
2316.94916851 0.996757717176
2316.96960041 0.9770568231
2316.9900324 1.02079594097
2317.01046419 0.987057598396
2317.03089609 0.999670315927
2317.05132798 1.00788467456
2317.07175987 1.06539881167
2317.09219176 1.01379800312
2317.11262375 0.994291031067
2317.13305554 0.98558791866
2317.15348744 0.981866233606
2317.17391943 0.99101678915
2317.19435122 0.946432593858
2317.21478321 1.00398839878
2317.23521509 1.01456150887
2317.25564688 1.0047375303
2317.27607887 0.986491508761
2317.29651076 0.955408942022
2317.31694255 1.0113972373
2317.35780642 1.00023307463
2317.37823831 1.00578355056
2317.3986702 1.02100381026
2317.41910208 1.00371723311
2317.43953397 0.975739775528
2317.50082963 1.01376852716
2317.52126151 1.00662994711
2317.5416934 1.01501830552
2317.56212528 0.979492559715
2317.58255726 1.0084085596
2317.60298905 1.01024615229
2317.62342093 0.980347333313
2317.64385291 0.98303283185
2317.6642847 1.01071006887
2317.68471668 1.05002122414
2317.70514856 1.00854545256
2317.72558034 0.97531863342
2317.74601232 0.954565778544
2317.78687598 0.966137548711
2317.80730796 0.956514670094
2317.84817162 0.988193748332
2317.8686036 0.982260815436
2317.88903538 0.98483247969
2317.90946726 1.02979313263
2317.92989924 0.999496449711
2317.95033112 1.01867784429
2317.97076289 1.00646429743
2317.99119487 0.961350420621
2318.01162675 1.00018650122
2318.0524905 0.955121164307
2318.09335415 1.01669142648
2318.11378613 1.0395006497
2318.134218 1.03650668434
2318.15464998 1.01917278195
2318.17508175 0.98247206898
2318.19551363 1.0364379311
2318.2159456 1.00338683371
2318.23637737 0.989750148347
2318.25680925 0.999426570712
2318.37940048 0.925813726121
2318.39983245 1.00431225479
2318.42026432 0.996430022172
2318.44069609 1.00156395544
2318.46112806 0.991636845756
2318.48155983 0.990274955808
2318.5019917 0.967845872744
2318.52242367 1.00002825008
2318.54285544 0.998744342189
2318.58371928 0.987108484514
2318.60415104 0.985948908661
2318.62458301 1.0205357325
2318.64501488 1.01604439415
2318.66544665 0.990515160245
2318.68587861 1.03134509375
2318.70631048 1.00773636872
2318.72674225 1.00068291953
2318.74717421 0.984691029464
2318.76760608 0.953329582806
2318.78803794 0.983855718197
2318.82890167 1.0106927137
2318.8697655 1.04154404808
2318.89019726 1.01666301732
2318.91062913 1.00715530582
2318.93106109 0.973255540766
2318.95149285 1.02351831304
2318.97192471 0.992089728461
2318.99235668 0.971323776249
2319.11494784 1.00093091741
2319.1353796 0.997217574172
2319.15581156 1.01875322266
2319.17624332 1.01803583892
2319.19667518 0.989049027558
2319.21710714 1.01555227436
2319.2375389 1.01946859114
2319.25797075 0.984342023832
2319.27840271 1.0069625327
2319.29883457 1.02974223948
2319.31926633 1.03158597533
2319.33969828 1.00675643952
2319.38056189 0.985551754689
2319.40099385 0.983719625471
2319.42142571 0.955191153545
2319.44185766 0.981811145492
2319.46228942 0.956472637336
2319.48272127 0.953868637185
2319.50315323 0.945946344904
2319.52358498 0.956623167738
2319.60531239 1.05848582288
2319.62574434 0.996763720117
2319.6461761 0.983421117344
2319.66660795 0.976569514265
2319.6870399 1.00857758701
2319.70747175 1.03642710464
2319.7279035 0.999369741442
2319.74833545 0.993093395416
2319.7687673 0.887729376796
2319.809631 1.03004510708
2319.83006285 1.01583707631
2319.8504947 0.996264188618
2319.87092655 1.01440816308
2319.8913583 0.984569306483
2319.91179025 0.982874756548
2319.95265394 1.03274004133
2319.97308579 1.06680049554
2319.99351764 0.999532536635
2320.01394939 1.04394920032
2320.03438133 1.02784665032
2320.05481318 1.01797052383
2320.07524492 1.03648171367
2320.09567687 0.987154331369
2320.11610871 1.00076758219
2320.13654056 1.03173808907
2320.1569724 1.05420606587
2320.17740425 0.975826072354
2320.19783609 1.01055120572
2320.21826794 1.00056613065
2320.23869978 0.980776796173
2320.25913172 0.963711019985
2320.29999531 1.04419516899
2320.32042725 1.0170021183
2320.34085909 0.979367317414
2320.36129084 0.99910716921
2320.38172278 1.01892040437
2320.40215462 1.04625007051
2320.42258636 0.984462278588
2320.4430183 0.978814248898
2320.46345014 1.0354555371
2320.48388188 1.0404905005
2320.50431382 0.974954065913
2320.52474566 1.00716206049
2320.5451775 1.02156770297
2320.56560934 0.99865876573
2320.58604118 1.00937338585
2320.60647301 1.02120739544
2320.62690485 0.955698627428
2320.64733669 1.03292669287
2320.66776853 0.976050330535
2320.68820036 1.03038488392
2320.7086322 1.02716256554
2320.72906404 0.989314952267
2320.74949587 0.971784177699
2320.79035965 0.981324990914
2320.81079138 1.01570762927
2320.83122322 0.978235421814
2320.85165515 0.998918260029
2320.87208689 1.00915634587
2320.89251872 0.998409021936
2320.91295065 1.01371253966
2320.93338239 1.03084318786
2320.95381422 1.00815689887
2320.97424615 0.992620017695
2320.99467789 0.993289816977
2321.01510972 1.0145756131
2321.03554165 1.02322187646
2321.05597338 0.991534957595
2321.07640531 1.00098010598
2321.09683715 1.01141648699
2321.11726898 0.96572305516
2321.13770081 0.955260164523
2321.17856447 0.970874505957
2321.1989963 0.972809526877
2321.21942813 0.957374051778
2321.23985996 0.972051474565
2321.28072361 0.968744405595
2321.30115544 1.00083874938
2321.32158737 1.00269969478
2321.3420191 0.999718540666
2321.36245093 0.958764724251
2321.38288275 0.95139008561
2321.40331458 1.01155534026
2321.42374631 0.997332235182
2321.44417823 0.966314664198
2321.46461006 1.0098433947
2321.48504199 1.00112686244
2321.50547371 1.00023307212
2321.52590554 1.02761932282
2321.54633746 1.01228112877
2321.56676919 1.00975819555
2321.60763294 0.998912071403
2321.62806476 0.957044108881
2321.64849648 0.977000349938
2321.66892841 1.02699807703
2321.68936023 0.966139716661
2321.70979195 0.965927669574
2321.73022388 0.982000917076
2321.77108742 0.978372599009
2321.79151934 0.996185951702
2321.81195116 0.998632533582
2321.83238288 0.965309808787
2321.8528148 0.964213081369
2321.87324663 0.998349625829
2321.89367855 1.0178964362
2321.91411027 1.02183237293
2321.93454209 0.992180976957
2321.95497401 1.02981788099
2321.97540572 0.99832553399
2321.99583754 0.982527603097
2322.01626946 0.993798687359
2322.03670118 1.01169852774
2322.057133 1.02739702692
2322.07756482 1.01672552807
2322.09799663 1.00111688605
2322.11842845 1.01893117253
2322.13886037 0.936384525846
2322.15929208 1.02181422998
2322.1797239 0.989668169523
2322.20015582 0.981091684103
2322.22058753 0.988578338966
2322.26145126 0.996509815786
2322.28188298 1.01393756028
2322.30231489 1.00364013462
2322.32274671 0.981252427107
2322.34317842 1.00902578158
2322.36361034 1.00516718298
2322.38404215 0.971871004012
2322.40447386 1.04655684742
2322.42490578 0.991200704966
2322.44533759 0.999710783474
2322.4657694 0.998258845078
2322.48620122 0.973485285139
2322.50663303 0.9907980209
2322.52706484 1.01036502063
2322.54749665 1.02055154728
2322.56792846 1.00845050379
2322.58836027 0.999673561086
2322.60879218 1.01964348419
2322.62922389 0.981339077148
2322.6496558 0.996568881273
2322.67008761 0.985156874174
2322.69051932 0.991426587869
2322.71095123 0.966593373592
2322.75181475 1.00086028431
2322.77224666 1.03363528815
2322.79267837 1.03238650925
2322.81311018 1.00995211724
2322.83354208 1.05269104694
2322.89483751 0.998343736661
2322.91526921 0.961437176341
2322.93570102 0.989754494334
2322.95613292 1.00964360317
2322.97656473 1.0215479042
2322.99699644 1.00386775159
2323.01742834 0.969091143758
2323.03786015 0.987087411964
2323.05829195 1.02632171227
2323.07872376 1.00866085507
2323.09915556 0.997653196154
2323.11958736 1.02898450143
2323.14001917 0.993981854966
2323.16045097 0.98878994529
2323.18088287 1.01729811059
2323.20131458 0.993471328642
2323.24217828 1.0123649474
2323.26260998 0.990674383352
2323.28304179 0.965193714003
2323.30347369 0.995980439178
2323.32390539 1.04116895474
2323.34433719 1.00352708212
2323.36476909 1.0192148948
2323.38520079 1.02879586202
2323.40563259 0.989010695491
2323.42606449 0.981966446707
2323.44649629 0.999663116078
2323.46692809 1.03563143987
2323.48735989 0.993540065101
2323.52822349 1.00828449814
2323.54865529 0.979107678756
2323.56908699 0.99387182778
2323.58951888 1.04829726576
2323.60995068 1.03385892831
2323.63038238 1.02444757174
2323.65081428 0.986892053888
2323.67124607 1.0040030707
2323.69167777 1.00682721933
2323.73254146 0.975701668461
2323.75297316 0.974451700311
2323.77340505 0.998389556488
2323.79383685 0.983646117387
2323.81426874 0.974572824697
2323.83470044 1.0099836702
2323.85513223 1.00305279628
2323.87556413 1.00015592469
2323.89599582 1.00516316961
2323.91642762 0.990771885517
2323.93685951 1.03838707125
2323.9572912 1.03330537511
2323.977723 0.99941797643
2324.01858668 1.02957773554
2324.03901837 0.99534833504
2324.07988206 0.990234950754
2324.10031375 0.997040362323
2324.12074564 0.955982566677
2324.14117743 1.03871747087
2324.16160912 1.00885206334
2324.18204101 0.964144443644
2324.24333638 0.999643734986
2324.26376817 0.982020420772
2324.28419996 0.997649554153
2324.30463175 1.00267451137
2324.32506344 1.03761585544
2324.34549533 1.00988980489
2324.36592712 1.00881449403
2324.3863589 0.985982631038
2324.40679069 1.03203787229
2324.42722248 0.967419476697
2324.44765427 1.01869558172
2324.46808615 1.00217231256
2324.48851784 1.01308269416
2324.50894963 1.03457575334
2324.52938151 0.974108633118
2324.5498132 0.993923306199
2324.57024509 0.992828611849
2324.59067687 1.01659081427
2324.61110856 0.977283191419
2324.63154044 1.00831093786
2324.65197223 1.00451127116
2324.73369926 0.96021299137
2324.75413115 0.97854338018
2324.77456293 1.00539832749
2324.79499461 0.982641263631
2324.8154265 0.964459923583
2324.83585828 1.01123927277
2324.85629006 0.996938413344
2324.87672184 1.00191318331
2324.89715362 1.01335581331
2324.91758541 0.996822953451
2324.93801729 1.00160472748
2324.95844897 0.989300634433
2324.97888075 1.04383076792
2324.99931253 0.98386687125
2325.01974431 1.03577280532
2325.04017619 1.03342652759
2325.06060787 0.995825396975
2325.08103965 0.998340477973
2325.10147153 1.02329565376
2325.12190321 1.01990496925
2325.14233499 1.00273240088
2325.16276686 1.00576989055
2325.20363032 0.977151940474
2325.2240622 0.986482752383
2325.24449388 1.02078969018
2325.26492565 1.00559910402
2325.28535753 0.996309173192
2325.30578931 0.980422759256
2325.32622108 1.0063617408
2325.34665316 0.99411627386
2325.36708494 0.990457400874
2325.38751671 1.00167381746
2325.40794849 1.02570100515
2325.42838016 1.03143175146
2325.44881204 1.02935783079
2325.46924381 1.00708944087
2325.48967549 0.991336543132
2325.51010736 1.0141665803
2325.53053914 1.02843431982
2325.55097081 1.02691689149
2325.57140269 1.00055934882
2325.59183446 0.964817434068
2325.61226613 0.998982854328
2325.63269801 0.991593001
2325.65312978 0.989920689905
2325.69399332 0.992462180418
2325.7144251 0.969464698444
2325.73485697 0.994215097464
2325.75528864 0.970985187374
2325.77572041 1.02740545829
2325.79615228 0.986032966707
2325.81658395 1.03219342302
2325.83701572 0.990034540234
2325.85744759 0.985289170842
2325.87787936 0.974927440675
2325.9187429 1.00951914227
2325.93917467 1.00436959666
2325.95960634 1.04748515518
2325.98003821 1.01120159063
2326.00046998 0.960700048704
2326.02090165 1.00530826768
2326.04133352 1.04842286135
2326.06176529 1.01832320542
2326.08219715 0.986663750746
2326.10262882 0.980112049946
2326.12306059 0.99599355616
2326.14349236 0.958335847157
2326.20478766 0.972209784804
2326.22521942 1.00599474544
2326.24565119 0.989804561635
2326.26608295 1.01006800244
2326.28651472 0.999695211958
2326.30694649 0.985860366159
2326.32737825 1.00549193574
2326.34781002 0.995666770784
2326.36824178 0.997462291329
2326.38867364 1.0068307787
2326.4704006 1.03954984846
2326.49083246 0.999579431107
2326.51126423 1.00233342973
2326.53169589 1.03754372351
2326.55212775 1.01236477273
2326.57255951 1.0051913602
2326.59299118 1.00749566072
2326.61342304 1.01357676368
2326.6338548 1.00588420496
2326.65428646 0.959634496613
2326.67471832 1.00118017992
2326.69515008 0.944032769995
2326.71558184 1.03076078145
2326.7360136 1.01377736308
2326.75644536 0.993239284054
2326.77687712 0.981932265799
2326.79730888 0.977395978306
2326.81774064 0.944787094543
2326.8381725 0.925967139026
2326.85860416 0.960840269871
2326.91989944 1.01785473002
2326.9403312 1.01016690795
2326.96076306 1.01439788925
2326.98119471 1.01531842124
2327.00162647 0.975928197907
2327.02205833 1.01404156395
2327.04248999 0.974062415897
2327.06292174 1.0136918252
2327.0833536 1.00306085383
2327.10378526 1.02644324581
2327.12421701 1.02901251755
2327.20594413 1.00253689992
2327.22637589 0.958195121588
2327.24680765 0.989434479234
2327.2672394 0.9904721239
2327.30810291 0.979673886811
2327.32853466 1.03195082666
2327.34896642 1.03075797157
2327.36939827 0.997868172939
2327.41026168 1.03850641782
2327.43069353 0.99624281291
2327.45112518 0.986571885978
2327.47155694 1.05492426201
2327.49198879 1.00735502766
2327.51242044 0.990090311263
2327.53285229 1.03349286431
2327.55328404 1.00205751785
2327.57371569 0.981639227409
2327.6145793 1.00803637277
2327.63501095 1.01482874922
2327.6554428 1.03455869056
2327.67587445 1.0078857984
2327.71673805 1.0086586872
2327.7371698 1.00338028806
2327.7780333 1.02287454234
2327.79846505 1.05973565867
2327.81889669 1.007654604
2327.83932854 0.986540127406
2327.85976029 0.960507579503
2327.90062379 0.960286495367
2327.92105554 0.979184583066
2327.94148738 1.0027011136
2327.96191903 1.0038280614
2327.98235078 0.973677498661
2328.00278262 1.01193169994
2328.02321427 0.983107101626
2328.04364602 0.953311209543
2328.06407786 0.986145893548
2328.08450951 0.965510698737
2328.10494126 0.973184275408
2328.14580475 1.00151244481
2328.16623649 1.00661793542
2328.18666834 1.03074542246
2328.20710008 1.0345592282
2328.22753173 1.03548522388
2328.24796357 0.989806212581
2328.26839532 0.974526242064
2328.28882706 1.00686827087
2328.3092588 0.976446037355
2328.32969055 0.9990498631
2328.35012229 0.970961186048
2328.39098568 0.961606009109
2328.41141752 0.991627792569
2328.43184926 1.01020692521
2328.4522809 0.980515386934
2328.47271275 1.0321236609
2328.49314449 1.00314110932
2328.51357613 0.986007092457
2328.53400797 0.99159944257
2328.55443971 1.02035519731
2328.57487145 1.00092720462
2328.59530319 1.00527329971
2328.61573494 0.970074097368
2328.63616678 1.01083816768
2328.65659842 0.989039170299
2328.67703016 0.960911887198
2328.697462 1.01167204852
2328.71789364 0.997130112985
2328.73832537 1.00383863178
2328.75875721 0.964162471609
2328.77918895 1.00370097174
2328.79962059 1.03810648204
2328.82005243 0.995908844016
2328.84048417 1.00424632576
2328.88134764 1.00902272063
2328.90177938 0.981088675954
2328.92221102 1.0024556448
2328.94264286 0.98172104381
2328.9630746 1.00139084198
2328.98350643 1.00093895942
2329.00393807 1.00063233879
2329.02436981 1.02425854165
2329.04480154 1.00536090502
2329.06523328 0.960799904646
2329.08566501 1.01382093394
2329.10609675 0.988041760639
2329.12652849 1.01322738483
2329.14696022 1.00457666489
2329.16739196 1.03720428966
2329.18782369 0.990205869416
2329.20825543 0.980876610723
2329.22868726 1.00461781688
2329.24911889 1.02146163507
2329.26955063 0.994945114987
2329.28998246 1.01299846823
2329.3104141 0.962561143714
2329.33084593 0.979738130382
2329.3717093 0.980771188615
2329.39214113 1.01086177344
2329.41257286 0.98815210197
2329.43300449 1.0054429851
2329.45343633 0.990935917129
2329.47386806 1.05905010989
2329.49429969 1.02580873795
2329.51473152 1.02099299555
2329.53516325 1.01433077162
2329.55559489 0.981325594269
2329.57602672 1.00704357371
2329.59645845 1.00839818268
2329.61689018 0.989977967398
2329.63732191 1.00762270975
2329.65775364 1.00095028362
2329.67818547 0.991330302123
2329.6986172 1.07343477585
2329.71904883 1.01074856171
2329.73948066 1.0018358611
2329.75991239 0.996050374295
2329.78034402 1.01280956708
2329.80077585 0.986912551429
2329.82120758 1.00086458491
2329.86207103 1.02065945549
2329.88250266 1.02391362036
2329.90293439 1.00034845356
2329.92336622 0.977251907958
2329.94379785 1.00202497349
2329.96422957 1.00954940502
2329.9846614 0.995876131508
2330.00509303 0.978326363258
2330.02552486 0.962047315019
2330.04595658 0.961584797931
2330.10725176 0.996975972609
2330.12768349 1.00362354917
2330.14811521 1.03004337198
2330.16854694 0.9800574038
2330.18897866 1.00714220368
2330.20941049 0.987744372505
2330.22984211 0.962917539661
2330.25027384 1.00584471094
2330.27070566 1.00302277336
2330.29113729 0.993774081888
2330.31156901 1.02974245134
2330.33200084 1.00086435889
2330.35243246 0.982267542102
2330.37286428 1.01993710012
2330.39329601 1.019302526
2330.41372763 1.01458018084
2330.43415945 1.00529180663
2330.45459118 1.00109460905
2330.4750228 1.01879244644
2330.57718151 1.00188973476
2330.59761313 0.982901950109
2330.61804496 0.967908596219
2330.63847668 0.994203057419
2330.6589083 1.01822476127
2330.67934012 1.02171541418
2330.69977184 0.989765084749
2330.72020356 0.990631584934
2330.74063528 0.973203753535
2330.78149882 0.964278919636
2330.80193044 0.950303690716
2330.84279398 0.969645375433
2330.8632256 1.03160931391
2330.90408914 0.963421847324
2330.92452076 1.01975203331
2330.94495247 1.00161573215
2330.96538429 1.00176442762
2331.04711117 1.04299714437
2331.06754288 1.02432583157
2331.10840632 1.00089977266
2331.14926975 0.984779086737
2331.16970147 1.04240514063
2331.19013318 1.01401073303
2331.2105649 1.01164405564
2331.23099662 0.989224029398
2331.25142833 0.995530200264
2331.27186005 0.994075262766
2331.29229176 1.06285715844
2331.31272348 0.99523134287
2331.33315519 1.02900222539
2331.35358681 1.01748622903
2331.37401862 0.983450499586
2331.39445034 0.997104263767
2331.41488215 1.00570513296
2331.43531377 0.987283169281
2331.45574548 0.994407600681
2331.4761773 0.996569919544
2331.51704062 0.990799661533
2331.53747244 0.973540792458
2331.57833576 0.974207983993
2331.59876758 0.979114733676
2331.61919929 0.994227248975
2331.6396309 1.04941850457
2331.66006271 0.980495395424
2331.68049443 0.981669129544
2331.70092614 1.0122054301
2331.72135785 1.00019717715
2331.74178956 1.01708894285
2331.76222137 0.98369809222
2331.78265298 0.970922724925
2331.82351651 1.01348310565
2331.84394812 0.98505408029
2331.86437983 1.00629436568
2331.92567496 1.02429480743
2331.94610677 1.03283171985
2331.96653838 0.9928571766
2331.98697009 1.02829232253
2332.0074018 0.999127334285
2332.02783351 0.9855266192
2332.06869693 1.00609995264
2332.08912864 1.00450135387
2332.10956044 0.989258384831
2332.12999215 1.01015659644
2332.17085557 1.03117347391
2332.19128728 1.00189548451
2332.21171888 1.01360395163
2332.23215069 1.01684863913
2332.2525824 1.00788787628
2332.27301401 1.00425809147
2332.29344581 1.00344175656
2332.31387752 1.00121492849
2332.33430913 0.987306175253
2332.35474093 1.00732330515
2332.37517264 0.979198608619
2332.39560445 1.00704009224
2332.41603605 1.01013157595
2332.43646776 1.03883626712
2332.45689957 1.00320618889
2332.47733117 1.01774399812
2332.49776288 1.01675341818
2332.51819468 1.02240094534
2332.53862629 1.02225907956
2332.55905799 0.991181957533
2332.5794898 1.00126674399
2332.5999215 1.0127238702
2332.62035311 1.01551454824
2332.64078491 0.983323082015
2332.66121661 1.01606056088
2332.68164822 1.02690251411
2332.70208002 0.996493696259
2332.72251173 0.987484381351
2332.74294343 0.987927080389
2332.76337513 1.00519922065
2332.88596535 1.04219318611
2332.90639695 0.979314916296
2332.92682875 0.975118773736
2332.94726046 1.00038231047
2332.96769216 0.988904495901
2332.98812386 0.973414285509
2333.00855556 0.913367897227
2333.04941896 0.965245883036
2333.06985067 0.942020021237
2333.09028247 0.948919377487
2333.11071417 0.987720519298
2333.13114577 0.960188489809
2333.15157757 0.993078733933
2333.17200927 0.999369035613
2333.19244087 0.942179339855
2333.21287267 0.945547225521
2333.23330437 0.983608805682
2333.27416777 1.03295899482
2333.29459947 0.986304932198
2333.31503107 0.958334035112
2333.33546286 0.970504169993
2333.35589456 0.970971104201
2333.37632636 1.02622258415
2333.39675796 1.01029198042
2333.41718966 0.981235279813
2333.43762146 1.00039547944
2333.45805305 0.982331956644
2333.47848475 0.999269321864
2333.49891645 0.994829406375
2333.51934815 1.0272823252
2333.53977985 0.979098215267
2333.56021154 1.00607614774
2333.58064324 1.02012372754
2333.60107494 1.00146429734
2333.62150673 1.00860156751
2333.64193833 1.02117285604
2333.66237013 0.984144476966
2333.68280182 0.996240815915
2333.70323342 0.989734023346
2333.72366522 1.00327176921
2333.74409691 0.997678935598
2333.76452851 1.01056063796
2333.7849603 1.01985561602
2333.805392 0.978699066741
2333.82582359 1.0325125859
2333.84625539 0.99920780996
2333.86668708 0.988926904034
2333.88711868 0.993857570773
2333.90755047 1.01220027662
2333.92798217 1.0141146938
2333.98927725 1.00661853571
2334.03014064 0.972478388048
2334.05057233 0.981070665779
2334.07100413 1.01738884117
2334.09143582 1.00590708686
2334.11186741 0.994240225132
2334.13229921 1.03232403848
2334.1527309 0.978592379555
2334.17316249 0.960631792354
2334.19359428 1.00209305714
2334.21402588 0.974354819835
2334.23445757 0.998337838434
2334.25488936 0.993844049321
2334.27532095 1.0041662603
2334.29575275 1.01991641006
2334.31618444 1.00270086396
2334.33661603 0.990669215364
2334.35704782 1.02444234223
2334.37747951 0.98835270629
2334.3979111 0.993994765223
2334.41834289 1.01949154727
2334.43877458 0.992599049424
2334.45920628 1.01932910715
2334.47963797 1.00524118381
2334.52050135 1.01187063172
2334.54093304 0.972835283274
2334.56136473 0.987957247816
2334.58179652 1.00500784479
2334.6226598 1.00250696537
2334.64309159 1.03862349635
2334.66352328 1.03634375017
2334.68395487 1.01126105204
2334.70438665 1.01189011632
2334.72481834 1.01748180307
2334.74524993 0.994899133186
2334.76568172 1.02380426384
2334.78611341 0.986493912977
2334.806545 1.01165668542
2334.82697679 1.03079124216
2334.84740847 0.980355273023
2334.86784006 0.972371922198
2334.88827185 0.983354036877
2334.90870354 0.973474919622
2334.92913533 0.972765592339
2334.94956691 0.942271364385
2334.9699986 0.940118540901
2335.01086197 0.97315324715
2335.03129366 1.00673292062
2335.05172535 0.99998053342
2335.07215703 0.955114857241
2335.09258872 0.963026441054
2335.11302041 1.00280159855
2335.13345209 1.02089130893
2335.15388378 1.00715253511
2335.17431557 0.989847722871
2335.19474715 0.982438628651
2335.21517894 1.00958188183
2335.23561062 1.00481125771
2335.25604221 0.96618243772
2335.27647399 1.02239691473
2335.29690568 0.972847570271
2335.31733726 1.01253154442
2335.33776905 1.01214380991
2335.35820073 0.985550569518
2335.37863232 0.975681775552
2335.3990641 1.0002235151
2335.41949579 0.99979807204
2335.43992747 1.03435796833
2335.46035915 1.01088333184
2335.48079084 1.02054858747
2335.50122262 0.958114321892
2335.52165421 1.0025610904
2335.54208589 0.999383555691
2335.56251767 1.01280507616
2335.58294936 0.982934793105
2335.60338094 1.05352787568
2335.62381272 0.997359238899
2335.64424441 0.966829487454
2335.66467599 0.933534966671
2335.68510777 0.998483423896
2335.70553935 0.984062391545
2335.72597104 0.987548163544
2335.74640282 1.07493353159
2335.7668344 1.04867552257
2335.78726608 0.986301853891
2335.80769786 0.961769551952
2335.82812945 0.958723832446
2335.84856123 0.988343252073
2335.86899291 0.995753977473
2335.88942449 0.979116164245
2335.90985627 0.944073448242
2335.93028795 0.975128287747
2336.01201468 0.974169795069
2336.03244636 0.993777770778
2336.05287804 0.974198266324
2336.07330972 1.02584897139
2336.0937414 0.999497024648
2336.11417308 0.999686165715
2336.13460486 1.06361732876
2336.15503654 1.02292889605
2336.21633157 0.975472125643
2336.23676315 1.02849338828
2336.25719493 1.00756886925
2336.27762661 1.02927248643
2336.29805819 0.951838772821
2336.31848997 1.00409711593
2336.33892165 0.977679065527
2336.35935323 0.988099385917
2336.37978501 1.0159521002
2336.40021668 0.997553635877
2336.42064836 0.977210503186
2336.44108004 1.02695785801
2336.46151162 1.00391395955
2336.4819434 1.00077124026
2336.50237507 1.03840059644
2336.52280675 1.01542766371
2336.54323843 0.988601330635
2336.56367011 1.00756995966
2336.58410178 1.00472492715
2336.60453346 0.993977950352
2336.62496514 1.01822257895
2336.64539681 1.00582570413
2336.66582859 1.01260259459
2336.68626017 0.994054360285
2336.70669194 1.01842129303
2336.72712362 1.03521958971
2336.7475552 0.986925170964
2336.76798697 0.993745363626
2336.78841865 1.00949558066
2336.80885022 1.00253871234
2336.829282 0.994797765734
2336.84971367 1.00289121283
2336.87014525 1.03618270996
2336.89057703 1.00603706617
2336.9110087 0.975389158573
2336.97230373 0.986710968162
2336.9927355 1.0213598933
2337.01316708 1.05058649456
2337.03359875 1.01866091635
2337.05403052 1.01485615562
2337.0744622 1.00877640176
2337.09489377 1.00075362022
2337.11532545 0.998709997543
2337.13575722 1.00682082398
2337.1561888 1.00292679144
2337.17662057 1.02095710897
2337.19705214 1.03396287584
2337.21748382 0.997650988286
2337.23791559 0.985336028068
2337.25834716 0.980197548143
2337.27877894 1.01911161003
2337.29921061 0.982498272765
2337.31964218 1.00429622741
2337.34007396 0.989683400209
2337.36050563 0.978340816963
2337.3809372 0.984916939893
2337.40136897 0.999827025708
2337.42180065 0.993511734097
2337.44223222 0.978617122959
2337.46266399 0.996019607637
2337.48309566 1.00719152938
2337.50352733 0.960154042051
2337.52395901 0.986128323063
2337.54439068 0.962062957358
2337.56482235 1.01603744742
2337.58525402 0.970237544043
2337.60568569 0.99139249732
2337.62611746 0.968460492138
2337.64654914 0.95374418834
2337.66698071 0.959730159775
2337.70784415 0.990368814015
2337.72827572 0.95768133259
2337.74870749 1.00338501386
2337.76913916 1.01172858532
2337.85086574 1.01241883691
2337.87129751 1.06523086895
2337.89172918 0.984875150917
2337.91216085 1.05749864819
2337.97345586 1.00831234493
2337.99388753 1.02115010048
2338.0143192 1.03784655761
2338.03475087 1.03825583363
2338.05518254 0.974781066435
2338.07561421 1.00009243623
2338.09604588 1.05606408665
2338.11647755 1.01284084562
2338.13690921 0.995784822843
2338.15734098 1.00765553652
2338.17777255 0.99611264248
2338.19820432 1.00836601352
2338.23906756 0.944824405213
2338.25949932 0.953709126246
2338.27993099 0.981742257883
2338.30036256 0.992956967171
2338.32079433 1.04554602953
2338.341226 0.967721552604
2338.36165756 1.05767898675
2338.38208933 0.974543606157
2338.402521 0.940181863815
2338.44338433 0.970532830849
2338.463816 1.02518069236
2338.48424777 1.02733397476
2338.50467933 1.05025714031
2338.54554277 1.01785667189
2338.56597433 1.0163487322
2338.586406 0.992090526935
2338.60683767 1.00811893175
2338.62726933 1.02822132436
2338.647701 1.02939219852
2338.66813277 1.01693163395
2338.68856433 0.987505064462
2338.708996 1.03404787456
2338.72942776 1.05483611709
2338.74985933 1.00978049541
2338.77029109 0.996344394282
2338.79072276 1.00786065736
2338.81115433 1.02462351403
2338.83158609 1.00340512633
2338.85201776 0.971184896236
2338.87244932 1.0123498862
2338.89288109 0.999453272107
2338.91331275 0.975219461361
2338.93374432 0.999257315807
2338.95417608 1.01774298589
2338.97460775 1.00863368948
2338.99503951 1.02213050269
2339.01547107 1.0179222171
2339.03590274 0.996554067158
2339.0563345 0.999287089029
2339.07676607 0.954118053453
2339.09719773 0.997889995971
2339.1176295 0.970238942111
2339.13806116 0.976740715973
2339.19935615 0.984408170235
2339.21978771 1.01331703395
2339.24021948 0.972295887507
2339.26065114 0.978706950568
2339.28108281 1.00403314582
2339.30151447 0.952653816132
2339.32194603 1.07694879563
2339.34237779 1.00223038673
2339.36280946 0.974069422083
2339.38324102 0.989223117784
2339.40367278 0.998872223248
2339.42410445 0.967450639387
2339.46496777 0.989659712184
2339.48539943 0.996670514037
2339.5058311 1.00005762584
2339.52626276 0.949544586413
2339.54669442 0.95397443944
2339.56712618 1.01821125488
2339.58755774 1.03250031296
2339.60798941 1.01931420621
2339.62842117 0.97926097195
2339.64885273 1.014449307
2339.66928439 1.01521208988
2339.68971615 0.985948088414
2339.71014781 1.0097777191
2339.73057938 1.01034643304
2339.75101114 1.00941778486
2339.7714428 1.00039735727
2339.79187436 1.01274059969
2339.81230612 1.00427204687
2339.83273778 0.975081851682
2339.85316954 0.973209130501
2339.8736011 1.03858451292
2339.91446452 1.01127835112
2339.93489608 1.03113353138
2339.95532775 1.01908765676
2339.97575951 0.992022078335
2339.99619107 1.00858418311
2340.01662273 1.04723630593
2340.03705439 0.990233994172
2340.05748605 0.999628528664
2340.07791771 0.994190294097
2340.09834937 1.00532907468
2340.11878103 1.01533303644
2340.15964445 1.01168241043
2340.18007601 0.999941568999
2340.20050776 0.989464870686
2340.22093942 0.992587058122
2340.24137098 1.01340675685
2340.26180274 0.991665067819
2340.2822344 0.966839333173
2340.30266596 0.971381950824
2340.32309772 0.990674784088
2340.34352938 0.979642468252
2340.36396114 1.00159777655
2340.3843927 1.02875192755
2340.40482436 0.978328122108
2340.42525611 1.0010738656
2340.46611933 0.944855116279
2340.48655109 1.00959686971
2340.50698265 1.02558674452
2340.52741431 0.98359047388
2340.54784606 1.0012086069
2340.56827762 1.03261220704
2340.58870928 0.999063730954
2340.60914104 1.01849287206
2340.6295727 0.993428358782
2340.65000435 1.01556079539
2340.67043601 1.02049108654
2340.69086767 1.00034130196
2340.71129933 0.99647799128
2340.73173098 0.98236369635
2340.75216264 0.981860974741
2340.7725943 1.03587540998
2340.79302596 0.961783555995
2340.81345751 1.00781435306
2340.83388927 0.972283542215
2340.85432093 1.00176199542
2340.87475248 0.98332584311
2340.89518424 1.00148159025
2340.9156159 0.979938290932
2340.93604765 0.990405727634
2340.95647921 0.992671508509
2340.97691087 1.00350343357
2340.99734262 0.988362682621
2341.01777418 1.00574611477
2341.05863759 0.99136671927
2341.07906915 1.04552450936
2341.09950081 1.00737600859
2341.11993256 1.01639408714
2341.14036422 1.02228412793
2341.16079587 0.992222898101
2341.18122753 1.01147951876
2341.20165919 0.991729344592
2341.22209084 1.01809196684
2341.2425225 1.04904757911
2341.26295415 0.989240642745
2341.28338581 1.06170167628
2341.30381746 1.00894515979
2341.32424912 1.00065703089
2341.34468087 0.993474865228
2341.36511243 1.0339698734
2341.38554408 0.988049600773
2341.40597574 0.987742665204
2341.42640739 1.01244183264
2341.44683915 0.997353995356
2341.4672707 1.00335906141
2341.48770236 1.0052754399
2341.50813411 1.00623544949
2341.52856567 0.984683802729
2341.54899732 1.00133900984
2341.56942908 0.971932176007
2341.61029229 0.999869393821
2341.63072404 1.00595220449
2341.6511556 0.991166860475
2341.67158735 1.04567425103
2341.692019 0.99938535535
2341.73288231 0.997194756407
2341.75331397 1.01030152416
2341.77374562 0.98995066306
2341.79417727 0.995754708489
2341.81460893 0.982945665232
2341.83504058 1.00221686379
2341.89633554 0.994526426888
2341.9167673 1.00644880666
2341.93719885 1.02678409182
2341.9576306 0.974284356723
2341.97806226 1.0075111314
2341.99849381 0.997243714523
2342.01892556 1.03217655726
2342.03935722 1.00670424496
2342.05978877 0.988655054997
2342.08022052 0.989854173292
2342.10065218 1.00306530475
2342.12108373 0.992928939784
2342.14151548 1.00350332703
2342.16194713 0.984372882341
2342.18237879 0.999792831494
2342.20281044 1.00761758932
2342.22324209 0.991998801277
2342.24367375 0.971601348763
2342.2641054 1.00600113688
2342.28453705 1.00139797562
2342.3049687 0.977501746785
2342.32540035 1.00509762031
2342.34583201 1.02850142375
2342.36626376 0.996124151461
2342.38669531 1.00758450896
2342.40712696 1.00008785141
2342.42755872 1.0105324273
2342.46842202 0.992582041431
2342.48885367 0.963519191642
2342.50928522 1.0328214178
2342.52971697 1.01587272654
2342.55014863 1.00975551802
2342.57058018 0.993740435808
2342.59101193 0.989524373335
2342.61144358 0.979919842402
2342.63187513 1.026678396
2342.65230688 1.00959603814
2342.67273854 0.987401333347
2342.69317029 1.01027384469
2342.71360184 1.00066947594
2342.73403349 1.00476581696
2342.75446524 0.99541628218
2342.77489679 1.02524333613
2342.8566234 0.964796554103
2342.87705515 0.973269202279
2342.8974867 1.00031339504
2342.91791845 1.01028599578
2342.9383501 1.00303181335
2342.95878165 1.00312559508
2342.9792134 0.94729414545
2342.99964505 0.984420731956
2343.0200766 0.977530575417
2343.04050835 1.03171020069
2343.06094 0.995579033857
2343.08137155 0.999107742336
2343.1018033 0.980216230679
2343.12223495 0.998055985982
2343.1426665 1.02775303752
2343.16309825 1.02772646884
2343.1835299 1.01507854626
2343.20396165 0.947630643097
2343.2243932 0.987235853207
2343.24482485 0.95019867916
2343.2652566 0.997834254716
2343.28568815 0.989320042026
2343.3061198 0.963457671698
2343.32655155 1.0185771127
2343.3469832 0.982210986425
2343.36741475 1.03138019331
2343.3878465 0.970308860628
2343.40827815 0.977335898038
2343.4287098 1.00621308147
2343.44914145 0.969647386729
2343.4695731 0.986267775756
2343.49000485 0.947417674273
2343.5104364 1.0197385615
2343.53086805 0.997193364353
2343.5512997 0.98053218448
2343.57173135 0.99721439249
2343.592163 1.00517798207
2343.61259465 1.00032673921
2343.63302629 1.00187808235
2343.65345804 1.01933620451
2343.67388959 0.987710559389
2343.69432124 1.00555225242
2343.71475299 1.01494495641
2343.73518454 0.978152103941
2343.75561619 1.03427590586
2343.77604794 0.993925091558
2343.79647949 0.996012735561
2343.83734288 0.97942994161
2343.85777453 0.971060681564
2343.87820608 0.982293588296
2343.89863783 0.969417277552
2343.91906948 0.969554640892
2343.93950113 1.00712809436
2343.95993277 1.01814494935
2343.98036442 0.99017161892
2344.00079617 1.01225240612
2344.02122772 1.03160546379
2344.04165937 1.01025867352
2344.06209112 0.984056526357
2344.08252266 1.00976087739
2344.10295431 1.00479908161
2344.12338606 1.00359525103
2344.14381761 1.04532083086
2344.18468101 0.999030401137
2344.20511255 0.983047839451
2344.2255443 0.991957711015
2344.24597595 1.02343178778
2344.2664075 1.01900600698
2344.28683924 1.01285545979
2344.30727079 0.983447416551
2344.32770254 1.00403087861
2344.34813419 0.988277758009
2344.36856574 0.989469311118
2344.38899748 0.982943056184
2344.42986078 0.960297769515
2344.45029243 1.01208554059
2344.47072407 1.01039907277
2344.49115572 0.994107807385
2344.51158737 0.988698492695
2344.53201902 1.04497904548
2344.55245066 0.946836946235
2344.57288241 0.971360537241
2344.59331396 1.00643776027
2344.61374561 0.989461929099
2344.63417735 0.929228172111
2344.6546089 1.0486817716
2344.67504065 0.975393048319
2344.69547229 0.889680525415
2344.71590384 0.96072832801
2344.75676724 0.897187055836
2344.83849382 0.962104868718
2344.85892547 1.02899719296
2344.87935712 0.959545494752
2344.89978886 0.951542355647
2344.92022041 0.95385638463
2344.94065206 0.980286887267
2344.9610837 0.994235317898
2344.98151535 1.02924004653
2345.001947 1.00007233761
2345.02237874 0.949936467229
2345.06324194 1.01855686406
2345.08367368 1.04491109975
2345.10410523 1.05480441855
2345.12453698 1.01275000373
2345.14496862 1.06316693714
2345.16540017 1.02955184726
2345.18583192 1.0155321346
2345.20626356 1.01149353509
2345.22669511 1.02029674317
2345.24712686 1.00297873095
2345.2675585 0.994503862064
2345.28799005 1.06580896004
2345.3084218 1.01154447284
2345.32885344 0.985810026918
2345.34928519 1.05066195126
2345.36971673 1.02324380732
2345.39014838 0.954642856177
2345.41058013 0.977231713262
2345.43101167 0.988251649282
2345.45144332 1.00519124022
2345.47187507 0.966126649796
2345.49230671 0.986746857413
2345.51273826 0.994005756142
2345.53317 0.927927474576
2345.55360165 0.924032768947
2345.5740333 0.905523776703
2345.65575988 0.9104060894
2345.67619153 1.02470633829
2345.69662317 1.02085379276
2345.71705482 0.960213980407
2345.83964469 1.04581587879
2345.86007644 1.07081202471
2345.88050798 1.06175110289
2345.90093963 1.01889321517
2345.92137137 1.03817485594
2345.94180292 1.04979147293
2345.96223457 1.03551861838
2345.98266631 1.02000180121
2346.00309786 0.961864622851
2346.04396125 1.03468358824
2346.06439289 1.06534232312
2346.08482454 0.996893754852
2346.10525618 1.04060828678
2346.12568783 1.06035501966
2346.14611948 1.0013995843
2346.16655112 1.02482019217
2346.20741451 0.951560945536
2346.22784606 1.02770838355
2346.2482777 1.0218600483
2346.28914099 0.9726554346
2346.30957274 1.02482784106
2346.39129932 0.9905468904
2346.41173087 1.01182426084
2346.43216261 0.971626304272
2346.4730258 0.990004778284
2346.55475248 0.982752072148
2346.57518413 0.99321411146
2346.59561577 0.972275951573
2346.61604742 0.993477150798
2346.63647906 1.02564764228
2346.65691071 1.008591072
2346.697774 0.955497407121
2346.82036397 1.04388427494
2346.84079561 1.04752009793
2346.86122716 1.06415792001
2346.8816589 1.00935828246
2346.90209055 1.0094127223
2346.92252209 1.03660554089
2346.94295384 0.986462914517
2346.96338548 1.03590051639
2346.98381723 0.968000644678
2347.00424877 1.00646451194
2347.02468042 0.988228646674
2347.04511206 0.950547659081
2347.06554371 0.980778528243
2347.08597535 0.966038477989
2347.1064071 1.02685425695
2347.12683864 1.00868974551
2347.14727029 0.975100202611
2347.16770193 0.993409411709
2347.18813358 0.951368336912
2347.31072345 1.0172109418
2347.33115519 1.0592506077
2347.41288177 1.02044033847
2347.57633493 0.975204734026
2347.59676658 0.969970033432
2347.61719832 0.987431565507
2347.63762987 0.994860626401
2347.65806161 1.03732619068
2347.6989249 0.94666507191
2347.71935654 1.07601564278
2347.76021983 0.983467682381
2347.78065148 1.03646832034
2347.80108312 1.02047130241
2347.84194641 1.01871440976
2347.8828098 1.02658861856
2347.90324135 1.00932449612
2347.92367299 1.03436351876
2347.94410474 0.946127480166
2347.96453628 1.02106512958
2348.00539967 1.00733805743
2348.02583122 0.983590096569
2348.04626286 1.02699182334
2348.08712615 0.982525665757
2348.1075579 1.01991662575
2348.12798954 0.985523499679
2348.14842109 0.99380100827
2348.16885283 1.05266766193
2348.18928448 1.0046723255
2348.27101106 1.04305529288
2348.2914427 0.976222572488
2348.31187435 0.970094578411
2348.35273774 1.03127823675
2348.39360103 0.941072448933
2348.41403267 1.00335487619
2348.43446422 0.950103885732
2348.45489596 1.01994997867
2348.5161909 0.97087419066
2348.53662244 0.989209128349
2348.55705419 1.00493290515
2348.57748583 0.933270184934
2348.59791738 1.01668714014
2348.61834912 1.03686810301
2348.63878077 1.01454275266
2348.65921231 0.987614712897
2348.78180238 0.985143359485
2348.80223393 0.980175294478
2348.82266557 1.05218273286
2348.86352886 0.945497090602
2348.90439226 0.929819957784
2348.9248239 0.976415519549
2348.94525555 0.874314161671
2348.98611884 0.993463696877
2349.00655048 0.999377527841
2349.02698213 0.979558705316
2349.04741377 0.994926485346
2349.06784552 0.988187775211
2349.08827706 0.978343047042
2349.10870871 0.98668297468
2349.12914045 0.951912361834
2349.149572 0.948660093502
2349.27216187 0.956087209624
2349.29259362 1.00892913882
2349.31302516 0.966263819035
2349.33345681 0.943072356534
2349.35388856 1.04694413031
2349.3743201 0.981195470509
2349.39475185 1.03127581644
2349.41518349 0.917887724091
2349.49691008 1.04589077339
2349.51734172 1.04234075797
2349.53777337 1.02526986448
2349.55820501 0.993983463914
2349.57863676 1.01992300395
2349.5990683 1.0057158084
2349.61950005 1.03760819728
2349.6399317 0.994865220724
2349.66036324 0.98868131682
2349.76252157 1.01348188815
2349.78295332 1.03483159812
2349.80338486 1.07351350536
2349.82381651 1.01582845894
2349.84424826 1.01811196175
2349.8646798 1.03429763544
2349.88511145 1.01375612069
2349.90554309 1.03012458718
2349.92597474 1.01808146924
2349.94640639 0.963030105074
2349.96683803 0.986799574487
2349.98726968 0.917357536881
2350.00770143 0.986185580255
2350.02813297 0.965708958938
2350.04856462 0.968834524719
2350.06899636 1.005620367
2350.15072295 0.983375651237
2350.23244964 1.03841431575
2350.25288118 1.0406743503
2350.27331283 0.971523998047
2350.29374458 1.0098053466
2350.31417612 1.0176341056
2350.33460777 0.966238829801
2350.35503952 0.97768714766
2350.37547106 0.937035233499
2350.49806095 1.00793365791
2350.51849269 1.05290931708
2350.53892434 0.987863640967
2350.55935599 1.03062824515
2350.57978763 1.01012088304
2350.60021928 0.990734269216
2350.62065093 1.04644756566
2350.64108257 1.03626060227
2350.66151422 1.01353288865
2350.68194587 1.016907144
2350.70237752 1.07431348291
2350.72280916 1.07138932916
2350.74324091 1.0443135827
2350.76367246 1.03553792917
2350.78410421 0.990565773419
2350.80453585 1.00688416735
2350.8249674 1.00651697359
2350.84539915 1.0382991382
2350.8658308 0.981191640106
2350.98842068 1.00202559229
2351.00885243 1.01929312633
2351.02928398 0.994785073382
2351.04971563 0.998558260612
2351.07014737 0.928825372133
2351.09057892 0.932064077686
2351.11101057 0.885397225773
2351.23360056 1.06482485473
2351.25403221 0.966888034047
2351.27446375 1.06618224273
2351.2948955 1.01964980537
2351.31532715 0.989310434954
2351.3357588 1.00129937854
2351.35619045 0.989306851033
2351.3766221 0.906580879588
2351.45834879 1.06979271563
2351.47878034 1.02006279433
2351.49921199 1.04296478938
2351.51964374 1.03020915936
2351.56050693 0.996917500368
2351.58093868 1.05647669416
2351.60137023 0.933756166923
2351.74439188 1.01628831037
2351.76482352 1.00926790785
2351.78525527 0.991075247241
2351.80568682 0.996814631477
2351.82611847 1.0392867261
2351.84655022 1.0738985631
2351.86698187 1.0015482111
2351.88741342 0.972344152269
2351.90784517 0.962580905077
2351.92827682 1.00299098173
2351.94870837 0.962305614137
2351.96914012 0.98244784035
2351.98957177 1.03367243383
2352.01000342 0.984472715963
2352.03043507 0.968451538197
2352.05086662 1.05789291277
2352.07129837 0.946322317744
2352.09173002 0.950557958355
2352.11216157 0.941564107315
2352.13259332 0.857797270986
2352.17345672 1.02414607876
2352.19388827 0.967576201738
2352.21431992 0.962504171593
2352.23475167 1.02138391817
2352.25518322 0.987424405716
2352.27561487 1.02577761117
2352.29604662 1.04181806768
2352.31647817 1.00120206205
2352.33690982 0.960402765281
2352.35734157 1.07193638845
2352.37777322 1.00401071296
2352.41863652 0.967979330148
2352.43906818 1.05620322091
2352.50036313 1.00211037527
2352.52079478 1.02464972732
2352.54122643 1.00148434496
2352.56165818 1.02035050442
2352.58208983 0.994144164663
2352.60252138 0.870602120964
2352.62295314 1.01841599817
2352.66381634 1.02829610582
2352.68424809 1.0074021962
2352.70467964 1.00037245654
2352.74554304 1.00668871414
2352.7659746 0.942128073688
2352.78640635 1.01121395469
2352.806838 0.939828308855
2352.97029122 0.995171530595
2352.99072287 0.970492003249
2353.01115462 0.986873572184
2353.03158617 1.05559534652
2353.05201782 0.997293794888
2353.07244958 1.05196757778
2353.09288123 0.97251033176
2353.11331288 0.99215657249
2353.13374453 1.02252190905
2353.17460784 1.03164048779
2353.19503949 1.02833659071
2353.21547115 1.03788952187
2353.2359029 0.974329721346
2353.25633445 0.990391399272
2353.2767661 0.995751737534
2353.29719786 0.99728707007
2353.31762941 1.02232931819
2353.33806116 1.00116418327
2353.35849282 1.04364420478
2353.39935612 1.02880991711
2353.41978768 1.00975432952
2353.44021933 0.99247591296
2353.46065109 1.04637476213
2353.50151439 0.938949388256
2353.52194605 1.05960702802
2353.5423776 0.947906198853
2353.72626269 1.01481303212
2353.74669434 1.01138456509
2353.7671259 1.019092329
2353.78755765 1.00197618159
2353.80798931 0.995918487092
2353.84885262 0.978989103491
2353.86928427 1.05105990814
2353.88971603 0.990402810786
2353.91014758 0.985617318817
2353.93057924 0.941902674418
2353.95101099 0.978849722604
2353.97144255 1.00405072646
2353.9918742 0.943832330765
2354.01230596 0.941766005848
2354.03273751 0.98401225563
2354.05316927 0.947451647928
2354.07360082 0.997426930918
2354.09403248 0.936135546728
2354.13489579 0.980248858322
2354.15532745 0.968156203371
2354.1757592 0.965046853931
2354.19619076 1.02935069415
2354.23705417 0.952333144446
2354.29834914 1.0071288122
2354.31878079 0.916478832644
2354.40050752 1.00185569788
2354.42093908 1.02824657129
2354.44137083 0.980075430085
2354.46180249 0.993813193581
2354.48223405 1.01752332089
2354.5026658 0.998011453139
2354.52309746 1.027053838
2354.54352902 0.997413705138
2354.56396078 0.955556652788
2354.58439243 0.987325066492
2354.62525575 1.00858158241
2354.64568741 1.05323744824
2354.66611906 1.03165924547
2354.70698238 0.970623559948
2354.72741404 1.05312415689
2354.74784569 1.04348266631
2354.76827735 1.00493787212
2354.78870901 1.03637573822
2354.80914067 0.951229190556
2354.82957243 0.9386348344
2354.8908674 1.02312660188
2354.93173062 1.02464452459
2354.95216238 0.892995008978
2354.97259404 0.93555448638
2354.9930257 0.987936979946
2355.01345735 1.00835434461
2355.03388901 0.9271034133
2355.15647907 1.07437616955
2355.17691073 1.02910579113
2355.19734229 1.06480750013
2355.21777405 1.05180078908
2355.23820571 1.00463613213
2355.25863727 0.966949336366
2355.27906903 1.01267518051
2355.31993225 0.932834703817
2355.36079567 1.05812609705
2355.38122743 0.998119067418
2355.40165899 1.03089384689
2355.42209065 1.03169591834
2355.44252231 1.00897754206
2355.46295397 0.945761800576
2355.48338563 0.973791144104
2355.50381729 0.996547094227
2355.68770234 0.974625127763
2355.708134 1.02511164688
2355.72856567 0.974168147113
2355.74899733 0.992007103243
2355.91245062 1.05059303614
2355.95331405 0.994750107842
2355.97374561 1.03959948181
2355.99417738 1.01779304971
2356.01460904 0.965452624619
2356.0350407 1.02605444143
2356.05547236 1.00320626984
2356.07590403 0.98464122745
2356.09633569 0.995585814364
2356.11676735 1.04572828165
2356.13719902 0.970745891139
2356.15763068 1.04279614679
2356.17806235 0.976960768877
2356.19849401 0.931789676532
2356.21892567 0.950280072018
2356.23935734 0.931928532223
2356.2597891 0.937328508285
2356.28022076 1.02494953555
2356.36194732 1.02010760155
2356.38237909 0.995281501103
2356.40281075 1.01525971837
2356.42324232 0.9626038744
2356.44367408 0.939144988812
2356.46410575 0.969046689596
2356.48453751 1.00873568643
2356.64799083 1.00220203661
2356.6684225 0.973984227016
2356.68885407 1.02143282539
2356.70928583 1.01135946095
2356.7297175 0.976473176693
2356.75014916 0.971348913233
2356.77058083 0.990129609558
2356.7910125 1.00899533271
2356.83187583 1.00109436606
2356.8523075 0.990091316565
2356.9136025 1.00672235409
2356.93403426 0.973311552089
2356.95446583 0.983515295663
2356.9748975 1.03352069383
2357.13835084 1.02577528589
2357.15878261 0.9680364015
2357.19964605 0.992544220426
2357.22007761 1.00962384592
2357.24050928 1.01963548862
2357.26094105 0.9928378106
2357.34266763 0.984051165231
2357.3630994 0.972895123603
2357.38353107 0.980412685402
2357.40396274 1.01271000529
2357.42439441 0.956724952045
2357.44482607 1.00116924106
2357.50612108 1.0568215788
2357.52655265 0.942748104409
2357.58784776 0.966983561445
2357.60827944 1.00984109284
2357.62871111 0.968789281893
2357.64914288 1.0279621521
2357.66957445 1.04452727794
2357.69000612 1.04202847976
2357.71043789 1.04056710754
2357.73086946 1.02986768946
2357.75130123 0.954566688721
2357.7717329 0.96106557617
2357.81259625 1.03131481709
2357.83302792 0.998611338217
2357.85345949 1.0251149256
2357.87389126 1.06628002121
2357.89432293 0.998979336281
2357.9147547 1.00015872562
2357.93518628 0.965241551999
2357.95561795 0.961270264733
2357.97604972 0.957476734646
2357.99648129 1.02078683213
2358.07820808 1.04896855935
2358.09863976 0.981113134732
2358.11907143 1.00964368658
2358.1395031 1.01510612578
2358.15993478 1.01247094834
2358.18036635 1.00576303397
2358.2212298 0.97890447592
2358.24166137 0.909004479581
2358.32338817 0.992310562265
2358.34381984 0.979980375349
2358.36425162 0.993649815871
2358.38468319 0.981026892837
2358.40511487 0.982823391497
2358.46640999 0.970389059442
2358.48684167 1.020693163
2358.56856827 1.00854335776
2358.58900004 1.00516252388
2358.60943172 1.02967239539
2358.62986349 1.03106655413
2358.65029507 1.00049698806
2358.67072675 0.998053383759
2358.73202178 0.983858836684
2358.81374858 0.988567169636
2358.83418016 0.989975237915
2358.85461194 1.00919739424
2358.87504361 0.992825175776
2358.89547519 0.97277562398
2358.91590697 0.969916787969
2358.93633865 1.00975754971
2358.95677022 0.957251126791
2358.977202 1.02061417165
2359.05892872 0.995970531583
2359.07936049 0.997990308866
2359.09979207 1.03128672292
2359.12022375 0.999084777212
2359.14065553 1.02046099025
2359.16108711 0.997014957198
2359.18151889 0.997583103165
2359.20195057 0.968450443489
2359.22238215 0.942653876703
2359.24281393 0.98520427014
2359.28367729 1.02429913736
2359.30410897 0.968855286205
2359.32454065 1.06526326688
2359.34497233 0.997178496783
2359.36540401 1.04189208467
2359.38583569 0.912519065216
2359.42669915 0.917033000812
2359.5901526 1.03024875432
2359.61058418 0.98747583923
2359.63101596 1.01311897159
2359.65144764 0.983747195881
2359.67187922 1.0135681974
2359.692311 0.976603930877
2359.71274269 1.07109285167
2359.73317447 1.06510126314
2359.75360605 0.993079628156
2359.77403773 0.952514212505
2359.79446952 1.03523282435
2359.8149011 1.00018553747
2359.83533278 0.98201474888
2359.85576457 1.02806628252
2359.87619615 1.06799941046
2359.91705962 1.06140278743
2359.9374913 0.914481840715
2359.95792298 1.06009539158
2359.97835467 0.990720654388
2360.01921804 1.03980337507
2360.10094477 1.02963183946
2360.12137656 1.05718499439
2360.14180824 0.944219842628
2360.16223983 0.927157687353
2360.26439826 1.01497549118
2360.28483004 1.00018799194
2360.30526173 1.06126091184
2360.32569332 1.04501909456
2360.3461251 1.0184916574
2360.36655679 0.995765714273
2360.38698837 1.01472723964
2360.40742016 1.01008866929
2360.42785185 0.986309896048
2360.44828363 1.01859389314
2360.57087376 1.01424583695
2360.59130545 1.01135436088
2360.69346389 1.01846967239
2360.71389558 0.995042968981
2360.73432737 1.00592368258
2360.75475896 0.958707198765
2360.77519064 0.982011965973
2360.79562233 1.02400871744
2360.81605402 1.00218303706
2360.83648581 1.03141488065
2360.8569175 1.03338332654
2360.87734909 0.892496501766
2360.89778088 0.901564616098
2361.06123441 0.999700958312
2361.0816661 1.06307576288
2361.12252948 0.996801591451
2361.14296117 1.01772387724
2361.16339296 1.00400383387
2361.18382456 0.984880037452
2361.26555132 0.946764740087
2361.28598312 1.01050258354
2361.30641481 0.906568785517
2361.3268465 0.933337374075
2361.3472782 0.880939065358
2361.36770989 0.973759237349
2361.38814158 0.856675361889
2361.59245852 1.03072730245
2361.65375361 0.959688734299
2361.6741854 0.970090744913
2361.694617 0.978886413515
2361.73548049 0.959370006201
2361.75591209 0.988365164802
2361.77634388 1.01019800428
2361.81720727 0.967559454106
2361.89893406 1.00848132843
2361.93979756 0.878128037975
2361.98066085 0.985773279346
2362.04195604 0.95520412008
2362.10325124 0.982217924492
2362.12368284 1.05440506546
2362.14411454 1.0020017772
2362.18497793 0.973876060243
2362.22584133 0.981006209122
2362.28713643 1.00869591788
2362.30756813 0.933618088093
2362.32799993 0.992388091453
2362.34843153 0.994648740446
2362.36886333 1.00473784181
2362.51188524 1.02928256612
2362.53231694 1.02863220252
2362.55274864 1.01010395623
2362.57318034 0.987827302313
2362.59361215 0.999719628383
2362.63447545 0.99005381254
2362.75706587 1.01161661783
2362.77749747 1.01644024884
2362.83879258 1.00486574092
2362.85922429 0.985376288834
2362.87965609 0.991381997307
2362.9000877 0.991690301077
2362.9205195 0.962893371015
2362.94095111 0.982895011014
2362.96138281 1.06523146591
2363.00224622 0.93381474502
2363.02267793 0.96565468
2363.04310973 0.958644663507
2363.06354134 0.979737124934
2363.08397314 0.930095401734
2363.10440485 0.876281138482
2363.28829021 0.980019307675
2363.30872202 0.956968987158
2363.32915373 0.962483653753
2363.5130391 0.977386061011
2363.53347091 0.975990884374
2363.55390252 0.980707900374
2363.57433423 0.986703836709
2363.59476594 0.971802610398
2363.61519765 1.01502649877
2363.63562946 0.995509153902
2363.67649278 1.01909152634
2363.69692459 1.02893071203
2363.71735621 1.03245955841
2363.73778792 1.01165064022
2363.75821973 1.01522999899
2363.77865144 0.995663576785
2363.81951486 0.969650365318
2363.83994657 0.978752826117
2363.86037829 1.02919293135
2363.88081 0.999317119305
2363.96253695 1.01585806984
2363.98296866 1.04779739383
2364.00340028 1.01420495484
2364.02383209 0.993079960189
2364.0442638 1.00815722166
2364.06469542 1.02342834855
2364.08512723 0.997418120157
2364.10555894 0.964210580869
2364.12599076 0.952656769242
2364.14642237 1.01277411155
2364.16685409 0.928183767108
2364.1872858 0.924096250882
2364.20771752 0.991491041455
2364.22814923 0.995373852243
2364.24858095 1.03130411771
2364.26901266 0.99514398606
2364.28944448 0.984726310259
2364.3098761 1.03509544282
2364.33030781 1.00231384369
2364.35073963 1.00450219049
2364.37117124 0.924727187615
2364.39160296 0.855778618172
2364.43246639 1.02151931042
2364.45289811 0.983563637975
2364.47332993 0.983324011949
2364.49376165 1.02401826201
2364.51419336 1.05359656434
2364.53462508 0.971208219692
2364.5550568 0.974680733263
2364.57548852 0.98917998774
2364.61635195 0.938210344895
2364.63678377 0.961058766773
2364.67764721 0.993630137126
2364.71851055 0.930248228802
2364.73894237 0.974549142403
2364.75937409 1.05788967984
2364.77980571 0.996365336946
2364.80023753 1.00566833342
2364.82066925 0.996021750894
2364.98412301 1.02111883312
2365.00455484 1.00805204206
2365.02498646 1.00283571721
2365.04541818 1.0517357438
2365.06585 0.965813465319
2365.10671335 0.95489417722
2365.18844034 1.01717422894
2365.20887206 1.04671739156
2365.22930379 1.04684921723
2365.24973551 0.987161165827
2365.27016724 1.03405674174
2365.29059906 1.03022247879
2365.31103068 1.02780647034
2365.33146251 0.999114955353
2365.37232586 1.02005676311
2365.41318941 0.958270652837
2365.43362103 0.992540782338
2365.45405286 1.0076509151
2365.47448459 0.964147881317
2365.49491621 1.06200180093
2365.51534804 1.02797891439
2365.53577977 0.995864888438
2365.55621159 1.04102090365
2365.71966541 0.996201880352
2365.74009704 0.994557997306
2365.76052877 1.01491243043
2365.7809606 1.02409659314
2365.80139233 0.99002389007
2365.82182396 1.02493708442
2365.86268751 1.0005650354
2365.88311924 1.04700982805
2365.90355097 1.01837630739
2365.9239827 1.0063340961
2365.94441453 1.05249615624
2365.96484616 0.956835317626
2365.98527789 0.94412984946
2366.00570973 1.0211646277
2366.02614136 0.983517756736
2366.04657319 1.00823846793
2366.06700492 0.92754036859
2366.21002704 1.02859813599
2366.23045878 0.973623096455
2366.25089051 0.950714604645
2366.29175398 0.95535655059
2366.31218571 0.995226968675
2366.33261744 0.962567798461
2366.35304918 0.946855268427
2366.39391265 1.03298426865
2366.41434438 1.05076589451
2366.43477622 1.00012161586
2366.45520785 0.994834627701
2366.47563959 0.99651127275
2366.49607142 0.992821418052
2366.51650316 1.04029386924
2366.53693489 1.00060015278
2366.55736663 0.991867126437
2366.57779836 1.04772733362
2366.5982302 0.98435956678
2366.61866184 0.958875084046
2366.63909357 0.927368894979
2366.65952541 0.97362713423
2366.67995705 0.940866467223
2366.70038889 1.01197777012
2366.72082062 1.00153588483
2366.74125226 0.926654059108
2366.7616841 0.917592150871
2366.78211584 0.822306188933
2366.80254747 0.935675276588
2366.92513811 0.991687928869
2366.94556975 0.946454870087
2366.96600149 0.942312005438
2366.98643323 1.01343942928
2367.00686497 0.976259264463
2367.19075064 1.00760355458
2367.21118248 1.02562966624
2367.23161422 0.992888619479
2367.25204597 1.03157251409
2367.27247771 1.01319766395
2367.29290945 1.0015226394
2367.3133413 0.968982491346
2367.33377294 1.03960888968
2367.39506817 1.0373986343
2367.41550002 1.02550798625
2367.43593176 0.993304766729
2367.4563634 1.00719806249
2367.47679525 1.05006931455
2367.49722699 0.996356762837
2367.51765864 1.04493310524
2367.53809049 1.05377172873
2367.55852223 1.04023730851
2367.57895398 1.01668147094
2367.59938572 1.02864238591
2367.61981747 1.03300028808
2367.64024922 0.976860400657
2367.66068096 0.943926122058
2367.68111271 1.0166237604
2367.70154446 0.997278039398
2367.7628397 0.949318757787
2367.92629379 0.98089085211
2367.94672554 0.979924654756
2367.96715739 1.00923572063
2367.98758904 1.0008721545
2368.00802079 1.05933422562
2368.02845264 1.00236569685
2368.04888429 1.03813600778
2368.06931614 0.918203483556
2368.08974789 0.999821685208
2368.11017954 0.933332255175
2368.15104314 0.959921591613
2368.1714748 1.0477823905
2368.19190665 0.93965249299
2368.2123384 1.01420048981
2368.23277015 1.06808148373
2368.25320191 0.950826174074
2368.27363366 0.898589794089
2368.39622428 1.03601902925
2368.41665594 1.01067052215
2368.45751955 1.04892664968
2368.4779513 0.963524978986
2368.49838296 1.02092447726
2368.66183711 0.970226363696
2368.68226896 0.941572444996
2368.70270062 0.902735077455
2368.72313238 0.981078098219
2368.74356424 1.0022484381
2368.88658645 1.01739032715
2368.90701831 0.995499281796
2368.92745007 0.997807558731
2368.94788193 0.992773179744
2368.96831359 0.978686106416
2368.98874535 1.00091102247
2369.00917711 1.00332968677
2369.02960887 1.01599482621
2369.05004063 0.988553299866
2369.07047239 1.04920351661
2369.09090415 0.960449140177
2369.11133601 0.958730475472
2369.13176767 0.99537459911
2369.15219944 0.958675448127
2369.1726313 1.05333730971
2369.19306306 0.954866491501
2369.21349472 0.968386100927
2369.23392659 1.03012644042
2369.25435835 0.924350420867
2369.27479011 0.889397616015
2369.29522188 0.899716820616
2369.35651717 1.02466463655
2369.37694894 1.00112123082
2369.3973808 0.961703386033
2369.41781247 0.973015864187
2369.43824433 1.01350372006
2369.4586761 1.00585321665
2369.47910776 1.00548884376
2369.49953963 1.02310430109
2369.51997139 0.974862001643
2369.54040306 1.05715678186
2369.58126669 1.04126500563
2369.60169846 1.00203808268
2369.642562 1.03835190336
2369.66299376 0.993029615755
2369.68342553 1.03524884019
2369.7038573 1.00084272789
2369.72428907 0.906344436617
2369.74472084 1.0156054728
2369.7651527 1.01502225219
2369.78558437 1.00182901724
2369.82644801 1.06989344038
2369.84687978 0.998219925832
2369.86731145 1.00522568793
2369.88774332 1.02392109086
2369.90817509 1.03472192807
2369.92860686 0.991401403388
2369.94903863 1.01213956947
2369.96947041 0.946291238074
2369.98990228 1.03154566818
2370.01033395 0.930117874316
2370.09206104 1.02548513137
2370.11249291 1.00133384042
2370.13292458 1.0236208042
2370.15335646 0.986090617716
2370.17378823 1.00950286757
2370.1942199 1.0597825621
2370.21465178 0.982591557379
2370.23508355 1.05832777569
2370.25551532 1.00675535492
2370.2759471 1.01446713344
2370.29637887 0.982138163873
2370.31681075 1.02347269189
2370.33724242 0.953754568171
2370.3576742 0.946510602785
2370.37810597 1.03149158611
2370.39853775 0.961331672707
2370.41896953 0.942714574618
2370.4394013 0.988504841569
2370.50069673 0.930540805092
2370.52112841 0.814950662557
2370.56199207 1.05316853034
2370.58242374 1.00439485051
2370.60285562 0.989960888362
2370.6232874 0.975581025837
2370.64371928 1.04060595224
2370.66415096 1.01220954773
2370.68458274 0.981294118726
2370.70501462 1.0494245355
2370.86846886 1.06768416247
2370.88890064 0.954992672538
2370.90933232 0.985297369688
2370.92976421 1.00232871923
2370.95019599 0.993024065008
2370.97062777 0.987576542489
2370.99105955 0.97244244761
2371.01149134 0.953386297624
2371.0523549 1.01409890535
2371.07278669 1.06062319852
2371.09321847 0.976609378828
2371.11365025 0.977839892204
2371.13408214 1.03719800221
2371.15451382 0.981285325917
2371.17494561 0.995532994632
2371.19537749 0.992441806952
2371.21580928 0.981558856654
2371.23624096 0.975078591738
2371.25667285 0.899376649786
2371.29753652 1.0132007345
2371.31796821 1.00236563143
2371.33839999 1.0138002131
2371.35883188 1.00199150857
2371.37926357 0.995105160882
2371.39969536 1.00305406194
2371.42012724 1.0362574535
2371.44055893 0.993937270351
2371.46099082 0.98885054985
2371.48142261 1.0477747658
2371.52228616 1.02164380186
2371.54271795 1.00844631947
2371.56314964 0.881288218639
2371.58358153 1.03216843884
2371.60401332 1.00539260128
2371.62444521 0.99821006634
2371.6448769 1.01390176675
2371.66530869 1.05250811938
2371.68574058 0.984982230275
2371.70617227 1.02197700919
2371.72660406 0.995146985403
2371.74703595 0.948468442209
2371.78789944 1.01262575533
2371.80833133 1.01828895397
2371.84919492 1.0178615117
2371.86962671 0.94830761441
2371.8900585 1.01402788688
2371.91049039 0.976851959569
2371.93092209 1.02724351886
2371.95135388 0.995860742593
2371.97178578 1.00589094683
2371.99221747 0.965500185041
2372.03308116 0.996522516014
2372.05351286 1.04151609611
2372.07394475 0.963775849313
2372.11480824 0.998390156342
2372.13524014 0.991424611317
2372.27826272 0.989301185276
2372.29869452 1.03475018155
2372.31912632 1.00026948141
2372.33955822 1.04475965365
2372.35998991 0.952647377773
2372.38042171 1.02017034737
2372.40085361 1.00745002757
2372.42128541 1.00186101241
2372.46214901 0.95872085436
2372.48258081 1.03242058317
2372.50301261 0.95812545974
2372.52344441 0.965404354722
2372.54387622 1.01082929812
2372.56430802 0.993055054078
2372.58473982 0.978039311252
2372.60517162 1.01036798743
2372.62560352 0.99822687029
2372.82992156 1.01734959492
2372.85035336 0.994985306281
2372.87078507 1.04148809944
2372.89121698 0.987850097337
2372.91164878 0.998885838045
2372.93208049 0.997971791463
2372.9729442 0.984827745444
2373.01380781 1.05023533228
2373.03423962 1.03706274634
2373.07510334 1.06377537302
2373.09553504 0.960882540826
2373.11596695 1.02637246054
2373.13639876 0.96831772672
2373.34071686 1.01560363413
2373.36114867 0.993628154593
2373.38158058 0.982750603928
2373.4020123 1.00876540252
2373.42244411 1.02348181764
2373.44287602 1.01592066907
2373.46330773 0.991873569305
2373.48373965 0.992853036142
2373.52460317 0.997561211095
2373.5654669 0.972510230766
2373.58589861 1.03860632762
2373.60633053 1.02762939944
2373.62676234 0.980210261513
2373.64719426 1.0186341368
2373.66762597 1.00822669053
2373.72892142 0.963861797159
2373.74935324 0.951321442098
2373.76978515 0.906580165526
2373.79021697 0.961141382996
2373.81064869 0.953274283089
2373.83108061 0.93145370847
2373.87194424 0.977491242545
2373.89237606 0.956028705751
2373.91280788 0.938985943514
2373.9332398 0.86820599704
2373.95367152 0.899269477727
2374.01496697 0.986973256813
2374.03539889 0.96671674761
2374.05583061 0.989316566953
2374.11712608 0.978472892284
2374.1375579 0.955511000379
2374.30101258 1.01818935188
2374.3214444 1.0042982638
2374.34187623 1.0104231713
2374.36230815 1.00873084133
2374.38273988 1.01075863545
2374.4031717 0.998113744174
2374.42360363 0.998738273829
2374.44403545 1.00610498505
2374.4848991 1.0094255701
2374.50533093 0.963821181589
2374.52576276 0.982363804251
2374.54619458 1.02288789113
2374.56662641 0.991796689881
2374.58705834 1.00062597963
2374.60749006 1.01817106547
2374.62792189 0.963614062483
2374.64835382 1.01339922298
2374.66878555 0.992190908668
2374.68921748 0.989212000197
2374.73008103 1.04074662902
2374.75051296 0.976361507124
2374.77094469 1.02033907403
2374.79137652 1.04160276652
2374.81180845 0.982685607157
2374.83224018 1.01759893152
2374.91396761 0.979218314246
2374.93439944 0.928445692811
2374.97526311 1.02077939923
2374.99569494 1.04482186068
2375.01612687 0.99448961464
2375.0365586 0.974850965045
2375.05699044 1.02278934473
2375.07742237 0.978081866958
2375.09785421 0.960631797468
2375.11828604 0.967892904897
2375.30217266 0.99082689785
2375.3226044 0.995703355331
2375.34303634 1.02241356263
2375.36346807 0.998462696694
2375.38389991 1.04673599113
2375.40433185 1.03935187657
2375.42476369 1.03760000012
2375.44519553 1.03693711625
2375.46562737 0.965669986056
2375.48605911 0.998517509004
2375.50649104 1.05241904481
2375.52692288 1.06975886318
2375.56778657 0.92063156575
2375.60865035 1.01716335156
2375.62908209 0.982861954096
2375.75167314 0.999661821541
2375.77210508 0.992050668996
2375.79253693 1.05264849809
2375.81296877 1.01209919223
2375.83340062 1.00035777357
2375.85383246 0.984268801686
2375.87426431 1.06529294263
2375.89469625 0.988456098743
2375.915128 0.984744971449
2375.95599179 1.04057540798
2375.97642353 0.998256605586
2375.99685548 1.0438570941
2376.03771907 1.02090279118
2376.07858277 0.974473433611
2376.09901461 0.971003276218
2376.11944656 0.995312268078
2376.13987831 0.94920982145
2376.22160581 0.998132319702
2376.24203766 0.995762855178
2376.26246941 1.0108980534
2376.28290136 1.06097332457
2376.30333321 1.04216440073
2376.32376516 1.04389311672
2376.40549247 1.01546139796
2376.44635627 0.986316204606
2376.46678812 1.0126414505
2376.48721998 0.939238137089
2376.50765183 0.965213158096
2376.52808368 0.862214627856
2376.54851554 0.914543881444
2376.56894739 0.906676612408
2376.58937925 0.882810432046
2376.77326605 1.04675630423
2376.79369781 1.00782366664
2376.83456162 1.01360959907
2376.85499338 1.01062580931
2376.87542534 0.968902809795
2376.8958572 0.930863234411
2376.93672092 1.07406598462
2376.95715278 0.972631415769
2376.97758474 1.02325125232
2376.9980165 1.02477760427
2377.01844836 0.944746594488
2377.03888032 0.988203816508
2377.07974394 0.979989728845
2377.24319895 0.986924977176
2377.26363091 0.996406995211
2377.28406268 0.987607259643
2377.30449464 1.00304551477
2377.32492651 1.00458695103
2377.34535827 1.05522819313
2377.36579024 1.00078471116
2377.3862221 0.979739429378
2377.40665387 1.0368908269
2377.42708584 0.990623371692
2377.4475176 0.981883550412
2377.46794957 0.998281667203
2377.48838144 1.01644720754
2377.5088132 1.03807224721
2377.52924517 0.982584131302
2377.54967704 1.01287583437
2377.57010881 0.878120702016
2377.59054078 0.92552600075
2377.61097265 0.968589277037
2377.713132 1.00394154998
2377.73356387 0.964259469817
2377.75399584 1.00147523541
2377.81529146 1.00097171678
2377.97874654 0.995162413501
2377.99917832 1.01639202317
2378.0196103 1.00746074974
2378.04004217 1.02530246169
2378.06047395 0.996222788159
2378.08090592 1.02187512534
2378.12176968 1.072490434
2378.14220155 0.991162678592
2378.16263333 1.00177162356
2378.18306531 1.02360583134
2378.20349719 1.00272164195
2378.22392896 1.00163455156
2378.24436094 1.04973193763
2378.26479282 1.00067467032
2378.2852248 0.963031838416
2378.30565658 0.90427855746
2378.32608846 0.948112677325
2378.44867984 1.00552409407
2378.46911173 1.03148479186
2378.48954361 1.02690967664
2378.53040737 1.01556323279
2378.55083926 1.01919283747
2378.57127114 0.977322955274
2378.59170302 0.975559101657
2378.61213501 0.996779586938
2378.65299868 0.9795652599
2378.67343066 0.968904510823
2378.71429433 0.985396297056
2378.73472632 0.971857416127
2378.7551581 0.995748218612
2378.77559009 1.01061735515
2378.93904529 1.06154739113
2378.95947708 1.03211247854
2378.97990897 1.03995528701
2379.00034096 1.01495604565
2379.04120464 0.978055626214
2379.06163663 0.96873781628
2379.10250042 0.94241102411
2379.1433642 1.05078890723
2379.16379609 0.969285121883
2379.18422799 0.992860031415
2379.20465988 1.06073240121
2379.22509177 1.01759835709
2379.24552367 1.01980496803
2379.26595566 0.976275017522
2379.28638755 0.960890258817
2379.30681935 0.994683509121
2379.32725134 1.00327494529
2379.34768324 0.965874095942
2379.36811503 0.970859400022
2379.38854703 0.996404575552
2379.40897893 0.986200931879
2379.42941072 1.0275344042
2379.44984272 0.93310707744
2379.47027452 0.938529665014
2379.49070651 1.03230503215
2379.51113841 1.02224913778
2379.53157021 0.954273708095
2379.55200221 0.932797944244
2379.57243411 0.974414587146
2379.6541618 1.02014405678
2379.6950255 0.950301042066
2379.71545751 1.00133443854
2379.73588931 0.968165892598
2379.75632121 1.00540571208
2379.77675321 0.998605928732
2379.79718511 0.960176501443
2379.94020854 0.96453821314
2379.96064034 1.01635612238
2379.98107234 1.00694451099
2380.00150425 1.02962842301
2380.06279997 1.01510008922
2380.1445276 1.01033191779
2380.1649595 1.05028992954
2380.18539131 1.05135416779
2380.20582332 0.934147993599
2380.22625523 1.05701001425
2380.24668704 0.933828027495
2380.26711905 1.01424940963
2380.28755096 1.03691506999
2380.30798297 1.02296259369
2380.38971051 1.02122435129
2380.41014242 0.982157978132
2380.43057443 0.971410533846
2380.45100625 1.00121867433
2380.47143826 1.04711493742
2380.49187017 1.00085243107
2380.51230209 1.00891227596
2380.532734 1.03636835155
2380.57359783 1.01350109395
2380.63489367 0.988151283236
2380.65532559 0.995834304524
2380.6757574 1.00582058308
2380.69618942 0.957233490314
2380.71662134 1.06647844057
2380.73705315 0.991670219625
2380.75748517 0.997163221482
2380.77791699 1.04730923998
2380.79834901 0.943129402503
2380.81878092 0.981256710363
2380.88007668 0.981583209988
2380.9005085 1.05163374856
2380.92094052 1.00155468112
2380.94137244 0.989049960302
2380.96180446 1.01011968628
2380.98223628 1.02500313694
2381.10482791 1.01467986375
2381.12525984 1.00027586624
2381.14569176 0.953568872204
2381.16612368 1.06563761428
2381.18655561 0.999754325649
2381.20698753 1.01375294398
2381.22741946 0.964781718333
2381.24785138 0.924464086462
2381.26828331 0.950012696237
2381.28871533 0.879573707452
2381.37044304 1.07676131896
