# #0 time, 1 flux
2306.65159694 1.00446410726
2306.67202906 1.00478944151
2306.69246127 1.00360946643
2306.71289329 1.00512599187
2306.73332551 1.00431346703
2306.75375753 1.00281522241
2306.77418964 1.00081189804
2306.79462186 1.00292638676
2306.81505388 0.999044516666
2306.83548599 1.00417156462
2306.85591821 1.00416918171
2306.87635022 1.00262453065
2306.89678233 1.00001906848
2306.91721455 1.00785741586
2306.93764666 0.996288077946
2306.95807877 0.999897570352
2306.97851088 1.00066258076
2306.998943 1.00223272206
2307.01937511 1.00053887567
2307.03980722 0.998888558356
2307.06023933 0.999713433996
2307.08067154 0.995815132709
2307.10110355 0.99591270489
2307.12153566 0.999743653252
2307.14196786 0.994693307843
2307.16239987 0.99734846314
2307.18283208 0.999833285329
2307.20326419 0.994729043688
2307.22369619 0.998886587606
2307.2441284 0.99686697937
2307.26456051 0.997788815618
2307.28499251 0.999153000089
2307.30542472 1.00239472055
2307.32585682 1.00002156761
2307.36672103 0.992795862593
2307.38715313 0.992866973057
2307.40758523 1.00848345155
2307.42801734 1.00144023665
2307.44844944 0.997693724405
2307.61190624 0.998717318166
2307.63233833 1.00065123941
2307.65277053 0.996548722014
2307.67320253 0.993838996787
2307.69363462 0.991636299038
2307.71406682 0.999312356355
2307.73449882 0.99822943867
2307.75493101 1.0106620603
2307.7753631 1.00310563919
2307.7957951 1.00509539147
2307.81622729 1.00076723816
2307.83665939 1.00259074811
2307.85709138 1.0017367841
2307.87752357 0.994205035164
2307.89795566 1.00023471501
2307.91838775 1.00931005842
2307.93881985 0.992669310392
2307.95925194 0.999213737929
2307.97968403 0.996227241208
2308.00011612 0.992353650823
2308.02054821 1.00144050735
2308.04098029 1.00505291453
2308.06141248 1.00174773768
2308.08184447 0.996963695857
2308.10227666 0.997738278929
2308.12270865 1.0014155141
2308.14314073 1.0015198192
2308.16357292 1.00103204621
2308.1840049 0.996797045472
2308.22486917 1.00381817291
2308.24530116 0.998523680279
2308.26573324 1.00257594689
2308.28616543 1.00383817917
2308.30659741 0.999586318147
2308.32702949 0.998149682848
2308.34746167 0.995265062698
2308.36789366 0.995024890283
2308.38832574 0.996952047938
2308.40875792 0.993847950671
2308.42919 0.994981491919
2308.44962198 0.996942995355
2308.47005416 1.01209325398
2308.49048624 0.999697102515
2308.5313504 0.998843134642
2308.55178247 1.00392822386
2308.57221455 1.00099750544
2308.59264663 1.00744291857
2308.6130787 1.00402479876
2308.63351088 1.00007932294
2308.65394286 1.0053120567
2308.67437493 0.994959968905
2308.69480711 1.00266672898
2308.71523908 1.00008666012
2308.73567116 1.00207188983
2308.75610333 0.99837776916
2308.7765353 0.994605458707
2308.79696737 0.999242792419
2308.81739955 0.993726321266
2308.83783152 1.00318253538
2308.87869576 1.00150891526
2308.89912773 1.00129721804
2308.9195599 0.999857677747
2308.93999187 0.998254327973
2308.96042394 0.99773652284
2308.98085611 1.00135653661
2309.00128818 1.00160947823
2309.02172015 0.998348290666
2309.04215231 0.995508068638
2309.06258438 0.995672122147
2309.08301635 1.0044720106
2309.10344851 1.00189079857
2309.12388058 0.999078162379
2309.14431254 1.00624789069
2309.16474471 1.00162418383
2309.18517677 1.00284297267
2309.20560874 1.00468764989
2309.2260409 0.995881947236
2309.24647296 1.00064538454
2309.26690503 1.004262581
2309.28733709 0.994749266991
2309.30776915 1.00391832957
2309.32820121 1.00120806031
2309.34863327 0.999911486038
2309.36906533 0.998153834524
2309.38949749 1.00097031497
2309.40992945 1.00028766025
2309.43036151 0.997861319349
2309.45079367 1.00024216739
2309.5325219 0.99831793068
2309.55295386 1.00544362957
2309.57338602 1.00334940417
2309.59381807 1.00085022569
2309.61425003 1.00444124787
2309.63468218 0.999398989366
2309.65511414 1.00302590937
2309.67554619 1.00301929377
2309.69597835 0.999632764733
2309.7164103 1.00351028577
2309.73684235 1.00200224011
2309.75727451 1.0028671595
2309.77770646 1.00609112104
2309.79813851 1.00436431711
2309.81857066 0.995913281541
2309.83900271 0.996553613826
2309.85943476 0.996258796294
2309.87986681 0.995640414134
2309.90029886 0.997581623283
2309.92073101 0.997226033755
2309.94116296 0.999192685959
2309.96159501 0.994400690822
2309.98202716 0.998936625527
2310.0024591 0.997174677583
2310.02289115 0.997765478
2310.0433233 1.00421385277
2310.06375524 0.999008116483
2310.08418729 1.00251873283
2310.10461943 0.994538870257
2310.12505138 0.993572494494
2310.14548342 1.00277404486
2310.16591557 1.00134110654
2310.18634751 0.996405108647
2310.20677955 0.998158468298
2310.2272117 1.0013382042
2310.24764364 1.00561900769
2310.26807568 1.00677402451
2310.28850782 1.00205619749
2310.30893986 1.00703484576
2310.3293719 0.992247469068
2310.34980395 0.997001183369
2310.37023589 1.00017066568
2310.39066802 0.999811200769
2310.41110006 0.998462830407
2310.431532 1.00682880789
2310.45196414 0.995281824399
2310.49282812 1.00586995288
2310.51326025 0.994537759534
2310.53369229 1.00103537914
2310.55412423 1.0000206524
2310.57455636 1.00594684836
2310.5949884 1.00148756557
2310.61542033 1.00049134642
2310.63585247 1.00319416427
2310.6562845 0.997539543711
2310.67671653 1.00043042594
2310.69714857 0.999798444993
2310.73801263 0.995803263064
2310.75844476 1.00041010137
2310.7788767 1.00212882722
2310.81974086 0.99885657423
2310.84017279 1.00046407314
2310.86060492 0.999512724983
2310.88103695 0.99730992047
2310.90146888 1.00076120333
2310.921901 0.998890953615
2310.94233303 0.995735578228
2310.96276496 0.999745961144
2310.98319709 0.997424196884
2311.00362912 1.00527664238
2311.02406104 1.00194760943
2311.04449317 1.00037089317
2311.06492519 0.997112529916
2311.08535712 1.00892162094
2311.10578924 1.00236592093
2311.12622127 1.00347125651
2311.14665319 1.00241065553
2311.16708532 1.00079691372
2311.18751734 0.997749624685
2311.22838139 0.999051822329
2311.24881341 0.997545998532
2311.26924533 1.0114026931
2311.28967745 1.00187019144
2311.31010947 1.00072548389
2311.33054139 0.997614632872
2311.35097351 0.99851530598
2311.37140553 1.00299783173
2311.39183765 0.995481858733
2311.41226957 1.00298035004
2311.43270159 0.997155008231
2311.45313371 0.996543313098
2311.47356562 1.00108331243
2311.49399764 0.993390507884
2311.51442976 1.00074466674
2311.53486167 1.00222824294
2311.55529369 0.995965356382
2311.57572581 1.00003957475
2311.59615782 0.992619943171
2311.61658974 1.0026855523
2311.63702185 0.991065064613
2311.65745386 1.00030037797
2311.67788578 1.00302408743
2311.7187499 1.00337996746
2311.73918182 1.0001191404
2311.75961393 1.00017542759
2311.78004594 1.00428624586
2311.80047785 1.00749775625
2311.82090996 0.998528685628
2311.84134197 1.00253562193
2311.86177398 1.00015459599
2311.88220599 1.00316458516
2311.92307001 1.00712336456
2311.94350202 0.998221670263
2311.96393392 0.999652057175
2311.98436603 1.00466783954
2312.00479804 0.992665337513
2312.02523005 0.998325444072
2312.04566205 0.998950763846
2312.06609406 0.994312342511
2312.08652606 0.997220757558
2312.10695807 0.999035043415
2312.12739007 1.00303939121
2312.24998209 1.00060406888
2312.2704141 1.00501211109
2318.23654332 0.997592168889
2318.25697521 0.9994750793
2318.2774072 0.999046516739
2318.297839 0.999819274998
2318.35913467 1.00261818544
2318.37956656 0.99743329949
2318.39999856 1.00150383464
2318.42043045 1.00089727126
2318.44086224 0.989919873567
2318.46129423 1.00017655472
2318.48172602 0.997930330449
2318.50215791 0.997353575101
2318.5225899 0.997281257524
2318.54302169 0.99922152383
2318.58388556 0.998499006197
2318.60431735 1.00374548069
2318.62474934 0.996471065367
2318.64518123 1.00433923394
2318.66561301 0.999415287918
2318.686045 1.00548716632
2318.70647689 0.995634303874
2318.72690867 1.00277662376
2318.74734066 1.00050765695
2318.76777254 0.999234959221
2318.78820443 1.00869785617
2318.8290682 1.00256641279
2318.84950008 1.00133962022
2318.86993206 0.994987751333
2318.89036385 1.00064102063
2318.91079573 1.00545668842
2318.93122771 1.0011491584
2318.9516595 0.994299566616
2318.97209138 1.00720287646
2318.99252336 1.00278045154
2319.01295514 0.997341371433
2319.09468276 1.00055514666
2319.11511464 0.999459875808
2319.13554642 1.00105951154
2319.1559784 0.999949057446
2319.17641018 1.00388234145
2319.19684206 1.00280450805
2319.21727404 0.997634204695
2319.23770581 0.999117307621
2319.25813769 0.99743379431
2319.27856967 1.00485084858
2319.29900155 0.998813642975
2319.3398653 1.00157308153
2319.36029717 0.994946036845
2319.38072895 1.00156230831
2319.40116092 1.00350505963
2319.4215928 1.00144161904
2319.44202477 1.00135035634
2319.46245655 0.999861044417
2319.48288842 0.992619873935
2319.5033204 0.998024512289
2319.52375217 0.987313296109
2319.60547966 0.994150256306
2319.62591163 1.00011968474
2319.6463434 0.99577434432
2319.66677527 0.998957809661
2319.68720724 1.00592024426
2319.70763911 0.996021499211
2319.72807088 1.00135061311
2319.74850285 1.00378606513
2319.83023033 1.00929873551
2319.85066219 0.997627064461
2319.87109406 0.993797884692
2319.89152583 0.998847841873
2319.9119578 0.998178511256
2319.93238966 0.998132426974
2319.95282153 1.00189593924
2319.9732534 0.998343999818
2319.99368526 1.00274397653
2320.01411703 1.00225142499
2320.03454899 0.999307572146
2320.05498086 1.00134723788
2320.07541262 1.00188037075
2320.09584459 0.999814743006
2320.11627645 1.00535816347
2320.13670831 0.993562925428
2320.15714018 0.99597870712
2320.17757204 1.00630518573
2320.1980039 0.999193559049
2320.36145879 0.998040679911
2320.38189075 1.00361272925
2320.40232261 1.00550896024
2320.42275437 0.995899701922
2320.44318633 1.00095677847
2320.46361819 1.00368700588
2320.48404994 0.998055271021
2320.5044819 1.00358710876
2320.52491376 1.00011889606
2320.54534562 1.00001531287
2320.56577747 0.994229993246
2320.58620933 1.0068131691
2320.60664119 1.00412728828
2320.62707304 0.997560751452
2320.6475049 0.99934781143
2320.66793675 1.00459273556
2320.68836861 0.993734187434
2320.70880046 0.994734383016
2320.72923232 0.999306194124
2320.74966417 0.997673500673
2320.79052798 1.00280552172
2320.81095973 0.997652103727
2320.83139158 1.0028018991
2320.85182354 0.995406444088
2320.87225529 0.997786926803
2320.89268714 0.998995713679
2320.91311909 1.00248630629
2320.93355084 1.00288059743
2320.95398269 0.999138696154
2320.97441464 0.995223740061
2320.99484639 1.00369819491
2321.01527824 1.00250044008
2321.03571019 1.0048596492
2321.05614194 1.00253302585
2321.07657389 1.00126837491
2321.09700574 0.996755144547
2321.11743759 0.994658520299
2321.13786944 0.996105370948
2321.15830129 0.999951871537
2321.17873313 1.00203994782
2321.19916498 0.99996691445
2321.21959683 1.00086962919
2321.30132421 1.00078613179
2321.32175616 0.99837447991
2321.3421879 0.997357522656
2321.36261975 1.00312484226
2321.38305159 0.997365664488
2321.40348344 1.00201141222
2321.42391518 0.999348551419
2321.44434712 0.999005060752
2321.46477897 1.00146716997
2321.48521091 1.00596261476
2321.50564265 1.00425820472
2321.52607449 0.992384356073
2321.54650644 1.00176510162
2321.56693818 0.999155972538
2321.58737002 0.999662361282
2321.60780196 0.995549224551
2321.6282338 0.997311051972
2321.64866554 1.00076784334
2321.66909748 1.0012667435
2321.68952932 0.996281112104
2321.81212035 0.99903286775
2321.83255209 1.00388787738
2321.85298403 1.00199504018
2321.87341587 1.00264160707
2321.8938478 0.995590445043
2321.91427954 1.00303011052
2321.93471138 1.00351132719
2321.95514331 1.00107839534
2321.97557505 0.998928344455
2321.99600688 0.999843359568
2322.01643882 0.998157161245
2322.03687055 0.998417965976
2322.07773422 0.997968737211
2322.09816606 0.998214497385
2322.11859789 1.00107493484
2322.13902982 0.991681016898
2322.15946156 1.00059259024
2322.17989339 1.00266213146
2322.20032532 0.995837801284
2322.22075705 0.998787546296
2322.26162082 1.00015889476
2322.28205255 1.00172349459
2322.30248448 1.0008769823
2322.32291631 1.00436602462
2322.34334804 1.00008308952
2322.36377997 0.998918037844
2322.3842118 0.997191520173
2322.40464353 1.00456996571
2322.42507546 0.999741531797
2322.44550729 1.00115000638
2322.46593911 0.998273272303
2322.48637094 0.992199076452
2322.50680277 0.991582340378
2322.5272346 0.999228517568
2322.54766643 0.993856683019
2322.56809825 0.997965141905
2322.58853008 0.99520745797
2322.60896201 1.00118066959
2322.62939373 0.999777063413
2322.64982566 0.996138766882
2322.81328015 1.00524918916
2322.83371208 1.00315482998
2322.8541438 0.998991685028
2322.87457562 0.998049940826
2322.91543927 1.00183600336
2322.93587109 1.00003147486
2322.95630301 1.0003893753
2322.97673483 0.997218707221
2322.99716655 1.00361013034
2323.01759847 1.00040496408
2323.03803029 0.995195997599
2323.05846212 1.0051464232
2323.07889393 1.0025171441
2323.09932575 0.998710575111
2323.11975757 1.00345965685
2323.14018939 0.999745711733
2323.16062121 1.00443487981
2323.18105313 1.00310827567
2323.2627803 1.00341259883
2323.28321212 1.00065990158
2323.30364403 0.995465514505
2323.32407575 0.998243685436
2323.34450757 0.99741482784
2323.36493948 1.00069306268
2323.3853712 0.997269711672
2323.40580301 0.996608002851
2323.42623493 1.00676303338
2323.44666674 1.00431678793
2323.46709856 1.00402703388
2323.48753037 0.999898409888
2323.50796208 0.999995212267
2323.528394 1.00793674478
2323.54882581 1.00760587944
2323.56925752 0.998328585701
2323.58968944 0.996116766205
2323.61012125 1.00197087267
2323.63055296 1.00872978254
2323.79400755 1.00276922194
2323.81443946 1.00088917289
2323.83487117 0.99987876024
2323.85530298 1.00583461696
2323.87573489 1.0030694817
2323.89616659 0.994774214631
2323.9165984 1.00039225372
2323.93703031 1.0080794915
2323.95746202 0.999809374756
2323.97789382 0.995376001542
2323.99832573 0.997767484093
2324.01875754 0.997203179716
2324.03918925 1.00347036916
2324.05962115 0.996916131031
2324.08005296 1.00009978629
2324.10048466 1.00338356183
2324.12091657 0.995563077651
2324.14134837 1.00020572465
2324.16178008 0.994954870394
2324.18221198 1.00216432497
2324.2435074 0.996281338494
2324.2639392 0.997565553392
2324.284371 0.999783911584
2324.3048028 1.00681324412
2324.32523451 0.997512502811
2324.34566641 0.990723839894
2324.36609821 0.998047829182
2324.38653001 0.997864133985
2324.40696182 0.994276060883
2324.42739362 1.00244100272
2324.44782542 1.00094430651
2324.46825732 1.00199356348
2324.48868902 0.99543659599
2324.50912082 0.99068485606
2324.52955272 0.994805423043
2324.54998442 1.00159506559
2324.57041632 0.996473066976
2324.59084812 0.99491470592
2324.61127982 0.996126777897
2324.63171171 0.99749973742
2324.65214351 1.00132797593
2324.7338706 1.00447502698
2324.7543025 1.00013394049
2324.7747343 0.99994079298
2324.79516599 0.999627140106
2324.81559789 0.996920416762
2324.83602969 0.996363455895
2324.85646148 1.00041944028
2324.87689328 0.999310203992
2324.89732507 1.00577429263
2324.91775687 0.998380998684
2324.93818876 1.00226401361
2324.95862046 0.996765697168
2324.97905225 0.996786155476
2324.99948404 1.00037703599
2325.01991584 1.00186497485
2325.04034773 1.00264752177
2325.06077942 1.00106393791
2325.10164311 1.00247315342
2325.1220748 1.00253815911
2325.14250659 1.00039838168
2325.22423386 1.00680055918
2325.24466555 0.993941203507
2325.26509734 0.998964540209
2325.28552923 0.999377526634
2325.30596102 0.997312260209
2325.32639281 1.00042344172
2325.3468249 0.999252424299
2325.36725668 0.997351896547
2325.38768847 1.00056419493
2325.40812026 0.997065901766
2325.42855195 1.00319243621
2325.44898384 1.00219903956
2325.46941562 1.00274497594
2325.48984731 0.997614340651
2325.5102792 0.999480835136
2325.53071099 1.00133922609
2325.55114267 1.00320198422
2325.57157456 1.00368878346
2325.59200635 0.995904903516
2325.61243803 0.998822620979
2325.73502894 0.995636940874
2325.75546062 1.00221959527
2325.77589241 1.0043031939
2325.79632429 0.994828213335
2325.81675597 0.996754575888
2325.83718776 0.998396298052
2325.85761964 1.00274176887
2325.87805142 0.999179513082
2325.8984831 0.998570400061
2325.91891499 1.00297513251
2325.93934677 0.997914794182
2325.95977845 0.996162722747
2325.98021033 0.999322104483
2326.00064211 0.998220083246
2326.02107379 0.996658049561
2326.04150567 1.000179355
2326.06193745 1.00016596585
2326.08236933 1.00018411144
2326.10280101 1.00196013822
2326.12323279 1.0014367579
2326.14366457 1.0038121222
2326.20495991 0.996099652907
2326.22539168 1.00311787237
2326.30711879 0.998402441875
2326.32755057 1.00049927508
2326.34798235 0.997211729232
2326.36841412 1.00450793565
2326.388846 1.00158451866
2326.40927768 0.998340487475
2326.42970955 1.00068113406
2326.45014133 0.998099249216
2326.470573 0.999148051458
2326.49100488 1.00117858644
2326.51143665 1.00382685299
2326.53186833 0.998421969082
2326.5523002 0.997972501896
2326.57273197 0.999518407949
2326.59316365 1.00149329544
2326.61359552 0.997677268692
2326.63402729 0.997785815575
2326.65445897 1.00255541555
2326.67489084 1.00495882166
2326.69532261 1.0046772683
2326.71575438 0.995694550318
2326.73618615 0.999814454913
2326.75661793 1.00222715769
2326.7770497 0.998111401241
2326.79748147 0.997938328691
2326.81791324 1.00095769336
2326.83834511 0.998682987652
2326.85877678 0.991807009898
2326.94050386 0.998341916096
2326.96093573 0.99818423303
2326.9813674 1.0059252697
2327.00179917 0.999764744772
2327.02223103 1.00154259345
2327.0426627 1.00706496558
2327.08352634 1.00286216435
2327.103958 1.00071203617
2327.12438977 1.00059544937
2327.14482164 0.996612660907
2327.1652533 1.00198855105
2327.18568517 0.997246628481
2327.20611694 0.998635223876
2327.2265487 0.999483670934
2327.24698047 0.995337226846
2327.26741223 1.00307831733
2327.287844 0.997546002637
2327.30827576 0.996564708566
2327.47172987 1.00255277859
2327.49216174 1.00126870253
2327.5125934 1.0034521384
2327.53302526 0.995687734764
2327.55345702 1.00401933925
2327.57388869 0.998573353234
2327.59432055 0.998826604707
2327.61475231 0.998112525243
2327.63518397 0.995117047068
2327.65561583 1.00373243744
2327.67604749 1.00396483922
2327.69647925 1.00234747387
2327.96209221 0.993538449204
2327.98252397 1.00602701249
2328.00295583 1.00371499594
2328.02338749 0.999493438379
2328.04381924 0.997540575084
2328.0642511 1.00416562177
2328.08468275 1.00769050104
2328.18684163 1.0041740761
2328.20727338 1.00004861748
2328.22770504 0.999397337498
2328.24813689 1.00173204513
2328.26856865 0.998721445892
2328.2890004 0.998136053893
2328.30943215 1.009822685
2328.32986391 0.997857849294
2328.41159092 1.00662960739
2328.43202267 0.995149857258
2328.45245432 0.996344479639
2328.47288617 0.998851024265
2328.49331792 1.00292851644
2328.51374957 1.00050685208
2328.53418142 1.0091217443
2328.55461317 1.00372298216
2328.57504492 0.99716823092
2328.59547667 1.00084694094
2328.61590842 0.99728937104
2328.63634027 1.00207038703
2328.65677192 1.00228765785
2328.67720367 0.997445669817
2328.69763552 0.997188578053
2328.71806717 1.00095410032
2328.73849892 1.00143690156
2328.75893077 0.998542588886
2328.77936251 0.999004590135
2328.79979416 0.999428570638
2328.82022601 0.996786094274
2328.84065776 1.00446891816
2328.88152125 1.00218824289
2328.901953 1.00162767804
2328.94281649 1.00200678923
2328.96324824 0.998433125107
2328.98368008 0.99543787483
2329.00411173 0.999533158472
2329.02454347 0.999872207761
2329.04497522 0.999106676776
2329.06540696 0.996826495407
2329.08583871 0.998485374587
2329.10627045 0.996591377287
2329.1267022 0.997929781495
2329.14713394 0.999469943511
2329.16756568 1.00046451659
2329.18799743 1.0060326712
2329.20842917 0.998290622216
2329.22886101 1.00800059574
2329.24929266 1.00100998062
2329.2697244 1.00295863364
2329.29015624 1.00065219121
2329.31058788 0.997075131616
2329.33101973 0.999806024156
2329.37188311 0.997793657325
2329.39231495 0.996319249069
2329.41274669 1.00011829856
2329.43317833 1.00234652681
2329.45361017 1.00574340697
2329.47404191 1.00417770426
2329.49447355 1.00465715257
2329.51490539 0.99548383736
2329.53533713 1.00667710021
2329.55576877 1.00351508403
2329.57620061 0.998222525354
2329.59663235 1.00038656887
2329.61706409 0.99630150388
2329.63749583 1.00035736146
2329.65792757 1.00216299937
2329.67835941 0.994646082596
2329.69879114 1.00135036059
2329.71922278 0.999556357038
2329.73965462 1.00224330264
2329.78051799 0.997290285308
2329.80094983 1.00409672141
2329.82138157 1.00207650823
2329.86224504 1.00250797427
2329.88267668 1.00269969691
2329.90310841 0.995814224813
2329.92354025 0.994924879152
2329.94397188 0.998597001687
2329.96440362 0.998097130063
2329.98483545 0.999392462876
2330.00526709 0.999195935035
2330.02569892 0.995176944263
2330.14828933 0.998305395231
2330.20958463 1.00233729635
2330.23001626 0.997365141346
2330.25044799 1.0025100963
2330.27087982 1.00027775769
2330.29131145 1.00091858371
2330.33217502 0.996710566754
2330.35260665 0.996298069335
2330.37303848 0.995753807905
2330.39347021 0.999068556721
2330.41390184 1.00857746569
2330.43433367 0.998688382768
2330.4547654 0.99835210892
2330.47519703 1.0004668529
2330.49562886 0.99919265436
2330.51606059 1.00150505874
2330.55692405 1.00097935958
2330.57735578 0.998847165851
2330.59778741 0.999963786165
2330.61821923 0.999727658444
2330.63865096 0.998007849689
2330.65908259 0.99916115668
2330.67951442 1.00160564663
2330.69994615 0.998904295998
2330.72037787 1.00141694416
2330.7408096 0.993850630058
2330.76124133 0.998120038574
2330.78167316 1.00236367096
2330.80210478 0.99744025152
2330.84296833 1.00028456269
2330.86339996 1.00157809186
2330.88383169 1.00446266297
2330.90426351 1.003017927
2330.92469514 1.00003513957
2330.94512686 1.00177429216
2330.96555869 0.999079474179
2330.98599031 1.00403085342
2331.00642204 1.00138353498
2331.02685386 0.998851456727
2331.04728559 0.993709965091
2331.06771731 0.9991813969
2331.08814903 0.997371041929
2331.10858076 1.00391197543
2331.12901248 0.999049178643
2331.1494442 0.999266333764
2331.16987593 0.997694164609
2331.19030765 0.995270170958
2331.21073937 0.998088657137
2331.23117109 1.00091532191
2331.25160282 1.00103467321
2331.27203454 0.997878269466
2331.29246626 0.999095888689
2331.31289798 0.999821593121
2331.3333297 1.00362260804
2331.35376132 1.00222086295
2331.39462487 0.998117320947
2331.41505669 0.998958064453
2331.43548831 1.00431203132
2331.45592003 0.995666432542
2331.47635185 1.00435798136
2331.49678347 1.00048316261
2331.53764701 1.00197952984
2331.57851035 0.999022582919
2331.59894216 1.00632099005
2331.61937388 0.996733881848
2331.6398055 0.996897700393
2331.72153247 0.998629214169
2331.88498631 0.992755963072
2331.90541792 0.995216130171
2331.92584964 1.00242840322
2331.94628145 1.00221070334
2331.96671307 0.996943374938
2331.98714478 1.00079960951
2332.0075765 1.00446120155
2332.02800821 1.00656600284
2332.08930336 1.00440908728
2332.10973517 1.00492441207
2332.13016689 1.00418917308
2332.1505985 0.997397838057
2332.17103031 1.00370250092
2332.21189364 1.00040510814
2332.23232545 1.00050979172
2332.25275716 0.996565028984
2332.27318878 1.00206393812
2332.29362059 0.998912272863
2332.3140523 0.998929233126
2332.33448391 1.01118555553
2332.35491572 1.00462312388
2332.37534744 0.997565466419
2332.39577925 0.998925855695
2332.41621086 1.0047152355
2332.43664257 1.00306576781
2332.45707438 0.995763773846
2332.47750599 1.00096187902
2332.4979377 1.01018574076
2332.51836951 1.00348310428
2332.53880112 0.993413600447
2332.55923283 0.998806190661
2332.57966464 0.996802497773
2332.60009635 0.997210447413
2332.62052796 0.999535427072
2332.64095977 1.00097111567
2332.66139148 1.0010990977
2332.68182309 1.00051984524
2332.7022549 0.997534710011
2332.7226866 0.996241090563
2332.74311831 1.00118150982
2332.76355002 1.00005915117
2332.78398173 0.999268593169
2332.80441344 1.00001472298
2332.82484514 1.00015396656
2332.84527675 0.997752514814
2332.86570856 1.00189882106
2332.88614026 1.00291368904
2332.90657187 0.998042246243
2332.92700368 1.00248709223
2333.11088913 1.00120328717
2333.13132073 0.997480144715
2333.15175254 1.00394279774
2333.17218424 0.998319247778
2333.19261585 1.00076918611
2333.21304765 1.00354877517
2333.23347935 0.997546961718
2333.25391096 1.00134234449
2333.27434276 1.00378734689
2333.29477446 0.998530441046
2333.31520607 0.998404801361
2333.33563787 0.998260657618
2333.35606957 0.997900852155
2333.37650138 1.00042980964
2333.39693298 0.996859124233
2333.41736468 1.00020431348
2333.43779648 1.00204785232
2333.45822808 1.00265733551
2333.47865979 0.992797614193
2333.49909149 0.998505389364
2333.51952319 0.999147302124
2333.53995489 1.00177209764
2333.56038659 1.00111946253
2333.60124999 0.999399152482
2333.62168179 0.99245043823
2333.64211339 0.996429647809
2333.66254519 1.00033951264
2333.68297689 0.997705364532
2333.70340849 0.994173266492
2333.72384029 0.992372190826
2333.74427199 1.00468805556
2333.76470359 1.00096925249
2333.78513539 0.991823592544
2333.80556709 1.00007131142
2333.82599869 1.00164369121
2333.84643049 1.0005231524
2333.86686219 0.993375133211
2333.88729378 0.995573538313
2333.90772558 1.00911762207
2333.92815728 0.998677006747
2333.96902068 0.992804828482
2334.05074746 0.992744578518
2334.07117926 1.000421258
2334.09161096 0.995397788547
2334.11204255 1.00129005307
2334.13247435 1.00179293371
2334.15290605 1.00400203039
2334.17333764 1.00014293234
2334.19376944 0.997367441736
2334.21420103 1.00048191527
2334.23463273 1.00117520389
2334.25506452 0.999168322137
2334.27549612 0.992995397891
2334.29592791 0.997606128072
2334.31635961 1.00065894818
2334.3367912 0.995356331416
2334.357223 0.999300479363
2334.37765469 1.00358821681
2334.39808629 1.00389019875
2334.41851808 1.0034406063
2334.43894977 0.994816217225
2334.45938147 0.997756137603
2334.47981316 0.997661091174
2334.50024485 0.999882673942
2334.52067655 1.00125212687
2334.54110824 0.999957960386
2334.56153993 0.999490916685
2334.58197172 1.0042098251
2334.60240342 1.00374929329
2334.62283501 1.00005536194
2334.6432668 1.00245256984
2334.66369849 1.00433023349
2334.68413008 1.00541292736
2334.70456188 1.00128396103
2334.74542516 1.00090080314
2334.76585695 0.998390239579
2334.78628864 1.00078199225
2334.80672023 1.00460759671
2334.82715202 1.00027091205
2334.84758371 0.99439696845
2334.8680153 0.995154723387
2334.88844709 1.00084713205
2334.90887878 0.996980580054
2335.0723323 0.993537553796
2335.09276399 1.00171534218
2335.11319567 1.00156235261
2335.13362736 0.998668117562
2335.15405905 1.00024491945
2335.17449084 1.00391801878
2335.19492243 0.995766474749
2335.21535421 0.99207375785
2335.2357859 0.99854200059
2335.25621749 1.00600430017
2335.27664928 1.00298646626
2335.29708096 1.00328125854
2335.31751255 0.999780143495
2335.33794434 0.998253573133
2335.35837602 1.00443625058
2335.37880761 1.00388913103
2335.39923939 1.00260503204
2335.41967108 0.998090008462
2335.44010277 1.00475630358
2335.46053445 0.999290942014
2335.48096614 1.00000578093
2335.50139792 1.00366549358
2335.52182951 0.998703629824
2335.54226119 1.00146026681
2335.56269298 0.997692571129
2335.58312466 0.998303664117
2335.60355625 0.996635901341
2335.62398803 0.99819591357
2335.64441972 1.00128358143
2335.6648513 1.00220982489
2335.68528309 0.996754318895
2335.70571467 1.00817534074
2335.72614635 1.00364609705
2335.74657814 0.996367091771
2335.76700972 1.00411314335
2335.7874414 1.00162886922
2335.80787319 0.998127517737
2335.82830477 0.997559817006
2335.86916823 0.998942466655
2335.88959982 0.995829153069
2336.05305337 1.00153504139
2336.07348505 0.998467945783
2336.09391673 0.998719515021
2336.11434842 1.00269036369
2336.1347802 1.00378794809
2336.15521188 1.00513782177
2336.17564346 1.00059956042
2336.19607524 0.994451956991
2336.21650692 0.995631202007
2336.2369385 0.994552118131
2336.25737028 0.999481450969
2336.27780196 1.00594010145
2336.29823354 1.00288914743
2336.31866532 1.00274041175
2336.339097 0.99923431263
2336.35952858 1.00560256405
2336.37996035 0.998382906476
2336.40039203 1.00027908195
2336.42082371 0.996834436135
2336.44125539 0.997243687476
2336.46168697 0.999729813146
2336.48211875 0.99595544328
2336.50255043 0.996095224956
2336.5229821 1.00317631946
2336.54341378 1.00430401452
2336.56384546 1.00474646121
2336.58427714 0.994937183186
2336.62514049 1.00942986977
2336.64557217 0.998866031157
2336.66600395 1.00171264031
2336.68643552 0.997909159167
2336.7068673 0.995664617747
2336.72729898 0.996266424611
2336.74773055 0.998231565154
2336.76816233 0.99750265899
2336.788594 0.99364469263
2336.80902558 0.998170714881
2336.82945736 1.00374748595
2336.84988903 1.00542311952
2336.87032061 0.997178648955
2336.89075238 0.999471158858
2336.91118406 1.00123229284
2336.93161563 1.00058755799
2336.97247908 1.00326576984
2336.99291086 1.0010360324
2337.01334243 1.00243103039
2337.03377411 1.00430654512
2337.05420588 1.00403481241
2337.1155008 1.00417940692
2337.13593258 0.995794115105
2337.15636415 0.997296532974
2337.17679593 1.00013660397
2337.1972275 1.00048643515
2337.21765917 0.997085919326
2337.23809095 1.00422913959
2337.25852252 1.00033075003
2337.27895429 0.992859263838
2337.29938596 1.01054254864
2337.31981754 0.999104261347
2337.34024931 1.0028559738
2337.36068098 0.999542550849
2337.38111255 0.996798687284
2337.40154433 0.99615016328
2337.421976 1.00419653576
2337.44240757 1.0013698401
2337.46283934 0.996823739264
2337.48327101 0.995804582595
2337.50370268 1.00047032328
2337.52413436 1.00719783495
2337.54456603 1.00050958278
2337.5649977 0.996706603202
2337.58542937 0.996221775045
2337.60586104 0.994338026794
2337.7693145 0.9974510548
2337.78974607 1.00620512526
2337.81017784 0.999181345732
2337.83060941 1.00164932453
2337.87147285 1.00634922222
2337.89190452 1.00161007162
2337.91233618 0.9950937116
2337.97363119 0.99506248619
2337.99406286 1.00331205907
2338.01449453 1.00041599783
2338.0349262 0.999644166412
2338.05535786 0.995633676367
2338.07578953 1.00462496068
2338.0962212 1.00033556152
2338.11665287 1.00150017723
2338.13708453 1.00192948644
2338.1575163 0.992984275911
2338.17794787 0.999969079642
2338.19837963 1.00121601357
2338.2188113 0.999320195618
2338.23924287 1.00147963862
2338.25967464 1.00041079293
2338.2801063 1.00561402184
2338.30053787 0.996433208155
2338.32096963 0.999287493396
2338.3414013 0.999966754615
2338.36183287 0.995802434053
2338.38226463 0.995014981378
2338.4026963 0.995668101598
2338.44355963 1.00700185601
2338.4639913 1.00113833059
2338.48442306 1.00319146169
2338.50485463 0.996815186649
2338.52528629 0.99752968503
2338.54571806 1.00544137395
2338.56614962 1.00814523765
2338.58658129 1.00069041148
2338.60701295 1.00591511059
2338.62744461 0.99902128164
2338.64787628 1.00068053273
2338.66830804 0.997833886511
2338.68873961 0.996077366375
2338.70917127 0.997279244652
2338.72960304 0.999708316209
2338.7500346 0.997615911997
2338.77046636 0.999810988498
2338.79089803 0.998829313174
2338.81132959 1.00356899048
2338.83176135 0.999253109773
2338.85219302 0.997955570862
2338.87262458 1.00209873931
2338.89305634 1.00006483683
2338.91348801 1.00253140982
2338.93391957 0.996213987245
2338.95435133 1.00560735606
2338.97478299 0.997049300187
2338.99521476 1.00472588248
2339.01564632 1.0082686557
2339.03607798 1.00476065806
2339.05650974 1.00110936568
2339.0769413 1.00039281423
2339.2403947 0.998150313003
2339.26082636 1.00319925062
2339.28125802 1.00054883348
2339.30168968 1.00306066868
2339.32212124 1.00163619895
2339.342553 1.00253911131
2339.36298466 0.995321322416
2339.38341622 0.999879135203
2339.40384798 1.00183215833
2339.42427964 1.00232978671
2339.4447112 0.998182333358
2339.46514296 1.0014040752
2339.48557462 1.00210675384
2339.50600628 0.99815861015
2339.52643794 0.997642230154
2339.5468696 0.998351459011
2339.56730136 1.00231049506
2339.58773292 0.993030785179
2339.60816457 0.998091270848
2339.62859633 1.0032514491
2339.64902789 0.996534466364
2339.66945955 0.997007677225
2339.68989131 1.0004484788
2339.71032297 0.992277679477
2339.73075453 1.00549899382
2339.77161794 1.00189485501
2339.7920495 1.00141619393
2339.81248126 1.0033071844
2339.83291292 0.995310377228
2339.85334467 1.00342859427
2339.87377623 1.00151565978
2339.91463965 1.00032580798
2339.9350712 0.998498142488
2339.95550286 1.00060865846
2339.97593462 0.99447255598
2339.99636617 0.999554234224
2340.01679783 0.993028868842
2340.03722949 0.994889857039
2340.05766115 1.00143903398
2340.0780928 0.99435399396
2340.09852446 0.999545609523
2340.11895611 0.998865361816
2340.15981953 0.999343927284
2340.18025108 1.00138586295
2340.20068284 0.999541937737
2340.22111449 0.999720825227
2340.24154605 1.00261765615
2340.26197781 1.00105276303
2340.28240946 1.00602537835
2340.30284102 0.99689373822
2340.32327277 0.994676627364
2340.34370443 0.992316128689
2340.36413618 1.00245508355
2340.38456774 1.00322247889
2340.40499939 0.999536808128
2340.42543115 0.995773546902
2340.46629436 1.00290465276
2340.48672611 0.998252170267
2340.50715767 0.997098901365
2340.52758932 0.999777239955
2340.54802107 1.00724132935
2340.56845263 1.00029709958
2340.58888428 1.00093442815
2340.60931604 1.00362284637
2340.62974769 0.995265513291
2340.65017934 0.998050114658
2340.670611 0.995323315055
2340.69104265 1.00138264488
2340.7114743 1.00390172864
2340.73190596 0.999111623584
2340.75233761 0.996257402402
2340.77276926 0.997665846541
2340.79320092 0.997691827553
2340.81363247 1.00604409906
2340.83406422 1.00154019068
2340.85449588 0.996299906733
2340.87492743 1.00120060037
2340.89535918 1.00645174184
2340.91579083 0.996361299812
2340.93622259 1.00562568746
2340.95665414 1.00289779793
2340.97708579 1.00263197542
2340.99751754 1.00175236163
2341.01794909 0.994888222495
2341.03838075 1.00228292372
2341.0588125 1.00212469853
2341.07924405 1.00073821737
2341.0996757 1.00249326869
2341.12010745 1.00438198027
2341.1405391 0.99889743238
2341.16097076 1.00224046125
2341.18140241 1.00392933197
2341.20183406 0.999173866296
2341.22226571 1.00212759023
2341.24269736 0.996166402887
2341.26312901 1.00049967853
2341.28356066 1.00028938039
2341.30399231 1.00285942201
2341.32442396 0.997860337471
2341.34485571 1.00094380232
2341.36528727 0.999371894438
2341.38571892 0.998365238151
2341.40615057 0.99762459027
2341.42658222 0.996461135732
2341.44701397 0.993728638404
2341.46744552 1.00347847956
2341.48787717 0.998232359919
2341.50830892 1.00047721877
2341.52874047 0.996306987365
2341.54917212 0.998722923743
2341.56960386 0.995720349669
2341.61046706 0.995728463983
2341.63089881 1.0034757231
2341.65133036 0.994909452318
2341.67176211 0.997591117329
2341.69219376 0.997775087037
2341.71262541 1.00036597573
2341.73305706 1.00240744409
2341.75348871 1.00044320619
2341.77392036 1.00407469063
2341.794352 1.00082216906
2341.81478365 1.00007457378
2341.8352153 1.00138098591
2341.89651025 1.00388419981
2341.91694199 0.99830436895
2341.93737354 0.997240586584
2341.95780529 0.999320150349
2341.97823694 1.00477885025
2341.99866849 1.00045774129
2342.01910023 0.996661164207
2342.03953188 0.997135566941
2342.05996343 1.00282481172
2342.08039518 0.999018597235
2342.10082682 1.00226314684
2342.12125837 0.998708915086
2342.14169012 1.00375363069
2342.16212177 1.00219580439
2342.18255341 0.996944495563
2342.20298506 0.998998174794
2342.22341671 1.00122519188
2342.24384835 0.994375390799
2342.26428 1.00236798203
2342.28471165 1.00563876481
2342.30514329 0.993912659956
2342.32557494 0.999283628177
2342.34600659 0.997288192526
2342.36643833 1.00095820954
2342.38686988 0.996290254552
2342.40730152 1.00162068716
2342.42773327 0.998219158224
2342.44816482 0.993245798917
2342.46859656 0.999249508592
2342.48902821 0.997836814
2342.50945975 0.997602059108
2342.5298915 0.998871209318
2342.55032315 0.997634629767
2342.57075469 0.997740442697
2342.59118644 0.998812983071
2342.61161808 1.00198176639
2342.63204963 0.99727889621
2342.65248137 1.00512406702
2342.67291302 0.999660258226
2342.69334476 1.01191205266
2342.71377631 0.995907301517
2342.73420795 1.00221105183
2342.7546397 0.999112232866
2342.77507124 0.998001506727
2342.79550289 0.995930802908
2342.81593453 1.00145609742
2342.83636628 0.996726044374
2342.85679782 0.99791246119
2342.87722956 1.00376753713
2342.89766111 0.999508852907
2342.91809285 0.99960840408
2342.9385245 1.00585725538
2342.95895604 1.00289194327
2342.97938779 0.99736490465
2342.99981943 0.999573399954
2343.02025097 0.999142000105
2343.04068272 0.995832370749
2343.06111436 1.00623744953
2343.0815459 0.99501763753
2343.10197765 0.997985721894
2343.12240929 0.997101953585
2343.14284084 0.999691666919
2343.16327258 0.994520835704
2343.18370422 1.00728329129
2343.20413597 0.998515106249
2343.22456751 0.996522341738
2343.24499915 1.00358838556
2343.2654309 1.00237983899
2343.28586244 0.999022748289
2343.30629408 0.999463503922
2343.32672582 0.998801068257
2343.34715747 1.00252910556
2343.38802075 0.996578612225
2343.40845239 0.999869792146
2343.42888404 0.999594519717
2343.44931568 0.991856441375
2343.46974732 1.00192262137
2343.49017906 0.996355246185
2343.51061061 0.995483348017
2343.53104225 1.00334391387
2343.55147389 1.00365874459
2343.57190553 1.00302852879
2343.59233717 0.995018804159
2343.61276882 0.998231297553
2343.63320046 0.997338475507
2343.6536322 0.999617738016
2343.67406374 0.99234779835
2343.69449538 0.998678961043
2343.71492713 0.999182130123
2343.73535867 1.00216905185
2343.75579031 1.00259612928
2343.77622205 0.996179488014
2343.79665359 1.00445189264
2343.83751697 1.00588526241
2343.85794861 0.994715755744
2343.87838016 0.99506612762
2343.8988119 1.00589904229
2343.91924354 1.00480248207
2343.93967518 1.00270648943
2343.96010682 0.993119601467
2343.98053846 1.00192177978
2344.0009702 1.00903919957
2344.02140174 1.0023633037
2344.04183338 0.998358421696
2344.06226512 0.997045770515
2344.08269666 1.00068892658
2344.1031283 0.996423671359
2344.12356004 1.0005453879
2344.14399158 1.00043504004
2344.16442332 1.00335890615
2344.18485496 1.00293041138
2344.2052865 0.991833073527
2344.22571824 0.996266175945
2344.24614988 1.00096878842
2344.26658142 0.997332326512
2344.28701316 0.9955158783
2344.3074447 1.00147463159
2344.32787644 0.996611064819
2344.34830808 1.00168267189
2344.36873962 0.999279866754
2344.38917136 0.998559705326
2344.409603 1.00051703507
2344.43003464 1.00133827717
2344.45046628 1.00352854175
2344.47089792 1.00122616858
2344.49132956 0.994860254228
2344.5117612 1.0018837107
2344.53219284 1.00247997096
2344.55262448 0.999519697477
2344.57305622 0.999775033903
2344.59348776 1.00046620514
2344.61391939 1.00170962259
2344.63435113 1.00593292569
2344.65478267 0.998811172835
2344.67521441 1.00298289841
2344.69564605 1.00057500563
2344.71607759 0.996765411942
2344.85909916 0.998280846481
2344.8795308 0.997447225494
2344.89996253 1.00094432033
2344.92039407 1.00002573538
2344.94082571 1.00197149104
2345.12471055 1.00834583518
2345.14514219 1.00218869148
2345.16557373 1.00028195228
2345.18600546 1.00809400878
2345.2064371 1.00577514745
2345.22686864 1.00247673162
2345.24730038 1.00985087857
2345.26773201 1.00040886942
2345.28816355 0.997457275063
2345.30859529 1.01157915819
2345.32902693 1.00154756313
2345.34945866 1.0047658988
2345.3698902 0.995060403332
2345.39032184 0.998255827048
2345.41075357 0.998186707592
2345.43118511 1.00314597924
2345.45161675 1.00406054792
2345.47204849 0.992667634882
2345.49248012 1.0041085274
2345.51291166 0.994575296077
2345.5333434 0.997131098246
2345.55377503 0.998245286161
2345.57420667 0.992967096068
2345.59463831 0.980898417354
2345.61506994 1.00002884836
2345.69679649 0.996203851109
2345.86024968 0.997962711971
2345.88068121 0.998524207191
2345.90111285 0.988564196725
2345.92154459 1.00626641815
2345.94197612 1.00400987436
2345.96240776 0.995588069151
2345.98283949 0.991440430235
2346.00327103 0.996066126375
2346.0441344 1.00108059555
2346.06456604 0.996984667868
2346.08499767 0.993636295232
2346.10542931 0.995106483299
2346.12586094 1.00056950792
2346.14629258 0.997431488844
2346.16672421 1.00311615514
2346.18715585 0.99595022174
2346.20758758 1.00663771605
2346.22801912 1.00289850449
2346.24845076 0.992829564427
2346.28931403 0.997076084196
2346.30974576 0.998394191535
2346.3301774 0.99889814407
2346.35060893 1.00187250181
2346.37104067 0.991798912052
2346.3914723 1.00012627973
2346.41190384 1.002882944
2346.43233557 1.00466572679
2346.45276711 0.997405474174
2346.47319874 0.981512434632
2346.55492538 1.00117611604
2346.57535702 0.999574757922
2346.59578865 0.992874040983
2346.61622028 0.996604054362
2346.63665192 1.00670751141
2346.65708355 1.00734762504
2346.84096836 1.01107977612
2346.8613999 1.00654697319
2346.88183163 1.0044723666
2346.90226327 1.00603870644
2346.9226948 0.997787525811
2346.94312654 1.00476364711
2346.96355817 1.00037833458
2346.9839899 1.00115254336
2347.00442144 1.00202768757
2347.02485307 1.00946878175
2347.04528471 0.996866050831
2347.06571634 0.99680032861
2347.08614797 0.992588638147
2347.10657971 0.998791127391
2347.12701124 0.997757268854
2347.14744288 0.998668052647
2347.33132768 1.00516276074
2347.35175931 1.00169576963
2347.37219085 1.00405442055
2347.39262258 0.997835465254
2347.57650728 1.00663642053
2347.59693891 1.00264413023
2347.61737065 0.996033903291
2347.63780218 1.00102443042
2347.65823391 0.994757285555
2347.67866555 1.0001371223
2347.69909718 0.99948566422
2347.78082371 0.999709743125
2347.80125535 0.997183359529
2347.82168698 1.00306743791
2347.84211861 0.997235813061
2347.86255025 0.995465631344
2347.88298198 0.998118760782
2347.90341351 0.996514065634
2347.92384515 1.00086339524
2347.94427688 1.0045753471
2347.96470841 1.00311397379
2348.00557178 1.0007856284
2348.02600331 0.997691531109
2348.04643494 0.996776793977
2348.06686668 1.00155527265
2348.08729821 0.999790187784
2348.10772994 1.004426432
2348.12816157 1.00258745663
2348.14859311 1.00197973974
2348.16902484 1.00332807525
2348.18945647 0.992184948537
2348.20988811 0.997630072243
2348.25075137 0.998789565224
2348.35290964 1.00023573442
2348.37334117 1.00420692341
2348.3937729 1.0031698217
2348.41420453 0.990332267712
2348.43463607 0.996652552477
2348.4550678 1.00841447762
2348.49593096 1.0023143511
2348.5163627 1.00437371918
2348.55722596 0.997562487067
2348.57765759 0.99435539657
2348.59808913 1.00279501309
2348.61852086 1.00663860367
2348.78197402 1.00140608629
2348.80240555 1.00165726586
2348.82283718 1.00319500179
2348.84326892 0.995287717487
2348.86370045 1.00016963325
2348.88413208 1.00032267046
2349.00672197 0.995428504476
2349.02715361 1.00521128565
2349.04758524 1.00020959849
2349.06801697 1.00626599154
2349.0884485 1.00088977908
2349.10888014 0.994680144727
2349.12931187 0.992332015387
2349.27233319 0.997080150046
2349.29276493 0.998426821184
2349.31319646 0.995711462344
2349.33362809 0.990336526302
2349.53794451 1.00058956772
2349.55837615 0.999290375143
2349.57880788 0.994167895999
2349.59923941 0.998574063059
2349.61967114 1.0025411345
2349.64010277 0.999282739044
2349.7831243 0.999569302256
2349.80355583 1.0026634912
2349.82398746 1.00178545797
2349.8444192 0.999754448438
2349.88528236 1.00022220853
2349.90571399 0.997314393446
2349.92614563 1.00102213775
2349.94657726 0.99980054888
2349.96700889 0.997965839385
2349.98744052 1.00215140313
2350.00787225 1.00271727244
2350.02830379 0.99526608275
2350.04873542 1.00313366435
2350.06916715 0.991580574252
2350.08959878 1.00157581771
2350.29391521 0.995403897237
2350.31434674 0.99902967184
2350.33477837 0.995831729928
2350.3552101 1.00214424553
2350.51866316 0.998392792448
2350.5390948 1.00164328944
2350.55952643 1.0017303406
2350.57995806 1.00334077976
2350.60038969 1.0030422743
2350.62082132 0.995055855381
2350.64125296 0.999191512236
2350.66168459 1.001148558
2350.68211622 1.00121992138
2350.70254785 0.999176068039
2350.72297949 0.986135715515
2350.74341122 1.00762841662
2350.76384275 1.0096864668
2350.78427448 0.997797929718
2350.80470612 0.99043351042
2350.82513765 1.00458584548
2350.84556938 0.990587593832
2350.98859081 0.998413258897
2351.00902254 0.996410843997
2351.02945408 0.99689207366
2351.04988571 0.99668002213
2351.07031744 0.988014850123
2351.25420214 1.00248998358
2351.27463367 0.997205813274
2351.2950654 1.00207255922
2351.31549704 1.00542905857
2351.4789501 1.00564967926
2351.49938173 1.00320843425
2351.51981347 0.9992307488
2351.540245 1.00195482944
2351.56067663 1.00172826325
2351.58110837 0.99634362885
2351.76499306 1.00034784446
2351.7854248 0.996386779396
2351.80585633 0.997220595968
2351.82628796 1.00107890017
2351.8467197 0.99842766598
2351.86715133 1.00088410359
2351.88758287 0.997586814309
2351.9080146 1.00158141403
2351.92844623 1.0031963943
2351.94887777 0.999783185148
2351.9693095 0.995402611926
2352.01017277 0.998432440529
2352.0306044 0.998470046319
2352.05103593 0.993606617268
2352.23492084 1.00137942361
2352.25535237 0.999425038621
2352.27578401 1.00082374239
2352.29621574 0.997019808759
2352.31664727 1.00067681808
2352.33707891 1.00305691631
2352.35751064 1.00126324803
2352.37794228 1.00038722729
2352.41880554 0.995700012764
2352.43923718 1.00056234122
2352.45966881 1.01015705938
2352.48010045 0.991764046276
2352.50053208 1.00617925077
2352.52096372 1.00546851941
2352.54139535 1.00769064302
2352.56182708 1.00532116225
2352.58225872 0.989204132979
2352.60269025 0.999254808967
2352.62312199 0.987612857466
2352.66398516 0.995841128759
2352.68441689 0.993491771945
2352.70484843 1.00230301837
2352.72528016 1.00088479359
2352.7457118 1.0019698638
2352.76614333 1.00160211511
2352.8070067 0.9902681011
2352.97045978 1.00001115797
2352.99089141 0.993468394921
2353.01132315 1.00013395776
2353.03175468 0.998338187755
2353.05218632 0.997506421588
2353.07261805 1.00082921146
2353.09304969 1.00389918778
2353.11348133 1.00163892236
2353.13391296 1.00039509051
2353.1543446 1.00418521854
2353.17477623 1.00124159143
2353.19520787 0.998423663159
2353.2156395 1.00344664372
2353.23607124 1.00404456475
2353.25650277 1.01171685409
2353.27693441 1.00391252327
2353.29736614 1.00336505082
2353.31779768 0.997263973929
2353.33822942 0.99976704491
2353.35866105 1.000282812
2353.39952432 1.00047775263
2353.41995586 0.999934590096
2353.4403875 1.00136956661
2353.46081923 1.00615010797
2353.5016825 0.996596477165
2353.52211414 0.997395187915
2353.7264306 0.998992096968
2353.74686224 1.00009709546
2353.76729378 0.998390799444
2353.78772551 0.998899502401
2353.80815715 1.00087665703
2353.82858869 1.00119132677
2353.84902042 0.998689603099
2353.86945206 1.00109090182
2353.8898838 1.00084404926
2353.91031533 1.00499089531
2353.93074697 0.997169296204
2353.95117871 1.0024468121
2353.97161024 1.00274221389
2353.99204188 0.995293435626
2354.01247362 1.00945696407
2354.03290515 0.994735998002
2354.05333689 1.00219878599
2354.17592672 1.00086152046
2354.19635825 1.00059004231
2354.21678989 0.999802199402
2354.23722163 0.994456500717
2354.25765327 0.993799546369
2354.2780849 1.00217732034
2354.44153811 0.997107321479
2354.46196975 1.00041670886
2354.48240128 0.998075115973
2354.50283302 1.00285920642
2354.52326466 0.99187712238
2354.5436962 0.99630149205
2354.56412794 0.99810939081
2354.58455958 0.999728011132
2354.60499131 0.996309868799
2354.62542285 0.99177266906
2354.64585449 1.00307380222
2354.66628613 1.00849610799
2354.68671777 1.0050552827
2354.72758105 1.0092094607
2354.74801269 1.00483117277
2354.76844433 1.00343655879
2354.8093076 1.01100344343
2354.87060252 0.998059383704
2354.89103426 1.00523988701
2354.9114658 0.999386154037
2354.93189744 0.994360579591
2354.95232918 0.994399255422
2354.97276082 0.99400154877
2355.0136241 0.993526276511
2355.17707732 0.997546382401
2355.19750886 0.997596958999
2355.2179406 1.00611479932
2355.25880378 1.00139587648
2355.27923552 1.00531842142
2355.29966716 1.00363920387
2355.36096208 1.00048886935
2355.38139382 1.00432964548
2355.40182536 0.997804861059
2355.422257 1.00668353234
2355.50398357 0.995476845178
2355.6674368 1.00205374029
2355.70830008 0.999672844405
2355.72873172 1.00505725037
2355.74916336 1.00862503272
2355.9126165 1.00367439618
2355.93304824 0.997206717335
2355.95347988 0.998305348912
2355.97391143 1.00173924225
2355.99434317 1.00029400561
2356.01477481 1.00010920139
2356.03520646 1.00401991184
2356.0556381 0.998088184175
2356.07606974 0.998467128586
2356.09650138 1.00629777032
2356.11693303 1.0027630925
2356.13736467 0.997244391333
2356.15779631 1.00214486962
2356.17822796 0.998807219218
2356.1986596 1.01122673692
2356.21909124 0.999485323202
2356.40297614 1.0061409014
2356.42340768 0.998530291371
2356.44383942 1.00125296531
2356.46427107 0.992150674109
2356.48470281 1.00533657386
2356.64815597 1.00030316561
2356.66858761 1.00610456457
2356.68901916 0.999720833637
2356.7094509 1.00550194236
2356.72988255 1.0001440079
2356.7503142 0.995434348711
2356.77074584 1.00029404598
2356.79117749 1.0030611024
2356.83204078 1.00393424868
2356.85247242 1.00021322134
2356.87290407 1.0039686095
2356.89333571 0.99941952785
2356.91376736 0.993468997387
2356.93419911 0.99665590358
2356.95463065 1.00878295084
2357.13851547 0.998675190324
2357.15894722 0.997956920609
2357.17937886 0.999497663508
2357.19981061 1.00594713436
2357.22024216 0.997549336002
2357.2406738 0.996188844256
2357.36326379 0.993618789397
2357.38369544 1.00063575823
2357.40412708 1.00030045056
2357.42455873 0.999223358994
2357.44499038 0.994599878407
2357.50628532 1.0059955105
2357.52671687 1.00159914047
2357.58801192 0.998864002124
2357.60844356 0.999074839027
2357.62887521 1.00237279887
2357.64930696 0.990366933378
2357.66973851 1.00561411912
2357.69017016 0.999503999239
2357.71060191 0.997884162312
2357.89448675 0.999756902172
2357.9149185 1.00172914829
2357.93535005 0.998510556778
2357.9557817 1.00161035314
2358.11923501 1.00638320389
2358.13966666 1.00071642409
2358.16009831 1.00172809667
2358.18052986 1.00258775949
2358.20096161 1.00627542087
2358.32355152 0.998772702834
2358.34398317 1.00031986628
2358.36441492 1.00171578451
2358.38484647 1.00199514819
2358.40527813 1.00129921448
2358.42570988 0.996300169
2358.44614143 1.00070878126
2358.46657318 1.00023155038
2358.5891631 1.00068340077
2358.60959475 0.996790126258
2358.6300265 0.999295896244
2358.65045806 1.00599207473
2358.67088971 1.00308118047
2358.69132146 1.00066226873
2358.71175312 1.00354384953
2358.73218467 1.00064916194
2358.81391138 1.00053934095
2358.83434294 0.998023414401
2358.85477469 1.00098480114
2358.87520635 0.997696940138
2358.8956379 1.0054839367
2358.91606966 0.999881792737
2358.93650131 0.99289794677
2358.95693286 0.99680258551
2359.07952299 0.997031178768
2359.09995455 1.00090204319
2359.1203862 1.00557667378
2359.14081796 1.00603522981
2359.16124952 1.00463640725
2359.18168127 0.993804388829
2359.20211293 0.997332287096
2359.22254448 0.998351288004
2359.24297624 0.991442005825
2359.28383955 1.00179325854
2359.30427121 0.992894179656
2359.32470286 0.998567367584
2359.34513452 0.998306128532
2359.36556618 0.998558583075
2359.40642959 0.99814662043
2359.42686125 0.980210915823
2359.5903145 0.997373011881
2359.61074606 0.998734064926
2359.63117782 1.00508402647
2359.65160948 0.99772298438
2359.67204104 1.00097376192
2359.69247279 1.00204297555
2359.71290445 1.00099300769
2359.73333621 1.00004833103
2359.75376777 1.00246220881
2359.77419943 1.00234948428
2359.79463119 0.998836331956
2359.81506275 0.997781711806
2359.83549441 0.995034459912
2359.85592616 0.996264364048
2359.87635772 0.98853982377
2359.89678948 0.992462863185
2359.91722114 0.992482525256
2359.9376528 1.00263201208
2359.95808446 0.996590210356
2360.10110608 0.998182363904
2360.12153784 0.994442520424
2360.1419695 0.996025254174
2360.16240106 0.997672485735
2360.30542279 1.00180791683
2360.32585435 1.00210566627
2360.34628611 0.997435133568
2360.36671778 0.995191559704
2360.38714934 1.00216359961
2360.4075811 1.00039758177
2360.5710345 1.00093168202
2360.59146616 0.999415593161
2360.61189783 1.00503666493
2360.63232949 0.999890847163
2360.65276115 1.00499285849
2360.67319282 1.00730389376
2360.69362448 0.999793586459
2360.71405614 1.00148615833
2360.73448791 0.998349764156
2360.75491947 1.00536368595
2360.77535114 1.00407049341
2360.7957828 1.00178027016
2360.81621446 1.00600421828
2360.85707789 1.00548288913
2360.89794122 0.979429847391
2361.06139455 0.99305434332
2361.08182621 1.00014763765
2361.10225788 0.995326876786
2361.12268954 0.994149837605
2361.14312121 0.992682334772
2361.16355298 0.995873438212
2361.18398454 0.993954938382
2361.20441621 1.00561620595
2361.24527954 1.0025111118
2361.26571121 0.999734673807
2361.28614298 0.998775313625
2361.30657464 0.99821850249
2361.32700631 1.00042849324
2361.34743798 0.998168922689
2361.36786965 1.00516773562
2361.38830131 0.990116085546
2361.57218633 1.00704808151
2361.592618 0.999676262401
2361.61304977 0.996847337046
2361.63348134 0.999814009706
2361.653913 1.00515532045
2361.67434477 1.00351017641
2361.69477634 1.00364787252
2361.73563978 1.00733997489
2361.75607135 1.00299149764
2361.77650312 1.00604584101
2361.79693479 1.00101421919
2361.83779813 1.00133510509
2361.8582298 0.99896479672
2361.87866157 1.01150865734
2361.89909315 1.00336740473
2362.04211494 1.0050817475
2362.06254662 0.999414348787
2362.08297829 0.998640368133
2362.32815846 1.00010386746
2362.34859004 0.993647555588
2362.36902181 1.00443093784
2362.38945348 0.99775611209
2362.51204353 1.00145107765
2362.53247521 1.00032082669
2362.55290688 1.00107479184
2362.57333856 0.9996023171
2362.59377033 1.00408052457
2362.61420201 0.999905691872
2362.77765541 1.00072277103
2362.79808709 0.997837470853
2362.81851887 0.997688036312
2362.83895044 0.998306405336
2362.8798139 1.00134403053
2362.90024548 1.00244931872
2362.92067725 0.996148169755
2362.94110883 0.995787138276
2362.96154051 1.00030992955
2362.98197229 0.9959100846
2363.00240387 1.00309453654
2363.02283554 1.0028542927
2363.04326732 0.996984828267
2363.10456236 1.00229983487
2363.26801579 1.00282912717
2363.28844747 1.00095089031
2363.30887925 0.997070026808
2363.32931093 1.00588105964
2363.34974251 0.992921641023
2363.51319606 1.0014351982
2363.53362784 1.00677792052
2363.55405943 0.998589376646
2363.57449111 0.995502783668
2363.59492279 0.998774058042
2363.61535447 1.00025215545
2363.63578625 0.997202637014
2363.65621784 0.996283514089
2363.67664952 0.999865143556
2363.6970813 0.991160493621
2363.71751289 0.995273752987
2363.73794457 1.00056903112
2363.75837635 1.00342404353
2363.77880804 0.995545139414
2363.79923972 1.00156340687
2363.8196714 0.99833121488
2363.84010309 1.00177421178
2364.00355656 0.998353680651
2364.02398835 0.998668361886
2364.04442003 1.00003680004
2364.06485162 1.00483952833
2364.08528341 1.00022272374
2364.10571509 1.0012084438
2364.12614688 0.997029057763
2364.14657846 0.999667224043
2364.16701015 1.00149849227
2364.18744184 1.00362471349
2364.20787352 1.00954649069
2364.22830521 0.996918825467
2364.2487369 1.00002662276
2364.26916858 0.996391985509
2364.28960037 1.00020318023
2364.31003196 0.99465483511
2364.33046365 1.0082083421
2364.47348556 0.997907352204
2364.49391725 1.00177700074
2364.51434894 1.00044695221
2364.53478063 1.00074615614
2364.55521232 0.999942580681
2364.57564401 1.0084403654
2364.5960757 0.999235806143
2364.61650739 0.993744071875
2364.63693918 0.994509260003
2364.67780256 1.0007296293
2364.69823425 1.00060524699
2364.71866584 0.994378461098
2364.73909763 1.01080555911
2364.75952932 1.00158569802
2364.77996091 1.00881485404
2364.8003927 0.9965756155
2364.98427793 0.994740475787
2365.00470972 1.00157713889
2365.02514131 1.01030033424
2365.04557301 1.00189707079
2365.0660048 1.00090560438
2365.22945835 0.996631446033
2365.24989004 0.994295630379
2365.27032174 0.996252431452
2365.29075353 0.999400569757
2365.31118513 0.99534206466
2365.33161692 0.999399730838
2365.35204862 1.00024475813
2365.37248022 0.99743972361
2365.41334371 1.00239102154
2365.4337753 0.993930725571
2365.4542071 1.00067661589
2365.4746388 1.00033835469
2365.49507039 1.00116583134
2365.51550219 0.996751467809
2365.53593389 0.999883404639
2365.71981927 1.00142508928
2365.74025086 1.00240115168
2365.76068256 0.993421488551
2365.78111436 0.997529367115
2365.80154606 0.997318432904
2365.82197766 1.00105317517
2365.84240946 0.99964948664
2365.86284116 0.999317314431
2365.88327286 0.998132548123
2365.90370456 1.00183088822
2365.92413626 0.996687954891
2365.94456806 1.00784350333
2365.96499966 1.00637306731
2365.98543136 1.00298450439
2366.00586316 1.00316930598
2366.02629476 1.00289515673
2366.04672656 1.00897475786
2366.21018018 1.00488980851
2366.23061188 0.994196417155
2366.25104358 0.999846081059
2366.27147528 1.00206163668
2366.29190699 0.994927938052
2366.31233869 1.00586376423
2366.33277039 1.00743648433
2366.43492901 1.00942536762
2366.45536062 1.00315484023
2366.47579232 0.995378049461
2366.49622413 1.00090193753
2366.51665583 1.0050642223
2366.53708754 1.0048765667
2366.55751924 1.0016424728
2366.57795095 1.00290552801
2366.59838276 0.999732943622
2366.61881436 0.996152903685
2366.63924607 1.00233934844
2366.65967787 0.999620875167
2366.68010948 1.00255564688
2366.70054129 1.00286832673
2366.72097299 1.00938167759
2366.7414046 0.997485445524
2366.76183641 0.995951276603
2366.78226811 0.99982919241
2366.94572178 1.00269661667
2366.96615349 0.99795533493
2366.9865852 0.995840410933
2367.00701691 0.998021248175
2367.1909023 0.995200878336
2367.21133411 0.999399266675
2367.23176582 0.998627519265
2367.25219753 1.00427364096
2367.27262924 0.995327935366
2367.29306096 0.996825572108
2367.31349277 1.00027527141
2367.33392438 0.994994875312
2367.39521952 1.00577565258
2367.41565133 1.00158481466
2367.43608304 1.00066788197
2367.45651466 0.99742736479
2367.47694647 0.999262780116
2367.49737818 0.996139131538
2367.5178098 1.00087210844
2367.53824161 0.995404089646
2367.55867333 1.00000405675
2367.57910504 1.00369332293
2367.59953675 1.00049725476
2367.61996847 0.999621612149
2367.64040018 0.996673281843
2367.6608319 0.983674985667
2367.68126361 1.00322166933
2367.70169533 0.998985800843
2367.72212705 1.00335241501
2367.74255886 1.00339495821
2367.92644431 1.00308885642
2367.94687603 0.992115263473
2367.96730785 1.00147608866
2367.98773947 0.99072006511
2368.00817118 0.999383420547
2368.028603 1.00253486076
2368.04903462 1.00033366553
2368.06946644 0.995318727392
2368.08989816 1.00669097238
2368.11032978 0.992254755083
2368.1307616 1.00152494135
2368.15119332 1.00558627397
2368.17162494 0.997052179256
2368.21248848 1.00474299822
2368.2329202 0.995946980988
2368.25335192 0.99744456364
2368.29421536 0.989853848247
2368.35551052 0.997091636188
2368.37594225 1.00641280766
2368.39637407 1.00317216466
2368.41680569 0.998259845669
2368.43723741 1.00697804258
2368.45766924 1.00295780963
2368.47810096 0.99597591769
2368.66198647 0.993973698024
2368.6824183 0.999514798848
2368.70284992 0.989287808801
2368.72328165 0.998717676146
2368.74371347 1.00223803852
2368.90716728 1.00783581149
2368.92759901 1.00017211954
2368.94803083 0.996454877476
2368.96846246 0.997784665346
2368.98889419 1.00073700743
2369.00932592 1.00415339977
2369.02975765 0.996638383314
2369.05018937 0.998219388176
2369.0706211 1.00181867644
2369.09105283 1.00478638867
2369.11148466 0.999516946649
2369.13191629 1.00318428308
2369.15234802 1.00223242833
2369.17277985 0.999480982105
2369.19321158 0.998538987547
2369.21364321 0.995521209618
2369.41796062 1.00432436719
2369.43839245 0.995069721782
2369.45882418 0.999758399775
2369.47925581 1.00833581807
2369.49968764 0.998882295579
2369.52011938 0.996063550112
2369.54055101 0.996734908883
2369.58141458 1.00002141244
2369.60184631 1.0000186718
2369.62227804 1.00342286939
2369.64270978 1.00156059918
2369.66314151 1.00026551669
2369.68357325 1.00248022507
2369.70400498 0.992989115992
2369.72443672 0.996970118809
2369.74486845 1.00782879875
2369.76530029 1.00148266875
2369.84702723 0.996450081836
2369.86745887 1.00259612876
2369.8878907 1.00300157359
2369.90832244 0.999598123581
2369.92875418 1.00209866007
2369.94918591 0.995571225025
2369.96961765 0.9955076728
2370.11263992 0.994506142854
2370.1535034 1.00176728253
2370.17393514 0.995479076431
2370.19436678 1.00044139865
2370.21479862 0.99788931643
2370.23523036 0.991615877908
2370.2556621 0.999659463864
2370.27609384 1.00296552623
2370.29652558 1.00408595201
2370.31695742 0.996418021973
2370.33738906 0.997708494371
2370.3578208 0.999665637137
2370.37825254 0.99808465954
2370.39868429 1.00525883636
2370.41911603 0.996735974362
2370.43954777 0.995567473234
2370.62343356 1.00247802532
2370.6438654 0.990187682035
2370.66429705 0.99358656678
2370.68472879 1.00048923724
2370.70516064 1.00290329982
2370.86861461 0.999849697671
2370.88904635 1.00201486534
2370.909478 1.0016116798
2370.92990985 1.0049133279
2370.9503416 1.00744767311
2370.97077334 1.00418849633
2371.09336384 1.00863822993
2371.11379558 0.997951370116
2371.13422743 1.00404381757
2371.15465908 1.00436765758
2371.17509083 0.997999404382
2371.19552268 0.998796502544
2371.21595443 0.99587872764
2371.23638609 1.00445054175
2371.31811319 1.00038611715
2371.33854494 0.998050447432
2371.35897679 1.00327510301
2371.37940845 0.999017859469
2371.3998402 1.00427691702
2371.42027205 1.01166263722
2371.4407037 0.993826308332
2371.46113556 0.993986450533
2371.48156731 0.993311823964
2371.50200472 1.005465223
2371.52243079 1.0088104253
2371.54286255 0.994600928114
2371.5632942 0.999858252057
2371.58372606 1.00029221213
2371.60415781 0.998256747383
2371.62458966 0.995123037751
2371.64502132 1.00196335747
2371.66545308 1.01004488988
2371.68588493 1.00289982777
2371.70631659 0.999091016665
2371.72674834 0.997555089247
2371.80847547 0.99797720763
2371.82890723 0.997193240797
2371.84933898 0.996094686399
2371.86977074 0.998922996933
2371.8902025 0.997587376188
2371.91063436 0.996827893091
2371.95149777 0.998798621213
2371.97192963 0.996711513135
2371.99236129 1.0000531005
2372.05365657 0.99948824031
2372.09452009 0.994749298209
2372.11495185 0.998240824806
2372.13538371 1.00440048663
2372.15581537 0.999462745871
2372.17624723 1.00123165608
2372.33970143 0.999981642262
2372.36013309 0.998608671141
2372.38056486 0.99888568563
2372.40099672 1.00066257497
2372.42142848 0.999722297863
2372.44186015 1.00366871304
2372.46229201 0.99880785572
2372.48272378 1.00029695214
2372.50315554 1.00248765828
2372.52358731 0.990795901735
2372.56445084 0.996206626048
2372.5848826 0.993690709277
2372.60531437 0.998465822556
2372.62574623 1.00155322369
2372.6461779 1.00387639105
2372.83006391 0.999095795884
2372.85049568 1.00075486284
2372.87092735 1.00152526081
2372.89135922 1.00192865702
2372.91179098 1.00078302957
2372.93222265 0.999473922819
2372.95265452 0.993411157349
2372.97308629 1.00904048238
2372.99351817 0.997117467741
2373.01394984 0.99959043817
2373.03438161 0.997703212819
2373.05481348 1.00033084819
2373.07524525 1.00285982907
2373.09567692 0.999408933281
2373.11610879 0.995550171079
2373.13654056 0.993074175332
2373.15697234 0.99546765331
2373.3408583 0.999469324642
2373.36129007 1.00174044035
2373.38172195 0.998006242129
2373.40215362 1.00030085027
2373.4225854 0.997306681335
2373.44301727 1.0048955268
2373.46344895 1.00047796687
2373.48388083 1.00336266935
2373.5043126 0.99928398734
2373.52474428 1.00089788479
2373.54517616 0.999731134593
2373.56560793 1.0055799695
2373.58603961 1.00543073513
2373.60647149 1.00860763671
2373.62690327 1.00136379598
2373.64733514 0.999215814346
2373.6881986 0.995187808057
2373.70863048 1.00041535486
2373.74949394 0.999254079123
2373.76992582 0.99743221941
2373.81078928 0.999796186365
2373.83122116 1.01123915103
2373.87208472 1.00237720921
2373.8925165 0.991695183789
2373.91294828 1.01015843193
2373.93338016 0.994888302427
2374.01510719 0.99928428809
2374.03553907 1.00143306931
2374.05597076 1.0023728125
2374.07640254 1.00299547685
2374.09683442 0.996567063592
2374.11726611 1.0011871755
2374.13769789 1.00180137907
2374.30115227 0.995118989732
2374.32158406 0.998521907323
2374.34201585 1.00192990052
2374.36244773 1.0004033161
2374.38287942 1.00845865995
2374.40331121 1.00265869961
2374.44417488 1.00150916953
2374.46460657 0.999831686526
2374.48503846 1.00194046086
2374.50547025 1.00477335286
2374.52590203 0.99662169061
2374.54633382 1.00213437485
2374.56676561 1.00068620695
2374.5871975 1.0009169499
2374.60762919 0.996861822469
2374.62806098 0.999032988058
2374.64849287 0.998742390173
2374.66892456 0.993891552222
2374.68935645 0.994445768539
2374.73021994 1.00307563588
2374.75065183 1.00456832225
2374.77108352 0.998869537976
2374.79151531 0.996598250238
2374.8119472 0.997067600234
2374.89367428 0.996991473904
2374.91410617 0.99050156088
2374.93453796 0.997832832611
2374.97540155 1.00539844968
2374.99583335 0.997454909845
2375.01626524 0.995690340115
2375.03669694 0.998387488705
2375.07756063 0.998205310252
2375.09799242 0.991696846325
2375.11842422 1.00356716784
2375.3023105 1.00087989781
2375.32274219 1.00115003214
2375.34317409 1.00168176748
2375.36360579 1.00502461219
2375.38403759 1.005553845
2375.40446949 1.00452751645
2375.42490129 0.994977118288
2375.44533309 1.00465654447
2375.46576489 1.00009572687
2375.48619659 0.999905928094
2375.50662849 1.00209903512
2375.5270603 0.998176975568
2375.547492 1.00037575614
2375.5679239 0.997909379402
2375.5883557 1.00015182888
2375.6087876 0.999895361099
2375.62921931 0.997166426489
2375.64965111 0.991788982185
2375.73137842 1.00196171548
2375.75181013 0.999879200948
2375.77224203 1.00901553877
2375.79267384 0.999253994013
2375.81310564 1.00148478262
2375.83353745 0.996953391397
2375.85396925 0.998983832087
2375.87440106 1.00140026199
2375.89483296 1.00012165748
2375.91526467 0.997381457625
2375.95612838 1.00158958647
2375.97656009 1.00018242593
2375.996992 0.994313070784
2376.01742381 1.00725685499
2376.05828742 0.998082074637
2376.07871913 0.998015563194
2376.09915094 1.00695002063
2376.11958285 0.999690641046
2376.14001456 1.00097513015
2376.2217419 1.0056871522
2376.24217371 1.00360658905
2376.26260542 0.998918399958
2376.28303733 0.999157117865
2376.30346914 0.997699286646
2376.32390105 1.00251237261
2376.34433276 0.996482923988
2376.36476458 0.992902197627
2376.38519649 0.99428148564
2376.4056282 1.00019185048
2376.44649193 1.0015545446
2376.46692374 1.00431415461
2376.48735556 1.00337734152
2376.50778737 1.00220019139
2376.52821918 0.995984378133
2376.548651 1.00133822719
2376.77340108 0.990329210983
2376.7938328 0.997768386345
2376.81426471 1.00266081812
2376.83469653 0.999842245437
2376.85512825 1.00161645055
2376.87556017 1.0034704841
2376.93685563 1.00032838305
2376.95728745 1.00494306522
2376.97771937 1.00038112825
2376.99815109 1.00263494999
2377.01858291 0.994456818293
2377.03901483 0.999382229669
2377.22290123 1.00269435497
2377.24333306 1.00112615485
2377.26376498 0.991095986913
2377.28419671 0.996802646764
2377.30462863 0.993800877337
2377.32506046 0.998816881475
2377.34549218 1.00458586919
2377.36592411 0.994887045431
2377.38635593 0.998682479476
2377.40678766 0.997463922794
2377.42721959 0.997307668202
2377.44765131 0.993683172478
2377.46808324 0.994468020816
2377.48851507 1.00116672728
2377.50894679 1.00088519568
2377.52937872 1.0038406167
2377.54981055 0.996644980318
2377.57024228 0.999694036258
2377.71326519 1.00065268976
2377.73369702 0.998183696585
2377.75412895 1.00348970578
2377.77456078 1.00546938859
2377.79499261 0.996286119148
2377.81542444 1.00253773343
2377.97887921 1.00323029092
2377.99931094 0.995730453093
2378.04017471 0.996788536189
2378.06060644 1.00148598974
2378.08103838 1.00050347079
2378.10147012 0.993045457582
2378.12190205 0.996798754388
2378.14233389 0.997473423666
2378.16276562 1.00857219545
2378.18319756 1.01114636116
2378.2036294 1.0002155202
2378.22406114 0.999173257884
2378.24449307 1.01000249609
2378.26492491 1.00417607824
2378.28535685 1.00027549852
2378.30578859 1.00763498708
2378.44881157 1.00232918702
2378.46924341 1.00069786548
2378.48967525 0.997505341573
2378.51010709 1.00064459289
2378.53053893 0.996777706682
2378.55097077 0.994979290548
2378.57140262 0.996715892727
2378.59183446 1.00015767854
2378.6122664 0.987432278818
2378.65312999 0.999892811992
2378.67356193 0.996842431863
2378.69399378 0.999772039987
2378.71442552 1.00715350417
2378.73485747 1.00033981185
2378.77572116 1.00064136607
2378.796153 1.00812730602
2378.95960778 1.00980914797
2378.98003962 0.998491776177
2379.00047157 1.0043706152
2379.02090332 1.00508474537
2379.04133517 0.996508376514
2379.06176712 1.00127260451
2379.18435822 0.997963691902
2379.20479007 0.996618900199
2379.22522193 0.995240403209
2379.24565378 1.00342333176
2379.26608573 1.00116136608
2379.28651758 1.00428473882
2379.30694933 0.998897568523
2379.32738129 1.00206642075
2379.34781314 0.99843803003
2379.3682449 1.00248834815
2379.38867685 1.00153617787
2379.4091087 1.00443358968
2379.42954046 1.0059663324
2379.44997241 0.995313503514
2379.47040417 0.999020943876
2379.49083612 1.00323726738
2379.51126798 0.997672842614
2379.53169974 0.996596402174
2379.55213169 0.998899830495
2379.57256355 1.00277175394
2379.65429108 0.994324390023
2379.67472284 0.994393438598
2379.6951547 0.997216813747
2379.71558665 1.00491595409
2379.73601841 1.00475092417
2379.75645027 0.999850493479
2379.77688223 1.0051301755
2379.79731409 1.00034397315
2379.81774595 1.00100722176
2379.83817781 1.00072577111
2379.87904154 0.998531902892
2379.8994734 1.00036451266
2379.91990526 0.995640032324
2379.94033722 0.992090305611
2379.96076898 1.00244134011
2379.98120095 0.998325269552
2380.00163281 1.00078427455
2380.02206457 0.998079162445
2380.04249654 1.00835869943
2380.0629284 0.997899987033
2380.08336016 1.00060050599
2380.12422389 1.00299134788
2380.14465586 1.00745022172
2380.16508772 1.00104200592
2380.18551949 1.0002162837
2380.20595146 1.00257879906
2380.22638332 1.0030249134
2380.24681509 0.999296222467
2380.26724706 0.997825738519
2380.28767892 0.99979008122
2380.30811089 0.99835560161
2380.38983827 0.990657388025
2380.41027013 0.995627392532
2380.4307021 0.999536274477
2380.45113387 1.00144356198
2380.47156584 1.00094231033
2380.49199771 1.00569155961
2380.51242958 1.00523253526
2380.53286146 0.995212549661
2380.55329333 1.0060902073
2380.61458894 0.999284175752
2380.63502091 0.999864023156
2380.65545279 0.99779567918
2380.67588456 1.00108773346
2380.69631653 1.00171288011
2380.71674841 0.99602063649
2380.73718018 1.0020077115
2380.77804393 1.00358107652
2380.79847591 0.993045547661
2380.81890778 0.99775109275
2380.85977153 0.988753122937
2380.88020341 0.993967077254
2380.90063519 0.99756830002
2380.92106716 0.999974508103
2380.94149904 1.00536077421
2380.96193102 1.00137921207
2380.98236279 0.987967029339
2381.00279467 0.989284202416
2381.02322665 1.00543748762
2381.04365843 1.00226986942
2381.06409031 0.995907197878
2381.10495417 1.00381759373
2381.12538605 1.00543864607
2381.14581793 1.00283790237
2381.16624981 0.997060292533
2381.18668169 0.999621627007
2381.20711357 1.00089231407
2381.22754545 0.998339479705
2381.24797733 1.00460832713
