# #0 time, 1 flux
2559.10970201 1.0182572843
2559.13013445 1.0257814965
2559.15056689 1.0124615283
2559.17099933 1.0055564425
2559.19143177 1.00092179842
2559.21186431 0.991370004399
2559.23229664 1.00435683948
2559.27316162 1.00017883587
2559.29359396 1.00885445739
2559.31402649 0.998073758236
2559.33445893 1.00085210199
2559.35489126 1.00847162398
2559.37532379 1.01777983512
2559.39575623 1.0270271271
2559.41618856 0.989787415153
2559.5796481 0.982013936945
2559.60008053 0.995156958225
2559.62051295 1.00641727129
2559.64094538 0.990812106909
2559.66137781 0.990191120242
2559.68181023 0.995761478991
2559.70224265 0.976225959698
2559.72267518 1.00944323301
2559.76353992 0.991851529927
2559.78397244 1.00831474835
2559.80440477 1.00879415402
2559.82483719 0.999805681463
2559.84526971 1.02831347536
2559.86570202 0.983785069785
2559.88613444 0.996406232006
2559.90656696 0.985721963496
2560.07002628 0.996672495042
2560.09045869 0.99217039371
2560.11089111 1.00672073853
2560.13132352 1.00424591077
2560.15175593 0.985425701854
2560.17218834 0.992152577236
2560.29478288 1.00156432614
2560.31521529 0.998027804419
2560.3356476 1.00286506709
2560.3560801 0.991400728154
2560.3765125 1.00209439101
2560.39694481 0.988763824655
2560.41737731 0.985498149856
2560.43780961 0.991406083177
2560.45824201 1.00445082806
2560.49910681 1.01000729223
2560.51953921 0.99097268425
2560.53997171 1.01474284522
2560.56040411 1.02559811984
2560.6012689 0.999367693194
2560.6217013 1.00113539826
2560.6421336 1.00173876363
2560.80559284 1.01108367075
2560.82602533 1.0103968003
2560.84645762 1.01217237038
2560.86689001 0.994363463861
2560.8873225 0.997946056363
2561.05078149 0.998309213298
2561.07121397 0.996953354213
2561.09164635 1.02311873895
2561.11207863 0.999447910882
2561.13251111 0.991034893572
2561.1529434 1.00809876876
2561.17337588 1.00108688412
2561.23467301 0.994419974029
2561.25510539 0.985964082436
2561.27553767 1.00823400499
2561.29597014 0.997623842422
2561.31640252 0.987109286719
2561.33683479 1.01926498397
2561.35726727 0.984814714669
2561.37769964 0.986004102648
2561.39813202 0.992281687927
2561.41856439 0.995031828252
2561.50029387 1.01128451857
2561.52072624 0.98656671575
2561.54115871 0.998522291315
2561.56159098 1.00090622949
2561.58202335 1.00749576738
2561.60245582 0.989182021619
2561.62288808 0.978841491943
2561.64332045 0.999402784639
2561.66375292 1.00543792796
2561.74548227 0.992582861084
2561.76591473 0.991875853896
2561.7863471 1.00548030127
2561.80677936 1.00429874299
2561.84764418 1.01012902493
2561.86807654 1.01871815263
2562.05196765 0.996596396899
2562.0724001 0.994016707644
2562.09283245 1.01714727955
2562.11326471 0.991636728249
2562.13369716 1.01351049197
2562.15412951 0.98760448093
2562.21542656 1.00000189053
2562.23585891 1.00224360158
2562.25629126 0.997337057292
2562.2767236 1.0118265257
2562.29715595 0.991567858007
2562.3175883 0.988789724881
2562.33802064 0.996430279963
2562.35845299 1.00610305882
2562.37888543 0.998944120797
2562.48104715 0.992042466612
2562.50147949 0.992588090256
2562.52191173 1.02263597558
2562.54234417 0.986729479829
2562.56277651 1.00214566284
2562.58320874 0.998355976703
2562.74666753 0.997565925484
2562.76709977 0.991996077845
2562.7875322 1.00249086356
2562.80796453 1.02418953994
2562.82839676 0.986218831376
2562.84882919 1.00060232237
2563.01228772 0.998902899914
2563.03272014 0.983430566775
2563.05315247 1.0035857373
2563.07358479 1.00781476959
2563.09401712 0.996390383277
2563.11444944 0.992317181795
2563.13488176 0.995469656251
2563.21661115 0.995863388254
2563.23704337 1.00434951897
2563.25747579 0.991405118319
2563.2779081 0.982756293097
2563.29834032 1.00402432219
2563.31877274 1.00903209835
2563.33920506 1.01122119655
2563.35963727 0.996593736764
2563.38006969 1.00141472803
2563.4005019 0.998658887592
2563.44136663 0.995579950403
2563.46179884 1.00445781306
2563.48223116 0.994154640462
2563.50266357 1.00577616792
2563.52309578 0.991622972374
2563.54352809 1.00349310006
2563.5639605 1.01009212972
2563.58439281 1.00571391074
2563.60482502 0.998243924347
2563.72741886 0.999932958253
2563.74785127 0.991064507801
2563.76828357 1.00970271906
2563.78871577 0.997246931421
2563.80914818 0.999627669162
2563.82958048 0.988218781494
2563.85001268 0.996956466739
2563.87044508 0.990781785522
2563.89087738 0.995104897308
2563.93174198 0.993380836734
2563.95217428 1.01976396525
2563.97260658 1.01866956342
2563.99303888 0.992460963358
2564.01347118 1.00253185899
2564.03390357 1.00352363116
2564.05433587 1.00045429311
2564.07476806 0.9992665001
2564.23822641 1.00582630046
2564.2586587 1.00023517089
2564.27909109 1.01414416133
2564.29952328 0.995867195885
2564.31995557 1.0147583437
2564.34038795 1.00981130426
2564.36082014 0.984225023694
2564.38125243 1.00883545901
2564.4221171 1.00818016624
2564.44254929 0.988954790755
2564.46298167 1.00839401936
2564.48341395 1.01691515311
2564.50384614 1.01051382633
2564.52427852 1.0076090344
2564.5447108 0.983109266976
2564.56514298 0.998170675382
2564.72860132 1.00165155281
2564.74903359 0.992992357092
2564.76946587 0.985756287022
2564.78989814 0.995890713779
2564.81033042 0.976067863122
2564.99422096 0.987328726608
2565.01465313 0.997711899338
2565.0350854 1.01499418402
2565.05551777 0.984223685237
2565.07594993 1.01464248501
2565.0963822 0.987988901043
2565.157679 0.998799305778
2565.17811136 1.02133242551
2565.19854353 1.00119443886
2565.21897579 0.999441932546
2565.23940815 1.00128160848
2565.25984041 0.993765053538
2565.28027257 1.01587056947
2565.30070494 0.993528934319
2565.3211372 0.982270990191
2565.34156935 0.975965924601
2565.36200171 1.02309504901
2565.40286613 0.991976667507
2565.42329849 0.992330838048
2565.44373074 1.00826486852
2565.4641629 0.988449266855
2565.48459526 0.993786510196
2565.50502751 1.00775407163
2565.52545967 1.0008262653
2565.54589202 0.983109306202
2565.56632427 1.00212174623
2565.58675653 0.987834897008
2565.66848553 0.990199641934
2565.68891778 0.993376715861
2565.70935013 1.00473094235
2565.72978228 1.00882749847
2565.75021453 1.00013067389
2565.77064678 0.989775657653
2565.79107902 0.969948777951
2565.95453708 0.998598222596
2565.97496922 1.00153421672
2565.99540146 1.00261728772
2566.0158338 1.00504330398
2566.03626594 0.997583438248
2566.05669818 0.997011448095
2566.07713052 0.994574032272
2566.15885947 1.00614788519
2566.17929161 1.01290272863
2566.19972394 0.9988902316
2566.22015618 0.992574761428
2566.24058831 1.00172913921
2566.26102065 0.987367962661
2566.28145288 1.00210806114
2566.30188501 0.989221115883
2566.32231735 0.98854313618
2566.40404627 1.02631119277
2566.4244785 1.00289004412
2566.44491073 1.0011312692
2566.46534296 1.01643069475
2566.48577508 1.02141348229
2566.50620741 1.00251598282
2566.52663964 1.0053094018
2566.69009743 0.999105288873
2566.71052965 0.991857901879
2566.73096197 0.985604613026
2566.75139409 0.993669652689
2566.77182631 1.01386967882
2566.79225863 1.00247727621
2566.93528415 0.994697735098
2566.95571627 1.01787220483
2566.97614858 1.00493581351
2566.9965808 0.968316943519
2567.01701291 1.00438305319
2567.03744522 1.01036152485
2567.05787743 0.983229170345
2567.11917407 0.997038826056
2567.13960618 0.980013888281
2567.16003849 0.998926535601
2567.18047069 1.00952678235
2567.2009028 0.992617267246
2567.22133511 1.01883109765
2567.24176722 1.00412040154
2567.28263173 1.0074865525
2567.30306383 1.0041697426
2567.36436055 0.998515957583
2567.38479265 0.997991155312
2567.40522495 1.00316282238
2567.42565716 0.983719306501
2567.44608936 0.996331269101
2567.46652156 1.0113663656
2567.48695376 1.02409991478
2567.50738606 1.0050367619
2567.52781816 0.986132511923
2567.54825036 0.982656666373
2567.62997924 0.99212592918
2567.65041134 0.986218433044
2567.67084354 0.998150797781
2567.71170792 1.00544966503
2567.73214012 0.99903907442
2567.7730046 1.00202892798
2567.7934367 0.984800968139
2567.81386899 1.01719908598
2567.83430118 0.999531415407
2567.85473327 0.992290912162
2567.87516556 0.977082548534
2567.89559775 1.00068245763
2567.91602984 0.98364004469
2567.93646212 0.99277319821
2567.95689431 1.00398625667
2567.9773264 1.02055115155
2567.99775869 0.993210063524
2568.01819087 0.995425078907
2568.03862296 0.987002763845
2568.12035179 1.0061010164
2568.14078388 0.995027585057
2568.16121606 0.999356882398
2568.18164834 0.998910871865
2568.20208052 0.99065505691
2568.24294488 1.00187290689
2568.26337706 0.999720960013
2568.28380914 1.01208610704
2568.36553795 0.996692582205
2568.38597012 1.00063989361
2568.4064024 0.988157990947
2568.42683447 1.01141871329
2568.44726665 1.0166681828
2568.46769892 0.983514030643
2568.488131 1.00208996418
2568.50856317 0.98994786554
2568.63115619 0.985243117756
2568.65158846 0.998545479024
2568.67202063 1.00235523657
2568.6924527 1.02248603323
2568.73331713 1.00260770704
2568.7537492 1.0106183707
2568.87634218 0.991971945441
2568.89677445 1.00022333262
2568.91720651 1.00504266369
2568.93763867 0.998433488689
2568.95807093 1.00955783159
2568.97850299 0.995515502415
2568.99893515 1.00592722145
2569.01936741 0.983738937706
2569.08066388 0.985950568319
2569.10109604 1.01258127689
2569.1215281 0.991962396238
2569.14196035 0.9993068503
2569.16239251 1.0155684291
2569.18282476 0.994500893487
2569.20325682 1.00575642649
2569.22368897 0.996225567334
2569.24412122 0.988872191814
2569.26455328 1.00232132778
2569.28498543 1.01092756225
2569.32584973 1.01319018529
2569.40757833 1.00750831652
2569.42801058 1.03199022873
2569.44844273 0.995930608702
2569.46887477 1.00311397251
2569.48930702 0.996861175324
2569.50973917 0.990733844469
2569.53017121 1.01979659626
2569.55060346 1.0240506952
2569.5710355 0.988787201012
2569.59146765 0.997983153533
2569.61189989 1.00127901251
2569.63233193 1.00184474294
2569.65276407 0.999249701706
2569.67319632 1.00004995111
2569.69362836 1.02500869378
2569.7140605 1.00041321866
2569.73449274 0.990296563809
2569.75492478 0.994025864528
2569.77535692 1.02262180107
2569.81622119 1.00426012394
2569.83665333 0.999417957312
2569.85708557 0.988834738089
2569.87751771 0.989512620624
2569.89794974 1.00052807921
2569.91838198 0.996443139307
2569.93881411 0.989192109282
2569.95924615 0.998001007606
2569.97967838 0.992291965955
2570.10227117 0.993907496903
2570.1227033 1.00276489002
2570.14313553 0.993312119234
2570.16356756 0.998226890913
2570.18399969 1.01097745087
2570.20443192 0.994392955344
2570.3474567 0.999003172178
2570.36788882 0.990956625468
2570.38832104 1.0061214694
2570.40875307 0.99419960947
2570.42918519 0.989558974022
2570.44961741 0.998434976573
2570.47004943 1.00743102795
2570.49048155 0.998952726598
2570.51091377 1.008926649
2570.53134579 0.99810111371
2570.55177791 0.989633353063
2570.57221013 0.988010202653
2570.59264215 1.00311500735
2570.61307426 0.97925420409
2570.63350648 0.992775145747
2570.6539385 0.984675550882
2570.67437061 0.996615373076
2570.83782762 0.99983572448
2570.85825963 0.981653735594
2570.87869184 1.00211551526
2570.89912395 0.998910900636
2570.91955616 1.00627396753
2570.93998817 1.00174309648
2570.96042028 1.01751932288
2570.98085249 1.00515498335
2571.00128449 0.984368892985
2571.0217166 1.00827135764
2571.04214881 0.999654029155
2571.06258081 1.00474408126
2571.08301292 0.996227969173
2571.10344502 1.00197332254
2571.12387713 1.01630059239
2571.16474133 0.991880892862
2571.18517344 1.00011516149
2571.32819814 0.989618171467
2571.34863034 0.987432903976
2571.36906234 0.987473496829
2571.38949443 0.988540590155
2571.40992663 1.03442316113
2571.43035863 1.00043145273
2571.45079072 0.987540591693
2571.47122292 0.99002467265
2571.49165491 0.992731292408
2571.51208701 1.01381005728
2571.5325192 0.997024351919
2571.55295129 1.0053220303
2571.57338329 0.99384158269
2571.59381548 1.01075716629
2571.61424757 0.984634586633
2571.63467956 0.979436641765
2571.65511175 0.992747391676
2571.67554384 0.985128065666
2571.81856846 1.02421780911
2571.83900054 0.991449063561
2571.85943263 1.01734129912
2571.87986472 1.00466501517
2571.9002968 1.00083328787
2571.92072888 0.999945247279
2571.94116097 1.00203397864
2571.96159305 0.996448643897
2571.98202513 1.00977547794
2572.0228893 1.01619336336
2572.04332138 1.01075139682
2572.06375356 0.997221695965
2572.08418554 0.998908825321
2572.10461762 1.01708732995
2572.12504979 1.00631563387
2572.14548177 1.01161324763
2572.16591385 0.997738287269
2572.18634603 0.996600352643
2572.206778 1.01141664618
2572.22721008 1.01022967098
2572.26807423 1.00150167911
2572.28850631 0.998523901951
2572.30893848 0.992186574998
2572.32937045 0.99342723688
2572.34980253 1.00001406079
2572.3702347 1.00519881501
2572.39066677 1.00067983978
2572.41109874 0.985807546275
2572.43153091 1.00046574318
2572.45196299 0.99359016958
2572.51325919 1.0185810236
2572.53369116 1.009998464
2572.55412333 0.997293797424
2572.5745554 0.989086934547
2572.59498737 0.997571442614
2572.61541953 0.985358345792
2572.65628356 1.00315564235
2572.88103635 1.00797149103
2572.90146851 1.00175350965
2572.92190047 1.00026504784
2572.94233253 0.975224467736
2572.96276468 0.996243869151
2572.98319664 1.00130450656
2573.0036287 0.991310925977
2573.02406085 1.00262421891
2573.04449281 0.990922335608
2573.06492487 1.00560103949
2573.08535702 0.999002730786
2573.10578897 1.01622835507
2573.12622103 0.973752215873
2573.14665318 0.997592553996
2573.16708513 0.998564191644
2573.18751719 0.988671292787
2573.20794934 1.00626406401
2573.22838139 1.01764823325
2573.24881334 1.00304126057
2573.26924549 0.983306478089
2573.28967754 0.995374251307
2573.31010949 0.996300406268
2573.33054164 1.01042368225
2573.35097369 1.00241130701
2573.37140564 0.988094483129
2573.39183778 0.993974583233
2573.41226973 0.981784794662
2573.534862 1.02208215591
2573.55529414 0.98237814865
2573.57572619 1.00766278407
2573.59615823 1.02525619213
2573.61659027 0.980360266439
2573.63702231 0.997155315202
2573.65745435 0.995587833076
2573.67788639 1.00682815102
2573.69831843 1.00233459601
2573.71875047 1.00486056581
2573.73918261 0.998224067776
2573.75961455 1.00519221164
2573.78004659 0.99065617348
2573.80047872 0.99852684665
2573.82091066 1.01014696106
2573.86177483 0.993681713963
2573.88220677 0.997621076257
2573.9026388 1.00513828689
2573.92307094 1.01427880392
2573.94350287 1.00827750866
2573.9639349 1.00131150739
2573.98436704 0.990469785958
2574.00479897 1.01464942143
2574.025231 0.998072240804
2574.04566313 1.00725160217
2574.06609516 0.986942637555
2574.08652709 0.996566690084
2574.10695922 0.990501592601
2574.29084747 0.989268812966
2574.31127939 0.996560238479
2574.33171142 0.994932103935
2574.35214354 0.993449152166
2574.37257546 0.996228881318
2574.39300749 0.994533585253
2574.41343961 0.996471401595
2574.43387163 1.00059161786
2574.45430365 1.00382081225
2574.47473567 0.997140090056
2574.49516769 1.01485295233
2574.51559971 0.98609142324
2574.53603173 1.01425130769
2574.57689587 1.00823707046
2574.59732779 1.02065090651
2574.63819192 0.989367938368
2574.65862384 0.986162445626
2574.67905586 1.01333768252
2574.7403519 1.01594715925
2574.76078402 1.01463568687
2574.78121593 1.01215554349
2574.80164794 1.00428052834
2574.82208006 0.986691944673
2574.84251197 0.994812892791
2574.86294398 1.00638165839
2574.88337609 1.03087625423
2574.9038081 1.00561043097
2574.92424001 1.00307184648
2574.94467212 1.01170051487
2574.96510413 0.98658171705
2574.98553604 0.993762679037
2575.00596815 1.01699480162
2575.02640005 0.981949627049
2575.04683206 1.00103319268
2575.06726417 0.990373409143
2575.08769608 1.00913199173
2575.10812808 0.992909259354
2575.12856019 0.996487885356
2575.2102881 0.99776641879
2575.23072011 1.01248606322
2575.25115221 1.00282163166
2575.27158421 1.00754071776
2575.29201621 0.997631071547
2575.31244821 0.99351695604
2575.33288021 0.997522624352
2575.35331221 0.979261550938
2575.37374421 1.00333073718
2575.39417621 1.01022529907
2575.41460831 1.00070678774
2575.43504021 1.00163169242
2575.45547221 1.00290262339
2575.4759043 1.01550957144
2575.4963362 0.995170595358
2575.5167682 0.993639171929
2575.53720029 0.99596016913
2575.55763219 0.98978288555
2575.57806418 0.992659660043
2575.59849627 1.01051074091
2575.61892817 0.991251974693
2575.63936016 1.00375852676
2575.65979225 1.01244161799
2575.68022415 0.986753342341
2575.70065614 1.01021865519
2575.72108823 1.01328063429
2575.74152012 0.990173951915
2575.76195211 0.995855076954
2575.7823842 0.997257360883
2575.80281609 0.997855147492
2575.82324808 0.99519959542
2575.84368017 0.996067960302
2575.86411206 1.00048695723
2575.96627209 0.998074039792
2575.98670397 0.992950064408
2576.00713596 0.994235506215
2576.02756804 1.00099307845
2576.04799993 0.995067503483
2576.06843191 1.00657142664
2576.08886399 0.989142923663
2576.10929598 0.977991585122
2576.12972796 1.01305770249
2576.15015994 0.994279732272
2576.17059192 0.985093307429
2576.1910239 0.995063526364
2576.21145588 0.988771491719
2576.23188786 1.00375465318
2576.25231994 0.988175449746
2576.27275182 0.997795453737
2576.29318379 0.995786543131
2576.31361587 0.994396228458
2576.33404775 0.991100531143
2576.3749118 0.996990202458
2576.39534368 1.0174926414
2576.41577565 0.987270295676
2576.43620773 1.0029344103
2576.4566396 1.0194387846
2576.47707158 1.02090964671
2576.49750355 1.00120338447
2576.51793552 1.00786705252
2576.53836749 0.983461900178
2576.55879947 1.00162644707
2576.74268729 0.987187036475
2576.76311916 1.01415715156
2576.78355113 1.02356477676
2576.80398319 1.0080445485
2576.82441506 1.00554812629
2576.84484702 0.999617103473
2576.86527909 0.997250992396
2576.88571095 0.998995323566
2576.90614292 0.989292550593
2576.92657498 0.995540789414
2576.94700694 0.992653114641
2576.9674389 0.993785217261
2576.98787087 1.00411472306
2577.00830283 1.00310697002
2577.02873479 1.00436451326
2577.04916675 0.995071479464
2577.06959871 1.00062852486
2577.09003077 0.986497411428
2577.11046263 1.01752805548
2577.15132665 1.00121618501
2577.1717585 1.0048516687
2577.19219046 0.993720065915
2577.21262252 1.01646554631
2577.23305438 1.00171797454
2577.25348633 0.997951652423
2577.27391829 1.0240087972
2577.29435024 0.986144417133
2577.3147822 1.0119959983
2577.33521415 1.03398394261
2577.43737392 0.996548802444
2577.45780597 0.992274024492
2577.47823782 0.993026342815
2577.49866977 1.00048214232
2577.51910182 0.993978027602
2577.53953367 1.00116483002
2577.55996562 1.00552268355
2577.58039766 0.996839417596
2577.60082951 0.994766752501
2577.62126146 0.99015959458
2577.64169351 0.9965866901
2577.66212535 0.987573375429
2577.6825573 1.01088464217
2577.70298935 0.991424230012
2577.72342119 0.981776165498
2577.74385314 0.997636297506
2577.76428518 0.987828679282
2577.78471713 0.994740873921
2577.80514907 0.998925512541
2577.84601296 0.998836951615
2577.92774082 0.991889690694
2577.94817266 0.990024202778
2577.9686046 0.997723021568
2577.98903654 0.99318076087
2578.00946848 0.991151204077
2578.21378785 1.01230673119
2578.23421978 0.968391974722
2578.25465171 0.999096322292
2578.27508365 0.986921862976
2578.29551568 0.982512449312
2578.31594751 1.00680962834
2578.33637944 0.990286692114
2578.35681147 1.01345841191
2578.37724331 1.02098419378
2578.39767524 0.996542410876
2578.41810727 0.991608064169
2578.4385391 0.99251071121
2578.45897102 1.0182041347
2578.47940305 0.999812041207
2578.49983488 1.00103420409
2578.52026681 0.991413106689
2578.54069884 1.00764251241
2578.56113066 0.993010138935
2578.58156269 0.999479790326
2578.60199462 1.02814100439
2578.64285847 1.00942876659
2578.66329039 1.00363467831
2578.68372231 1.00109439922
2578.70415424 1.00281831055
2578.72458616 1.00410170364
2578.74501808 1.00548624664
2578.76545011 1.00673145617
2578.78588193 1.01895182207
2578.80631385 1.00068044944
2578.82674577 0.996662940598
2578.84717769 0.992225417665
2578.86760951 0.989302821927
2578.88804153 0.993461664873
2578.90847345 1.01782134956
2578.92890527 0.98204316414
2578.94933729 0.998848305497
2578.96976921 1.00265463352
2578.99020112 1.01522399384
2579.01063304 0.989990671679
2579.03106496 0.984889139884
2579.05149687 1.00222782984
2579.07192879 0.991532081886
2579.0923607 0.98771735507
2579.11279262 1.01472561911
2579.13322463 1.00260675497
2579.15365645 0.992593318541
2579.17408836 0.993949030898
2579.19452037 1.01985194769
2579.21495219 0.979162601545
2579.2353841 1.00197273468
2579.25581611 1.02023457781
2579.27624792 1.01625957263
2579.29667983 0.997663148014
2579.31711184 0.992199507275
2579.39883938 1.01396373176
2579.41927139 0.984182989899
2579.43970329 1.01801058629
2579.4601352 1.0074482766
2579.48056711 0.983118805601
2579.50099901 1.00845922877
2579.52143092 1.00545092508
2579.54186283 1.02404288513
2579.56229473 0.994508304126
2579.58272654 1.00558113298
2579.60315854 1.01449557544
2579.62359044 0.999458257869
2579.64402225 0.982114344967
2579.66445425 0.988351210628
2579.68488615 1.00919805695
2579.70531795 0.997838890972
2579.72574996 1.00167607114
2579.74618186 1.00717491305
2579.76661366 1.03531623771
2579.78704566 1.00490837762
2579.80747756 0.989130240478
2579.88920515 1.00770789752
2579.90963705 0.990347149476
2579.93006895 1.00802432861
2579.95050084 1.00965523464
2579.97093284 1.00981365539
2579.99136464 1.02228170469
2580.01179663 0.991529477676
2580.03222853 0.993010367117
2580.07309232 1.0159313603
2580.09352421 0.997264759225
2580.113956 0.997266576712
2580.134388 1.01020656023
2580.15481989 1.00837744989
2580.17525168 0.997884175328
2580.19568367 0.993009183815
2580.21611556 0.983796229311
2580.23654735 0.994932809813
2580.25697934 0.995928518212
2580.42043435 1.01148038101
2580.44086634 1.0005687848
2580.46129822 1.00239537014
2580.48173001 1.00010438988
2580.50216199 0.980210759942
2580.52259388 1.01510333919
2580.54302566 1.00896527268
2580.62475329 1.00583360025
2580.64518518 0.979106379899
2580.66561706 1.01516259838
2580.68604894 0.994922755952
2580.70648082 0.99654070357
2580.7269128 1.0074325501
2580.74734458 1.00766448458
2580.76777646 0.989736652096
2580.78820844 0.993879754375
2580.80864032 0.993860336139
2580.8290721 1.00741759964
2580.84950407 0.996397803088
2580.86993595 1.00211751565
2580.89036773 0.993562149823
2580.91079971 0.982006798708
2580.93123158 0.997633512098
2580.95166336 0.987494746328
2580.97209533 1.0077723761
2581.01295898 1.00368748564
2581.13555032 0.999600830591
2581.15598219 1.00491117829
2581.17641406 1.00359160628
2581.19684583 0.981942942061
2581.2172778 1.00229701835
2581.23770967 0.999101681336
2581.25814144 0.97984844487
2581.27857341 1.00264333514
2581.29900528 0.99442849988
2581.31943705 1.00601868717
2581.33986902 1.0037182871
2581.36030088 1.00400090878
2581.38073285 0.990678981573
2581.40116462 0.991673412193
2581.42159648 0.994635267059
2581.44202845 0.986062431576
2581.46246021 0.989959027233
2581.48289208 0.998789505934
2581.50332404 0.997630037578
2581.64634708 1.00564235403
2581.66677884 1.00782666346
2581.70764266 0.998593952046
2581.72807442 0.989127581185
2581.74850638 1.0073585373
2581.76893824 1.00053462566
2581.78937 1.00839550826
2581.80980196 0.999709482918
2581.83023372 0.99528389023
2581.85066557 1.00788498921
2581.87109753 1.0007056353
2581.89152939 0.991827206328
2581.91196114 1.01059731172
2581.9323931 1.00632600044
2581.95282486 1.0137158166
2581.97325681 1.00965992654
2581.99368866 0.991282106768
2582.01412052 0.992563734
2582.09584793 1.00365419528
2582.11627978 1.00673138353
2582.13671163 0.999548216113
2582.15714349 1.00102555136
2582.17757534 1.00436391552
2582.19800719 1.02523389127
2582.21843914 1.01391909137
2582.23887089 1.00288942523
2582.25930273 1.00052334251
2582.27973468 0.99288602888
2582.32059828 0.984064127362
2582.34103023 0.994347374743
2582.36146197 1.01486640145
2582.38189382 0.988603833185
2582.40232577 0.99204458322
2582.42275751 0.99008527997
2582.44318936 1.00010591497
2582.4636213 1.00107880754
2582.48405315 0.998578811506
2582.50448489 1.00100434027
2582.58621237 1.00110361371
2582.60664421 0.997155615432
2582.62707605 1.00644356694
2582.64750789 0.997385808822
2582.66793963 1.00538195894
2582.68837157 0.991830792188
2582.70880341 1.00733029456
2582.72923515 0.998523514948
2582.74966709 1.00737105606
2582.77009893 1.01604090815
2582.81096261 1.02618136712
2582.83139444 1.0023317001
2582.85182628 1.00269603528
2582.87225812 1.01711998379
2582.89268996 0.985758499066
2582.91312179 0.998463955997
2582.93355363 0.997502555629
2582.95398546 1.00617883774
2582.9744173 0.997017428971
2582.99484913 1.00280363948
2583.01528097 1.00240437367
2583.0357128 0.993298392286
2583.05614473 0.990375160114
2583.07657647 1.00926308966
2583.0970083 1.00853955212
2583.11744023 1.01598499736
2583.13787196 0.996976525905
2583.15830389 1.00116432554
2583.17873572 0.990191572924
2583.19916746 0.990063767324
2583.21959939 0.987411506361
2583.34219036 1.01725891663
2583.36262219 1.00907844737
2583.38305391 1.009463594
2583.40348584 1.01719674798
2583.42391767 1.02792557732
2583.44434939 0.988599356869
2583.46478132 0.995777419628
2583.48521314 1.0060769839
2583.50564487 1.01048209154
2583.52607679 0.990872284935
2583.54650861 0.992668807717
2583.56694034 0.999427253407
2583.58737226 1.01728706289
2583.60780408 1.01925214921
2583.62823581 1.02055210266
2583.64866773 0.995356113677
2583.66909955 0.997198812273
2583.68953137 0.995703954156
2583.85298592 1.00741678153
2583.87341784 0.997019432748
2583.89384966 1.03002374085
2583.91428138 1.00537985276
2583.93471329 0.997955943248
2583.95514511 1.03650562289
2583.97557682 0.994437195656
2583.99600874 1.01056087329
2584.01644055 0.996326410456
2584.03687227 1.00181557812
2584.05730418 1.00606324606
2584.077736 0.999223226321
2584.09816771 0.999211851256
2584.11859962 1.00435076384
2584.13903143 0.984953014145
2584.15946315 0.990208918976
2584.17989506 1.01235567017
2584.36378135 1.00159519982
2584.38421315 0.985691858126
2584.40464506 0.978592240799
2584.42507677 1.0119924245
2584.44550857 0.996295899515
2584.46594048 1.01083748006
2584.48637219 0.99173817032
2584.5272359 1.00935096717
2584.5476676 1.00191900684
2584.56809941 0.999452504175
2584.58853131 1.00525667553
2584.60896301 0.983890988722
2584.62939482 1.00343914759
2584.64982672 0.994051818722
2584.67025842 0.984420046534
2584.69069022 0.987043584417
2584.71112213 0.998574436595
2584.73155393 0.988903412197
2584.75198563 1.0203781872
2584.77241753 0.999668229705
2584.79284933 0.992016776124
2584.81328103 1.0010567992
2584.83371293 0.998964884077
2584.85414473 1.00822068715
2584.87457643 0.987391093719
2584.89500832 1.00256221306
2584.91544002 0.997489525627
2584.93587192 1.01190012823
2584.95630372 0.984311296142
2584.99716731 1.00381815945
2585.01759911 1.00387747675
2585.0380308 1.00638551514
2585.0584627 1.00357980124
2585.07889449 1.00320991148
2585.09932629 0.98870573547
2585.11975808 0.985340897535
2585.14018987 1.00682060872
2585.16062167 0.997302113176
2585.18105346 1.01788261472
2585.30364431 0.996968198159
2585.324076 1.00023182256
2585.34450779 1.0021481575
2585.36493968 0.997571681026
2585.38537137 0.996516910471
2585.40580316 1.00398556723
2585.42623505 1.01829892551
2585.44666674 1.00381239113
2585.52839398 1.00820223556
2585.54882577 0.98599657449
2585.56925756 0.986873535161
2585.58968934 1.01952707822
2585.61012113 1.00132528348
2585.63055281 0.996984357918
2585.6509847 0.997601984933
2585.67141648 1.01621035947
2585.69184816 1.00202521052
2585.71228005 0.998533613539
2585.73271183 1.01235061579
2585.75314351 0.982037234584
2585.7735754 0.982350362417
2585.79400718 1.01036288715
2585.81443886 0.989756740586
2585.83487074 1.01456010406
2585.85530252 1.00121320013
2585.8757342 0.992943284509
2585.89616608 0.988452306951
2585.91659786 1.00067390879
2585.93702964 0.985170501248
2585.95746142 1.00649975286
2585.9778932 1.00983234451
2585.99832498 0.966772875277
2586.01875675 1.00489765605
2586.03918853 0.98985279894
2586.05962041 0.981365996609
2586.08005218 1.01188777174
2586.10048386 1.00996923216
2586.12091574 0.967188364976
2586.14134751 0.984543581529
2586.3048017 1.00355807296
2586.32523348 1.00700993506
2586.34566515 1.00131847301
2586.36609702 0.985398463357
2586.38652879 1.0062280562
2586.40696056 1.00730030905
2586.42739233 0.991936853391
2586.4478241 0.999971368674
2586.48868764 1.00866101226
2586.50911941 1.00694541144
2586.52955108 0.997737303961
2586.54998295 1.01246736577
2586.57041472 1.00851308525
2586.59084658 0.988876627856
2586.61127825 1.00278356424
2586.63171002 0.987767459611
2586.65214189 0.999795342618
2586.67257355 0.991906701489
2586.69300532 1.00379678982
2586.71343718 0.999118046359
2586.73386885 1.00274339071
2586.75430061 1.00429996384
2586.77473248 0.992911407148
2586.79516414 1.00036724899
2586.81559591 0.991525297452
2586.83602777 0.981051114829
2586.85645943 1.00163056326
2586.87689119 0.997139939239
2586.89732306 1.0015369284
2586.91775482 0.9997112073
2586.93818648 0.989474465162
2586.95861834 1.00856269723
2586.9790501 1.00291733772
2586.99948176 0.998059492701
2587.01991362 1.00630543094
2587.04034538 0.990290890781
2587.06077704 0.995608989549
2587.0812089 0.988496641234
2587.10164066 0.989552339329
2587.12207242 0.979146203025
2588.51143138 0.983774869803
2588.53186301 1.00936726302
2588.55229484 1.00056496688
2588.57272658 0.995799058398
2588.59315831 0.999172507464
2588.61359005 1.01659960493
2588.63402178 1.00759504067
2588.65445351 1.00847371689
2588.67488524 0.998733598365
2588.69531698 0.99665521433
2588.71574871 1.00706303763
2588.73618044 1.00818462531
2588.75661217 1.01046301724
2588.777044 0.993674044322
2588.79747563 0.998155818706
2588.81790736 1.01087321105
2588.83833919 0.987706044176
2588.85877082 0.985223897827
2588.87920255 0.995171117299
2588.89963438 0.988752646986
2588.92006601 0.997778080888
2588.94049773 1.00290282703
2588.96092956 1.0008660307
2588.98136119 1.02410541063
2589.00179292 0.999322572872
2589.02222474 1.00589861017
2589.04265637 1.00490873882
2589.06308809 1.02634089785
2589.08351992 1.01103567407
2589.10395165 1.00660210705
2589.22654199 0.999100257341
2589.26740544 0.993716924899
2589.28783716 1.01822959616
2589.30826898 0.997111422051
2589.3287006 0.996164603474
2589.34913232 0.998462760703
2589.47172265 0.9997454988
2589.49215436 0.997823110022
2589.51258608 1.01057904764
2589.5330178 0.994004098605
2589.55344952 1.00961506471
2589.57388124 0.990095812881
2589.59431296 0.994129252553
2589.61474477 0.990434141856
2589.63517639 1.00390826637
2589.65560811 1.01068083359
2589.67603992 0.98599749894
2589.69647154 0.989272332572
2589.71690335 1.00874539434
2589.73733507 1.00218610473
2589.75776668 1.00019120373
2589.7781985 0.996733853446
2589.79863021 0.9881142777
2589.83949364 0.998687533125
2589.85992535 1.01025579042
2589.88035697 0.97615053659
2589.90078878 0.991734354099
2589.92122049 1.0150548295
2589.9416522 0.993511565745
2589.96208392 1.00302001808
2589.98251563 1.0025914228
2590.00294734 1.00993901993
2590.02337905 0.988218755956
2590.04381076 1.00009293919
2590.06424247 1.00804666628
2590.22769614 0.988297610575
2590.24812795 1.0100823814
2590.26855955 0.995979867132
2590.28899126 1.00916725986
2590.30942307 1.00334120935
2590.32985467 0.975402199304
2590.35028638 1.02313997663
2590.37071818 0.977799414602
2590.41158149 1.02132129807
2590.4320133 0.997512982622
2590.452445 1.00897507524
2590.47287661 1.01926265037
2590.49330841 0.964391128463
2590.51374011 0.994710970743
2590.53417172 0.980754405715
2590.55460352 0.996240893184
2590.57503522 0.986533289265
2590.59546682 1.0107931411
2590.61589863 0.989486501037
2590.63633033 1.02011064942
2590.65676213 1.01048283606
2590.67719373 1.00157448129
2590.69762543 0.993727975585
2590.71805723 0.978524481273
2590.73848883 1.02209346737
2590.75892053 1.00967026572
2590.77935233 0.991007007079
2590.79978393 0.996420346077
2590.82021563 0.997897026429
2590.84064742 1.00668230545
2590.86107902 0.981704974342
2590.88151072 0.990417297755
2590.90194242 1.00083264104
2590.92237421 1.01000193247
2590.94280581 1.00674384975
2590.96323761 0.981726423376
2590.9836692 1.00560434027
2591.0041009 1.01109429189
2591.04496429 1.00801091106
2591.20841794 0.99989503232
2591.22884953 1.00643358701
2591.24928133 0.995032707425
2591.26971302 0.986318831605
2591.29014471 1.01196828757
2591.45359823 1.00731639737
2591.47402992 1.00089843254
2591.49446171 1.00652301235
2591.5148933 1.00494188115
2591.53532498 0.987091530051
2591.55575677 0.983679069678
2591.57618836 0.997426696813
2591.59662015 0.999529366229
2591.61705173 0.991342045277
2591.63748342 1.00778448507
2591.65791521 0.997287538755
2591.67834689 1.01316393615
2591.69877848 0.985172766361
2591.71921026 0.994365747828
2591.73964185 0.988904076818
2591.76007353 1.00163506192
2591.78050532 0.994365942417
2591.94395868 1.00563283561
2591.96439046 1.00706674125
2591.98482215 1.00642259896
2592.00525373 1.0102316049
2592.02568551 0.998322511777
2592.04611719 0.990246621895
2592.06654897 1.00544702997
2592.10741223 1.02655077277
2592.12784401 1.00723057361
2592.14827559 1.00650736326
2592.16870727 1.00330843495
2592.18913904 0.987054414461
2592.20957062 1.00130615679
2592.2300023 0.990937171284
2592.25043408 0.997457601632
2592.27086576 0.986779916203
2592.29129733 1.01499805983
2592.31172911 0.993547620597
2592.33216079 0.998222703865
2592.37302414 0.998454486343
2592.39345581 1.00419754956
2592.41388739 0.987499662915
2592.43431916 1.01800580464
2592.45475074 0.993943764585
2592.47518251 1.02185828539
2592.49561419 1.01467990072
2592.51604576 0.981986573764
2592.53647753 1.00260139212
2592.55690921 0.99425198571
2592.57734078 1.0068571439
2592.61820423 0.99642141916
2592.6386359 0.982498739422
2592.65906757 1.00388467923
2592.67949924 0.990501566738
2592.69993091 0.992913768336
2592.72036258 0.975612278362
2592.74079426 1.01399443479
2592.76122593 0.996116453372
2592.7816576 0.990351896286
2592.80208927 1.00314634176
2592.82252094 1.00159776442
2592.84295271 0.993274767887
2592.86338427 0.985716924032
2592.88381594 1.0038052654
2592.90424771 1.0051145934
2592.92467928 1.01213190179
2592.94511105 1.01184863619
2592.98597428 0.991680249581
2593.00640605 0.986134628937
2593.02683772 0.978716605324
2593.04726928 0.996680867235
2593.06770105 0.999207610827
2593.08813272 0.99575638261
2593.10856438 0.998792885106
2593.12899605 1.00422868694
2593.14942761 0.995907382048
2593.16985928 1.03559891058
2593.19029104 1.01861448551
2593.21072271 1.00447493203
2593.23115427 0.985836378934
2593.25158603 0.994191517708
2593.2720177 1.01406058301
2593.29244926 1.0054384645
2593.31288102 0.989395242783
2593.33331269 0.99801001958
2593.35374445 1.00491260439
2593.37417601 0.99133630323
2593.39460767 1.00269018262
2593.41503943 0.976285883147
2593.43547099 1.00198455813
2593.45590266 1.00903246882
2593.47633442 1.00109084274
2593.49676598 1.01359155123
2593.51719764 0.995984279769
2593.5376294 0.996980751427
2593.55806096 1.02996882188
2593.57849262 1.00900880481
2593.59892438 1.00875988256
2593.61935593 1.00227199511
2593.63978759 1.00934685629
2593.66021935 0.980062362694
2593.68065101 1.00808576977
2593.70108257 1.01639449676
2593.72151432 0.977855817256
2593.74194598 1.00217875672
2593.76237764 0.969791626622
2593.78280929 0.990332559998
2593.82367261 0.979806574284
2593.84410426 0.984987205949
2593.86453592 0.990411878326
2593.88496757 1.01396023899
2593.90539923 1.00423078622
2593.92583088 1.00022191181
2593.94626254 1.00508504306
2593.96669419 0.992420913797
2593.98712575 1.00003638142
2594.19144247 0.999911446789
2594.21187402 0.987456794076
2594.23230577 0.997706190816
2594.25273742 1.00984000198
2594.27316897 1.01078737684
2594.29360072 0.995595952723
2594.35489567 1.0126810676
2594.37532732 1.00142891141
2594.39575887 0.991495427084
2594.41619062 0.993550940062
2594.43662227 1.02667443668
2594.45705381 1.00020887066
2594.47748556 1.00382905281
2594.49791721 1.00581612455
2594.51834886 0.992816525093
2594.5387805 0.997343064493
2594.55921215 1.01530609458
2594.5796438 0.99832680192
2594.60007544 1.01643594336
2594.62050709 1.01503942866
2594.64093873 1.00956487985
2594.66137038 1.00108816641
2594.68180202 0.994787077336
2594.70223377 0.998891331681
2594.72266531 1.01026006823
2594.74309696 0.987332777838
2594.7635287 0.997151754499
2594.78396024 0.9944311014
2594.80439189 0.997438109536
2594.82482363 1.01410422849
2594.84525517 1.01441032443
2594.86568682 1.00171286408
2594.88611856 1.00044089989
2594.9065501 1.01419279443
2594.92698174 0.988908525944
2594.94741348 1.0041038436
2594.96784503 1.01809476673
2594.98827667 0.999377638257
2595.00870841 0.996073426923
2595.02914005 1.00754635439
2595.04957169 0.99911807596
2595.07000333 1.00347486244
2595.09043497 1.00316192154
2595.11086661 1.00860387689
2595.13129825 1.00464381702
2595.15172989 0.999695597004
2595.17216162 0.995843090155
2595.19259316 0.990476731603
2595.2130248 0.983030575102
2595.23345654 1.00772005283
2595.25388808 1.0031307215
2595.27431972 1.0036081291
2595.31518299 1.00858674453
2595.33561463 1.00402511985
2595.35604626 0.997328108145
2595.3764779 0.994079586602
2595.39690954 0.996028718225
2595.41734117 1.0138996158
2595.43777281 1.01245442891
2595.45820454 1.01559044436
2595.47863608 0.995514889005
2595.49906771 1.01784975255
2595.51949945 0.99497270587
2595.53993108 1.00044403882
2595.56036261 0.992479735656
2595.60122598 1.01081345479
2595.62165752 0.997981674767
2595.64208925 1.00779901418
2595.66252088 1.00877367215
2595.68295241 1.00408844775
2595.70338415 0.975124705008
2595.72381578 1.01286978222
2595.74424731 0.997065065201
2595.76467904 0.987639014772
2595.78511067 0.99741930574
2595.8055422 1.02381158132
2595.82597393 1.00076203692
2595.84640557 0.992411504834
2595.8668373 0.993408118421
2595.88726883 1.00459417381
2595.90770046 1.01526514126
2595.92813219 0.980217124071
2595.94856371 0.997285279833
2595.96899534 1.00248127461
2596.09158511 1.01657449651
2596.13244847 1.0164436729
2596.15288 1.00154727305
2596.17331172 1.02446253107
2596.19374325 1.02493646907
2596.21417487 1.01165707304
2596.2346066 1.00562201452
2596.25503813 1.01646584271
2596.29590148 0.993638089606
2596.316333 0.983648608703
2596.33676473 0.992502112948
2596.35719635 0.990008615605
2596.37762798 0.980689035733
2596.3980596 0.988681162156
2596.41849122 0.997692872307
2596.43892285 0.978966948322
2596.45935447 0.979314503143
2596.50021772 0.992359440968
2596.54108096 0.997143235553
2596.56151258 1.0006443524
2596.58194431 1.00602193274
2596.60237583 0.991379195537
2596.62280755 1.00320433614
2596.64323917 1.01214325683
2596.66367069 1.00078493254
2596.68410241 1.00114711844
2596.70453403 0.992563480862
2596.72496555 1.02000600052
2596.74539727 1.00545252681
2596.76582889 0.983735653268
2596.78626041 0.997525930299
2596.80669213 1.02488453221
2596.82712365 0.997442891938
2596.84755537 1.00267626981
2596.86798699 1.0074207027
2596.88841861 0.989520935166
2596.92928184 0.999814943895
2596.94971346 0.968298157584
2596.97014498 0.988259756283
2596.9905767 0.996104318682
2597.01100831 0.991150353035
2597.03144003 0.983390010544
2597.05187155 1.0004624619
2597.07230316 0.996423600468
2597.09273488 0.999146973737
2597.1131664 1.00991514097
2597.13359801 1.00768138745
2597.15402973 0.999988883317
2597.17446124 1.00681461146
2597.19489286 1.03217678506
2597.21532457 1.00216177231
2597.23575609 1.00014386516
2597.2561877 0.999813927853
2597.27661942 1.00708158183
2597.29705093 0.982248827441
2597.31748254 0.997844215771
2597.33791426 0.998603190953
2597.35834587 0.995456682754
2597.37877738 1.00103189685
2597.3992091 1.00285857345
2597.41964071 1.0047641237
2597.44007232 1.00935204801
2597.46050393 1.00207323716
2597.50136726 0.996014333563
2597.52179877 1.00788408669
2597.54223038 0.974771752498
2597.56266199 1.010647633
2597.5830936 0.992825952607
2597.60352511 1.01691675552
2597.62395682 1.00919455045
2597.64438843 1.00561851393
2597.66481994 1.02114138801
2597.68525165 0.983864075266
2597.70568326 1.00132550804
2597.72611487 0.998926730501
2597.74654648 1.01148224305
2597.76697809 0.975380855855
2597.7874097 1.00063086967
2597.82827291 0.988470712729
2597.84870462 1.00061707968
2597.86913623 1.01689764094
2597.88956773 0.977538219811
2597.90999944 0.997728404513
2597.93043105 0.981690295094
2597.95086256 1.00965546616
2597.97129426 1.01082479189
2598.01215738 1.01997401204
2598.03258908 0.996223274379
2598.05302069 1.00500850944
2598.07345219 0.992404819622
2598.0938839 0.9899733062
2598.1143155 1.01749404017
2598.13474701 0.992697026385
2598.15517871 0.998769562975
2598.17561032 0.981887003249
2598.19604202 0.979192384762
2598.21647352 0.982295660318
2598.25733683 1.00919044015
2598.27776834 1.0150008846
2598.29819994 1.03292989408
2598.31863154 0.992424139768
2598.33906314 1.00975756477
2598.35949475 1.02190046988
2598.37992635 0.991024716113
2598.40035795 0.981919151784
2598.42078955 1.01343936498
2598.44122125 1.01198715815
2598.46165276 1.01015643589
2598.48208436 1.01999176839
2598.50251606 1.01271588695
2598.52294756 1.00595102825
2598.54337926 1.0072611004
2598.56381086 1.00729734813
2598.58424236 0.995189350958
2598.60467406 0.987960742758
2598.68640046 0.995818434927
2598.72726366 1.01131933101
2598.74769525 0.999030002857
2598.76812685 0.987188005513
2598.78855845 0.999888464708
2598.80899005 0.968475866402
2598.82942165 0.992163665296
2598.84985334 0.990661743873
2598.87028484 1.00078472691
2598.89071644 0.983482588903
2598.91114814 1.005331747
2598.93157963 0.98274749292
2598.95201133 0.994485644716
2598.97244292 0.993813174077
2598.99287442 0.995753509722
2599.01330612 0.991503498659
2599.03373771 1.00389136815
2599.05416921 0.980521365004
2599.0746009 0.980672819263
2599.0950324 0.973306119433
2599.11546399 0.992083756643
2599.13589569 0.99493478822
2599.15632718 0.987371867991
2599.17675878 1.00943398558
2599.19719047 0.998536081255
2599.21762196 1.0051921459
2599.23805356 1.00464978264
2599.25848525 1.00387169305
2599.27891684 1.00192410937
2599.29934844 0.984514073856
2599.31978003 0.993221048337
2599.34021162 1.00200616574
2599.36064322 1.00096697193
2599.38107481 1.01512888833
2599.4015064 1.00071264831
2599.42193809 1.01122935623
2599.44236958 1.01320229174
2599.46280117 0.996956089627
2599.48323287 1.0021726458
2599.50366436 1.00644306926
2599.52409595 1.00278631757
2599.54452764 0.997621865539
2599.56495913 1.00999475186
2599.58539072 0.989568896825
2599.78970671 0.98700943115
2599.8101382 0.991548547224
2599.83056989 0.994434380649
2599.85100147 0.986718663644
2599.87143296 0.985551497193
2599.89186465 0.974996593836
2599.91229624 0.983312317004
2599.93272772 1.00039277528
2599.95315941 1.00031541608
2599.973591 0.988369447067
2599.99402248 1.00137987116
2600.01445417 1.00846317056
2600.03488576 0.995946225006
2600.05531744 0.983369146933
2600.07574893 0.993777525034
2600.09618051 0.987633205165
2600.1166122 1.01362963294
2600.13704368 0.998016302868
2600.15747527 1.01315894136
2600.17790695 0.991870614076
2600.23920171 1.02325549839
2600.25963329 0.996890575709
2600.28006477 0.995598981612
2600.30049646 0.980683071943
2600.32092804 1.00183930796
2600.34135952 0.995345917793
2600.36179121 0.992751084846
2600.38222279 0.999165846951
2600.40265447 1.01014933332
2600.42308595 1.00221848815
2600.44351754 0.997334014013
2600.4843807 1.01173017188
2600.50481228 0.989211984801
2600.52524386 1.00426482702
2600.54567544 1.00589618356
2600.56610693 1.00010073148
2600.58653861 1.01547715128
2600.60697019 1.01989691279
2600.62740177 1.02267608
2600.64783335 0.9913515519
2600.66826493 1.0128442093
2600.68869651 0.992305570947
2600.70912809 1.0080047861
2600.72955967 1.02870099901
2600.74999135 1.00193654219
2600.77042293 0.986820315702
2600.79085441 0.985067120764
2600.81128609 0.987720337796
2600.83171766 0.988828258629
2600.85214914 0.993764274476
2600.87258082 0.996247408303
2600.8930124 0.996091191177
2600.91344388 0.996643121694
2600.93387556 0.985799142849
2600.95430713 1.01045655603
2600.97473861 1.00073713004
2601.01560187 1.01330881744
2601.03603334 0.996658252194
2601.05646502 0.969952542133
2601.0768966 0.998766807804
2601.09732827 0.989104702372
2601.11775975 1.00761037326
2601.13819132 1.02166774077
2601.158623 0.99757481417
2601.17905458 0.988803257903
2601.19948605 0.996139333779
2601.21991763 0.997346539826
2601.2403493 0.988234123272
2601.26078078 0.975719178215
2601.28121245 1.00937705465
2601.30164393 1.00589382239
2601.3220755 1.00716634501
2601.34250718 1.00990949107
2601.36293865 0.987333415731
2601.38337022 1.01080390861
2601.4038019 0.9985112148
2601.42423337 0.985414126505
2601.44466505 1.00834812657
2601.46509662 1.0125348645
2601.48552809 0.978654653657
2601.50595977 0.99406482637
2601.52639134 0.991318622584
2601.54682281 1.00678570255
2601.56725448 0.996838581654
2601.79200187 1.00351457212
2601.81243344 1.00095636568
2601.83286491 0.992633438692
2601.85329658 0.976130193664
2601.87372815 0.983040919872
2601.91459129 1.00275994108
2601.93502286 1.00639730431
2601.95545433 1.00035643211
2601.975886 0.984831854532
2601.99631757 0.977793638971
2602.01674904 0.997788695454
2602.0371807 0.997952228233
2602.05761217 0.992907954472
2602.07804374 0.9904773462
2602.09847541 1.004291446
2602.18020168 0.993032159499
2602.20063325 1.00013081155
2602.22106481 0.989488978966
2602.24149638 0.999881935229
2602.26192805 1.00497372986
2602.28235952 0.98986287562
2602.30279108 0.987902755784
2602.32322275 1.0026727095
2602.34365421 1.0063702904
2602.36408578 0.989034825783
2602.40494891 0.999000146761
2602.42538048 0.98783264622
2602.44581214 0.997013891341
2602.46624361 1.01267667152
2602.48667527 1.00495619902
2602.50710684 0.986846742279
2602.5275383 1.02161514002
2602.54796997 1.03322490194
2602.5888331 1.03559714171
2602.60926466 1.00740758526
2602.65012779 0.991024261784
2602.67055935 0.988807859386
2602.69099092 0.995020705011
2602.71142248 0.984331005156
2602.73185404 1.00489842711
2602.75228561 1.0103738769
2602.77271727 0.991953032351
2602.79314873 0.988877250715
2602.81358029 1.00820675112
2602.83401196 0.998166413085
2602.85444342 1.0340617552
2602.89530664 1.01193813643
2602.91573811 0.995815781862
2602.93616967 1.01596632552
2602.95660133 1.00540616894
2602.97703279 0.996621972136
2602.99746435 0.99531889525
2603.01789601 1.01186462103
2603.03832747 1.02066832348
2603.05875903 1.01277031802
2603.07919069 0.997886156219
2603.09962225 1.02329580205
2603.12005382 0.990018053477
2603.16091694 0.98776604316
2603.1813485 0.999886086379
2603.20178006 0.98192018378
2603.22221161 1.01118012022
2603.24264327 1.01925456527
2603.26307473 0.996128185465
2603.28350629 0.990645366184
2603.30393795 0.992058039498
2603.32436941 1.00003571759
2603.34480097 0.992757893184
2603.38566409 0.993867166827
2603.40609564 0.992700973368
2603.4265272 0.995728538051
2603.44695876 1.00133135189
2603.46739042 0.99543528471
2603.48782188 1.00952383337
2603.50825343 1.00214247495
2603.52868509 0.997780620122
2603.54911655 1.01496871837
2603.56954811 1.01016442839
2603.58997976 1.00474691692
2603.61041132 0.996507588052
2603.65127443 1.01008999253
2603.67170599 0.986264520486
2603.69213745 0.990623069753
2603.7125691 1.01131307101
2603.73300066 1.00576439071
2603.75343221 0.988727135194
2603.77386377 1.02371292042
2603.79429532 1.01646874664
2603.81472698 0.996221777253
2603.83515844 1.00533975736
2603.95774776 0.978348406565
2603.97817932 1.00030134236
2603.99861097 0.983672071164
2604.01904243 0.998512935134
2604.03947408 0.982522999209
2604.05990563 0.999199552956
2604.08033719 0.987368815478
2604.10076874 1.00692120127
2604.14163175 0.988429277897
2604.1620634 0.995129155438
2604.18249495 0.98466341364
2604.20292641 0.987260595349
2604.24378961 1.01991838573
2604.26422106 0.994699635726
2604.30508427 1.02867691797
2604.32551572 1.00518269077
2604.34594737 0.98651114843
2604.36637892 1.00672826203
2604.38681058 0.997620730396
2604.40724203 1.01320106865
2604.42767358 0.980613093766
2604.44810523 1.00362646242
2604.46853668 0.994000860571
2604.50939988 1.00337655525
2604.52983133 0.997244734197
2604.55026288 0.975458147745
2604.57069453 0.992238543788
2604.63198918 0.984739852263
2604.65242073 1.00050594001
2604.67285228 0.990369931504
2604.69328383 0.991076296315
2604.71371538 1.01983277276
2604.73414703 1.03512299949
2604.75457848 1.00786007073
2604.77501003 1.0266365488
2604.79544168 0.989111489621
2604.81587313 0.978224210409
2604.83630468 0.992038617977
2604.85673633 0.990295183159
2604.87716777 1.00088206326
2604.89759932 0.998801123115
2604.91803087 1.00772680791
2604.93846242 1.00004711827
2604.95889407 0.994707529119
2604.97932552 1.00799869087
2604.99975706 1.00546924703
2605.02018871 1.00109355799
2605.04062016 0.995338356157
2605.16320954 1.0081353226
2605.18364099 0.999200278436
2605.20407263 0.996136340596
2605.22450418 0.998043958901
2605.24493563 1.00571601985
2605.26536727 0.987729427865
2605.28579882 1.00354100543
2605.38795655 0.988070594917
2605.40838809 0.979559740863
2605.42881974 0.992293130435
2605.44925118 1.00945510444
2605.46968273 0.992484564841
2605.49011437 0.992093564814
2605.51054582 1.01412322302
2605.53097736 0.986465179041
2605.55140891 0.989975020824
2605.61270364 1.0028149372
2605.63313508 0.982711690686
2605.65356673 0.991863916488
2605.67399827 1.0295914745
2605.69442971 0.982011683496
2605.71486136 1.00718546165
2605.7352929 0.998543410593
2605.75572434 1.01905711595
2605.89874524 0.980252285006
2605.91917679 1.00370988957
2605.93960843 0.989428478071
2605.96003987 0.998185002917
2605.98047141 1.00036717544
2606.00090306 1.00881956579
2606.18478693 0.99346175862
2606.20521847 0.97491118654
2606.22565001 0.992559707434
2606.24608155 1.00742398303
2606.26651309 1.00935144748
2606.28694463 0.992447238242
2606.30737617 0.982895164846
2606.32780771 0.986296660221
2606.34823925 1.01526491621
2606.36867079 0.988524895678
2606.38910223 1.0006840741
2606.40953387 1.01703782695
2606.42996541 1.00186470667
2606.45039705 1.01194872846
2606.47082849 0.995980230923
2606.49126003 1.01173255114
2606.51169167 0.987030625701
2606.59341772 0.982883262253
2606.61384926 0.979191280444
2606.6342809 0.982352211808
2606.65471244 0.999838078822
2606.67514388 0.99583116581
2606.69557552 0.998405234348
2606.71600706 0.979542647591
2606.73643859 0.979317032012
2606.75687013 1.00715846058
2606.77730167 0.990899523792
2606.79773331 0.994985466727
2606.83859628 1.0023432407
2606.85902792 0.996888965917
2606.87945936 1.01215380767
2606.8998909 0.998557337732
2606.92032253 1.00755277517
2606.94075397 1.01521572709
2606.96118551 0.991565409976
2606.98161714 1.02352914526
2607.00204858 1.01059521945
2607.1246378 0.988647350982
2607.14506944 1.01275545369
2607.16550097 0.999651092162
2607.18593241 1.00969756297
2607.20636404 0.990217511477
2607.22679558 0.992561413926
2607.24722702 0.992696665803
2607.36981643 1.01218452487
2607.39024786 0.99973948919
2607.4106794 1.01814740152
2607.43111103 1.01661197295
2607.45154247 1.0010881615
2607.471974 0.995542695508
2607.49240564 1.00344574997
2607.61499484 0.975566145461
2607.63542638 0.993083463918
2607.65585791 1.00299190165
2607.67628944 0.996482066226
2607.69672098 0.989628215591
2607.71715251 0.968770636733
2607.88060488 1.00241728008
2607.90103631 0.987479691161
2607.92146784 1.01354425527
2607.94189947 0.981056908947
2607.96233091 0.991966086314
2607.98276244 0.989369628728
2608.10535173 0.99878291262
2608.12578326 1.0025648984
2608.1462148 1.00760466974
2608.16664633 0.988848591133
2608.18707786 0.998582978733
2608.20750939 0.98909728855
2608.22794092 1.00423634299
2608.24837245 1.00488892755
2608.30966705 0.996437895282
2608.35053021 0.999139371103
2608.37096164 0.992261091008
2608.39139327 1.02795099427
2608.4118248 0.990363287071
2608.43225623 0.998572257093
2608.45268786 1.00347129389
2608.47311939 1.02474318717
2608.49355082 0.997377072657
2608.55484541 1.00637322777
2608.57527704 1.00555331657
2608.59570847 1.00150944713
2608.6161401 1.00013822517
2608.63657163 1.00413891127
2608.65700316 0.996167566464
2608.67743469 0.997046335785
2608.69786622 0.994856378973
2608.71829775 1.00753181659
2608.73872928 0.998188797102
2608.80002397 0.998020735925
2608.8204554 0.998294675743
2608.84088693 0.982750140822
2608.86131856 0.991128995474
2608.88174999 1.00843916246
2608.90218162 1.02023161902
2608.92261315 0.98592471056
2608.94304457 1.00994682461
2608.9634762 1.00778889533
2608.98390773 1.00071904472
2609.06563375 0.997139816431
2609.08606537 0.999235877927
2609.1064969 1.0101073134
2609.12692843 0.98379989546
2609.14735996 0.997155250963
2609.16779149 1.00595135324
2609.18822301 1.00906568576
2609.20865454 0.995230746802
2609.31081218 0.98705680106
2609.33124371 1.00558972495
2609.35167524 0.997394212131
2609.37210686 0.999722771624
2609.39253829 0.996712889536
2609.41296992 0.989762152181
2609.43340144 1.0014686446
2609.45383287 1.01559742461
2609.4742645 1.00118619125
2609.55599061 0.993025055164
2609.57642203 1.01359169457
2609.59685366 0.999641449621
2609.61728519 0.977851893937
2609.63771671 0.985478315089
2609.65814824 0.993745326612
2609.67857976 1.00247727865
2609.69901139 0.994928349446
2609.80116892 0.995638836843
2609.82160055 1.00523207061
2609.84203207 0.995458288747
2609.8624635 0.991451372526
2609.88289513 1.01392346892
2609.90332655 0.990703581927
2609.92375818 0.994790017184
2609.9441897 1.00098657803
2609.96462113 0.996909377094
2610.06677885 0.991192991721
2610.08721028 0.996254944882
2610.1076419 0.989961071882
2610.12807343 1.01302075935
2610.14850486 1.00471187277
2610.189368 1.0213046514
2610.20979963 1.01426297438
2610.29152563 1.00109464646
2610.31195715 1.00312117532
2610.33238878 1.01644609563
2610.3528203 0.998706022617
2610.37325173 0.994907424861
2610.39368335 0.987569612179
2610.41411488 1.00674821839
2610.59799859 0.999438699385
2610.61843012 0.98931820894
2610.63886164 1.00468492343
2610.65929326 1.00361854833
2610.67972469 1.00666068663
2610.70015621 1.00311616512
2610.72058783 0.995645985185
2610.76145078 0.988512914145
2610.7818824 1.01506447814
2610.80231383 0.995778980304
2610.82274535 0.993574018445
2610.84317697 1.00684267081
2610.8636085 1.02603323012
2610.88403992 0.988865697256
2610.90447154 0.983812910724
2611.06792383 1.01366515109
2611.08835525 0.993674504085
2611.10878677 1.00406708732
2611.1292184 1.00649268537
2611.14964982 0.99469222065
2611.17008144 1.00500906374
2611.19051296 1.01103478921
2611.21094439 1.00953040683
2611.25180753 0.982026543657
2611.27223905 0.988526472304
2611.29267058 1.00013472804
2611.313102 1.0255719289
2611.33353362 0.994063066887
2611.35396514 0.997562377003
2611.37439666 0.997944664538
2611.41525971 0.996796428631
2611.43569123 0.983797318974
2611.51741742 0.98522721802
2611.53784884 0.994301192419
2611.55828036 1.0074958079
2611.57871198 0.998958686389
2611.59914341 0.999916265893
2611.61957503 1.0168007707
2611.64000655 0.985659443684
2611.66043797 0.97430852677
2611.74216416 0.993711548259
2611.76259568 1.01286880515
2611.7830271 0.993716425655
2611.80345872 0.999700760703
2611.82389024 1.00149137752
2611.84432177 0.995156240584
2611.86475329 1.01036045357
2611.88518481 1.00430316866
2611.90561643 1.00834316388
2611.92604785 1.01367516797
2611.94647937 1.02212221865
2612.00777393 1.01325516786
2612.02820556 0.99723965899
2612.0690685 1.02351981215
2612.08950012 0.988659768316
2612.10993154 0.999952816275
2612.13036316 0.990435976099
2612.15079468 0.993636677717
2612.1712261 0.982407104514
2612.19165772 0.994593672608
2612.23252066 0.99267823048
2612.25295229 0.998496133771
2612.27338381 0.99803732428
2612.29381523 0.992869492064
2612.31424685 1.01227137595
2612.33467837 0.986938518773
2612.35510999 0.981666329692
2612.37554141 0.986586194458
2612.39597293 1.00435900979
2612.41640455 0.996036164889
2612.43683597 0.999957375008
2612.47769911 0.994438944923
2612.49813063 1.01337960885
2612.51856205 1.00640419191
2612.53899367 0.985308476458
2612.55942519 1.00160699563
2612.57985671 0.999779323574
2612.60028823 0.996447777647
2612.62071975 1.02107617431
2612.78417192 1.01663639699
2612.80460354 0.991983471496
2612.82503496 1.02483536776
2612.84546648 1.00481821548
2612.8658981 0.996278708467
2612.88632952 0.992723882059
2612.90676104 1.00074214248
2612.98848722 1.02946686719
2613.00891864 0.998353160223
2613.02935026 0.984163648052
2613.04978178 0.990242360146
2613.0702133 0.993871604791
2613.09064482 1.00294364313
2613.11107634 0.98283332713
2613.13150786 1.00754074665
2613.15193948 0.992365532105
2613.1723709 0.989522301248
2613.19280242 0.994101136215
2613.21323404 1.01321882706
2613.23366545 0.99957248451
2613.25409707 1.02772058474
2613.27452859 0.985431396279
2613.29496001 1.01631714411
2613.31539163 0.999063066116
2613.33582315 0.999745243119
2613.35625457 0.992322663249
2613.51970683 1.001967988
2613.56056987 1.02220667259
2613.58100139 0.998373736723
2613.60143291 1.00010016504
2613.62186443 0.99652628054
2613.64229595 0.999820928857
2613.66272757 1.00806167727
2613.70359061 1.00213338595
2613.72402213 0.999131297747
2613.74445354 1.00047048621
2613.76488516 0.984169881523
2613.78531668 1.02687565814
2613.8057481 1.00187007453
2613.84661124 0.999406422702
2614.0100634 1.01853767782
2614.03049492 1.00581799572
2614.05092644 0.99897340874
2614.07135796 1.00064005137
2614.09178948 1.00334305771
2614.11222109 1.01559934374
2614.13265251 0.991932179714
2614.21437869 1.00272618562
2614.23481021 1.01119810151
2614.25524163 0.995382681525
2614.27567325 1.01049937807
2614.29610477 0.99411279671
2614.31653619 1.01385604579
2614.33696781 1.00251686513
2614.35739933 0.997498803745
2614.37783095 1.0084677862
2614.39826237 0.986391751109
2614.43912551 0.991894189476
2614.45955692 0.992155108033
2614.47998844 1.00005060514
2614.50042006 1.00283816314
2614.52085148 0.99640136528
2614.541283 0.999721070343
2614.56171462 0.998278804789
2614.58214604 0.996193755781
2614.7455983 1.00977979968
2614.76602982 1.01307545346
2614.78646134 1.00104003025
2614.80689285 0.999881482127
2614.82732437 0.986361705499
2614.84775589 0.982880529627
2614.94991359 1.00842669727
2614.97034501 0.997064018771
2614.99077653 0.985550819804
2615.01120815 1.00475155604
2615.03163957 0.988056916884
2615.05207119 1.00781471392
2615.07250271 0.996066533357
2615.09293413 1.00251264995
2615.11336575 0.986366042646
2615.19509183 0.993195204693
2615.21552335 1.01640447453
2615.23595487 0.984072830064
2615.25638639 1.0013907777
2615.27681801 0.996909133887
2615.29724942 1.01702328879
2615.31768094 0.997346518555
2615.33811256 1.0147733824
2615.35854408 0.993926915847
2615.44027006 1.01305249621
2615.46070168 0.992251574218
2615.4811332 1.00602418484
2615.50156472 0.999052023289
2615.52199624 0.992618014811
2615.54242766 0.998110174428
2615.56285928 1.00760440938
2615.72631154 1.00779629967
2615.74674296 0.99451120345
2615.76717448 1.02544497097
2615.7876061 1.00683860168
2615.80803752 0.99230697338
2615.97148978 1.0004094413
2615.99192131 1.00508206918
2616.01235293 1.00709228173
2616.03278435 0.994825673439
2616.05321587 1.00536918887
2616.07364749 0.99997052096
2616.09407891 1.00216347669
2616.17580509 1.00321710549
2616.19623651 0.985998574635
2616.21666803 1.0057810169
2616.23709965 0.999553744673
2616.25753107 1.00016576446
2616.27796259 1.00774190153
2616.29839421 1.01342068771
2616.31882563 0.985171296264
2616.33925725 1.00915188491
2616.42098334 1.00844077375
2616.44141486 0.98526196266
2616.46184638 1.00151457894
2616.4822779 0.991434253449
2616.50270942 0.986028343894
2616.52314104 1.01842921363
2616.54357246 0.999847250102
2616.70702473 1.00136412405
2616.72745615 1.00171983155
2616.74788778 1.00776956478
2616.7683193 0.985875294649
2616.78875082 0.98789322523
2616.80918234 1.01119601414
2616.82961386 0.986166878578
2616.89090843 0.982807927511
2616.91133995 1.02241550955
2616.93177147 1.00768879819
2616.95220299 0.989325165343
2616.97263451 0.980981004257
2616.99306603 0.989115174842
2617.03392908 0.992872839671
2617.0543606 1.00271951861
2617.07479222 1.00199699957
2617.09522374 0.98790708026
2617.13608679 1.0049541984
2617.15651831 0.979957650422
2617.17694973 1.02021476081
2617.19738135 0.990813785275
2617.21781288 0.985621079637
2617.2382445 1.01910188408
2617.25867592 0.996125940062
2617.27910744 0.998962961557
2617.44255962 0.994373644135
2617.46299125 1.01756447488
2617.48342277 1.01694882235
2617.50385419 0.975133287051
2617.52428581 1.00459616134
2617.66730647 0.991492977589
2617.687738 0.990163819792
2617.70816952 0.994158120086
2617.72860104 1.00831770999
2617.74903267 1.02201549291
2617.9533478 1.01441827345
2617.97377943 1.00008755891
2617.99421095 1.0011139753
2618.01464247 0.998437546
2618.035074 0.990364070863
2618.05550552 1.01051160523
2618.07593715 1.0028719604
2618.09636857 0.995450885246
2618.1168001 1.00501091264
2618.13723172 0.989097788495
2618.15766324 0.992198922923
2618.17809467 0.9948683661
2618.19852629 0.99016483864
2618.21895782 1.01450172454
2618.23938924 1.00261196893
2618.25982087 1.0086412241
2618.28025229 1.02315936652
2618.30068391 0.999253691791
2618.32111544 0.998009278154
2618.36197849 1.01069248278
2618.38241001 1.01350028013
2618.40284144 1.00437758813
2618.44370459 0.990158417997
2618.46413601 0.991638304939
2618.48456764 1.01172809893
2618.50499916 1.00818404069
2618.66845137 1.00201282112
2618.68888289 1.00827398095
2618.70931452 1.00963909867
2618.72974604 0.995455050041
2618.75017757 1.0137626518
2618.7706091 1.00941546304
2618.91362978 1.00041229248
2618.93406131 0.994923897908
2618.95449283 0.99300071176
2618.97492446 0.987735452543
2618.99535589 0.985785903725
2619.01578741 1.00110131378
2619.03621904 1.00867818702
2619.05665047 0.98855578198
2619.09751362 1.00008537924
2619.11794505 0.990935856818
2619.13837667 0.996098245145
2619.1588082 0.988492798445
2619.17923963 1.00106762485
2619.19967126 1.00400793072
2619.22010278 1.01147534445
2619.40398653 0.995193717875
2619.42441816 0.996958057288
2619.44484969 1.00248092677
2619.46528112 0.995344729638
2619.48571274 1.01037686465
2619.50614427 1.00621730178
2619.62873344 1.01998488048
2619.64916497 0.991022269595
2619.6695965 1.01924546063
2619.69002793 1.00232667374
2619.71045956 0.983739506739
2619.73089109 1.00510094149
2619.89434342 1.00486497246
2619.91477485 1.01903608145
2619.93520648 1.00854255284
2619.95563801 1.01119486005
2619.97606944 0.980491011053
2620.13952178 1.00076315316
2620.15995341 0.99378736315
2620.18038485 1.00086166697
2620.20081648 1.00296595402
2620.22124801 1.01047201698
2620.24167944 0.995009043323
2620.26211107 0.988796975468
2620.2825426 0.990398840866
2620.30297403 1.00487824244
2620.32340566 1.01133753578
2620.34383719 0.996029409303
2620.36426872 1.01625745719
2620.38470026 0.979760948666
2620.40513179 0.980431561629
2620.42556332 0.999706214978
2620.44599485 0.996964250892
2620.46642638 0.99640679561
2620.62987864 1.01972564274
2620.65031027 0.975364068234
2620.67074181 0.988477224699
2620.69117324 0.991389488857
2620.71160487 1.01962935511
2620.7320364 1.00998739298
2620.8546256 0.981036458362
2620.87505724 1.00935213786
2620.89548867 0.996819688174
2620.9159202 1.02080311251
2620.93635184 1.00221730936
2620.95678327 1.02342471631
2620.97721481 1.01117685899
2621.07937248 1.00153181402
2621.09980411 0.996637720722
2621.12023565 0.989101768141
2621.14066708 0.988215359444
2621.16109872 0.99082957891
2621.18153025 1.00120239266
2621.20196169 1.00433293658
2621.22239332 1.00984486965
2621.24282486 1.00031842383
2621.3245511 0.9866514551
2621.34498253 0.997480613283
2621.36541407 1.00012290464
2621.3858457 1.03019445128
2621.40627714 1.00076743365
2621.42670868 1.0068872441
2621.44714031 1.01891490646
2621.46757175 0.987088164195
2621.56972953 1.00361662919
2621.59016107 0.994755696405
2621.6105926 0.990455202332
2621.63102414 0.985864554313
2621.65145568 1.00737132336
2621.67188731 0.996265036825
2621.69231875 0.999420246288
2621.71275029 1.01670515006
2621.83533962 0.991996752316
2621.85577105 0.987719318833
2621.87620269 1.00806309118
2621.89663423 0.99078968322
2621.95792884 1.000263615
2622.06008654 1.00639165855
2622.08051808 1.00891663567
2622.10094972 1.00836644488
2622.12138116 1.00570920179
2622.1418127 0.988868026781
2622.16224434 1.00309192119
2622.18267578 1.00097895863
2622.20310731 1.01025588004
2622.22353895 1.00097936712
2622.24397049 0.995122699504
2622.26440203 0.994280475712
2622.28483357 0.998006140414
2622.30526512 0.997166284014
2622.32569666 0.98461697514
2622.3461282 1.0028765415
2622.36655974 0.999288938917
2622.38699128 1.00963751362
2622.40742282 0.988292889307
2622.42785426 0.995454692639
2622.4482859 0.980716058264
2622.46871744 0.993090839151
2622.55044371 1.01582242399
2622.57087515 1.00011576535
2622.59130669 1.00172314565
2622.67303296 1.0179947594
2622.8364853 0.984860478822
2622.85691684 0.996962680998
2622.87734849 0.977865158609
2622.89778003 1.00395327802
2622.91821147 1.01905092567
2623.08166393 1.00383984341
2623.10209547 1.02372787829
2623.12252702 0.993182437571
2623.14295856 1.00072015529
2623.16339011 1.01014175797
2623.32684257 0.987772670897
2623.34727402 1.00279837386
2623.36770556 1.01324334566
2623.38813721 0.996313062283
2623.40856865 1.00928406159
2623.4290002 1.00107283979
2623.55158968 1.01732329477
2623.57202113 0.996768043349
2623.59245268 0.996799102167
2623.61288433 0.997856138278
2623.63331577 1.00707067147
2623.65374732 0.978237934648
2623.67417897 1.02468125744
2623.79676816 1.00211560514
2623.81719971 1.01722282121
2623.83763136 0.985638189531
2623.85806281 0.988354815211
2623.87849436 1.00289613665
2623.89892601 1.0106081898
2623.91935755 0.997164678355
2623.9397891 0.995821727659
2624.0215153 1.0000103808
2624.04194685 1.00604601902
2624.0623785 0.986382592685
2624.08280996 1.00424238602
2624.10324161 1.00096763077
2624.12367316 0.993899359448
2624.14410461 0.9995329624
2624.18496781 0.979621728251
2624.26669392 1.00750053754
2624.28712557 0.987152522239
2624.30755712 0.990438566899
2624.32798877 0.998560095326
2624.34842022 1.01584931079
2624.36885178 0.995181671291
2624.38928343 0.984129603641
2624.40971488 0.983278117262
2624.43014643 0.963658087333
2624.45057799 1.0069596896
2624.49144119 0.998092173792
2624.51187265 0.986669273395
2624.5323042 0.986307978769
2624.55273585 0.990891378306
2624.59359886 0.998066504547
2624.61403051 1.00987936526
2624.63446207 0.987234001597
2624.79791451 0.98571693746
2624.81834606 1.0133518999
2624.83877772 1.01209624295
2624.85920917 1.00703397609
2624.87964073 1.02229795479
2624.90007238 0.993523529382
2624.92050384 1.01079942285
2624.9409355 0.996541783127
2624.98179851 1.00492023156
2625.00223017 0.983542659955
2625.02266172 1.00422893396
2625.04309318 0.989727283142
2625.12481951 0.991277993932
2625.14525107 1.0150354576
2625.16568262 1.03352505349
2625.18611418 1.0018680516
2625.2269773 1.00689879323
2625.24740886 0.999409598263
2625.26784042 0.992667780032
2625.28827207 0.99731665389
2625.30870353 1.00093462648
2625.32913519 1.00546767661
2625.34956675 0.9938620188
2625.36999821 1.01063274517
2625.39042987 1.01450186939
2625.51301923 0.995010666099
2625.53345079 1.00156946124
2625.55388245 1.00837388391
2625.59474547 1.03270063124
2625.61517713 0.993072256688
2625.79906119 0.984188015294
2625.901219 1.01149172172
2625.92165056 0.996137534254
2625.96251369 0.999295680975
2625.98294525 1.0192811342
2626.00337692 0.988506217861
2626.02380838 1.00969122357
2626.04423995 1.00949048889
2626.06467161 0.992932612987
2626.08510307 0.987144702313
2626.10553474 1.01500495999
2626.1259663 0.99072218156
2626.14639777 0.97154851027
2626.16682943 1.01230216867
2626.20769246 1.00034233974
2626.22812413 0.999462892184
2626.2485557 1.00262322382
2626.26898726 0.995430221931
2626.28941883 0.993094703219
2626.30985039 1.00341049394
2626.33028206 0.996365802266
2626.35071353 1.00147314103
2626.37114509 1.00588913709
2626.39157676 1.01028299969
2626.41200833 0.983178743507
2626.45287146 0.997717637151
2626.47330303 1.00214065986
2626.4937346 0.994111403233
2626.51416616 0.989296352844
2626.53459773 1.00259151447
2626.5550293 1.01719613368
2626.57546087 0.988316777017
2626.59589234 0.981410101352
2626.61632401 1.002506499
2626.63675557 1.00032027455
2626.65718704 0.990609428362
2626.69805028 1.01245461428
2626.71848195 1.0000724967
2626.73891342 1.00283210005
2626.75934499 1.01552832732
2626.77977666 1.01534451022
2626.80020813 0.999438313404
2626.8206397 1.00010322789
2626.84107137 1.00067277652
2626.86150284 1.0047022275
2626.88193451 1.00112818261
2626.90236608 1.00028818779
2626.94322922 1.00534693711
2626.9636608 1.0047526527
2626.98409237 1.00053966067
2627.00452394 0.996367944979
2627.02495551 0.981858823637
2627.04538708 1.00561474851
2627.06581865 0.996006145113
2627.08625023 0.992813067447
2627.1066819 1.00592431041
2627.12711347 1.00221535821
2627.14754495 0.975521960189
2627.18840809 1.00087056822
2627.20883966 1.01675813751
2627.22927134 1.00340976625
2627.24970291 0.978781201789
2627.27013449 0.989005956266
2627.29056606 0.994192850122
2627.31099753 1.01030257738
2627.33142921 0.982053069571
2627.49488191 0.984036209542
2627.51531339 1.00286591223
2627.53574496 1.00284021684
2627.55617664 1.00894808166
2627.57660821 0.985781408671
2627.59703969 0.990719414621
2627.63790294 0.989159439573
2627.6787661 1.00126676638
2627.69919768 0.986525781673
2627.71962935 1.02384201273
2627.74006083 1.0028010848
2627.76049241 0.975464460705
2627.78092409 0.982691807666
2627.80135557 0.995161293007
2627.82178715 0.999691825802
2627.84221882 0.983240827229
2627.90351356 1.01535727931
2627.92394504 1.00429349194
2627.94437672 0.976136155699
2627.9648082 1.00778333673
2627.98523978 0.998814832799
2628.00567146 1.0131022212
2628.02610294 0.996224448471
2628.04653462 0.990860376459
2628.0669662 0.991428672922
2628.08739768 1.00118882294
2628.20998727 1.00247796576
2628.23041885 1.00861566389
2628.25085044 1.01350131634
2628.27128212 0.999897431702
2628.2917137 0.998048419578
2628.31214518 1.01983447489
2628.33257687 0.996534435637
2628.35300845 1.00616660687
2628.4143032 0.996400714984
2628.43473489 0.994725906247
2628.45516637 1.00482066876
2628.47559795 0.998032950097
2628.49602964 1.00607890124
2628.51646112 0.992601998037
2628.53689271 0.997986750382
2628.55732429 0.9970890461
2628.57775588 1.02617779498
2628.59818746 0.984651745113
2628.61861905 0.994370723916
2628.65948232 0.995373446811
2628.67991381 1.00323088405
2628.70034539 1.00434373824
2628.72077708 0.992737840085
2628.74120857 0.990562884951
2628.76164015 1.02158468492
2628.78207184 1.00195684089
2628.80250343 1.02363014712
2628.96595613 1.00628573898
2628.98638772 1.00145377696
2629.00681941 0.996721902189
2629.0272509 0.985764109426
2629.04768259 1.00289414855
2629.08854567 0.999488117112
2629.17027213 1.02054044988
2629.19070373 1.01099526391
2629.21113522 1.01264126893
2629.23156691 0.997358168092
2629.2519985 1.00790578152
2629.27243019 0.98842751063
2629.29286168 0.996011740037
2629.31329328 0.983982885511
2629.43588293 1.00432025766
2629.45631453 0.985977018942
2629.47674602 1.00570689735
2629.49717771 0.988042779805
2629.51760931 1.01574992091
2629.5380408 0.982081107969
2629.70149366 1.00246977072
2629.72192536 1.00093662073
2629.74235686 1.00520912285
2629.76278845 0.997121227246
2629.78322015 0.987055298787
2629.80365165 0.989944589084
2629.82408334 0.988663318499
2629.84451494 1.02052726264
2629.88537814 0.964300086222
2629.90580973 1.00088386949
2629.92624133 0.998439023308
2629.94667293 1.00394529515
2629.96710453 0.997678991304
2629.98753613 1.00843904047
2630.00796773 1.00797746591
2630.02839933 1.00272115891
2630.04883093 1.01697891977
2630.06926252 0.98347937988
2630.08969412 1.00134262586
2630.13055732 0.988215837544
2630.15098893 1.00591741777
2630.17142063 0.991164390018
2630.19185213 0.997741815216
2630.21228383 0.993618435462
2630.23271543 0.998294316474
2630.25314693 1.01976386728
2630.27357863 0.985208702999
2630.31444174 0.993905650704
2630.39616825 0.996763581096
2630.41659985 0.983023860277
2630.43703155 1.00239923876
2630.45746306 0.982091936188
2630.47789466 0.991128428114
2630.49832636 0.999649729818
2630.51875787 1.02085751754
2630.53918947 0.983164339245
2630.58005278 1.00435123011
2630.62091599 0.975727024577
2630.6413476 1.00232131284
2630.6617792 1.00905627089
2630.68221081 0.986021340277
2630.70264231 1.00058139782
2630.72307402 1.01109571686
2630.74350563 1.003510525
2630.76393713 0.996355433649
2630.78436884 0.99547025748
2630.80480045 0.985414452579
2630.88652698 0.986668767816
2630.90695849 1.02135121245
2630.9273901 0.99594429792
2630.9478218 1.02060848906
2630.96825331 1.00784110359
2630.98868502 0.999817821084
2631.00911663 0.986067840552
2631.02954814 1.00388717377
2631.152138 1.00677409041
2631.19300112 0.995234723817
2631.21343284 1.00331571354
2631.23386445 1.01704536834
2631.25429596 1.01251493482
2631.27472767 1.00296293245
2631.29515928 0.989075455448
2631.3155908 0.993329845699
2631.35645402 1.01031226774
2631.37688574 0.997423375638
2631.39731735 0.992640740081
2631.41774886 0.995576770168
2631.43818058 0.990453766884
2631.45861219 0.970963850429
2631.47904371 1.02297637478
2631.49947542 0.994494155825
2631.66292844 1.02370618631
2631.68335996 0.997212598958
2631.70379158 0.991273302309
2631.72422329 1.01291467171
2631.74465481 1.00096460418
2631.76508653 1.00239359714
2631.78551815 1.00826711513
2631.80594977 1.01955475212
2631.82638138 0.994956464414
2631.846813 1.00659240966
2631.86724462 1.01102116935
2631.88767624 0.997277945081
2631.90810786 0.988538609552
2631.92853958 0.995430750532
2631.9489712 0.997443828582
2631.96940272 0.985058874382
2631.98983444 0.987638599134
2632.01026606 0.985859753207
2632.03069758 0.973054662853
2632.0511293 1.00282744561
2632.09199244 1.02172828411
2632.11242416 1.00224271421
2632.13285568 0.986918582762
2632.1532874 1.00206672892
2632.17371903 1.00665210618
2632.19415055 0.991322743029
2632.21458227 1.00473225704
2632.23501389 0.991427393375
2632.39846688 1.00432860371
2632.41889851 0.996916911529
2632.43933023 0.999736053414
2632.45976186 0.983648337153
2632.48019339 0.98163414168
2632.50062511 0.997281260459
2632.52105674 0.998377254168
2632.54148836 1.01361405602
2632.58235162 1.00056998699
2632.60278334 0.997818005329
2632.62321487 1.00191688423
2632.6436465 1.00551005248
2632.66407823 1.01132485872
2632.68450975 1.009716906
2632.70494148 0.988667473109
2632.72537301 1.0294292216
2632.74580464 0.991180798266
2632.76623637 1.0222476661
2632.82753126 0.996217909331
2632.84796279 0.979709954948
2632.86839442 0.997395080507
2632.88882615 1.00200581877
2632.90925768 1.00507078836
2632.92968941 0.98995241781
2632.95012104 0.982837033975
2632.97055257 0.985964025698
2633.13400573 0.998574872241
2633.15443746 0.984754190156
2633.1748691 0.991406926278
2633.19530063 1.00566209089
2633.21573236 0.992152401235
2633.236164 0.982053756201
2633.25659553 1.01209970549
2633.27702727 1.00050769164
2633.31789054 1.01732572304
2633.33832217 1.00994692547
2633.37918545 0.992643902904
2633.39961708 0.991583045601
2633.42004872 0.984730628796
2633.44048036 1.02714372391
2633.6243652 0.982952087101
2633.64479674 0.995587408195
2633.66522848 1.01858844242
2633.68566012 1.0032454798
2633.70609176 1.00199069322
2633.7265234 0.989126243506
2633.74695504 0.993786506423
2633.76738668 1.0114283315
2633.80824996 1.01599522039
2633.8286817 0.999374325922
2633.91040817 0.995239654145
2633.93083991 1.02226877886
2633.95127156 0.956116346709
2633.9717031 0.996728188547
2633.99213484 0.997434043212
2634.07386142 0.993691991291
2634.09429307 0.987856131306
2634.11472471 0.988845988571
2634.13515626 1.00186750134
2634.155588 0.98788262659
2634.17601965 0.978596734557
2634.19645129 0.999277204494
2634.21688294 0.99666774477
2634.23731459 0.997695872152
2634.31904128 0.995447930809
2634.33947292 1.00189105148
2634.35990447 0.987108978039
2634.38033622 1.01667909281
2634.40076787 1.00704882589
2634.42119952 1.01407240017
2634.44163117 1.00248806241
2634.46206282 1.01659685817
2634.48249457 1.02225726631
2634.50292612 1.01021846037
2634.54378952 1.00612617239
2634.56422107 0.993729661891
2634.58465272 1.00818832656
2634.60508447 1.00162982683
2634.62551602 0.999890734657
2634.64594777 1.00946124026
2634.66637943 1.00217215197
2634.68681098 1.01035221176
2634.72767428 1.01308227383
2634.74810594 1.0103913515
2634.78896924 0.985256804984
2634.809401 1.01048508079
2634.82983265 0.995476174848
2634.85026431 1.00398474901
2634.87069596 1.00059598778
2634.89112762 0.992724437247
2634.91155927 0.986742956248
2634.93199093 0.987553901653
2634.95242258 0.995999528427
2634.97285424 1.00172540836
2635.05458097 1.00661483717
2635.07501252 0.965266570614
2635.09544428 1.01020993738
2635.11587594 1.00332228726
2635.1363075 0.995167415959
2635.15673926 0.997368722293
2635.17717091 1.00482711099
2635.19760267 1.01504668132
2635.21803423 0.994487128041
2635.29976087 1.00630929381
2635.32019263 0.995018867196
2635.34062419 1.00531330067
2635.36105585 1.00004849046
2635.38148762 1.01201674964
2635.40191918 1.00110998947
2635.42235094 0.993312459636
2635.58580424 0.99025651773
2635.60623591 0.99351556137
2635.62666757 1.02944348358
2635.64709934 0.99842366272
2635.6675309 0.982749267625
2635.68796257 1.01218504823
2635.70839433 0.994586724884
2635.7288259 1.00159560108
2635.76968933 0.980688486045
2635.7901209 1.01533374145
2635.81055267 1.00747910992
2635.83098434 1.02328331162
2635.8514159 1.00600058984
2635.87184767 0.983233947105
2635.89227934 0.99515758016
2635.91271091 1.01514160109
2635.93314268 0.993004591246
2635.95357435 0.995257560441
2635.97400611 1.00099432375
2636.01486935 1.00559648459
2636.05573269 0.999097812213
2636.07616436 1.00765993495
2636.09659614 0.986137699758
2636.11702771 1.01754001561
2636.13745948 1.01390723723
2636.15789105 1.00308719619
2636.32134453 0.986706823959
2636.34177621 0.99874373427
2636.36220798 1.00070527116
2636.38263956 0.982640274605
2636.40307123 1.01264618857
2636.54609307 0.986121082982
2636.56652465 1.00269557546
2636.58695642 0.994146511125
2636.6073881 1.00204246899
2636.62781968 0.983629143788
2636.64825146 0.993357038755
2636.66868314 1.00363457432
2636.68911492 0.992685657107
2636.7095465 0.991926729881
2636.72997817 1.00240520063
2636.75040985 0.993568186397
2636.77084164 1.01357315787
2636.79127322 1.00419906789
2636.83213658 1.0294105329
2636.85256826 1.01126625699
2636.87300004 1.02079356408
2636.89343162 1.02113191682
2637.05688519 1.00574205171
2637.07731697 0.956356992212
2637.09774856 0.979201774986
2637.11818024 0.999479421942
2637.13861203 1.01383566181
2637.15904361 0.998932629379
2637.1794753 1.01649948582
2637.19990709 1.00673773311
2637.24077036 1.01472517539
2637.26120215 0.989104353535
2637.28163384 0.990165654501
2637.30206552 0.991006712034
2637.32249721 1.01091398589
2637.3429289 1.00082321905
2637.36336059 1.01908923452
2637.38379228 1.00532503713
2637.40422397 0.980621088356
2637.42465566 0.981532090738
2637.5472458 0.99782660365
2637.56767749 1.0003607775
2637.58810928 0.98830277524
2637.60854088 0.985933270284
2637.62897267 0.98434314575
2637.64940436 0.995319158213
