# #0 time, 1 flux
2306.65173881 0.974515469718
2306.67217098 0.994944289622
2306.69260325 0.962503977278
2306.71303532 1.00004474546
2306.73346758 0.974004353406
2306.75389965 0.974251948816
2306.77433182 1.03043035804
2306.79476408 1.01333302673
2306.81519615 0.972466098316
2306.83562831 0.972578546142
2306.85606058 0.992517288151
2306.87649264 1.0062266237
2306.8969248 1.03410090193
2306.91735706 0.990496022457
2306.99908571 0.983997258419
2307.01951787 1.00671434707
2307.03995003 0.992679770742
2307.06038219 0.989361574015
2307.08081445 0.997069427289
2307.10124651 1.01708081962
2307.12167866 1.0298242671
2307.14211092 1.00742369936
2307.22383945 1.02058620001
2307.2442717 1.0164698484
2307.26470386 1.0227373079
2307.28513591 0.959914594369
2307.30556816 0.987896735504
2307.32600032 0.986103521837
2307.34643237 1.0023653654
2307.36686462 1.03297983128
2307.38729677 1.01828412383
2307.40772892 1.00330756003
2307.42816108 1.00629047729
2307.44859323 0.963601401439
2307.48945753 1.02910017222
2307.50988967 0.977192541043
2307.55075397 0.983539511277
2307.57118612 1.03958692724
2307.59161837 0.970727775342
2307.61205041 1.00095110196
2307.63248256 1.01086265887
2307.6529148 1.00763213063
2307.67334685 0.985134925203
2307.693779 1.00889997144
2307.71421124 1.00577531592
2307.73464328 1.00657858397
2307.75507553 1.01161115922
2307.77550767 1.00205028041
2307.79593971 1.00194488558
2307.81637195 0.987835471321
2307.8368041 0.998755932271
2307.85723614 1.00144207632
2307.87766838 0.977780857493
2307.89810052 0.963797477419
2307.91853266 0.98621332462
2307.9389648 1.00651859352
2307.95939694 1.0163795284
2307.97982907 1.04786283623
2308.00026121 0.976613490904
2308.02069335 0.981929701088
2308.04112549 0.992991866984
2308.06155772 1.00305272897
2308.08198976 0.983109962531
2308.102422 1.01418373691
2308.12285403 0.996091981162
2308.14328616 1.0238894639
2308.1637184 1.0165528595
2308.18415043 0.974594749541
2308.20458257 1.02034572794
2308.2250148 1.01055156785
2308.26587896 1.04102509244
2308.2863112 1.00935943379
2308.30674323 1.00322913888
2308.32717536 0.971917815038
2308.34760759 1.00007207104
2308.36803962 0.987897758751
2308.38847175 1.00278942261
2308.40890397 0.973864863992
2308.4293361 1.01256688004
2308.44976813 1.0258637669
2308.47020036 0.996186964181
2308.49063249 1.03954693911
2308.53149674 0.998074943158
2308.55192886 0.972718243722
2308.57236099 1.00724667084
2308.59279311 0.985745026576
2308.61322524 1.01313903677
2308.63365746 1.01741081369
2308.65408948 0.987659552702
2308.67452161 1.0069131937
2308.69495383 1.01410636933
2308.71538585 1.00375500424
2308.73581797 0.966862010007
2308.75625019 1.00740417919
2308.77668222 0.988565023387
2308.79711434 1.01327036404
2308.81754655 0.995531794174
2308.83797857 0.982443425564
2308.85841069 1.02081908512
2308.94013916 1.0093390799
2308.96057128 1.02568172429
2308.9810035 0.966228484721
2309.00143561 1.01627333223
2309.02186763 1.02629791366
2309.04229984 0.979508206836
2309.06273196 1.01464449516
2309.14446031 0.99761400651
2309.16489252 0.977380931607
2309.18532463 0.973718700425
2309.20575664 1.02214447024
2309.22618885 0.97584093476
2309.24662096 0.967161136644
2309.26705307 0.978776700461
2309.28748518 0.998377430734
2309.30791729 1.01751124827
2309.3283494 0.965128026456
2309.34878151 0.999188285763
2309.36921362 0.988075085144
2309.38964582 0.948970225045
2309.41007783 1.00714668102
2309.43050994 1.01381814344
2309.45094214 0.9426823297
2309.47137425 1.00163321692
2309.51223846 1.00426514783
2309.55310257 0.961027195593
2309.57353477 1.00582188165
2309.59396687 0.989532277138
2309.61439887 0.982051988361
2309.63483107 0.988433793574
2309.65526308 1.03379089532
2309.67569518 0.992338286933
2309.69612738 0.984584881568
2309.71655938 0.972621664624
2309.73699148 1.0202522617
2309.75742368 0.984965589105
2309.77785568 0.99528291619
2309.79828777 1.00098492687
2309.81871997 1.0127292581
2309.83915207 1.00364130978
2309.85958417 1.00035575238
2309.92088055 0.990931885407
2309.94131255 1.02659984388
2309.96174464 0.963488504293
2309.98217684 1.02504416934
2310.00260883 0.996382632963
2310.02304092 1.00254305941
2310.04347312 1.00753492766
2310.06390511 1.02185562195
2310.0843372 1.01051384943
2310.10476939 1.02972555824
2310.12520139 0.979558900857
2310.14563348 1.01049878276
2310.16606567 1.00072434186
2310.20692975 1.01459547331
2310.22736193 0.975065818615
2310.24779392 1.00365247401
2310.2886582 1.00091704459
2310.30909029 0.982109494933
2310.32952237 1.00692659611
2310.34995446 1.02246744833
2310.37038645 0.954357956297
2310.39081863 1.00367268669
2310.41125072 0.96201897618
2310.4316827 0.982746289755
2310.45211488 0.982734431157
2310.49297895 1.01049676162
2310.51341113 1.01436050317
2310.53384322 0.98920685214
2310.5542752 1.0059511116
2310.57470738 0.989045248626
2310.59513946 1.038807938
2310.61557144 0.995168785376
2310.63600362 1.01858389113
2310.6564357 0.980103097416
2310.67686778 1.01919548273
2310.69729986 0.984071866404
2310.73816402 1.00179704718
2310.7585962 1.00613055681
2310.77902817 1.00819206827
2310.79946025 1.00923341779
2310.81989243 0.96709393664
2310.8403244 1.01178706782
2310.86075658 1.0213133545
2310.88118865 1.02430992522
2310.90162063 1.0431691212
2310.9220528 0.987651955391
2310.94248488 0.975202379187
2310.96291685 0.988631324055
2310.98334902 0.979868765594
2311.00378109 1.02666945348
2311.02421307 1.00607311802
2311.04464524 1.00122962228
2311.06507731 1.01565347766
2311.08550928 0.995500193286
2311.10594145 0.97851168483
2311.12637352 0.947068564786
2311.14680549 1.00393124107
2311.16723766 1.00020056957
2311.18766973 0.980246523966
2311.22853386 1.00605456046
2311.24896593 1.00939019774
2311.2693979 1.00018363747
2311.28983006 0.972730311013
2311.31026213 0.977424624505
2311.3306941 0.980304631375
2311.35112626 0.990087884096
2311.39199049 0.987388748637
2311.41242245 1.02819073867
2311.43285452 1.03494612179
2311.45328668 1.02810754432
2311.47371864 0.984729408658
2311.4941507 1.04108304231
2311.51458287 0.999245632968
2311.53501483 1.00604041059
2311.55544689 1.00800800346
2311.57587905 0.998732820808
2311.59631111 0.989737926084
2311.61674307 0.985760308108
2311.63717523 1.00879352557
2311.65760729 0.995233854432
2311.67803924 1.00064384366
2311.71890346 1.00101403218
2311.73933542 1.01196097564
2311.75976757 0.994034019117
2311.78019963 0.97349861331
2311.80063159 1.00762952039
2311.82106374 0.986238776917
2311.86192785 0.98206657154
2311.88235991 1.02738062022
2311.92322401 1.02381682464
2311.94365607 1.02111933027
2311.96408802 1.02199032658
2312.00495222 0.96917257301
2312.02538427 0.994640732792
2312.04581632 0.996282922897
2312.06624837 0.990571607038
2312.08668042 0.997792977981
2312.10711247 1.00179326041
2312.12754452 0.995016183291
2312.14797657 1.01594183935
2312.16840872 1.00974782609
2312.20927271 1.02058289763
2312.22970486 1.00115701888
2312.291001 1.0097236171
2312.31143295 1.03125508925
2312.33186499 1.01581253096
2312.35229713 1.02967748134
2312.37272908 1.01586511498
2312.39316122 0.992844425588
2312.41359327 0.978797469471
2312.45445735 0.957486626522
2312.47488939 0.992813812475
2312.49532143 0.999516267917
2312.51575348 1.0601782159
2312.53618552 0.963512626905
2312.55661756 0.985509585877
2312.5770496 0.994075428592
2312.59748164 1.01050416472
2312.61791357 1.02921389892
2312.63834571 0.9961465755
2312.65877775 1.01854415897
2312.67920969 1.00158102888
2312.69964183 0.969742545994
2312.72007386 1.00927541694
2312.7405058 1.00996515044
2312.76093794 1.00172016371
2312.78136997 1.03420963441
2312.80180191 0.984300576596
2312.82223404 1.00106806287
2312.84266608 1.0155972908
2312.86309811 0.987835654289
2312.88353014 0.964333579859
2312.90396218 1.01539466121
2312.96525828 0.961230559507
2312.98569041 0.997426323815
2313.00612244 0.996639315436
2313.02655437 1.00765194687
2313.0469865 1.02046771696
2313.06741853 1.00207569546
2313.08785046 1.00405700654
2313.10828259 0.997587809803
2313.12871462 0.966611332519
2313.14914655 0.961271543498
2313.1900107 1.03953319743
2313.21044263 0.997805982798
2313.23087475 1.03102848656
2313.27173881 0.98333434823
2313.29217083 1.0009767017
2313.31260286 0.999967341648
2313.33303488 1.02526355493
2313.35346691 0.991207672212
2313.37389893 1.00835233738
2313.39433085 0.976563581256
2313.435195 1.00669829346
2313.45562702 0.976286065603
2313.47605904 0.974811738105
2313.49649106 1.01191504116
2313.51692319 0.981912252587
2313.53735511 1.02853376837
2313.55778713 1.00241570393
2313.57821925 0.991150231028
2313.59865117 1.00762508848
2313.61908318 0.99059056116
2313.6395153 0.959110324189
2313.65994722 1.0185546781
2313.68037924 1.02481843758
2313.70081136 1.01269965512
2313.72124327 1.00196846784
2313.74167529 0.993142843552
2313.78253932 0.98215544689
2313.80297134 0.98828017928
2313.82340345 0.972326525241
2313.84383547 0.984453832165
2313.86426738 1.0040833218
2313.88469949 0.999891635466
2313.90513151 1.00752711522
2313.92556352 1.01586437444
2313.94599553 0.982508928395
2313.96642754 0.989452473478
2313.98685956 0.958934996051
2314.00729157 1.00503599189
2314.02772358 0.988588707154
2314.04815559 0.969946348337
2314.0685876 1.00012775768
2314.08901961 0.959056077706
2314.10945162 0.956709280759
2314.12988363 0.93276377949
2314.17074764 1.01134508553
2314.19117965 0.995663936506
2314.21161166 1.03185944557
2314.23204367 1.01661932733
2314.25247567 0.977051940908
2314.27290768 1.02206606774
2314.29333968 1.00898135589
2314.31377169 0.995149155609
2314.33420369 1.02173743942
2314.3546358 0.984006089848
2314.3750677 1.0349889802
2314.41593181 1.00689917871
2314.43636371 0.990951206702
2314.45679581 0.988589692276
2314.47722782 0.992536751523
2314.49765972 0.987298585328
2314.51809182 1.00819437562
2314.53852382 1.00629411167
2314.55895572 0.976951611142
2314.57938782 0.947122250008
2314.59981982 1.0309899157
2314.62025172 0.989625545563
2314.64068382 1.01220663944
2314.66111582 0.999394029513
2314.68154782 1.02052530927
2314.70197981 1.01238748006
2314.72241181 1.01782408069
2314.74284381 0.977258954146
2314.7632758 1.00363864735
2314.7837078 0.966545427848
2314.8041398 1.01425549831
2314.82457179 1.0096539584
2314.84500379 0.978672924089
2314.86543568 0.994924280512
2314.90629977 1.00378581601
2314.92673186 0.960464350055
2314.94716376 0.995133148348
2314.96759575 0.987279899122
2314.98802784 1.00016416345
2315.00845973 0.964295028792
2315.02889172 0.965427030642
2315.04932382 1.02388167106
2315.06975571 1.01398705117
2315.0901877 1.00363299234
2315.11061979 0.997121399615
2315.13105168 0.997462038232
2315.15148367 1.00891818169
2315.17191575 1.00800976614
2315.19234774 0.986536053522
2315.21277963 1.01250486925
2315.23321172 0.99263301885
2315.2536437 0.975285354201
2315.27407559 1.00943882669
2315.29450768 1.00016796754
2315.31493966 1.01632717931
2315.33537155 0.982444209061
2315.41709959 1.00392923929
2315.43753157 1.02139328742
2315.45796365 0.93379970422
2315.47839554 0.959444944732
2315.49882752 0.994639016965
2315.5192595 1.01606685451
2315.58055545 1.03693423315
2315.60098743 1.00221811521
2315.62141941 0.995719414149
2315.64185139 1.01057889977
2315.66228337 1.02008862193
2315.68271535 1.02124509617
2315.70314742 0.99625170147
2315.7235793 0.959810523329
2315.74401128 0.999179011758
2315.76444336 1.00087496787
2315.78487524 0.969217296421
2315.80530721 0.95445512085
2315.82573929 1.01377290154
2315.84617116 0.998260871812
2315.88703522 1.03003302338
2315.90746709 1.01622641488
2315.92789916 0.995395756951
2315.94833114 1.02933067097
2315.96876301 0.999442352057
2315.98919509 1.02951576283
2316.00962706 0.994980552558
2316.03005903 0.97342671403
2316.050491 1.00372630796
2316.07092297 0.997714297457
2316.09135495 1.00729451716
2316.15265086 0.959250401104
2316.17308293 0.964996957581
2316.1935148 0.987346439911
2316.21394677 0.985648605525
2316.23437874 1.01094299514
2316.2548107 1.04176120095
2316.27524257 0.97406655462
2316.29567464 1.0290054634
2316.31610661 0.99811726632
2316.33653867 1.0170015262
2316.37740251 1.01057217087
2316.39783457 1.04741689589
2316.41826644 1.03624995821
2316.4386984 0.999625061869
2316.45913047 0.976121211899
2316.47956233 0.988119704027
2316.49999429 0.999705055761
2316.52042636 0.997122150286
2316.54085832 1.01412306407
2316.56129018 1.02056798467
2316.58172225 0.997769274331
2316.60215421 0.966157707755
2316.62258607 0.996371792947
2316.64301813 1.01525004498
2316.66345009 0.994088567107
2316.68388195 0.991824938806
2316.70431401 1.00068459508
2316.72474597 1.04719821801
2316.74517783 1.01154922146
2316.76560989 0.962511844351
2316.78604185 0.977621609079
2316.80647391 1.02929436759
2316.82690576 0.998896827575
2316.86776978 1.00441911851
2316.9494975 1.01336622013
2316.96992946 0.977566196936
2316.99036151 1.00204965663
2317.01079337 1.03437804641
2317.03122532 1.01572360392
2317.05165728 1.01323353549
2317.07208923 0.986564901068
2317.09252118 0.998054017221
2317.11295323 0.997143325983
2317.13338509 0.984578323274
2317.15381704 0.984575185348
2317.17424909 0.982242134457
2317.19468094 1.05495759717
2317.21511299 0.975245534475
2317.23554494 0.96559854621
2317.25597679 1.02243287952
2317.27640884 1.00160456931
2317.29684079 0.959611287747
2317.31727264 1.01430849394
2317.35813664 1.03145917296
2317.37856858 1.01366679579
2317.39900053 0.988305555078
2317.41943248 1.02587386435
2317.43986443 1.03170716552
2317.46029637 1.02400866089
2317.48072832 0.959666599368
2317.50116026 0.980427802932
2317.52159221 1.05717107973
2317.54202415 0.996556017209
2317.5624561 1.01332627984
2317.58288814 0.978705635378
2317.60331999 0.975937420126
2317.62375193 1.05114723648
2317.64418397 0.996800337585
2317.66461582 0.983724116048
2317.68504786 0.992901634398
2317.7054798 0.986726316355
2317.74634368 1.0206762292
2317.76677552 0.998920445315
2317.78720746 0.99733770808
2317.8076395 0.96669857388
2317.88936716 1.00380819052
2317.9097991 1.00975809063
2317.93023114 1.01410405765
2317.95066308 0.976444074658
2317.97109491 1.03927237618
2317.99152695 0.952936263854
2318.01195889 0.995282468263
2318.03239072 1.02071282993
2318.05282276 0.971975510441
2318.09368653 1.0172309501
2318.1345505 0.997657044873
2318.15498253 1.02607902107
2318.17541436 1.04298210159
2318.1958463 1.00898842918
2318.21627833 0.957560132722
2318.23671016 1.00770600746
2318.27757413 1.01448161329
2318.29800596 0.993882890255
2318.35930175 1.01726910915
2318.37973368 0.99897071227
2318.40016571 0.988092037274
2318.42059764 1.02545130744
2318.44102947 1.03188661239
2318.4614615 1.02275973879
2318.48189333 0.995649776382
2318.50232525 0.99003349326
2318.52275728 0.992922340985
2318.54318911 1.0005679091
2318.60448489 0.982140964207
2318.62491691 0.997693917231
2318.64534884 1.02806425418
2318.66578066 1.02688568953
2318.68621269 0.981933754564
2318.72707644 1.00498863638
2318.74750846 1.01442584569
2318.76794038 0.998259131291
2318.78837231 1.01103046825
2318.82923615 1.03997932025
2318.84966807 0.949977644016
2318.8701001 1.00881556169
2318.89053192 0.980746507254
2318.91096384 1.0229594535
2318.93139586 0.990452925763
2318.95182768 1.00456102376
2318.9722596 0.966184708819
2318.99269162 0.990443204349
2319.01312344 0.983814845191
2319.03355545 0.994988579351
2319.07441919 1.03633555637
2319.09485121 1.03264572203
2319.11528313 1.01076689737
2319.13571494 0.992135673212
2319.15614696 0.9666596969
2319.17657878 1.01295422435
2319.19701069 0.99956785437
2319.21744271 0.98783302832
2319.23787452 0.994421209136
2319.25830644 1.01591076165
2319.27873845 0.969680979167
2319.29917037 0.998276471032
2319.31960218 0.98269419103
2319.34003419 1.01797490905
2319.36046611 1.01602390045
2319.38089792 1.05465285598
2319.40132993 1.04115695272
2319.42176184 1.03569758494
2319.44219386 0.98372440908
2319.46262567 0.990471317251
2319.48305758 0.988409892989
2319.50348959 0.968341346066
2319.5239214 0.981515549134
2319.56478532 1.00000940477
2319.58521713 0.988246635379
2319.62608105 1.05142080952
2319.66694476 0.978998480799
2319.68737677 1.04468953889
2319.70780868 1.02067363433
2319.72824048 0.995230839918
2319.74867249 1.00183513361
2319.7691044 0.97662947193
2319.80996821 1.01582356916
2319.83040011 1.00132057357
2319.85083202 0.977503289077
2319.87126392 1.00482495699
2319.89169573 0.981742033154
2319.91212773 1.01592745016
2319.93255963 0.996320775765
2319.95299154 0.967529900215
2319.97342344 0.985077577524
2319.99385534 1.00498096288
2320.01428714 1.00028699
2320.03471915 1.02225397808
2320.05515105 1.02275530239
2320.07558285 0.988130157952
2320.09601485 1.00129723799
2320.11644675 0.994623919392
2320.13687865 0.999856050795
2320.15731055 1.00025772701
2320.17774245 0.942126546631
2320.19817435 0.993555994088
2320.21860625 0.959762093286
2320.23903814 0.979079943504
2320.25947014 0.96349173578
2320.30033384 1.04347367151
2320.32076584 1.02780137809
2320.36162953 0.989785870894
2320.38206152 1.00568976289
2320.40249342 1.00091276436
2320.42292522 1.00364532151
2320.44335721 0.986265002153
2320.4637891 0.993456963086
2320.4842209 0.992400867465
2320.50465289 1.02763156412
2320.52508479 0.971001428299
2320.54551668 1.04237887617
2320.56594857 1.03174109179
2320.58638047 0.994329334693
2320.60681236 1.01208067862
2320.62724425 1.00560144451
2320.64767614 0.990842898616
2320.66810803 0.99476425002
2320.68853992 0.974999785482
2320.70897181 0.988270790135
2320.7294037 0.986445799524
2320.74983559 0.989914655164
2320.79069947 1.00572601398
2320.81113126 0.983899177281
2320.83156315 1.03543556381
2320.85199514 0.961932702745
2320.87242693 1.01132310267
2320.93372259 0.991081148787
2320.95415448 1.01135221792
2320.97458646 1.01428530318
2320.99501825 1.01727577693
2321.01545013 1.00034404448
2321.03588212 0.995205069245
2321.0563139 1.02187401907
2321.07674589 1.00179619247
2321.09717777 1.00270969311
2321.11760966 0.973429003015
2321.13804154 0.985572389735
2321.15847342 0.96794127529
2321.17890531 0.998805281412
2321.19933719 1.01442231622
2321.21976907 0.986184139963
2321.24020095 0.982759610692
2321.28106472 1.0068342168
2321.3014966 0.972694552686
2321.32192858 0.998720504296
2321.34236036 1.01971844997
2321.36279224 0.97721164194
2321.38322412 0.968882918232
2321.403656 1.00058701545
2321.42408778 0.992679589908
2321.44451976 0.983384031601
2321.46495164 1.0026347687
2321.48538361 0.987511244799
2321.50581539 1.01330018052
2321.52624727 1.0286559981
2321.54667925 1.01622576267
2321.56711102 0.978076743821
2321.5875429 0.980801616129
2321.60797488 1.04631212732
2321.62840675 1.02301288833
2321.64883853 0.978648093338
2321.6692705 0.978348128078
2321.68970238 1.00929704799
2321.71013415 1.00381260107
2321.73056613 0.999619309601
2321.77142977 0.986991610025
2321.79186175 1.03082696477
2321.81229362 1.01321211222
2321.83272539 1.01933027418
2321.85315736 0.951123654753
2321.87358924 1.04153666972
2321.89402121 0.981673844234
2321.91445298 1.00271205554
2321.93488485 0.995792745926
2321.95531682 0.999242262533
2321.97574859 0.997381467004
2321.99618046 0.978504959777
2322.01661243 0.984101722931
2322.0370442 1.01448879931
2322.05747607 0.985642402569
2322.07790794 1.01412666262
2322.09833981 1.04321282891
2322.11877167 0.987895348539
2322.13920364 0.984936203261
2322.15963541 1.00160844242
2322.18006728 1.01480255046
2322.20049924 0.995724161951
2322.22093101 0.993739709001
2322.26179484 1.0244425808
2322.28222661 0.985032329108
2322.30265857 1.02713264611
2322.32309044 1.01839519251
2322.3435222 1.00540321764
2322.36395417 1.02734207333
2322.38438603 0.992936682928
2322.42524976 0.982832209799
2322.44568162 0.986222499274
2322.46611348 1.05725370381
2322.48654535 0.952297340462
2322.50697721 0.999547415103
2322.52740907 0.988988817492
2322.54784093 1.01104726713
2322.56827279 1.04381294361
2322.58870465 0.99881285438
2322.60913661 0.990289737813
2322.62956837 1.00427189802
2322.65000033 1.01168719989
2322.67043219 0.953773054611
2322.69086395 0.974970967646
2322.71129591 0.996400640679
2322.75215953 1.01329309073
2322.77259149 0.97867514107
2322.79302324 1.00284041564
2322.8134551 0.979951339763
2322.83388706 1.02936926946
2322.85431882 0.992244785213
2322.87475067 0.962690893568
2322.89518263 1.01768517875
2322.91561438 0.989884364542
2322.93604624 1.0114783914
2322.9564782 0.978578081316
2322.97691005 1.01410761542
2322.9973418 1.01085654217
2323.01777376 1.00210180434
2323.03820561 1.0004268432
2323.05863747 0.99752127361
2323.07906932 0.965973270733
2323.09950117 0.99486223408
2323.11993303 0.987018711254
2323.14036488 0.981815410409
2323.16079673 1.0080402965
2323.18122868 0.983165120349
2323.20166043 1.0126095052
2323.24252424 0.976515965594
2323.26295599 1.007015032
2323.28338784 1.01408347257
2323.30381979 1.0600070149
2323.32425154 0.991888908733
2323.34468339 1.00995668121
2323.36511533 0.994576084338
2323.38554708 1.01708870325
2323.40597893 1.00052330483
2323.42641088 0.99797522054
2323.44684273 0.97677841161
2323.46727458 0.983666987407
2323.48770642 0.971591456792
2323.50813817 1.02359179738
2323.52857012 0.988899146181
2323.54900196 0.989059941158
2323.56943371 1.00111725433
2323.58986565 0.98867698301
2323.6102975 1.00684288965
2323.63072924 1.01378139261
2323.65116119 1.02671637117
2323.67159303 1.03424993914
2323.69202478 0.993876330477
2323.73288857 0.998731159577
2323.75332031 1.0280471204
2323.77375225 0.964834789351
2323.79418409 0.981449025328
2323.81461604 0.97912665249
2323.83504778 1.05566551302
2323.85547962 1.00340910397
2323.87591156 0.96634463543
2323.8963433 1.02500868631
2323.91677514 1.03912378191
2323.93720708 0.998565125551
2323.95763883 1.01029944714
2323.97807067 0.979171300372
2323.9985026 1.03034732686
2324.01893444 1.01641131405
2324.03936618 0.99083764469
2324.05979812 0.998791005076
2324.08022996 0.99066754321
2324.1006617 0.955365679814
2324.12109364 1.01670943701
2324.14152547 0.95783970889
2324.16195721 0.973400199956
2324.18238915 1.02529452006
2324.26411649 0.981248292117
2324.28454833 0.984913671137
2324.30498016 1.01486306173
2324.3254119 0.999124934905
2324.34584383 1.00630013752
2324.36627567 1.02720228752
2324.3867075 1.02533560248
2324.40713934 0.994554314691
2324.42757117 0.997740570811
2324.448003 0.99873707163
2324.46843493 0.996845749516
2324.48886667 1.0086931289
2324.5092985 0.98938664977
2324.52973043 1.01300695388
2324.55016216 0.989077873026
2324.57059409 0.988657904741
2324.59102593 0.993675141001
2324.61145766 0.984106453157
2324.63188959 0.978919031237
2324.65232142 1.00083425699
2324.73404864 0.991568513493
2324.75448056 0.99245026029
2324.77491239 1.00184773113
2324.79534412 1.03298244531
2324.81577605 1.02872763871
2324.83620788 1.00697186039
2324.8566397 1.01595390876
2324.87707153 1.02058115718
2324.89750336 1.02001582305
2324.91793518 0.989786466517
2324.93836711 1.01162121892
2324.95879884 0.996489048478
2324.97923066 0.968566806379
2324.99966249 1.00562360419
2325.02009431 1.0084217193
2325.04052624 0.994008913092
2325.06095796 0.998911606507
2325.08138978 1.00249823162
2325.10182171 0.963662948539
2325.12225343 0.970266529829
2325.14268526 0.995116718154
2325.16311718 1.01609678709
2325.20398072 1.01924977124
2325.22441265 0.965725008599
2325.24484437 1.00410835553
2325.26527619 1.02837639013
2325.28570811 1.01515510678
2325.30613993 0.998247753837
2325.32657175 0.975670802528
2325.34700387 0.999221754259
2325.36743569 1.05625631347
2325.38786751 0.994433630958
2325.40829933 1.01904012932
2325.42873105 1.03930066011
2325.46959479 0.997957925077
2325.49002651 0.951510880297
2325.51045842 0.98435610048
2325.53089024 0.960869854084
2325.55132196 0.974652417584
2325.57175388 1.03388264014
2325.59218569 0.962622977725
2325.61261741 1.01085027244
2325.63304933 1.00414969835
2325.65348114 1.00111321333
2325.69434477 0.994235545262
2325.71477659 1.00918179845
2325.73520851 0.991457010608
2325.75564022 0.987191258881
2325.77607203 0.997955259096
2325.79650395 1.04137720872
2325.83736748 1.04482069774
2325.85779939 1.00090403028
2325.8782312 0.987300060566
2325.89866291 1.02478319047
2325.91909483 0.987353600196
2325.93952664 1.01280902431
2325.95995835 0.978204152956
2325.98039026 1.0173093446
2326.00082207 0.969771011205
2326.02125379 0.99893864065
2326.0416857 0.987412447432
2326.06211751 0.947163013666
2326.08254942 0.958083819567
2326.10298113 0.990382965686
2326.12341294 0.988811736736
2326.14384475 0.987708389238
2326.20514017 1.01358091274
2326.22557198 1.03001335366
2326.24600379 1.00563809033
2326.2664356 1.01156079299
2326.2868674 1.00129794759
2326.30729921 1.04172456422
2326.32773102 1.01653786878
2326.34816283 1.00069099241
2326.36859463 1.0452281898
2326.38902654 0.99791324763
2326.40945824 1.03599637036
2326.42989015 0.992491126082
2326.45032195 0.998112202348
2326.47075366 0.987650334296
2326.49118556 0.97638360551
2326.51161737 1.01285884187
2326.53204907 0.990281826872
2326.55248098 0.99394494894
2326.57291278 0.981584155533
2326.59334448 0.981813872837
2326.61377639 1.01868902595
2326.63420819 0.990835664252
2326.65463989 0.97965854535
2326.67507179 1.01511288496
2326.6955036 1.02398605852
2326.7159354 1.00805159222
2326.7363672 0.9868725428
2326.756799 0.990443924577
2326.7772308 0.988690555032
2326.7976626 0.973138904418
2326.8180944 1.02831834369
2326.8385263 0.950100449633
2326.858958 0.968594885083
2326.8793898 0.99408345649
2326.9406852 1.00038774553
2326.9611171 1.00279286031
2326.9815488 1.01461558762
2327.00198059 0.995159063505
2327.02241249 1.00673254446
2327.04284419 1.00935072892
2327.06327599 0.993163657034
2327.10413958 1.00187042009
2327.12457138 0.986883623057
2327.14500327 0.973536075727
2327.16543497 0.994190160726
2327.18586687 0.969511901744
2327.20629866 1.03105875946
2327.22673046 1.02139872746
2327.24716225 1.00162256894
2327.26759404 1.03476249037
2327.28802584 1.05305602058
2327.30845763 0.981988583663
2327.32888943 1.02651691089
2327.34932122 1.0077718987
2327.36975311 0.965013372481
2327.4106166 0.979936152261
2327.43104849 0.99533064189
2327.45148018 1.00497705878
2327.47191198 0.985469778365
2327.49234387 1.02559603527
2327.51277556 0.991936497171
2327.53320745 1.03263420637
2327.55363924 1.02175707633
2327.57407093 0.979108762291
2327.59450282 1.03741873957
2327.61493461 1.00527801574
2327.6353663 0.981377876775
2327.65579819 1.00525615259
2327.67622988 0.994071363396
2327.69666167 0.984273522064
2327.71709356 1.00111441848
2327.73752535 0.988653182026
2327.75795703 0.989370638079
2327.77838892 0.98369754307
2327.79882071 0.998150677717
2327.8192524 1.00497103609
2327.83968428 0.960943903147
2327.86011607 0.994729880345
2327.90097964 1.02264171951
2327.94184332 1.00637387343
2327.962275 0.974606768117
2327.98270679 0.98403698046
2328.00313867 0.975970281456
2328.02357036 0.99821880027
2328.04400214 0.978924437052
2328.06443403 1.01496824361
2328.08486571 1.03683258036
2328.1052975 0.995635046709
2328.14616106 0.978787773695
2328.16659285 1.00496062388
2328.18702473 0.999271741236
2328.20745651 1.04444146217
2328.22788819 1.01464625883
2328.24832007 1.00028727467
2328.26875186 0.976141435697
2328.28918364 0.998593170617
2328.30961542 0.99857564641
2328.3300472 0.991857790674
2328.35047898 1.02348974397
2328.39134244 0.9956480393
2328.41177432 0.996924160415
2328.4322061 1.03420549411
2328.45263778 0.981617798581
2328.47306966 1.00609286287
2328.49350144 1.00348204428
2328.55479678 1.03433725025
2328.57522855 1.00315375251
2328.59566033 0.969062672086
2328.61609211 1.01292194123
2328.63652399 1.00087359651
2328.65695566 1.02694085492
2328.67738744 0.981147419937
2328.69781932 1.03027343113
2328.71825099 1.05539404457
2328.73868277 0.939457525631
2328.7999781 0.99048871565
2328.84084175 0.974223476349
2328.88170529 0.984974997566
2328.90213707 0.989112980516
2328.92256874 0.996700796414
2328.94300062 0.976066324975
2328.96343239 0.941015686083
2328.98386426 1.03478657886
2329.00429593 0.993321711136
2329.02472771 1.01770269162
2329.04515948 1.01933850388
2329.06559125 1.0196320317
2329.08602302 1.02590064607
2329.10645479 1.00754749179
2329.12688657 0.974114460541
2329.14731834 0.972108457566
2329.16775011 0.989007282145
2329.18818188 0.99348035393
2329.20861365 0.971035507766
2329.22904552 0.991334451302
2329.24947719 0.953164296883
2329.26990896 1.01100899589
2329.29034083 0.978697630174
2329.3107725 0.980858447922
2329.33120437 1.00233301632
2329.3720678 1.00645659485
2329.39249967 0.995962615303
2329.41293144 1.03572659655
2329.43336311 1.00240047542
2329.45379497 1.01587903852
2329.47422674 1.04146627186
2329.49465841 1.02071997373
2329.51509028 1.00345236922
2329.53552204 1.00874280321
2329.55595371 0.991137089847
2329.57638557 1.02613724828
2329.59681734 0.956838306919
2329.61724911 0.985568233694
2329.63768087 1.00188091273
2329.65811264 0.970705202655
2329.6785445 1.02156239911
2329.69897627 1.01704369603
2329.71940793 0.980483116949
2329.73983979 0.99517685241
2329.76027156 1.01104121696
2329.78070322 0.99512317361
2329.80113508 1.007639934
2329.82156685 0.995481381019
2329.86243037 1.02338989337
2329.88286204 0.998499520797
2329.9032938 1.0093002206
2329.92372566 0.998330317417
2329.94415732 0.979258000684
2329.96458908 0.992276769727
2329.98502094 1.01468246067
2330.0054526 0.973991738646
2330.02588447 0.978565753558
2330.04631623 0.954654619252
2330.06674799 0.972061288348
2330.10761151 0.998478932691
2330.12804327 0.997245889461
2330.14847503 0.99920675785
2330.16890678 1.02806715804
2330.18933854 1.03140715819
2330.2097704 1.0007056075
2330.23020206 0.996751815698
2330.25063382 0.989480366462
2330.29149733 1.00780870261
2330.31192909 1.00190408825
2330.33236095 1.02498417191
2330.35279261 1.04045916079
2330.37322446 1.02432323873
2330.39365622 0.977333239606
2330.41408788 1.00910526604
2330.43451973 1.02109745756
2330.45495149 0.999262563415
2330.47538314 0.98259628212
2330.495815 0.969817992706
2330.51624675 0.991453831242
2330.53667851 1.02669686909
2330.55711026 0.992718132834
2330.57754202 0.993700447147
2330.59797367 0.971356805102
2330.61840553 1.01540072217
2330.63883728 1.02598530668
2330.65926893 0.970091686841
2330.67970079 1.01886274223
2330.70013254 0.9949354725
2330.72056429 1.00434516598
2330.74099605 0.990832734623
2330.7614278 0.988953342327
2330.78185965 1.032602649
2330.8022913 0.994576270814
2330.84315491 1.05493055656
2330.86358656 0.976411566671
2330.88401831 1.01246459022
2330.90445016 0.995551689691
2330.92488181 1.01952517334
2330.94531356 0.986088057231
2330.96574541 0.999267966914
2330.98617706 0.988231354314
2331.00660881 1.00860434689
2331.02704066 1.01567613637
2331.04747241 1.01469704589
2331.06790416 1.0045725195
2331.08833591 1.02580966348
2331.10876766 0.967911923907
2331.1291994 1.00770298473
2331.14963115 0.987104482663
2331.1700629 0.982116272651
2331.19049465 1.01933785514
2331.21092639 0.999663905413
2331.23135814 0.968321132892
2331.25178989 0.986821761013
2331.27222164 0.989480955737
2331.29265338 0.990586551073
2331.31308513 0.997099754755
2331.33351687 1.02008641426
2331.35394852 1.01370255827
2331.37438037 1.0400985745
2331.39481211 1.02781781572
2331.41524396 0.970806288982
2331.45610735 0.983467553397
2331.47653919 1.01589474794
2331.49697084 0.984495412512
2331.51740258 0.984601892648
2331.53783442 0.998517028599
2331.57869781 1.01475145015
2331.59912965 0.973587012972
2331.6195614 0.980439312002
2331.63999304 1.02043387207
2331.66042488 1.01043413398
2331.68085663 0.971622452799
2331.70128837 1.03136818054
2331.72172011 0.993469782202
2331.74215185 0.963969731941
2331.76258369 1.02059330746
2331.78301533 1.00400198108
2331.82387892 0.969257110888
2331.84431056 1.0010377764
2331.8647423 1.02017138283
2331.88517414 0.943403860758
2331.90560578 0.982131301383
2331.92603752 1.00139564748
2331.94646936 0.988096296305
2331.966901 1.02429441053
2331.98733274 0.981580507879
2332.00776448 0.990995965921
2332.02819621 0.992569083829
2332.130355 0.982221781224
2332.15078664 1.00927244869
2332.17121848 0.997245020692
2332.19165022 1.01008271767
2332.21208185 1.00063938016
2332.23251369 1.01970409505
2332.25294543 1.03409445239
2332.27337706 1.00130945524
2332.2938089 0.996143037449
2332.31424063 0.995647367171
2332.33467227 1.00089285541
2332.3551041 1.00655083748
2332.37553584 1.00878395174
2332.39596767 1.03968570629
2332.41639931 0.979460490494
2332.43683104 1.03613820247
2332.45726288 1.00820457282
2332.47769451 1.03736177825
2332.49812625 1.02027864817
2332.51855808 1.03368834005
2332.53898971 0.973338198125
2332.55942145 0.978732483994
2332.57985328 1.0150072927
2332.60028501 0.985679801708
2332.62071665 1.00754220857
2332.64114848 1.02861218547
2332.66158021 0.982404006876
2332.68201184 1.01453006893
2332.70244367 0.978602049424
2332.72287541 1.02612146207
2332.74330714 0.957638427771
2332.76373887 1.00067448948
2332.7841706 1.00276418897
2332.80460233 0.990813906338
2332.82503406 1.0227409605
2332.84546569 0.982422249866
2332.86589752 1.00086506827
2332.88632925 0.991680185121
2332.90676088 1.03703439374
2332.92719271 1.01246660666
2332.94762444 0.969442594261
2332.96805617 0.96678367512
2332.9884879 1.00349567058
2333.00891963 0.999736479443
2333.04978308 0.991901791438
2333.07021481 0.9394511324
2333.13150999 1.00602056716
2333.15194182 0.953743439133
2333.17237355 0.994905570116
2333.19280518 0.999385165537
2333.213237 1.03226007709
2333.23366873 1.02144119086
2333.25410036 0.96988940472
2333.31539553 1.00579208295
2333.33582736 0.984952109923
2333.35625908 1.03470978051
2333.37669091 1.01284933887
2333.39712253 0.986071859351
2333.41755426 1.0102949778
2333.45841771 1.02431188808
2333.47884943 0.950915136754
2333.49928116 0.981001714317
2333.51971288 1.00595898985
2333.5401446 1.00694847031
2333.56057633 0.996954245308
2333.58100805 0.993159050316
2333.60143977 1.00095071452
2333.6218716 0.995266457558
2333.64230322 0.993167780647
2333.66273504 1.00361964239
2333.68316676 0.958393036227
2333.74446193 1.03086791509
2333.76489355 0.987937185674
2333.78532537 1.01241350696
2333.80575709 1.01001697141
2333.82618871 0.98486323689
2333.84662053 0.991453405692
2333.86705225 1.01227613007
2333.88748387 1.00667973967
2333.90791569 1.00955463137
2333.92834741 1.00037871049
2333.96921085 0.971272546486
2333.98964257 1.00238555448
2334.03050601 0.993581325461
2334.05093773 0.993518605437
2334.07136955 0.971460643699
2334.15309642 0.968052356896
2334.17352804 0.996539099184
2334.19395985 0.968065292201
2334.21439147 1.00098980437
2334.23482319 0.969901614874
2334.255255 1.00550630375
2334.27568662 0.997992422469
2334.29611844 1.03181307048
2334.31655015 1.01531851722
2334.33698177 1.00946754647
2334.35741358 1.02917526244
2334.3778453 0.990830204909
2334.39827692 0.977116324504
2334.41870873 1.01114890821
2334.43914045 1.04653001491
2334.45957216 1.04921156908
2334.48000388 1.01980544818
2334.50043559 0.992352178126
2334.5208673 1.00602840979
2334.54129902 0.992817401115
2334.56173073 0.977942119512
2334.58216255 1.00789987408
2334.60259426 1.04838201002
2334.62302587 1.00163969175
2334.64345769 0.990355217281
2334.6638894 0.986791278001
2334.68432101 1.00007361232
2334.70475282 0.994306384087
2334.72518454 1.00354351148
2334.74561615 1.034405375
2334.76604796 1.006601222
2334.78647967 1.00063460307
2334.80691129 1.00414876816
2334.8273431 1.0214062576
2334.84777481 1.0046737017
2334.86820642 0.965339817893
2334.88863823 0.943154145916
2334.90906994 0.979545416368
2334.92950175 0.989223071748
2334.94993336 1.01899731033
2334.97036507 0.982833527082
2335.01122849 0.987534003227
2335.0316602 0.976572775257
2335.05209191 0.966499179953
2335.09295533 1.00663276298
2335.11338704 1.00073454475
2335.13381875 0.966498347555
2335.15425046 0.984814419069
2335.17468226 1.00153669504
2335.19511387 1.01002001226
2335.256409 0.988393231753
2335.2768408 1.00868209845
2335.29727251 0.998568121495
2335.31770412 0.983028626743
2335.33813593 0.97651177554
2335.35856763 0.974922995369
2335.37899924 0.984795764567
2335.39943105 0.992992531738
2335.41986275 1.02480336643
2335.46072616 1.02260785194
2335.50158968 0.993266288363
2335.52202128 0.989277782691
2335.54245299 1.02818675682
2335.56288479 0.990078273781
2335.5833165 1.0183149242
2335.6037481 0.966342190137
2335.6241799 1.0167398028
2335.68547502 0.998629673945
2335.70590662 1.01196362083
2335.72633832 1.00507179884
2335.74677013 1.04597124786
2335.76720173 1.02766615281
2335.78763343 0.965631605526
2335.80806524 1.01448672928
2335.82849684 1.01026161485
2335.84892864 1.01180800315
2335.86936035 1.00566917392
2335.88979195 0.995195599214
2335.91022375 0.96021772987
2335.93065545 1.00138860024
2335.95108705 0.983410794289
2335.99195056 0.977352740925
2336.01238226 0.951342309953
2336.03281396 0.995503704566
2336.05324566 1.02333994483
2336.07367736 1.00133816806
2336.09410906 0.990468859774
2336.11454076 1.03014688005
2336.13497256 1.02032014508
2336.15540426 1.00316837676
2336.17583586 1.0026031514
2336.19626766 0.984984955693
2336.21669936 0.951285153146
2336.23713096 1.01865166672
2336.25756276 1.00392675713
2336.27799446 1.00666835147
2336.29842606 1.01570259797
2336.31885786 0.991210226386
2336.33928955 1.01414938877
2336.35972115 1.03569237441
2336.38015295 0.972019273146
2336.40058465 1.00794939678
2336.42101635 0.977647168935
2336.44144804 1.00105888928
2336.46187964 1.02715660483
2336.48231144 0.983837440646
2336.50274314 1.04477993348
2336.52317483 1.0173958362
2336.56403823 1.01825838202
2336.58446992 0.983739557301
2336.60490162 1.00008908066
2336.62533332 0.982145544158
2336.64576501 0.993032463402
2336.66619681 1.02051960574
2336.6866284 1.01965560099
2336.7070602 1.02233074077
2336.7274919 0.995092921706
2336.74792349 0.995562390471
2336.76835529 1.01886161043
2336.78878698 0.989291282901
2336.80921858 0.983901274374
2336.82965037 1.02296039975
2336.85008206 0.980074753636
2336.87051366 0.999557146323
2336.89094545 0.993798064817
2336.91137715 0.987498964084
2336.93180874 0.977145170927
2336.97267223 1.05677582288
2336.99310402 0.989059991674
2337.01353561 1.02250663457
2337.03396731 0.99779183612
2337.0543991 1.02890438035
2337.07483079 0.986987296878
2337.09526238 1.04691079637
2337.11569408 1.00834534091
2337.13612587 1.01936415297
2337.15655746 1.0028411154
2337.17698925 0.981843545349
2337.19742084 1.01598134585
2337.21785254 1.01772465277
2337.23828433 1.01302302804
2337.25871592 0.972130875004
2337.27914771 1.03503496783
2337.2995794 1.00777146695
2337.34044278 0.967330335851
2337.36087447 1.00093595781
2337.40173785 1.01666169221
2337.42216954 1.02532175349
2337.44260113 0.970856115154
2337.46303292 0.975303675427
2337.48346461 0.974551869239
2337.5038963 0.982872711606
2337.52432799 1.01564270701
2337.54475968 1.01704924704
2337.56519137 1.03007907034
2337.58562306 0.986115837604
2337.60605475 1.00203360514
2337.62648653 1.00693348839
2337.64691822 0.985716375106
2337.72864487 0.959136518898
2337.74907666 1.00887549581
2337.76950835 0.962220719592
2337.78993994 0.992413550947
2337.81037172 0.988013232598
2337.83080331 1.00726948104
2337.851235 1.01375805005
2337.87166678 0.970344981017
2337.89209847 1.00482513787
2337.91253016 0.969652046572
2337.97382521 0.995932368317
2337.9942569 0.972980218406
2338.01468859 1.00671554406
2338.03512027 0.993408533933
2338.05555196 0.983135507813
2338.11684701 1.02183195442
2338.1372787 0.990473619039
2338.15771048 0.975009283921
2338.17814206 1.01147595181
2338.19857385 0.981755939664
2338.21900553 1.0324727218
2338.23943712 1.01151868463
2338.2598689 1.012412756
2338.28030058 0.999309966272
2338.30073217 0.977195184299
2338.32116395 0.989731050264
2338.34159563 0.974937224794
2338.36202722 0.939884978203
2338.382459 0.989916626031
2338.40289068 0.914125906411
2338.44375405 0.998008174461
2338.46418573 1.02332499415
2338.48461751 0.96397558751
2338.50504909 1.01637472426
2338.52548078 1.01246159321
2338.54591256 1.01213783861
2338.56634414 1.02315729051
2338.58677582 1.01679317039
2338.6072075 0.985356308523
2338.62763918 1.00832169315
2338.64807086 1.04394943857
2338.66850265 0.99585156051
2338.68893423 0.994931958372
2338.70936591 1.03173683835
2338.72979769 0.979558390857
2338.75022927 1.04378214665
2338.77066105 1.01090043055
2338.83195609 1.03765299419
2338.85238777 0.995123660696
2338.87281935 0.97109564726
2338.89325113 0.991829890911
2338.91368281 0.977897427274
2338.93411438 0.999030655838
2338.95454616 1.00561993073
2338.97497784 1.01770288866
2338.99540962 1.02794716759
2339.0158412 0.977369887027
2339.03627288 0.983990726283
2339.05670466 1.01226622922
2339.09756791 0.960522810915
2339.11799969 1.04151581452
2339.17929472 1.02517097539
2339.1997264 0.99898034874
2339.22015798 0.998915332562
2339.24058975 1.01712843837
2339.30188478 0.976997898137
2339.32231636 0.99407844881
2339.34274814 0.98416748258
2339.38361139 0.997212965254
2339.40404317 0.999057419268
2339.42447484 0.985761567478
2339.44490642 0.999985161336
2339.46533819 0.996266550328
2339.48576987 0.996216381499
2339.50620154 1.01790951664
2339.52663322 0.991737624335
2339.54706489 0.983474208643
2339.56749667 1.02826098596
2339.58792824 1.02822951778
2339.60835992 1.01149756944
2339.62879169 0.994847111219
2339.64922327 1.03912800913
2339.66965494 1.02183080932
2339.69008671 1.03475843905
2339.71051839 0.975050916223
2339.73094996 1.0222746045
2339.75138174 1.0359264162
2339.77181341 1.00848256887
2339.79224498 1.01946791382
2339.81267676 0.989534460319
2339.83310843 0.983746175582
2339.8535402 1.01789691917
2339.87397177 0.992725274357
2339.91483522 0.972697162377
2339.97613024 1.02162391753
2339.99656181 0.981508745096
2340.01699348 1.03098557732
2340.03742515 0.982022584286
2340.05785683 0.990691817506
2340.0782885 1.00023770664
2340.09872017 0.927033829921
2340.11915184 1.00636535105
2340.16001528 0.988666300707
2340.24174187 1.00102169888
2340.26217364 1.00665330782
2340.28260531 0.98047994423
2340.30303688 1.0307440746
2340.32346865 0.988145356334
2340.34390032 0.989690887452
2340.36433209 0.990704533989
2340.38476366 1.03100797245
2340.40519533 1.00007089318
2340.4256271 0.951348950027
2340.44605866 0.97960254158
2340.46649033 1.00597020181
2340.4869221 1.02621108944
2340.50735367 0.967609692208
2340.52778534 0.988517274255
2340.54821711 0.98180038698
2340.56864868 0.990119701194
2340.58908035 1.00346461988
2340.60951212 0.999625718378
2340.62994378 1.00301275073
2340.65037545 1.0425064697
2340.67080712 1.01318567282
2340.69123879 0.973513104433
2340.71167046 0.970119831341
2340.73210212 1.03228132054
2340.75253379 1.04041255721
2340.77296546 0.997448948694
2340.79339713 0.962377508658
2340.81382869 1.04036632148
2340.83426046 0.99741993286
2340.85469213 1.02535796923
2340.87512369 0.973754653808
2340.89555546 1.00091044318
2340.91598713 1.00696604466
2340.93641889 0.976781612402
2340.95685046 1.03049378084
2340.97728213 1.03605279685
2340.99771389 0.997592085213
2341.01814546 0.981291655072
2341.03857712 0.969377356404
2341.05900889 1.0056481136
2341.07944046 1.01238777539
2341.09987212 0.980565869193
2341.12030389 0.997495316985
2341.14073555 0.970288524864
2341.16116722 1.03309777341
2341.18159888 0.952209561851
2341.20203055 0.980348757427
2341.22246221 1.01612065493
2341.24289388 0.983745350528
2341.26332554 1.03033345536
2341.28375721 0.998512805993
2341.30418887 1.01183429312
2341.32462053 0.969880667394
2341.3450523 1.04896313376
2341.36548386 1.00406255757
2341.38591553 0.981500773065
2341.40634719 1.03193278131
2341.42677885 1.03993884468
2341.44721062 0.97862683196
2341.46764218 0.977386042366
2341.48807384 1.02948228839
2341.50850561 0.986448611084
2341.52893717 0.983520558034
2341.54936883 0.981762349284
2341.5698006 1.0547772979
2341.59023216 1.02942568867
2341.61066382 1.02403417961
2341.63109559 1.00021818342
2341.65152715 1.00672350626
2341.67195891 0.989878435268
2341.69239057 0.991423592752
2341.71282223 1.02115592741
2341.7332539 1.03040550993
2341.75368556 0.995861772839
2341.77411722 1.01312621151
2341.79454888 0.976245392863
2341.81498054 0.963299773746
2341.83541221 1.0307738117
2341.89670719 0.975997929338
2341.91713895 1.00061340004
2341.93757051 0.998816142329
2341.95800227 0.989234541797
2341.97843393 0.98606985287
2341.99886549 0.980884404636
2342.01929725 0.970815342036
2342.03972891 0.987375232892
2342.06016048 1.02984096118
2342.08059224 0.982698813972
2342.1010239 0.975263139379
2342.12145546 0.985698205306
2342.14188722 0.969442439653
2342.18275054 1.00035862033
2342.20318219 0.968531659066
2342.22361385 1.01755485862
2342.24404551 0.965148554624
2342.26447717 0.999978946296
2342.28490883 1.01208950167
2342.30534049 1.01741292984
2342.32577215 1.01984709486
2342.34620381 1.00976882159
2342.36663557 0.995215342427
2342.38706713 0.984580981924
2342.40749879 0.988478976567
2342.42793054 1.0021800757
2342.4483621 0.978700039962
2342.46879386 0.997233228373
2342.48922552 0.969527123936
2342.53008883 1.01316601076
2342.55052049 1.01685303309
2342.57095205 1.01883128967
2342.59138381 1.02831025677
2342.61181547 1.04729439695
2342.63224702 1.00728611528
2342.65267878 1.02005453999
2342.67311044 1.01473930232
2342.6935422 0.987361577666
2342.71397375 0.995382220958
2342.73440541 1.04425309587
2342.75483717 0.951863411597
2342.77526872 0.96714826692
2342.79570038 1.03184094994
2342.81613204 1.04889151461
2342.83656379 1.01183536898
2342.85699535 0.974786774635
2342.87742711 1.01278714259
2342.89785866 1.02397460799
2342.91829042 1.03691978844
2342.93872207 0.997328119467
2342.95915363 0.996276156839
2343.0204486 1.01714954868
2343.04088035 0.992375030852
2343.06131201 0.971946500418
2343.08174356 1.03766106183
2343.10217532 0.975279958601
2343.12260697 1.02972023873
2343.14303853 0.980913811993
2343.16347028 1.00276733668
2343.18390194 0.999047787009
2343.22476525 1.00011977967
2343.2451969 1.04785450381
2343.26562866 1.01198489365
2343.28606021 0.976069683347
2343.30649187 0.971046712763
2343.32692362 1.00608583071
2343.34735528 0.968238774144
2343.38821858 1.0289007132
2343.40865024 0.973791635321
2343.42908189 1.02904086755
2343.44951354 1.00682508448
2343.4699452 1.04072926572
2343.49037695 0.992151735949
2343.51080851 0.985779962025
2343.53124016 1.02312390319
2343.55167181 0.997271058354
2343.57210346 0.988914622557
2343.59253512 0.985836965602
2343.61296677 1.01087642699
2343.63339842 0.992882289512
2343.65383018 0.986488217286
2343.67426173 0.974292078436
2343.69469338 1.01200521967
2343.71512513 0.981881902744
2343.73555669 1.01263240937
2343.75598834 0.990464751026
2343.77642009 1.02048905632
2343.79685164 0.953862375001
2343.83771505 1.01846991224
2343.8581467 1.00937375141
2343.87857825 0.986353387289
2343.89901 1.01891779234
2343.91944166 1.02844319552
2343.93987331 1.01290804598
2343.96030496 0.998742121043
2343.98073661 0.996733933087
2344.00116836 0.965162784666
2344.02159991 0.980940765234
2344.04203156 0.999279772077
2344.06246331 0.999067165707
2344.08289487 1.01535144489
2344.10332652 1.0522149312
2344.12375827 1.02001284504
2344.14418982 1.01431507731
2344.16462157 0.987050113983
2344.18505322 1.01396084892
2344.20548477 1.01405335385
2344.22591652 0.973937448414
2344.24634817 0.998683290796
2344.26677972 0.998758438285
2344.28721147 0.999551499404
2344.30764302 0.997565713286
2344.32807477 0.936738984247
2344.34850642 1.00161637348
2344.36893797 0.983256808542
2344.38936972 0.986821293558
2344.40980137 0.963834680121
2344.43023302 1.00488404746
2344.45066467 0.998864495269
2344.47109632 1.03842865308
2344.49152797 1.01192087874
2344.51195962 0.986635826398
2344.53239127 1.00078221481
2344.55282292 0.949051881719
2344.57325467 0.951550831763
2344.59368621 1.01267880796
2344.61411786 0.948777706157
2344.63454961 0.955761567766
2344.65498116 0.985571526103
2344.67541291 1.00169743076
2344.69584456 0.935382599711
2344.71627611 0.971528085055
2344.73670786 0.918576932101
2344.81843445 1.02578022546
2344.8388661 0.988267844403
2344.85929774 1.00742846817
2344.87972939 1.00366234481
2344.90016114 1.00484273917
2344.92059269 1.00822815232
2344.96145598 0.985971840554
2344.98188763 0.953590180935
2345.00231928 0.9816782992
2345.02275103 1.00999835274
2345.06361422 1.00883082304
2345.08404597 0.992957653674
2345.10447752 0.994847763916
2345.12490926 0.955938178562
2345.14534091 1.00483310977
2345.16577246 0.9967675201
2345.1862042 1.00302508742
2345.20663585 0.997260408611
2345.2270674 1.03554049453
2345.24749914 1.02954473697
2345.26793079 1.03305184043
2345.28836234 1.02632594197
2345.30879408 1.02413377428
2345.32922573 0.998849779772
2345.34965748 0.992516791838
2345.39052067 0.999897728645
2345.41095241 1.02603613355
2345.45181561 0.986224520464
2345.47224735 1.02243267973
2345.492679 0.985329211042
2345.51311054 1.03295389247
2345.53354229 0.996604726321
2345.55397393 0.97714519722
2345.57440558 0.977748493943
2345.59483723 1.01867308494
2345.61526887 1.04987369121
2345.63570052 0.975116604405
2345.65613216 1.01049920938
2345.67656381 0.992973688444
2345.69699545 0.958843186646
2345.7174271 0.913193445991
2345.73785874 0.970410137134
2345.75829039 0.955920021628
2345.79915358 1.03364323733
2345.81958532 0.990910504471
2345.84001697 1.01047627875
2345.86044871 1.01221551243
2345.9013119 1.01016197278
2345.92174364 0.999870129866
2345.94217519 0.99581419095
2345.96260683 0.967661218441
2345.98303858 1.01719538262
2346.00347012 0.99349503714
2346.04433351 1.00136928922
2346.06476515 1.01958591974
2346.0851968 1.02682781743
2346.10562844 1.0521654838
2346.12606008 1.00911192786
2346.14649173 0.970435702108
2346.16692337 1.00102855799
2346.18735501 0.995304188328
2346.2282183 0.990897228145
2346.24864995 1.01896011718
2346.28951323 0.972194749535
2346.30994498 1.00333975186
2346.33037662 1.0298474953
2346.35080816 0.989980545124
2346.3712399 1.00046673436
2346.39167155 0.999754929936
2346.41210309 1.00879842218
2346.43253483 1.01059368385
2346.45296638 0.931191682494
2346.47339802 1.00639332725
2346.49382976 0.989097145459
2346.53469305 0.969730220871
2346.55512469 1.05613963956
2346.57555633 0.948761781064
2346.61641962 0.95993907184
2346.63685126 0.997018016212
2346.6572829 0.966309681746
2346.67771454 0.957213128569
2346.69814619 1.03622030927
2346.71857793 0.987907051751
2346.73900947 0.973563810942
2346.77987285 1.01942454937
2346.8003044 0.99341323809
2346.84116778 1.00111728932
2346.86159932 1.03376537907
2346.88203106 1.04450356872
2346.9024627 0.974642202251
2346.92289425 1.0050584013
2346.94332599 1.02758743326
2346.96375763 0.986679360202
2346.98418937 0.967553299204
2347.02505255 0.99704671996
2347.04548419 1.01114358203
2347.06591584 1.05799203131
2347.08634748 0.999258273563
2347.10677922 0.948398330429
2347.20893742 0.977143101787
2347.22936896 0.986633529474
2347.27023234 1.01506959128
2347.29066398 1.03237366551
2347.31109553 0.992638652787
2347.33152727 0.976055898696
2347.35195891 1.02414438386
2347.37239045 1.00693034599
2347.39282219 0.957260110697
2347.45411711 0.976167521943
2347.47454875 0.969151675153
2347.51541203 0.995542430023
2347.53584367 1.05989944511
2347.55627541 1.04369628217
2347.57670695 1.03097186278
2347.59713859 1.02605116362
2347.61757033 0.977124358898
2347.65843361 1.00861822682
2347.67886525 1.04846320268
2347.69929689 0.952115515288
2347.71972853 0.94639408362
2347.76059181 0.996372231733
2347.78102345 1.01114970534
2347.80145509 0.997149211919
2347.82188673 0.986098162363
2347.84231836 0.961306103199
2347.86275 1.00959924372
2347.88318174 1.02016071788
2347.90361328 0.960441160087
2347.92404492 0.946514666667
2347.94447666 1.00179620058
2347.9649082 1.03009145132
2348.00577158 1.00533833406
2348.02620312 1.01024704979
2348.0670665 0.976168347039
2348.08749803 1.05213700681
2348.10792977 0.970493814503
2348.12836141 0.98636212444
2348.14879295 0.971398505348
2348.16922469 1.0018091015
2348.18965633 0.937932096357
2348.21008797 0.972428540026
2348.25095124 1.02706156581
2348.27138288 1.00572138915
2348.29181452 0.987136980861
2348.31224616 0.980428422736
2348.3326779 1.00530446764
2348.35310954 0.973985854431
2348.37354107 1.00170114606
2348.41440445 0.979007215564
2348.43483599 1.03433346181
2348.45526773 0.998164592797
2348.4961309 1.0103516111
2348.51656264 1.05869868363
2348.53699418 0.982820437304
2348.55742592 1.0101293171
2348.57785756 1.03947715775
2348.59828909 1.00068658502
2348.61872083 1.00234999215
2348.63915247 0.962349073822
2348.65958401 0.990130601213
2348.68001575 0.985232254713
2348.70044738 0.945869555667
2348.74131066 0.979028498411
2348.7617423 0.998481951768
2348.78217403 1.01687174893
2348.80260557 0.982193443575
2348.82303721 1.03057931805
2348.84346895 1.02015489317
2348.86390048 0.961212882339
2348.88433212 1.03123190137
2348.90476386 0.99910503525
2348.9251955 0.977832692875
2348.94562713 0.957442836693
2348.98649041 1.01030595668
2349.00692205 1.01014391586
2349.02735368 1.05582923496
2349.04778532 1.01084511621
2349.0886486 0.98713629643
2349.12951197 1.0289186825
2349.14994351 0.972882973047
2349.23167015 1.00222189514
2349.25210169 0.995884702733
2349.27253333 1.03179603401
2349.29296507 1.01602334133
2349.3133966 1.0002733752
2349.35425998 1.00800858137
2349.37469151 0.986204258478
2349.39512325 0.994600430983
2349.41555489 1.02304563425
2349.49728143 1.02980954902
2349.51771307 0.99675473476
2349.55857634 0.997411589597
2349.57900808 1.02008255167
2349.59943962 1.00485007055
2349.61987135 0.973718972131
2349.64030299 1.01534071735
2349.66073453 0.980434448473
2349.68116626 0.989628285458
2349.74246117 0.98479192233
2349.76289281 0.988222751387
2349.78332454 1.00031127476
2349.80375608 1.00874345939
2349.82418772 0.970259206231
2349.84461945 1.01864124173
2349.86505099 0.994239546718
2349.88548263 0.969147737083
2349.90591426 1.0008115713
2349.9263459 1.00274699734
2349.94677753 0.992720858667
2349.96720917 1.00331179187
2349.98764081 1.01056927245
2350.00807254 1.02660109313
2350.02850408 0.964057737915
2350.04893571 1.00856592149
2350.06936745 1.03019248933
2350.08979909 0.9641331162
2350.11023062 1.00164783426
2350.13066236 1.02176766487
2350.15109399 0.975683331745
2350.17152553 0.957680087524
2350.2123889 1.00898813662
2350.23282064 0.999643615866
2350.25325217 0.952762976471
2350.27368381 0.984926816881
2350.29411555 1.00588776463
2350.31454708 1.01254021123
2350.33497872 0.957338040693
2350.35541045 0.997140114702
2350.37584199 1.03266022937
2350.39627372 1.0002318662
2350.41670536 0.937526864934
2350.45756863 0.996655093916
2350.47800027 1.00433372559
2350.4984318 1.02080975107
2350.53929517 0.986591589024
2350.55972681 1.01763090972
2350.58015845 0.961475271265
2350.60059008 1.01287279725
2350.62102172 0.992863269625
2350.64145335 1.0256784054
2350.66188499 0.997515342467
2350.68231662 1.01179563383
2350.70274826 0.993254972894
2350.72317989 0.997378583101
2350.74361163 0.961744348416
2350.76404317 1.03465068072
2350.7844749 0.963388957196
2350.80490654 0.962297518496
2350.82533807 0.970854960872
2350.88663298 0.939385591852
2350.96835962 0.962285815305
2350.98879126 1.00617042564
2351.00922299 0.966924096452
2351.02965453 0.987900178588
2351.05008616 0.997692022435
2351.0705179 0.929315859426
2351.09094943 1.03132412896
2351.11138107 0.958179963398
2351.1318128 1.00106614573
2351.15224434 0.936559258016
2351.19310771 1.03178879849
2351.21353934 1.01043301366
2351.23397098 1.00802384397
2351.25440262 1.04261118128
2351.27483415 1.01805044167
2351.29526589 0.993365228954
2351.31569752 0.961754125958
2351.33612916 1.01990725505
2351.35656079 0.990842832289
2351.37699243 0.952722248128
2351.39742416 1.01776469191
2351.43828733 1.01945713006
2351.45871907 1.00647394134
2351.4791506 1.01402853234
2351.49958224 0.994120451747
2351.52001397 1.01314861912
2351.54044551 1.0100984096
2351.56087714 1.01107280715
2351.58130888 1.03796292112
2351.60174041 0.979746241633
2351.62217215 1.03938606981
2351.64260379 0.976949353423
2351.74476196 1.00240785905
2351.7651936 1.01220332706
2351.78562533 1.0340983502
2351.80605687 0.999911628953
2351.8264885 1.00399674577
2351.84692024 0.995958711115
2351.86735187 1.03848008526
2351.88778341 0.989579747782
2351.90821514 1.00805515839
2351.92864678 0.957929065603
2351.94907831 0.970014727499
2351.96951005 1.02874024932
2352.01037332 0.973900898248
2352.03080495 0.993174893399
2352.05123649 0.984601516855
2352.07166822 1.01541672151
2352.1738265 1.03530405024
2352.19425804 1.04160901275
2352.21468967 1.01716532592
2352.23512141 1.00682932224
2352.25555294 0.988402434486
2352.27598458 0.964624395389
2352.29641631 1.00746113956
2352.31684785 0.988740055895
2352.33727948 0.973673790937
2352.35771122 1.02151457027
2352.37814285 0.965465781562
2352.41900612 1.03114291259
2352.43943776 1.00490589698
2352.45986939 0.978144474319
2352.48030103 0.950018281904
2352.50073267 1.0137220598
2352.5211643 1.03568603738
2352.54159594 1.01891338824
2352.56202767 0.961468244592
2352.58245931 1.00855768663
2352.60289084 0.974865499046
2352.62332258 0.943779784406
2352.66418575 1.02560064754
2352.68461748 0.991618780648
2352.70504902 0.994120955101
2352.72548075 1.01121283663
2352.74591239 0.959239177773
2352.76634393 0.997832071126
2352.78677566 0.98808814206
2352.8072073 0.986515681237
2352.82763883 0.934606828527
2352.84807057 0.957936478431
2352.92979711 0.956937462879
2352.95022884 0.998689439422
2352.97066038 1.04181134103
2352.99109202 1.02366846071
2353.01152375 1.03571841782
2353.03195529 1.01956030815
2353.05238692 0.997347668888
2353.07281866 0.992025074162
2353.09325029 1.03136508658
2353.11368193 1.01627718108
2353.13411357 0.986219787694
2353.1545452 1.04029240191
2353.17497684 1.00369578727
2353.19540847 0.993245807816
2353.21584011 1.00229908751
2353.23627184 0.984231096191
2353.29756675 1.02076049229
2353.31799829 1.01499402846
2353.33843002 0.963801976455
2353.42015647 0.954464827331
2353.4405881 0.989262496959
2353.46101984 1.02803699688
2353.48145137 0.973775402491
2353.50188311 0.981873563005
2353.52231475 0.964440600662
2353.54274628 0.956950935015
2353.58360965 0.992709061359
2353.60404129 0.879132618387
2353.6653363 1.0299418484
2353.68576783 1.01034845912
2353.70619947 1.03214012303
2353.72663121 1.03227125378
2353.74706284 1.00205807557
2353.78792611 1.00543231798
2353.80835775 0.987928131231
2353.82878929 1.02064701681
2353.84922102 0.993331942582
2353.86965266 1.02483402381
2353.8900844 1.05780684819
2353.91051593 1.02599057175
2353.93094757 0.980895211652
2353.9513793 1.02038726065
2353.97181084 0.960715630174
2353.99224248 1.00725637143
2354.01267421 0.987689536306
2354.03310575 0.945957995362
2354.05353749 1.00962076041
2354.07396902 1.02207097209
2354.09440066 0.981723939457
2354.13526393 1.00229173928
2354.15569557 0.980488129989
2354.17612731 0.975185646178
2354.19655884 0.999518735385
2354.21699048 1.01854026096
2354.23742222 0.991118240457
2354.25785385 0.988569684717
2354.27828549 1.01203766697
2354.29871713 1.03589351439
2354.31914876 0.983571635584
2354.3395804 0.962820989854
2354.38044367 0.991339759747
2354.42130695 1.00385835809
2354.44173868 0.981215051195
2354.46217032 1.01180600554
2354.48260186 1.03660278762
2354.5030336 1.04730785025
2354.52346523 1.02015660688
2354.54389677 0.993672464344
2354.56432851 0.948628353241
2354.58476014 1.02842904107
2354.60519188 0.973969165439
2354.62562342 1.00285772288
2354.64605506 1.02244131551
2354.66648669 0.9744410384
2354.68691833 1.00244953579
2354.70734997 1.00864856094
2354.72778161 0.98701014744
2354.74821324 0.984557621028
2354.76864488 0.968647582343
2354.78907652 0.960099021353
2354.80950816 0.949365036633
2354.82993989 0.955715042207
2354.87080307 1.03170040064
2354.89123481 1.01789052689
2354.91166634 1.01453151624
2354.93209798 1.00585170592
2354.95252972 0.970451448252
2354.97296136 0.957518024631
2355.13641446 1.02858229241
2355.1568462 1.00907078093
2355.17727784 0.985864888415
2355.19770937 1.01831603457
2355.21814111 1.03305851073
2355.23857275 1.01487922726
2355.25900429 0.962549625172
2355.27943603 1.01678043959
2355.29986767 0.926875649032
2355.38159432 0.98523819918
2355.40202586 1.00052922226
2355.4224575 0.953837586306
2355.44288913 0.985573196348
2355.46332077 0.994471375973
2355.48375241 0.929185771167
2355.60634234 1.031568548
2355.62677398 1.02478862939
2355.64720552 1.0315462177
2355.66763726 0.99984409751
2355.6880689 0.989450049642
2355.70850054 1.0007127884
2355.72893218 1.01483774593
2355.76979556 1.00295639469
2355.85152201 1.03083953941
2355.89238539 0.986089461993
2355.91281693 1.0266292072
2355.93324867 1.02240528538
2355.95368031 0.996178948013
2355.97411185 1.03040066907
2355.99454359 1.00934269734
2356.01497523 0.971918303868
2356.05583851 1.01885207947
2356.11713343 0.980038322597
2356.13756507 1.00421545676
2356.15799671 1.002118649
2356.17842835 1.0334625276
2356.19885999 1.02774831154
2356.21929163 0.96581699372
2356.23972327 0.979947594498
2356.26015501 0.998350403201
2356.34188157 0.984443855711
2356.36231311 0.960157259217
2356.38274485 0.994796736867
2356.40317649 1.03139741984
2356.42360804 1.04252067976
2356.44403978 0.945403589142
2356.46447142 1.02588667038
2356.48490316 0.985889264358
2356.5053347 1.00575190722
2356.52576634 0.927983889403
2356.607493 0.984287681658
2356.62792455 1.02496769985
2356.64835629 1.00423337707
2356.66878793 1.00479845563
2356.68921947 1.01614350262
2356.73008285 1.00990385784
2356.75051449 0.980354853781
2356.77094613 1.04240825689
2356.79137778 1.00542559525
2356.83224106 0.961644784791
2356.8526727 0.948598886054
2356.87310434 0.992730323467
2356.89353598 1.00212905572
2356.91396763 0.998789401405
2356.97526255 0.967257783508
2357.07742076 0.999091583417
2357.09785251 0.965117554308
2357.11828415 1.00437066561
2357.15914743 1.00597028735
2357.17957908 1.02698533836
2357.20001082 1.00066960501
2357.22044236 1.01364955678
2357.240874 0.976328494321
2357.26130575 1.00625238309
2357.28173729 0.936353689064
2357.32260068 1.04965852881
2357.34303222 1.0238476917
2357.36346396 1.0209166873
2357.46562218 1.03038498733
2357.48605382 0.991035937117
2357.50648547 0.973411558034
2357.60864368 1.04144041359
2357.62907533 1.00183319555
2357.64950707 0.998963833044
2357.66993862 1.01405391327
2357.69037026 0.993942992164
2357.73123355 0.957688300316
2357.81296023 1.02673208883
2357.83339187 0.983588213134
2357.85382342 0.990539645353
2357.87425516 0.994780340313
2357.8946868 1.00276343672
2357.91511855 1.00162262116
2357.93555009 0.951198186716
2358.07857171 1.00980366831
2358.09900336 1.03571204175
2358.119435 1.00089509327
2358.13986665 0.968357645115
2358.16029829 1.00278035111
2358.18072984 1.00384466832
2358.20116158 1.00242098884
2358.22159323 0.966841283882
2358.30331991 1.01554095188
2358.32375146 1.01777463735
2358.3441831 0.986893329681
2358.36461485 1.01469991842
2358.3850464 0.983876624879
2358.40547804 1.02306613424
2358.42590979 0.993705466369
2358.44634134 0.998548029224
2358.46677308 1.0111620001
2358.54849967 1.03165386743
2358.56893122 1.01903875309
2358.58936296 1.04353525536
2358.60979461 0.984595815877
2358.63022636 0.992485664324
2358.65065791 0.978924401957
2358.6915213 1.00718296108
2358.71195295 1.01748064025
2358.7323845 1.009027713
2358.75281624 0.970903625045
2358.79367944 1.02723724169
2358.81411119 0.974026031889
2358.83454273 1.01151985624
2358.85497448 0.984257589795
2358.87540613 0.995714073093
2358.89583768 1.03995827943
2358.91626943 0.978675050263
2358.93670107 0.999856305589
2358.95713262 1.03656360469
2358.97756437 0.954905638122
2358.99799602 0.92320774075
2359.03885932 0.976087512821
2359.05929097 0.978042246799
2359.07972271 0.999746587944
2359.10015426 1.05280637022
2359.12058591 1.0005165083
2359.14101766 1.00401136597
2359.16144921 0.979103175426
2359.18188096 1.04157736634
2359.22274416 0.993629352233
2359.24317591 1.00032019203
2359.28403921 1.02334330112
2359.30447086 1.0226568704
2359.36576581 1.01110873774
2359.44749241 0.941000213298
2359.52921911 1.01694441024
2359.54965066 0.988216112901
2359.57008241 1.0093688588
2359.59051406 0.990200577982
2359.61094561 1.02379295877
2359.63137736 1.02032272801
2359.65180901 0.998077942828
2359.67224056 1.00266556319
2359.69267231 0.990708193696
2359.71310397 1.01269815942
2359.73353572 0.987631041841
2359.75396727 1.00673976862
2359.77439892 1.01826610816
2359.79483067 0.995187469979
2359.81526222 1.0237147397
2359.85612563 1.0203150315
2359.89698893 1.00092514953
2359.91742058 0.981038465868
2360.14216886 0.955922313702
2360.16260041 1.02195370784
2360.18303217 1.0533744677
2360.26475868 1.05902757749
2360.28519043 0.999046120637
2360.30562209 0.992781417054
2360.32605364 0.985951736309
2360.36691705 0.98418779777
2360.3873486 1.01759793004
2360.42821201 1.02870032743
2360.44864377 0.986510038823
2360.46907532 1.00084355659
2360.50993873 0.987187283451
2360.53037029 0.991650261864
2360.55080194 1.01735429456
2360.5712337 0.976151269654
2360.59166535 1.04587019554
2360.61209701 0.994713400418
2360.63252866 1.0416353619
2360.65296032 0.981257711892
2360.67339197 1.0136579461
2360.69382363 1.00806571314
2360.71425528 1.00568244498
2360.81641356 0.988127453829
2360.83684532 0.963715937389
2360.85727697 0.994902282889
2360.87770853 0.920457844827
2360.89814029 0.94768444477
2360.91857184 0.923417249667
2361.02073023 1.05696442993
2361.04116178 1.00457161932
2361.06159354 1.0367334429
2361.0820252 1.01874523492
2361.10245686 0.969517929931
2361.12288851 1.01229580383
2361.14332017 0.97400777096
2361.16375193 0.971167069211
2361.24547846 1.02592338162
2361.26591012 1.05412729689
2361.28634188 0.966957696028
2361.30677354 1.03452200686
2361.36806851 0.984097056005
2361.38850017 0.949848077961
2361.53152178 1.01749185643
2361.55195354 1.01540279302
2361.5723851 1.0336010682
2361.61324852 1.01011055725
2361.63368008 1.00519120188
2361.65411174 0.996820237521
2361.6745435 1.01208142865
2361.69497506 1.01322369993
2361.83799679 0.993148390291
2361.85842845 0.98641209346
2361.87886021 0.963573625398
2361.98101842 1.04510954285
2362.0423135 0.996975677548
2362.06274517 0.994904119261
2362.12404015 1.00190094962
2362.14447182 1.0178650422
2362.18533514 0.963852764617
2362.26706189 1.00363302028
2362.28749346 1.03100253659
2362.30792512 0.982020757195
2362.32835688 0.993163018873
2362.34878845 0.989311459584
2362.36922021 0.9966075976
2362.38965188 0.988919667318
2362.47137853 0.980649735995
2362.4918102 0.975352558849
2362.51224186 0.994247729078
2362.53267353 1.03419759476
2362.55310519 1.02122602124
2362.57353686 1.00258740141
2362.59396862 0.99232632939
2362.61440029 1.03190552073
2362.63483185 0.98152517187
2362.71655861 0.996074072096
2362.73699028 1.04109550245
2362.75742204 1.05678986002
2362.77785361 0.993256544548
2362.81871704 0.986806214603
2362.83914861 0.99669852899
2362.85958028 0.97309453709
2362.90044361 1.03260456212
2362.94130694 1.0055117331
2362.98217038 0.975634706896
2363.00260194 0.999181504607
2363.02303361 1.04100945564
2363.04346538 0.944595201215
2363.06389695 0.978173755119
2363.08432872 1.02954291662
2363.10476038 0.950925574021
2363.12519205 0.964972318546
2363.14562372 0.928760290022
2363.16605539 0.930015616103
2363.20691872 1.00303531823
2363.22735039 0.996028170073
2363.24778216 0.998033574829
2363.26821373 1.02249035455
2363.2886454 0.974526145904
2363.30907717 0.967344848863
2363.32950884 0.986307181
2363.34994041 0.956475475687
2363.37037218 1.00264201374
2363.45209886 1.03416039347
2363.47253063 0.997256010076
2363.4929622 1.02819515708
2363.51339387 1.002181448
2363.53382564 1.05213558148
2363.55425721 1.01944220162
2363.57468888 0.995607422014
2363.59512055 1.02611758079
2363.61555222 0.983823404669
2363.63598399 1.00446331606
2363.65641556 0.97326784708
2363.67684723 1.02065377278
2363.69727901 1.00437171339
2363.71771058 1.00462194086
2363.73814225 1.04564217726
2363.75857402 1.02368408643
2363.79943736 0.994951379449
2363.81986904 0.997703014997
2363.84030071 1.00286516125
2363.86073238 0.995470418442
2363.88116405 0.975424491959
2363.90159573 0.988229606106
2363.94245907 0.973026002359
2363.96289084 1.02092859202
2363.98332252 0.993510522256
2364.00375409 1.02978316859
2364.02418586 0.973221279246
2364.04461754 1.00248474232
2364.06504911 0.996924649348
2364.08548089 1.02092545023
2364.16720758 1.04040957777
2364.18763926 0.988784119203
2364.20807093 0.975643137339
2364.22850261 0.96843159973
2364.24893428 0.996889754827
2364.26936596 0.955902906042
2364.28979773 1.05679428361
2364.31022931 0.977002976521
2364.33066098 1.00705048162
2364.35109276 0.951457066146
2364.37152433 0.959274312225
2364.39195601 0.949620818624
2364.43281936 1.02177978238
2364.45325104 1.0317973674
2364.47368281 0.999269554964
2364.49411449 1.01692101531
2364.51454617 1.04359406362
2364.53497784 0.991488793908
2364.55540952 1.0504703425
2364.5758412 1.00140032358
2364.59627287 0.976871164876
2364.61670455 0.934677684804
2364.63713633 0.919388560365
2364.67799968 0.997383121789
2364.69843136 1.00031756057
2364.71886294 1.01718380749
2364.73929472 1.02078578269
2364.82102143 0.932096929709
2364.9436115 0.935946840778
2364.96404318 1.00913937062
2364.98447486 0.999876315631
2365.00490664 1.03176359242
2365.02533822 0.999560744417
2365.0457699 0.978182482474
2365.06620168 0.97891814982
2365.08663326 0.961530691406
2365.10706494 0.977686628713
2365.12749672 0.969677236157
2365.16836009 1.00825056563
2365.18879177 0.989733956612
2365.20922345 1.0177275333
2365.22965513 1.03349881604
2365.29095027 1.01039558776
2365.31138186 1.00864520805
2365.33181364 0.97532762616
2365.35224532 1.00308718967
2365.3726769 1.02011141998
2365.41354037 1.00412959125
2365.43397195 1.00299400287
2365.45440373 0.981507464167
2365.51569878 1.01576944457
2365.53613046 0.963925898996
2365.55656225 0.993793265923
2365.57699383 1.02648540067
2365.67915225 0.97065167021
2365.69958394 1.0074718645
2365.72001572 0.956495526374
2365.74044731 1.01486988465
2365.76087899 1.03699636374
2365.78131078 0.991838025268
2365.80174246 1.03381388456
2365.82217405 0.992436569326
2365.84260583 1.0245101616
2365.8834692 0.982326102096
2365.90390089 0.999854417382
2365.92433258 1.03914205374
2365.94476436 0.99396225589
2365.96519595 1.02658102125
2365.98562764 1.01954861244
2366.00605942 1.03084381043
2366.02649101 0.991267981281
2366.0469228 0.979054922538
2366.06735448 1.02486382106
2366.14908113 1.00810200375
2366.16951292 0.986637765682
2366.18994461 1.00301165781
2366.2103763 1.01113552537
2366.23080799 1.00453172873
2366.25123967 0.996937717042
2366.27167136 1.01440008177
2366.29210305 0.967503855336
2366.31253474 1.01439937799
2366.33296643 0.963383278659
2366.35339812 0.980763577705
2366.3942615 1.015191671
2366.41469319 1.00002722108
2366.43512498 1.03265145311
2366.45555657 0.989791013039
2366.47598826 0.988840701228
2366.49642005 0.97328587188
2366.51685174 0.982073849499
2366.53728343 1.04563890739
2366.55771512 0.982790061195
2366.57814681 0.980007983757
2366.5985786 0.982351593952
2366.61901019 0.961884418711
2366.63944189 1.02286855205
2366.65987368 0.961093823619
2366.68030527 1.03048868353
2366.70073706 0.980439616962
2366.72116875 0.970939926118
2366.74160034 0.983662886207
2366.76203214 0.98519133411
2366.78246383 0.904499799643
2366.80289542 0.955133917033
2366.88462229 1.00845734727
2366.90505399 1.0076882761
2366.92548578 1.01121238951
2366.94591737 1.00010552021
2366.96634907 1.02369467634
2366.98678076 0.987028031879
2367.00721246 1.01136456924
2367.02764415 0.961983924844
2367.04807585 1.03430062014
2367.06850754 0.934310771059
2367.08893934 0.967567230645
2367.12980263 1.00704673293
2367.15023442 1.02474837426
2367.17066612 1.00258810832
2367.19109771 0.990748600603
2367.21152951 1.00045605765
2367.2319612 1.03352122816
2367.2523929 0.966784545951
2367.29325629 1.01999266902
2367.31368809 0.980315724213
2367.33411969 0.986592457245
2367.39541478 0.986021158489
2367.41584657 1.00292491748
2367.43627827 1.01538266962
2367.45670987 1.03255554819
2367.51800496 1.04772233078
2367.53843676 0.980361766935
2367.55886846 0.990620783353
2367.57930016 1.00824366956
2367.59973186 0.985448167475
2367.62016356 0.981635687544
2367.64059526 1.00622160976
2367.70189035 0.963106740398
2367.72232205 0.976698466344
2367.74275385 0.965246730389
2367.76318545 0.977254425828
2367.78361715 0.991413576161
2367.80404895 0.976132111102
2367.82448066 0.930530946505
2367.86534406 1.03994033687
2367.88577576 1.01246639378
2367.90620746 1.02403189278
2367.92663916 1.04293826753
2367.94707086 1.03432043944
2367.96750266 0.985602447588
2367.98793427 1.01079848974
2368.04922937 1.05619027389
2368.06966118 1.05315005077
2368.09009288 1.01084913131
2368.11052448 0.993395471455
2368.13095628 1.0302529907
2368.15138799 0.970112461381
2368.17181959 0.996726929176
2368.1922514 0.956883260804
2368.25354651 0.995622020559
2368.27397821 0.967316467635
2368.29440992 0.94742185845
2368.31484162 0.971277996911
2368.35570503 0.994954879894
2368.37613674 1.00959963339
2368.39656854 1.04240755502
2368.41700015 0.998690913148
2368.43743185 1.00013719005
2368.45786366 0.963291820669
2368.47829536 1.00901912378
2368.49872697 1.02252210142
2368.51915878 0.993080388298
2368.53959048 0.950416764645
2368.56002209 0.996962187371
2368.6008856 1.00235834082
2368.62131741 1.00568445266
2368.64174902 1.02381501617
2368.66218073 1.0196244667
2368.68261253 1.00707136232
2368.70304414 1.0151310386
2368.72347585 1.00884721734
2368.74390766 1.04528182091
2368.78477108 1.00442092009
2368.80520278 0.986523743136
2368.8460662 1.00471248503
2368.86649791 0.998458477506
2368.88692952 0.982220962211
2368.90736133 1.01081940103
2368.92779304 1.04818349121
2368.94822485 1.00165904522
2369.02995159 1.00838920284
2369.0503833 1.00910306202
2369.07081501 1.03648617115
2369.09124673 0.990815192706
2369.11167854 1.02572037237
2369.13211015 0.996406860457
2369.15254186 0.994904578951
2369.17297367 1.0323571141
2369.19340539 1.00293871325
2369.213837 0.964601044138
2369.27513224 0.955250133673
2369.29556395 0.90185913687
2369.35685909 1.02177278727
2369.3772908 0.974295274901
2369.39772262 1.050637945
2369.43858605 1.01141072189
2369.45901776 0.979285400973
2369.47944937 0.996726292258
2369.49988119 0.9971221208
2369.62247148 0.990803143471
2369.6429032 1.0204001627
2369.66333492 0.987207796899
2369.68376663 0.988758414432
2369.70419835 0.983887142847
2369.74506178 0.985351020678
2369.82678875 0.984702616852
2369.84722047 0.992042132644
2369.86765209 0.987921982275
2369.88808391 1.0225490718
2369.90851563 0.970130734221
2369.92894734 1.00754743486
2369.94937906 1.05919307044
2369.96981078 0.98505295143
2369.9902426 0.991330291866
2370.01067422 1.01424742152
2370.03110594 1.02529544918
2370.07196938 0.998904496348
2370.11283292 0.989065176714
2370.13326454 1.01768168888
2370.15369636 1.00454749034
2370.17412808 1.02138692442
2370.19455971 1.00444158165
2370.21499153 0.988361630628
2370.23542325 1.001306525
2370.25585497 0.997739465524
2370.27628669 0.998282636951
2370.29671841 1.01085333521
2370.31715024 1.02926815668
2370.33758186 1.00390184114
2370.35801358 1.01258707253
2370.3784453 0.972806934327
2370.39887703 0.982688689255
2370.41930875 0.999277631732
2370.43974047 0.982135706706
2370.4601722 0.981279784235
2370.48060402 0.971877787969
2370.50103575 0.965724978009
2370.52146737 0.936251984097
2370.56233092 0.992779238068
2370.58276254 1.03165855968
2370.60319437 1.00702065841
2370.62362609 0.976363870438
2370.64405792 0.935805067819
2370.66448955 0.983635076365
2370.68492127 0.996786506789
2370.7053531 1.02933225642
2370.72578472 1.00808190028
2370.76664828 0.97839960653
2370.82794346 1.03076716764
2370.86880691 1.00106743678
2370.88923864 1.00102402396
2370.90967027 1.03530590949
2370.9301021 0.98380154711
2370.95053382 1.03748409401
2371.0731242 0.96903359269
2371.09355593 0.983982977054
2371.11398766 0.99895122505
2371.13441949 0.999563540511
2371.15485112 1.01705689218
2371.17528285 0.98482883427
2371.19571468 1.03354039663
2371.21614641 0.979063899764
2371.23657804 0.999476911642
2371.25700987 0.988219773867
2371.29787344 1.02338502268
2371.3387368 1.04108892957
2371.35916863 1.00725061245
2371.37960026 0.983166931159
2371.400032 1.00775035907
2371.42046383 1.00957665865
2371.44089546 1.04670482237
2371.4613273 1.01497542496
2371.48175903 1.01644115205
2371.58391767 1.02118428537
2371.60434941 0.988532444996
2371.62478124 1.03463712978
2371.64521288 1.00718579333
2371.66564461 0.963736094597
2371.68607645 0.977584239169
2371.70650808 0.948725420601
2371.72693982 0.985115115846
2371.74737166 0.998644546839
2371.78823503 0.992332880121
2371.80866687 0.996625886612
2371.8290986 0.974107101291
2371.86996208 0.987675509604
2371.89039382 0.994163197639
2371.91082565 0.965466393736
2371.93125729 1.02303942704
2371.95168903 1.03247365839
2371.97212087 0.985430438238
2371.99255251 1.03455979558
2372.03341608 0.987297764707
2372.05384772 0.994107886171
2372.07427956 1.0040191686
2372.0947112 0.957625543667
2372.11514294 1.02922254847
2372.13557478 0.988671026467
2372.15600642 1.01010921898
2372.17643826 0.942943894899
2372.19687 0.958170570843
2372.21730164 0.966513780451
2372.23773349 1.00942830581
2372.27859697 1.0144089413
2372.29902871 0.979308006769
2372.31946045 1.00872054646
2372.33989229 1.02394877262
2372.36032394 0.967456465095
2372.38075568 1.04565099922
2372.40118752 1.01425990628
2372.42161926 1.00145986543
2372.44205091 1.01396460244
2372.46248275 1.0269548979
2372.48291449 1.00457493378
2372.50334624 1.00882728174
2372.52377798 1.01505013141
2372.54420973 1.00007939095
2372.56464147 0.996180794145
2372.58507322 1.0234118279
2372.60550496 1.02171579028
2372.62593681 1.01065657194
2372.64636845 0.91752186797
2372.6668003 0.967998212505
2372.68723194 0.994476512807
2372.70766369 0.984603174824
2372.72809553 0.903358560463
2372.76895893 1.01128681258
2372.78939077 0.984138918993
2372.80982242 0.998779939214
2372.83025427 0.994056688816
2372.85068602 0.996951323223
2372.87111766 1.00313095328
2372.89154951 0.951412215429
2372.91198126 0.972988727351
2372.93241291 1.03819437341
2372.95284476 0.988477940101
2372.9732765 0.940267274008
2372.99370835 1.01232620906
2373.01414 1.0249755853
2373.03457175 0.998320302805
2373.07543535 1.02943006884
2373.095867 0.992950240572
2373.11629885 0.961967550541
2373.1367306 0.994159215641
2373.15716235 1.01101889352
2373.1775941 0.974839800624
2373.19802585 0.990213929373
2373.21845771 0.927724402129
2373.27975296 0.999596290693
2373.30018461 1.04938433903
2373.32061647 1.03147757669
2373.34104812 1.0542999097
2373.36147987 1.00754744766
2373.38191172 1.02154174575
2373.40234338 1.01767863394
2373.42277513 1.00066583124
2373.46363864 0.97210768518
2373.48407049 1.00671227855
2373.50450225 1.04076907005
2373.5249339 0.998761892975
2373.54536576 0.99071471826
2373.56579751 1.00913423749
2373.58622917 1.00455564966
2373.7088199 1.03258769353
2373.72925156 1.01898297566
2373.74968332 1.02799078538
2373.77011517 0.971311454922
2373.79054693 0.966700285886
2373.81097859 1.0047081764
2373.83141045 0.97619563882
2373.85184221 0.984947330213
2373.87227396 0.967996348612
2373.93356934 0.936773686836
2373.954001 0.951201384452
2373.99486462 1.01418248824
2374.01529628 0.973311009375
2374.03572814 0.991048491074
2374.0561598 1.01047310269
2374.07659156 1.00609067722
2374.09702342 1.00488462781
2374.11745508 0.971334404332
2374.13788684 0.986618534643
2374.15831871 1.00230796382
2374.17875037 0.958309419526
2374.26047752 1.02804622224
2374.28090928 1.01427253689
2374.30134104 0.968257257562
2374.32177281 1.03069116193
2374.34220457 1.04076204701
2374.36263643 1.02035351393
2374.3830681 1.02049899339
2374.40349986 0.968214044296
2374.42393173 0.999724837171
2374.44436349 1.03306207452
2374.46479516 1.01254745903
2374.48522702 0.960903437071
2374.54652232 1.01008321651
2374.56695408 0.992313663291
2374.58738595 1.02624445165
2374.60781762 1.00897616411
2374.68954479 0.938003371904
2374.73040822 1.00934446645
2374.75084009 1.00672511493
2374.77127176 0.952802615876
2374.79170353 0.979541214709
2374.8121354 1.00389932109
2374.83256707 1.00142832691
2374.85299893 1.01092301619
2374.8734307 1.00817327063
2374.93472601 0.971866675428
2375.03688487 1.00096086089
2375.05731664 0.973443259573
2375.13904383 0.997816542173
2375.1594756 0.986735864619
2375.17990738 0.940447922936
2375.2412028 1.01961482054
2375.26163447 1.00535575883
2375.28206635 1.00585477386
2375.30249812 0.975362201906
2375.3229298 1.02180474841
2375.34336167 1.00609993055
2375.36379335 1.04666408698
2375.38422512 0.987565992653
2375.404657 0.989154786896
2375.42508877 1.03238205125
2375.44552055 1.01821955287
2375.46595233 1.00710131391
2375.486384 1.03507224316
2375.50681588 0.947223981881
2375.52724766 0.93922285701
2375.54767933 1.00113655326
2375.56811121 0.989446688312
2375.58854299 1.01678626523
2375.60897487 0.997050390654
2375.62940655 0.995877648419
2375.64983833 0.984314956643
2375.6702702 0.934083323709
2375.75199722 1.02150520998
2375.7724291 1.03500211479
2375.79286088 1.0378781508
2375.81329266 0.997802884265
2375.83372444 1.02484764525
2375.85415623 0.967908906235
2375.87458801 0.999946238034
2375.89501989 1.00331172365
2375.91545157 0.9740936214
2375.95631523 1.03769623057
2376.01761058 1.00949237808
2376.03804227 0.95273110274
2376.05847415 0.984765400263
2376.07890583 1.02659575888
2376.09933762 0.986337350693
2376.1197695 0.960090380655
2376.14020119 1.00993181117
2376.16063307 0.987390936458
2376.20149654 1.0296150533
2376.22192843 0.993791989654
2376.24236021 1.00801371167
2376.28322378 1.00435381673
2376.30365557 1.01348476855
2376.32408746 0.983405036559
2376.34451914 1.02428765146
2376.36495093 0.990718267582
2376.46710997 0.995353512708
2376.48754176 0.973884451953
2376.54883713 0.923585385505
2376.56926892 0.984967945115
2376.58970071 0.956447105766
2376.6101326 0.951474263474
2376.73272324 1.0088444224
2376.75315504 1.02513806283
2376.77358693 1.00616849548
2376.79401862 1.00724262502
2376.81445051 1.02811926743
2376.83488231 0.965399986696
2376.855314 0.976856437101
2376.87574589 1.0013044525
2376.89617769 0.963836228024
2376.93704128 1.02432157636
2376.95747307 0.998217160852
2376.99833666 1.05644264711
2377.01876846 0.978861899114
2377.03920035 0.984644765598
2377.05963205 1.00101374465
2377.12092754 0.905708805356
2377.20265472 0.984085265153
2377.22308652 1.00268045816
2377.24351832 1.03958204139
2377.26395022 1.05834898901
2377.28438192 1.03061960293
2377.30481382 1.00713953287
2377.32524561 1.05885515924
2377.34567731 0.98466528893
2377.38654101 0.999319589475
2377.40697271 0.994973939989
2377.42740461 1.02335983906
2377.44783631 0.984257228832
2377.46826822 1.01138301274
2377.48870002 1.04204007946
2377.50913172 1.0013436624
2377.52956362 1.00680528402
2377.54999542 0.967263677693
2377.57042712 1.00946272164
2377.59085903 0.953676724988
2377.61129083 0.993578739966
2377.63172273 0.975152167219
2377.67258624 1.03799171247
2377.69301814 1.04178118224
2377.71344985 1.01772318237
2377.73388165 0.993353471551
2377.75431356 1.01304732189
2377.77474536 1.00576532619
2377.79517717 1.02466042805
2377.81560897 0.998975088458
2377.83604078 1.04727800909
2377.85647258 0.984357708803
2377.87690439 1.00032864259
2377.9177681 1.01041237859
2377.93819981 0.989650157742
2377.95863172 1.03261600661
2377.97906352 0.987945199661
2377.99949523 1.0322018537
2378.01992714 0.991728171193
2378.04035895 0.989327780713
2378.06079065 0.991986755937
2378.08122256 1.0142596096
2378.10165427 1.0528452002
2378.12208618 1.01042455595
2378.14251799 0.981148432279
2378.1629497 0.986922408739
2378.18338161 0.961816974717
2378.20381342 1.03628174717
2378.22424513 0.937329633481
2378.24467704 0.980184610026
2378.26510885 1.01120771675
2378.28554077 0.994190279079
2378.30597248 1.01644200415
2378.36726791 0.965530586379
2378.40813164 1.0043238776
2378.42856335 1.00483653904
2378.44899527 0.974638391126
2378.46942708 0.986040520253
2378.48985889 0.962794859015
2378.51029071 0.997157450648
2378.53072252 1.01859947143
2378.55115434 1.00854104113
2378.57158615 0.972107408883
2378.59201797 0.95596429556
2378.61244988 0.983619636909
2378.65331342 1.01535486434
2378.67374533 0.992068995681
2378.69417715 0.967927432383
2378.71460887 0.990262280896
2378.73504078 1.01338653507
2378.7554725 0.973035702591
2378.77590442 0.982146332181
2378.79633624 1.02260608817
2378.81676796 0.96211581235
2378.83719987 1.0052670063
2378.85763169 1.00527539268
2378.89849533 0.973373318306
2378.91892715 0.997602977563
2378.93935907 1.02028798567
2378.95979079 0.986881553709
2378.98022261 1.03812451157
2379.02108625 0.981650688433
2379.04151808 1.02138899808
2379.06195 0.991193341236
2379.08238172 1.01983074877
2379.10281364 1.00334578953
2379.14367729 0.960481875887
2379.16410911 1.00212248292
2379.18454093 1.00005126572
2379.20497276 1.01574193289
2379.22540458 0.986592351186
2379.2458364 1.02078354802
2379.26626833 1.04687781297
2379.28670015 0.996041707886
2379.30713188 1.01727934065
2379.3275638 0.984109339461
2379.34799563 0.986173813185
2379.36842735 0.996655173332
2379.38885928 1.0199048747
2379.40929111 1.02466549389
2379.42972283 0.982408956336
2379.45015476 0.941178889191
2379.49101841 1.01353224173
2379.51145024 0.985971765615
2379.53188197 0.954520708278
2379.5523139 1.00310087719
2379.57274573 1.00354119446
2379.59317746 0.953093036767
2379.63404121 1.03155093761
2379.65447314 0.983155810119
2379.67490487 1.03225981882
2379.6953367 0.995559332435
2379.71576863 0.978596237188
2379.73620037 1.01136119206
2379.7566322 1.03912237151
2379.77706413 1.00406084488
2379.79749596 0.973860379384
2379.81792779 0.939105202944
2379.83835962 0.992005754456
2379.87922329 1.00285988952
2379.89965512 0.972673801863
2379.92008695 1.00727028597
2379.94051889 0.983379163947
2379.96095062 1.00332815914
2379.98138256 0.988168043538
2380.00181439 0.970988365064
2380.02224613 0.950883941492
2380.08354163 0.966561149433
2380.1244053 0.995369443019
2380.16526908 1.00772964795
2380.18570081 0.980043388543
2380.20613275 0.968142204805
2380.22656459 1.01143454163
2380.24699633 1.01141368725
2380.26742826 0.999227793737
2380.2878601 1.01622023575
2380.30829204 1.00577532635
2380.32872378 1.02019977396
2380.36958756 1.05253793459
2380.43088308 0.998549890598
2380.45131482 1.01877665978
2380.47174676 1.03257039091
2380.4921786 0.987250866602
2380.51261044 0.960464592576
2380.53304228 0.999509487679
2380.55347413 1.01634115565
2380.57390597 1.03249705734
2380.61476965 1.02862582102
2380.6352016 0.990847882427
2380.65563344 0.972287582654
2380.67606518 1.00713640544
2380.69649713 0.969622266671
2380.71692897 1.01312696765
2380.73736072 0.986123924102
2380.75779266 1.01696645911
2380.77822441 1.02121682116
2380.79865635 1.03099010353
2380.8190882 0.990226232783
2380.85995189 0.97502166558
2380.88038374 1.05008566384
2380.90081549 1.00749772725
2380.92124743 1.04345691144
2380.94167928 1.00672541099
2380.96211123 1.02256559459
2380.98254298 0.960661025662
2381.00297483 0.949504319306
2381.02340677 1.04904779865
2381.04383852 0.988249419496
2381.06427037 0.970634888863
2381.10513417 1.01756664282
2381.12556602 0.969132375448
2381.14599787 1.03004295458
2381.18686157 0.994756129804
2381.20729343 0.978428333923
2381.22772528 1.01991561914
2381.26858898 0.95027167367
2381.28902093 0.945719022148
2381.30945279 0.955844622269
2381.35031649 0.957476344377
2381.41161205 0.986453963913
