# #0 time, 1 flux
2749.63169899 0.988016201837
2749.65213104 0.992922166955
2749.67256328 0.997644661752
2749.69299542 1.00449700379
2749.71342746 0.999446061735
2749.7338597 1.00397269851
2749.75429184 0.999217440626
2749.77472388 0.999545586579
2749.79515612 0.999791940494
2749.97904535 0.999447396466
2749.99947749 1.00248244615
2750.01990952 0.996478068861
2750.04034176 0.999666104736
2750.06077389 1.00185765489
2750.08120602 1.00015862054
2750.10163815 0.998941822678
2750.12207029 0.996735066633
2750.14250242 1.00126816775
2750.16293455 1.00401785849
2750.18336668 1.00261345448
2750.20379891 1.0047756367
2750.24466307 1.00144162242
2750.2650953 0.997784999054
2750.28552733 1.00267056195
2750.30595946 0.997147704373
2750.32639169 0.99890330717
2750.36725584 1.00255944647
2750.38768807 1.00257445597
2750.4081201 1.00321725926
2750.42855222 0.996372832983
2750.44898445 1.00134470881
2750.46941657 0.995188016327
2750.4898486 0.999997952788
2750.51028082 0.999911330724
2750.53071295 1.00011151633
2750.55114507 1.0014785579
2750.71460204 0.999901460688
2750.73503416 0.996562080804
2750.75546628 0.995754647257
2750.79633052 1.00633081083
2750.81676264 0.998476641805
2750.83719466 0.995593769279
2750.85762687 1.0056360528
2750.87805899 0.999235119376
2750.89849111 0.995371900516
2750.91892322 0.997148609405
2750.93935534 1.0015968636
2750.95978745 0.998468234721
2750.98021957 1.00216204306
2751.00065168 0.998826050199
2751.0210839 0.999740269306
2751.04151601 1.00248447895
2751.2049729 0.990493453339
2751.22540501 0.989481844061
2751.26626923 0.999167778337
2751.28670134 0.995422224918
2751.30713345 0.997639011516
2751.34799766 0.99767351971
2751.36842977 0.995937179011
2751.38886188 1.00080833634
2751.40929398 1.00149522359
2751.42972609 1.00242091053
2751.4705903 1.00078958841
2751.9609607 1.00065194584
2751.98139289 1.00170496271
2752.00182499 0.996888827764
2752.02225718 0.999171397022
2752.18571382 1.00050513015
2752.20614601 1.00178894839
2752.226578 1.00105904877
2752.24701009 0.997018635017
2752.26744218 1.00256371037
2752.28787426 0.996624677598
2752.30830635 0.999312553439
2752.32873844 1.00037672974
2752.34917053 1.00192628755
2752.36960262 1.00042957339
2752.3900348 1.00159275245
2752.45133106 1.00064320856
2752.47176304 1.00120503341
2752.49219523 0.999231384183
2752.51262731 1.00119450409
2752.67608397 0.998209842286
2752.69651605 1.00038959765
2752.71694813 0.996485680318
2752.73738021 0.99980302967
2752.75781229 1.00023949294
2752.77824437 1.00121997534
2752.81910853 0.999270682996
2752.83954061 0.998480036323
2752.85997278 1.00214190551
2752.88040476 1.0030058208
2752.90083684 0.99867346678
2752.92126901 1.00048870913
2752.94170099 0.996281186556
2752.96213317 1.00045919532
2752.98256514 1.00134233642
2753.00299722 0.999651861222
2753.20731804 0.999322972889
2753.22775011 0.999240869608
2753.24818208 1.00038688585
2753.26861425 0.998452576528
2753.28904632 1.00289037398
2753.30947829 0.999153289699
2753.35034252 0.999881794645
2753.37077469 1.0031278575
2753.41163873 1.00188584669
2753.43207089 1.00320439328
2753.45250286 0.996921731446
2753.47293492 1.00065399976
2753.49336709 1.00013466159
2753.73855184 1.00072884477
2753.7589838 0.996892975956
2753.77941586 1.00291542995
2753.79984802 0.996201064476
2753.82027998 1.00033599229
2753.84071214 1.00230188103
2753.8611442 0.996816075813
2753.88157615 0.997782766016
2753.90200831 0.999922873088
2753.92244037 0.998931325552
2753.94287232 1.00159759064
2753.96330448 1.00014710779
2753.98373654 0.998647289322
2754.14719297 1.00070604789
2754.16762502 1.00225667811
2754.18805707 0.999790973506
2754.20848922 1.00122445104
2754.22892118 0.999165189939
2754.24935323 0.99877553419
2754.26978538 1.00293897087
2754.29021733 0.996132598387
2754.31064948 1.00013424849
2754.33108153 0.999308536142
2754.35151347 0.995819382427
2754.37194562 1.00210636522
2754.39237767 1.00076713108
2754.41280962 0.997214443643
2754.43324177 1.00395322203
2754.45367381 0.998950184198
2754.47410576 0.997753854619
2754.49453791 1.00100233407
2754.61713017 0.999858668504
2754.65799416 1.00305398976
2754.6784263 1.00200679081
2754.69885835 1.00116177815
2754.71929039 0.997743449714
2754.76015447 1.0010175685
2754.78058661 1.00077355027
2754.80101855 1.00036220898
2754.82145059 0.996508268608
2754.84188273 0.997484759296
2754.86231467 0.998797235496
2754.88274671 0.997813669299
2754.90317885 0.997697315858
2754.92361079 1.00002190927
2754.94404282 0.999540188287
2754.96447496 0.999901790458
2755.12793115 0.99867393895
2755.14836328 0.999965508254
2755.16879531 1.00446436741
2755.18922735 0.995658352733
2755.23009131 0.999661200827
2755.25052344 1.00286538268
2755.27095548 0.999286249146
2755.29138741 1.00061268609
2755.31181954 1.00020705474
2755.3526835 0.999174432856
2755.37311563 1.00037613069
2755.39354766 1.00410157966
2755.41397969 1.00040704578
2755.43441171 0.998569979029
2755.45484374 1.00103367488
2755.61830006 0.999674232517
2755.63873198 0.999964474411
2755.6591641 0.99771492703
2755.67959613 1.00057611395
2755.70002805 1.00098567833
2755.86348433 1.00034954164
2755.88391635 1.00084069916
2755.90434837 0.998214176382
2755.92478039 1.00092758618
2755.94521241 0.998140661141
2755.96564443 1.00086032399
2755.98607645 0.999778669766
2756.00650846 1.00127133209
2756.0473725 1.00434806117
2756.06780462 0.995934092178
2756.08823653 0.998712573906
2756.10866855 1.00063210249
2756.12910066 0.997666191683
2756.14953258 1.00114388025
2756.1699646 1.00266102777
2756.19039671 1.00219991026
2756.21082862 0.997217878788
2756.23126064 1.00007464373
2756.25169275 1.00229929015
2756.27212467 0.997569110894
2756.29255668 1.0002395463
2756.31298879 1.00155626067
2756.3334207 1.00090780372
2756.35385272 1.00377284873
2756.37428483 0.99964869391
2756.39471674 0.993809054175
2756.41514875 0.999754753199
2756.43558086 1.00148784807
2756.45601287 1.00109636587
2756.47644478 0.995905936971
2756.49687689 1.00344733213
2756.53774101 1.00097399735
2756.55817291 0.997839044219
2756.57860492 0.999298702889
2756.59903703 1.0018381045
2756.61946894 1.00058192131
2756.63990094 1.00161458205
2756.66033305 1.00050009908
2756.70119696 0.997855086897
2756.72162897 0.998511184271
