# #0 time, 1 flux
2144.14398735 1.00197970721
2144.16441976 0.996772354173
2144.18485206 0.998886437264
2144.20528426 1.00705636244
2144.22571666 0.998485790539
2144.24614896 0.998352853676
2144.26658126 0.998358962885
2144.28701356 0.997055309038
2144.30744585 1.00606513146
2144.32787815 1.00021742661
2144.34831055 0.9987425623
2144.36874274 0.998330823313
2144.38917514 1.00662230786
2144.40960744 0.998229147566
2144.43003963 0.999859207546
2144.45047202 1.00160004966
2144.47090432 1.00019287985
2144.49133651 0.999011288228
2144.5117689 0.999075963074
2144.5322011 0.999381956169
2144.55263339 1.00240886034
2144.57306578 0.99570562632
2144.61393036 1.00083427749
2144.7160918 0.995900467409
2144.83868551 1.0007584382
2144.85911789 0.997957273502
2144.87955007 1.00261958316
2144.89998246 1.00185597727
2144.92041474 1.00246595544
2144.94084692 0.999720950709
2144.9612793 1.00037323713
2144.98171158 1.00067829261
2145.00214376 1.00300721362
2145.02257613 0.99751158364
2145.04300841 0.999439838082
2145.06344059 0.99888770698
2145.08387297 0.999718810592
2145.10430524 0.998900884048
2145.12473742 0.999744270422
2145.14516979 1.0067294629
2145.16560207 0.999347595584
2145.18603434 0.998712368502
2145.20646662 1.00185438896
2145.22689889 0.995629173898
2145.24733116 1.0018835331
2145.26776343 1.00002927344
2145.28819571 1.00364437721
2145.30862798 1.00286085639
2145.32906025 1.00168895896
2145.34949252 0.997352814388
2145.36992479 0.999376850666
2145.39035705 1.00299199958
2145.43122169 1.0020802975
2145.45165386 1.00100812152
2145.57424745 0.995376554777
2145.59467981 0.999044193817
2145.61511207 0.999949408349
2145.63554424 0.99804321151
2145.6559766 0.997198762603
2145.67640886 0.99755666231
2145.69684112 1.00149357059
2145.71727338 0.999428967595
2145.73770564 1.00089645172
2145.7581379 1.00058848887
2145.77857015 1.00143620272
2145.79900241 0.995683996629
2145.81943467 1.00233533078
2145.83986693 0.996782363361
2145.86029918 0.996569895533
2145.88073154 0.996315775921
2145.90116369 0.996078296788
2145.92159595 0.998687533142
2145.9420283 1.00019649588
2145.96246045 0.99532559188
2145.98289271 1.0026040258
2146.02375721 0.999699969633
2146.04418946 0.998774066458
2146.06462181 1.00556379507
2146.08505396 0.996138355901
2146.10548621 0.997279012636
2146.12591856 1.00163149761
2146.14635071 0.99769028918
2146.16678296 1.00312222037
2146.1872153 0.999626423845
2146.20764745 1.0028517605
2146.2280797 1.00134496296
2146.24851204 1.00112524815
2146.26894429 1.00008021642
2146.28937653 0.998422530677
2146.35067326 0.999331942487
2146.3711055 1.00048264956
2146.39153775 0.999665094891
2146.41197009 1.00031488198
2146.43240223 0.998761874659
2146.45283447 0.998500518067
2146.47326681 0.997461165771
2146.51413118 1.00351080236
2146.53456352 0.998894737712
2146.55499566 1.00531288154
2146.5754279 1.00077321347
2146.59586023 0.998188743646
2146.67758907 0.995853953031
2146.69802141 1.0022823533
2146.71845354 1.00251936369
2146.73888577 1.00160706989
2146.7593181 1.00108292405
2146.77975034 1.00226153826
2146.8206148 1.00084215823
2146.84104703 0.997503796572
2146.86147916 0.998612687471
2146.88191149 1.00185114729
2146.90234371 0.999632087949
2146.92277584 0.998691947179
2146.94320817 0.999021129216
2146.96364039 1.0006614399
2146.98407252 0.99756272795
2147.00450485 0.998361704015
2147.02493707 1.00319537095
2147.0453692 1.00328277311
2147.06580152 0.998087931322
2147.10666597 1.00116203814
2147.12709819 1.0006101305
2147.14753041 0.999201685504
2147.16796273 0.9991412027
2147.18839485 1.00206135303
2147.20882707 0.998568789614
2147.22925939 0.999610661346
2147.24969161 1.00084569687
2147.27012373 1.00200330253
2147.29055605 1.00005541384
2147.31098826 1.00572289265
2147.33142038 0.99737045176
2147.3518527 0.999851518964
2147.37228481 1.00121629295
2147.39271703 1.00025024156
2147.43358146 0.996820313252
2147.51531031 0.996962002508
2147.53574262 1.00066701913
2147.55617473 0.997350736295
2147.57660694 1.00001166671
2147.61747146 0.99607160598
2147.63790357 0.997141919795
2147.65833588 0.999813994575
2147.67876809 1.00003611907
2147.69920029 1.00030460021
2147.7196325 0.999662255801
2147.74006471 1.0016799932
2147.76049701 0.995972339842
2147.78092912 0.997975079244
2147.80136132 0.998941596756
2147.82179363 1.00073483368
2147.84222573 1.00207600991
2147.86265793 0.998831304729
2147.88309024 0.999046451975
2147.90352234 0.998527434321
2147.92395454 0.998940622759
2147.94438684 1.00069926991
2147.98525114 1.00055084546
2148.00568344 0.999113607376
2148.02611554 0.998377745907
2148.04654774 0.996532639007
2148.06698003 0.999289152219
2148.08741223 0.998657856717
2148.12827662 1.00060027306
2148.14870872 1.00048138043
2148.16914091 1.00228963821
2148.18957321 0.998293789327
2148.2100053 0.999044765243
2148.2304375 0.997369056041
2148.25086979 1.00292056063
2148.27130188 1.00387950004
2148.37346293 0.998015076495
2148.39389502 0.998683666617
2148.49605606 0.998611686852
2148.51648825 1.00450575176
2148.53692043 1.00028876776
2148.55735262 1.00287879437
2148.5777848 1.00066881912
2148.59821709 1.00264596815
2148.61864917 1.00210450309
2148.65951363 0.999129932008
2148.67994572 0.994605359893
2148.7003779 0.994961717691
2148.8025388 0.999167839776
2148.82297097 0.999992015696
2148.8842676 1.00009207613
2148.90469968 1.004034721
2148.92513186 0.997518135139
2148.96599621 1.00188413715
2148.98642838 1.00476172214
2149.06815717 1.00028154879
2149.08858934 1.00059802607
2149.10902141 1.00411940604
2149.12945368 0.999324682009
2149.14988585 1.00165358831
2149.17031792 1.00438768626
2149.19075019 0.999114140844
2149.21118236 1.00430551326
2149.23161442 1.00226047896
2149.25204669 0.997981113923
2149.27247886 0.999875247932
2149.29291102 0.998570050601
2149.31334319 1.00239050654
2149.33377535 0.998950649185
2149.35420752 0.999816806131
2149.51766482 0.998052556559
2149.53809707 0.997984174661
2149.55852923 1.00136080184
2149.57896129 1.00071545398
2149.59939355 0.99987765669
2149.61982561 0.998951804705
2149.64025777 1.00220524376
2149.66069002 0.997980789299
2149.68112208 0.999617032912
2149.70155423 1.00295931498
2149.72198649 0.997904729413
2149.74241854 0.997737405723
2149.7628507 1.00304670817
2149.78328295 1.00389066981
2149.803715 1.00002821787
2149.82414716 0.999175869998
2149.84457941 1.00336684741
2149.86501156 0.997338808941
2149.88544361 0.998995296524
2149.90587586 1.00096994257
2149.94674006 1.0013759833
2149.96717231 0.998649262599
2149.98760446 0.999770973622
2150.00803651 0.99723869642
2150.02846875 1.00161090255
2150.0489009 1.00306493996
2150.06933315 1.00139164964
2150.08976519 1.00393887204
2150.11019734 0.99891448853
2150.13062958 0.998946337641
2150.15106163 0.999993227695
2150.17149377 0.999616528876
2150.19192601 1.00045462858
2150.21235806 1.00315904933
2150.2327902 0.996986772927
2150.25322244 0.999205416505
2150.27365458 1.00126497095
2150.29408662 0.997513376972
2150.31451886 1.00155953562
2150.37581528 0.99934249249
2150.39624732 0.999106539448
2150.41667945 0.998309637432
2150.43711169 0.99868546825
2150.45754373 1.00046412092
2150.47797586 1.00114418961
2150.4984081 1.00154500057
2150.51884013 1.00673943782
2150.53927227 1.00644367955
2150.58013653 0.998960131144
2150.60056867 1.00140367256
2150.6210009 0.999522397782
2150.70272942 0.996389792122
2150.72316155 0.997108529297
2150.74359368 0.995908311395
2150.76402581 0.995817895806
2150.78445804 1.00248913835
2150.80489007 1.00215603654
2150.8253222 0.997422666869
2150.84575442 1.00219972949
2150.86618645 0.994161192866
2150.88661857 0.997427737539
2150.9070508 1.00132770559
2150.92748282 1.00055012538
2150.94791495 1.0002063195
2150.96834717 1.00021399848
2150.9887792 0.996135484713
2151.00921132 0.997647589043
2151.02964344 0.999509237446
2151.05007556 0.999513407507
2151.07050768 1.00259054249
2151.0909399 0.992752047794
2151.11137192 1.00026447521
2151.13180404 0.998636241708
2151.15223626 1.00107780301
2151.17266828 1.0015132391
2151.1931004 1.00009069716
2151.21353262 0.998989252887
2151.23396463 0.995207405065
2151.25439685 1.00105623182
2151.27482897 0.999069949789
2151.29526098 1.00096661646
2151.3156932 0.998386591547
2151.33612531 0.996996862608
2151.35655733 1.0002995469
2151.37698954 0.995706007136
2151.39742165 0.996552426093
2151.41785366 0.999100310318
2151.43828588 0.99837971766
2151.45871799 1.00248532464
2151.47915 1.00031969173
2151.49958221 1.00100275025
2151.52001432 1.00245877673
2151.54044643 1.00354648368
2151.56087854 1.00204688089
2151.58131065 1.00002781315
2151.60174275 1.00022223611
2151.62217496 1.00300401382
2151.64260697 1.00340614146
2151.66303907 1.00024957878
2151.68347128 0.99820785302
2151.70390329 0.99825254886
2151.72433539 0.998990390463
2151.80606391 1.00321873844
2151.82649591 0.999625226902
2151.84692801 1.00061693425
2151.90822441 1.00245045775
2151.92865641 0.999772260767
2151.98995281 1.00001738638
2152.01038481 1.00000055596
2152.03081701 0.999021121553
2152.0512491 1.0011311053
2152.0716811 0.998521623546
2152.09211329 0.994612497592
2152.11254539 1.00347036682
2152.13297738 1.0021837562
2152.15340958 1.00027727756
2152.17384167 0.999735788449
2152.19427367 1.00000329192
2152.21470586 0.997075339477
2152.23513795 1.00516557522
2152.25556994 0.99900933864
2152.27600213 1.00023940888
2152.29643423 1.00180282907
2152.31686622 1.00308468203
2152.33729841 1.00153672364
2152.3577305 0.997938422941
2152.37816258 1.00270293144
2152.39859467 1.001938411
2152.41902676 1.00118112576
2152.43945885 0.997054714057
2152.45989104 1.00114197194
2152.50075521 0.995366738732
2152.52118729 1.00167037654
2152.54161928 1.00153778687
2152.58248355 0.999466912961
2152.60291553 0.998477944812
2152.62334771 0.998392069191
2152.6437797 1.0000692533
2152.66421178 0.995542794856
2152.68464396 0.997497939635
2152.70507594 1.00194020857
2152.72550802 1.0038387865
2152.7459402 1.00467830184
2152.76637218 0.999896837791
2152.80723644 0.998242044347
2152.82766852 1.00073306227
2152.84810049 0.998145565829
2152.86853267 0.995750346154
2152.88896475 0.99893915348
2152.90939672 1.0034817122
2152.9298289 1.00185390866
2152.95026097 1.00657776784
2152.97069295 1.00049534831
2152.99112512 1.00319856365
2153.01155719 1.00004510311
2153.09328558 1.00133457864
2153.11371756 0.998228529001
2153.13414963 0.997361379062
2153.1545818 1.00044167113
2153.17501377 0.997032758058
2153.19544583 0.999900586291
2153.215878 0.999009422931
2153.23630997 1.00131323668
2153.25674204 1.00057836324
2153.27717411 1.00059237253
2153.29760627 0.997206914763
2153.31803824 0.99866642142
2153.3997666 1.00656690201
2153.42019856 0.996033458466
2153.44063063 1.00123445119
2153.46106279 1.00139481763
2153.48149475 0.998799591086
2153.50192681 0.997766147297
2153.52235897 1.00044218868
2153.54279094 0.997654285214
2153.563223 0.994338816094
2153.58365516 0.996036910309
2153.60408711 0.999180145116
2153.62451917 1.00127923666
2153.64495133 1.00002073131
2153.66538339 0.996842898895
2153.68581545 0.99760711961
2153.7062475 0.999865291798
2153.72667956 0.999931155226
2153.74711162 1.0021779092
2153.76754367 0.99948854432
2153.78797573 1.00185624659
2153.80840788 0.996031976706
2153.82883984 1.00398564359
2153.89013599 0.998758449257
2153.91056805 1.00042398085
2153.9310002 0.996515165288
2153.95143215 1.00118467771
2153.9718642 1.00016074375
2153.99229635 0.998878803425
2154.0127283 1.00136879699
2154.03316035 0.997717085497
2154.0535924 1.00020453634
2154.07402445 0.999042973942
2154.09445649 1.00032794345
2154.11488854 1.00303593011
2154.13532059 1.00166649615
2154.15575263 1.00192518496
2154.17618468 0.998716823505
2154.21704877 0.99688904438
2154.23748091 0.999491621462
2154.25791286 1.00167124959
2154.278345 1.0028258197
2154.29877704 0.999344000714
2154.31920899 0.999663190612
2154.33964113 1.00074643366
2154.36007317 1.00379706755
2154.38050511 1.00378751008
2154.42136929 0.997617548025
2154.44180123 1.00185618681
2154.46223337 1.003905061
2154.48266541 0.999108356778
2154.50309745 1.00058391925
2154.52352948 1.00141260096
2154.54396152 1.00155400278
2154.56439356 1.00289111853
2154.58482559 0.998854743272
2154.60525763 1.0026090311
2154.62568966 1.00247606188
2154.6461218 0.997205606806
2154.66655373 1.00423601953
2154.68698577 0.997344629806
2154.7074179 1.00009479603
2154.72784983 0.999536297461
2154.74828187 0.99846348143
2154.7687139 1.00185964653
2154.78914593 0.998533059784
2154.80957806 1.00413514159
2154.83000999 1.00001967598
2154.85044202 1.00321394404
2154.87087415 1.00577226795
2154.91173811 1.00198793847
2154.93217024 1.00494539427
2154.95260216 0.998513930398
2154.97303419 0.999252032206
2154.99346632 0.998750762843
2155.01389824 0.997472859828
2155.03433027 0.997764875653
2155.05476239 0.99584976235
2155.07519442 1.00109052901
2155.09562634 0.99793906908
2155.11605847 0.993835103967
2155.13649049 0.996991386464
2155.17735453 1.00607878648
2155.21821848 0.998191288877
2155.2386506 1.00284471518
2155.25908262 1.00275737303
2155.27951454 1.00038448086
2155.29994666 1.00282844218
2155.32037868 0.999949867333
2155.3408107 1.00024104849
2155.36124271 0.998325795346
2155.38167473 0.998287474323
2155.40210685 0.994634195556
2155.42253877 0.999995589232
2155.4634029 1.00074445732
2155.48383481 1.00299969138
2155.50426683 0.997459047074
2155.52469884 1.00086461447
2155.54513086 0.9949670777
2155.56556287 1.00048924748
2155.58599498 0.999659475002
2155.60642689 1.00271286643
2155.62685891 1.00154215041
2155.64729102 0.999255426097
2155.66772293 0.999252745327
2155.68815494 0.998237191047
2155.70858705 0.998242894794
2155.72901896 0.998286850048
2155.74945097 1.00127146625
2155.76988308 1.00018865369
2155.79031498 0.994678872942
2155.85161101 1.00102178211
2155.87204301 1.00273242104
2155.89247512 1.00280374279
2155.91290712 1.00006989707
2155.93333903 0.992778253321
2155.95377113 1.00305454533
2155.97420314 0.995615196915
2155.99463514 0.995212212031
2156.01506714 0.997633417965
2156.03549915 1.00410728573
2156.05593125 0.999806338454
2156.07636315 1.00200741319
2156.09679515 1.0023255478
2156.11722725 1.00375000008
2156.13765915 1.00049760419
2156.15809115 1.00011520352
2156.17852325 0.996141081812
2156.19895515 0.999787133129
2156.21938715 0.999880123846
2156.23981925 1.00350599515
2156.26025114 1.00086639302
2156.28068314 1.00007812961
2156.30111514 1.00218324887
2156.32154713 1.00223085475
2156.40327511 1.00124243069
2156.42370721 1.00098601107
2156.4441391 0.999133093716
2156.46457109 1.00597363593
2156.48500319 0.999579598592
2156.50543508 0.999818493716
2156.52586707 1.00449755217
2156.54629916 1.00356249705
2156.56673105 0.997222286721
2156.58716314 0.985666620758
2156.60759513 1.00069579775
2156.62802702 1.00125704441
2156.64845911 0.996945066255
2156.6688911 0.998931238913
2156.68932298 1.00036139861
2156.70975507 0.998903391198
2156.73018706 0.998704553246
2156.75061905 0.999960898523
2156.77105103 1.00130467428
2156.79148302 0.995799946887
2156.811915 1.00031265867
2156.83234699 1.0047420432
2156.85277897 0.99756614253
2156.87321095 0.997380611712
2156.89364304 0.999350481157
2156.91407492 1.00068020057
2156.9345069 0.997216571387
2156.95493898 0.999411850399
2156.97537086 1.00003316208
2156.99580285 1.00162263337
2157.01623483 0.99671822833
2157.03666681 1.00167427837
2157.05709879 1.0035456953
2157.07753076 0.993439681859
2157.09796274 1.00009544255
2157.11839472 1.00248752021
2157.1388267 0.995113996881
2157.15925868 1.00114561555
2157.17969075 0.994600316677
2157.20012263 1.00053992752
2157.22055461 0.991543975984
2157.34314645 0.999338540668
2157.36357852 0.999824454853
2157.3840105 0.998717340442
2157.40444237 0.998310165966
2157.42487444 1.00146396835
2157.44530641 1.00350392159
2157.48617035 0.996874526888
2157.50660232 0.999397800923
2157.52703419 0.998304613823
2157.54746626 0.995105352587
2157.56789823 1.00002453105
2157.58833019 1.00037271226
2157.60876216 1.00243709804
2157.62919413 1.00015433825
2157.64962609 0.99717041364
2157.67005806 1.00153091879
2157.69049002 0.996438008409
2157.71092199 1.00240348709
2157.73135395 0.997706864962
2157.81308181 1.00274485796
2157.83351387 0.999952823858
2157.85394573 1.00368707844
2157.87437769 1.00013090438
2157.89480975 1.001182769
2157.91524161 1.00110152425
2157.93567357 0.999687525978
2157.95610563 1.00068576597
2157.97653749 0.998504707367
2157.99696945 1.00267130237
2158.01740151 0.998412294521
2158.03783337 0.997999567152
2158.05826533 0.997448917983
2158.07869738 0.998606893533
2158.09912934 1.00492401261
2158.11956119 0.998064788596
2158.13999325 1.00003267742
2158.20128911 0.996019821316
2158.22172107 0.997256161556
2158.24215292 0.998905923456
2158.26258497 0.998041910444
2158.28301693 0.99974587893
2158.30344878 1.00230629951
2158.32388083 1.00406610413
2158.34431278 1.00224813983
2158.36474483 1.00086638194
2158.38517668 0.999615057606
2158.40560863 1.00203340491
2158.42604068 0.999645426569
2158.44647253 0.998581428583
2158.48733653 1.00303890931
2158.50776837 1.00133223619
2158.52820032 0.997192639891
2158.54863227 1.00275900688
2158.56906421 0.998312113116
2158.58949616 0.997600911273
2158.6099282 1.00465370038
2158.63036005 1.00168054793
2158.65079199 1.00059605418
2158.67122404 1.0000506624
2158.69165588 0.997924012036
2158.71208783 1.00041035448
2158.79381569 1.00338816991
2158.81424753 1.00165706642
2158.83467947 1.0003371665
2158.85511151 1.00207295952
2158.87554335 0.997532830394
2158.89597539 0.999866518718
2158.91640733 1.00445331694
2158.93683927 1.00195175041
2158.95727121 1.00226192969
2158.97770315 1.00231604553
2158.99813508 0.999814699645
2159.01856702 0.997098244516
2159.03899895 1.0021630305
2159.05943089 1.00117862217
2159.07986293 1.00008622824
2159.10029476 1.0009496241
2159.12072669 1.00437630871
2159.14115873 0.998711159126
2159.16159056 1.00259042902
2159.20245453 0.997910956799
2159.22288636 1.0018242712
2159.24331829 0.999404056374
2159.26375022 1.00218160073
2159.28418215 0.998019967864
2159.30461408 0.99976759684
2159.32504601 1.00120749505
2159.34547794 0.998082258172
2159.36590987 1.00016029679
2159.3863418 0.998773347285
2159.40677373 0.999619010815
2159.42720566 1.00194129971
2159.44763768 1.00298385333
2159.46806951 1.00111099425
2159.50893346 0.999691473861
2159.52936529 0.996026485486
2159.54979731 0.994874211373
2159.57022924 1.00170057978
2159.59066106 0.995673226849
2159.61109309 0.999363761653
2159.63152501 0.999240698814
2159.65195683 0.996613669753
2159.67238886 0.999051691557
2159.69282078 1.00041067029
2159.7132526 1.00164289967
2159.75411654 1.00110057339
2159.77454846 1.00358577023
2159.79498038 1.00034741262
2159.8154123 0.998699994457
2159.83584422 0.998766859225
2159.85627614 0.999998695685
2159.87670806 0.99801017888
2159.89713998 1.00036617705
2159.91757199 1.00235199408
2159.93800381 1.00242284603
2159.95843573 1.00079817071
2159.97886764 0.996647998979
2159.99929956 1.00221601814
2160.01973137 1.00250968701
2160.04016339 0.998967955272
2160.0605953 1.00024420547
2160.14232306 1.00255352893
2160.16275487 1.00011588649
2160.18318678 1.00223731761
2160.20361879 0.993106088653
2160.2240506 0.995664664159
2160.24448251 1.00154924463
2160.28534643 1.00015307503
2160.30577824 0.996430659166
2160.32621025 0.999267825005
2160.40793788 1.00180672972
2160.42836969 0.997951624907
2160.4488017 0.998673369927
2160.4692336 1.00012518168
2160.48966541 0.999463876182
2160.53052932 0.996529908162
2160.55096112 0.998973580725
2160.57139312 0.995014738714
2160.59182503 1.00150990459
2160.61225693 0.995640163844
2160.63268883 0.999371868059
2160.65312074 0.995990505814
2160.77571214 1.00023912443
2160.79614404 1.00345647192
2160.81657594 1.00056071256
2160.85743983 1.00206572757
2160.87787163 0.996657496468
2160.89830353 0.997166189787
2160.91873552 1.00331214354
2160.95959922 1.00089436057
2160.98003121 1.00311534479
2161.00046301 0.999129302937
2161.0208949 0.999261564398
2161.04132689 0.996571404955
2161.06175869 1.00084618703
2161.08219058 1.00182511783
2161.10262257 0.998082616123
2161.12305447 1.00238603978
2161.14348626 0.998503170365
2161.16391825 1.00023652924
2161.18435014 1.00029820449
2161.20478193 0.998922872394
2161.22521392 0.99591317407
2161.24564581 0.998805019055
2161.2660776 1.00168693664
2161.28650959 0.997910276242
2161.30694148 0.998955627596
2161.32737347 0.999631671993
2161.34780525 1.00165005084
2161.38866913 1.00187290986
2161.51126034 1.00378514965
2161.53169223 0.999646908833
2161.55212411 0.997758802191
2161.57255599 0.996754502945
2161.59298788 1.00032087931
2161.61341976 0.998902301828
2161.63385164 1.00108457321
2161.65428352 0.997873782943
2161.6747154 1.00076867017
2161.73601104 1.00374493247
2161.75644302 0.999932735483
2161.7768748 1.00238727203
2161.79730668 1.002303449
2161.81773866 1.00131056171
2161.85860241 1.00191351361
2161.87903429 0.995425285122
2161.89946607 1.00238166231
2161.91989804 0.998500731593
2161.94032992 1.00194410071
2161.9607618 0.999094881724
2161.98119367 1.00225222845
2162.00162554 1.00035791101
2162.02205742 0.998472787939
2162.04248929 1.00148375133
2162.06292117 1.00159727763
2162.08335304 0.996703726594
2162.10378491 0.998735358879
2162.12421678 0.99977007075
2162.14464866 0.99669956691
2162.16508063 0.998588574461
2162.20594427 1.00065849696
2162.22637614 1.00338358743
2162.24680801 0.999916147209
2162.26723978 1.0014780636
2162.28767175 1.00074174035
2162.30810361 0.99866618915
2162.32853538 1.00580252068
2162.34896735 1.00161977119
2162.36939922 1.00078819355
2162.38983108 1.00002173294
2162.41026295 1.00009549572
2162.43069482 0.995960113763
2162.45112678 1.00097224062
2162.47155855 0.996576840433
2162.53285424 1.00360546189
2162.553286 0.997709341248
2162.57371797 0.996442803038
2162.59414983 1.0015955404
2162.61458159 0.998059848306
2162.63501355 0.999867522297
2162.716741 1.00215377941
2162.73717276 0.998755751761
2162.75760472 0.997314469542
2162.77803658 0.998264782411
2162.79846844 1.00023436064
2162.81890029 0.998938286312
2162.83933215 0.997468611259
2162.85976401 1.0006517969
2162.88019587 1.00031550896
2162.90062772 1.0000596857
2162.92105958 1.00161756672
2162.94149144 1.00147466545
2162.96192329 0.999968266986
2162.98235515 1.0006151346
2163.002787 0.998145259777
2163.02321886 0.997126145588
2163.04365081 1.00149637961
2163.06408256 0.999239047529
2163.08451442 1.00007906653
2163.10494637 0.998386882167
2163.12537812 0.997684279143
2163.18667368 1.00040232257
2163.20710553 1.00386997741
2163.22753748 1.00055390664
2163.24796923 0.997006840854
2163.26840108 1.00276563993
2163.28883303 1.00043564843
2163.30926477 1.00219374751
2163.32969662 0.996351277087
2163.35012857 1.00124757121
2163.37056042 0.994808529651
2163.39099217 1.00376731972
2163.41142411 1.00284832307
2163.43185596 0.996050894069
2163.45228771 1.00414749577
2163.47271965 0.999434047891
2163.4931515 1.00132275986
2163.51358324 1.00258981444
2163.53401519 1.00431442244
2163.55444703 0.999167817324
2163.57487897 0.998152373086
2163.59531072 1.00214885537
2163.61574256 0.992484544016
2163.71790177 0.996524115744
2163.73833361 1.00239866833
2163.75876545 1.00100360896
2163.77919729 0.993948961235
2163.79962913 1.0016814163
2163.82006097 0.995784298798
2163.94265209 1.00091669812
2163.96308383 1.00260711697
2163.98351566 1.00133221497
2164.0039476 1.00334915446
2164.02437933 1.00302092681
2164.0652431 0.999773389684
2164.08567484 0.998938179238
2164.10610667 1.00225796556
2164.1265386 0.994440708883
2164.14697034 0.999097355772
2164.16740227 1.00273075056
2164.20826593 0.993507414852
2164.22869776 1.00059016995
2164.24912959 0.999847285561
2164.26956142 0.994710048099
2164.28999335 1.00281969201
2164.31042508 0.999123236827
2164.33085691 0.995784495354
2164.35128884 0.993235984003
2164.43301605 1.00001732644
2164.45344788 1.00213378271
2164.47387971 1.00175688541
2164.49431153 1.00145133329
2164.51474326 1.00043551746
2164.53517518 1.00298735812
2164.55560701 0.999368541434
2164.57603883 1.00018430478
2164.59647066 0.999845760682
2164.61690248 0.99873643157
2164.63733431 0.998923621248
2164.65776613 1.00048834549
2164.67819795 0.99793615455
2164.69862987 0.995882088082
2164.7190617 1.00177259376
2164.73949342 0.998282779853
2164.75992534 0.999792602586
2164.78035716 0.997397706106
2164.80078888 0.999561195479
2164.8212208 1.00062295978
2164.84165262 0.995480657475
2164.92337979 0.997593004571
2164.94381171 1.0022405364
2164.96424353 1.00038893757
2164.98467525 0.994383589416
2165.00510716 1.00193814008
2165.02553898 0.99981392112
2165.04597079 1.00025555842
2165.06640261 1.00168584694
2165.08683442 0.999087128014
2165.10726624 1.00509169701
2165.12769805 1.00200671609
2165.14812987 0.998503170364
2165.16856168 0.995586746021
2165.18899359 0.99647180704
2165.20942531 1.00440816674
2165.25028893 0.998716921074
2165.27072074 1.00539203386
2165.29115265 1.00366752622
2165.31158437 0.996830959536
2165.33201618 1.00010185391
2165.35244809 0.994257135344
2165.39331161 1.00171823963
2165.41374351 1.001248598
2165.43417522 1.00138340125
2165.45460703 0.999381989667
2165.47503894 0.994614887738
2165.49547065 1.00120976377
2165.51590245 1.00517333569
2165.53633436 1.00151190115
2165.55676617 0.999592141269
2165.57719787 0.99930846567
2165.59762978 0.998712898626
2165.63849329 0.997922370778
2165.65892519 0.996094024617
2165.679357 0.998885626572
2165.6997887 1.00215201183
2165.72022061 1.00005641952
2165.74065241 0.999044233804
2165.76108431 0.999673691602
2165.78151601 0.998521678658
2165.80194782 1.00250736296
2165.82237972 0.999766699992
2165.84281142 0.999822447627
2165.86324322 0.996028402302
2165.88367502 0.998315025068
2165.90410682 0.999704820025
2165.92453862 1.00410386116
2165.94497042 0.995076589927
2165.96540222 1.00025912184
2165.98583402 0.999603590402
2166.00626582 1.0009462775
2166.02669761 0.998977068514
2166.04712941 1.00260177237
2166.06756131 1.00265254938
2166.08799301 1.00401795053
2166.1084248 1.00047237937
2166.1288567 1.00101808346
2166.14928839 0.999625153144
2166.16972019 0.99810951586
2166.19015208 1.00249734356
2166.21058378 0.995310976514
2166.23101557 1.00255611101
2166.25144747 1.00020455771
2166.27187916 0.999996665276
2166.29231105 1.00056429038
2166.31274285 0.995235070699
2166.33317454 1.00094405296
2166.37403822 1.00101737648
2166.41490181 1.00173881464
2166.4353336 1.00259617781
2166.45576539 0.999396387612
2166.47619718 0.996533590168
2166.49662897 0.998702915133
2166.51706075 1.0004823569
2166.53749264 0.998664575925
2166.55792433 0.999190860755
2166.57835612 1.00321400339
2166.59878801 1.00090054908
2166.61921969 1.00065486341
2166.63965148 1.00024694546
2166.66008327 0.996342436769
2166.68051505 0.998067802351
2166.70094684 1.00191130067
2166.72137863 1.00701224216
2166.74181041 1.00244963401
2166.7622422 1.00028836496
2166.78267398 0.99903254523
2166.80310576 0.998174289364
2166.82353765 1.00121252015
2166.86440112 1.00376260882
2166.90526478 1.00138077885
2166.92569646 0.99771602351
2166.94612834 1.00082741512
2166.96656012 0.999065040934
2166.98699181 1.00143396609
2167.00742369 0.997854807758
2167.02785547 1.00196932902
2167.04828715 0.998159617292
2167.06871903 0.997064934989
2167.10958248 0.999779917657
2167.15044614 1.00339497282
2167.17087782 1.00668670845
2167.19130969 0.998459815499
2167.21174147 0.999356773156
2167.23217325 1.00264838184
2167.25260502 0.998279291589
2167.2730368 0.998980166458
2167.41605932 1.00107201788
2167.43649099 1.00382567343
2167.47735464 1.00006765063
2167.49778631 1.00209689624
2167.51821808 0.999827166811
2167.53864995 0.9994452002
2167.55908163 0.999978026166
2167.59994527 1.00000069581
2167.62037694 1.00328827921
2167.64080871 0.996018503609
2167.66124058 0.998067742212
2167.68167224 1.00117788283
2167.70210401 1.00497192046
2167.72253588 0.998280267891
2167.76339932 1.00169919313
2167.78383118 1.00040417217
2167.88599011 1.00173506234
2167.90642178 0.999992321825
2167.92685354 0.999501116598
2167.94728541 1.00087554666
2167.96771707 0.994453240405
2167.98814883 1.00074894955
2168.0085807 1.00523654249
2168.02901236 1.00023688044
2168.04944412 0.995695529305
2168.09030765 0.997759422638
2168.11073941 1.0034073729
2168.13117117 1.00410110295
2168.15160293 0.998169054301
2168.17203469 0.998808334993
2168.19246645 0.994887242903
2168.21289821 0.997495958815
2168.23332997 0.999078000993
2168.25376183 1.00073905618
2168.27419349 0.996296726248
2168.29462525 0.999958318064
2168.33548896 0.999701388581
2168.35592072 1.00041164935
2168.37635258 1.00204486023
2168.39678433 1.00024443089
2168.41721619 1.00062622968
2168.43764785 0.997406683643
2168.4580796 0.999151591152
2168.47851146 0.998395977542
2168.49894311 0.999787963248
2168.51937487 1.0010489931
2168.60110198 1.00187913284
2168.62153374 1.00013489289
2168.64196539 1.0034772479
2168.66239724 1.00116100987
2168.68282899 1.00058471425
2168.70326064 1.0001739053
2168.7236925 0.99955650668
2168.74412425 1.00119167136
2168.7645559 1.00002673419
2168.78498775 1.00077049345
2168.82585115 1.00152279695
2168.846283 1.00142376618
2168.86671465 1.00245311777
2168.88714639 1.002101276
2168.90757824 0.997262444692
2168.92800989 1.0002271243
2168.94844174 1.00014068943
2168.96887348 0.995785198452
2168.98930513 1.00015585174
2169.00973698 1.0001326761
2169.03016872 1.00156391514
2169.07103222 0.997307804538
2169.09146396 0.999844027047
2169.11189571 1.00371745643
2169.13232745 1.00167657131
2169.15275919 0.996938093423
2169.17319094 0.998756028354
2169.19362278 0.998368368155
2169.21405443 0.994970174364
2169.23448617 0.999252950597
2169.25491801 1.00190915982
2169.27534965 0.993828362564
2169.31621324 0.997355298721
2169.33664488 0.996072010032
2169.35707662 1.00090111849
2169.37750846 0.997648204694
2169.3979401 0.999996941075
2169.41837194 0.994502487535
2169.43880368 1.00239171639
2169.45923542 0.998953245158
2169.47966716 1.00169610866
2169.5000988 1.00159726776
2169.52053063 0.997444617878
2169.56139411 0.999991351083
2169.58182575 0.996409366744
2169.60225758 1.00334807546
2169.62268932 0.997544385699
2169.64312096 0.998130889112
2169.66355279 1.0017887211
2169.8474384 0.999815609109
2169.86787013 1.00072889288
2169.88830197 0.998850247021
2169.9087336 1.00213470445
2169.92916533 0.997564269199
2169.94959716 0.998330941467
2169.99046052 1.00023013934
2170.07218754 0.9994652289
2170.09261927 1.00326967585
2170.1130509 1.00194970304
2170.13348273 0.999932248763
2170.15391446 1.00094537878
2170.17434608 1.00055900953
2170.19477791 1.00094177091
2170.21520964 0.998974284651
2170.23564127 1.0018440159
2170.25607309 1.00132725955
2170.29693644 0.996740883469
2170.31736827 1.00103281525
2170.33779989 1.00015253602
2170.35823162 0.996716937572
2170.37866344 1.0016030305
2170.39909517 0.998558044651
2170.41952689 0.998677598108
2170.43995862 1.00204715968
2170.46039034 1.00086653112
2170.48082206 1.00033274999
2170.50125378 0.997264260004
2170.52168551 1.00244401167
2170.54211733 0.997627500188
2170.56254895 0.998391020759
2170.58298067 1.00039085021
2170.60341249 0.998541614308
2170.62384411 0.99929377195
2170.64427583 0.994531208977
2170.66470765 0.999398285594
2170.68513927 1.00072442726
2170.70557099 1.00076326573
2170.72600281 0.994562930318
2170.74643443 1.00028614925
2170.78729797 1.00023865525
2170.80772959 1.00099065539
2170.8281613 0.99841041405
2170.84859312 1.00170426842
2170.86902484 1.00572476511
2170.88945656 1.0005182501
2170.90988827 1.00077106659
2170.93031999 0.993571037941
2170.9507517 1.00025581589
2170.97118342 0.999366087533
2171.05291018 1.00061620955
2171.07334199 1.0004943518
2171.0937737 0.998689363286
2171.11420532 0.998367211398
2171.13463713 1.00167907994
2171.15506884 0.999734486052
2171.17550046 1.00198629594
2171.19593227 1.00417535667
2171.31852253 1.00196479307
2171.33895424 0.994551146808
2171.35938605 0.999404887153
2171.37981776 1.00136382109
2171.40024937 0.995677935631
2171.42068118 0.998551079472
2171.44111289 1.00494899839
2171.46154449 0.999752864471
2171.4819763 1.00218977484
2171.52283962 0.998938105645
2171.54327142 1.00231875001
2171.56370313 1.00463630042
2171.58413474 0.999468533603
2171.60456654 1.00302227996
2171.62499825 1.00485279306
2171.64542985 1.0054271499
2171.66586166 1.00025311194
2171.68629336 1.00044934771
2171.70672497 0.998156729292
2171.72715677 0.99689289732
2171.74758847 0.998540560791
2171.76802008 0.997221313084
2171.78845188 0.999628176376
2171.80888358 1.00155770774
2171.82931528 1.00130417786
2171.84974699 0.998496742284
2171.87017869 1.00340839221
2171.89061039 0.999591805017
2171.91104209 0.999390056622
2171.93147379 0.992252932159
2172.05406399 0.99723834352
2172.07449579 1.00017737135
2172.09492739 1.00011281191
2172.11535909 1.00538656518
2172.13579088 1.00243560373
2172.15622248 0.997658450512
2172.17665418 1.00357844643
2172.19708598 1.00204045896
2172.27881276 0.999438703475
2172.29924446 1.00209328577
2172.31967615 0.999293001718
2172.34010785 1.00000641664
2172.36053954 1.00378850479
2172.38097124 1.00138161364
2172.40140293 1.0071097532
2172.42183462 1.00023987653
2172.44226632 1.00469604207
2172.4831297 0.99808960485
2172.50356139 0.997480465134
2172.52399299 0.996038795787
2172.54442478 1.00239883444
2172.56485647 0.999543387791
2172.58528816 0.998037006808
2172.66701492 0.998710403342
2172.78960516 1.00397758282
2172.81003675 0.997825765308
2172.83046854 1.00157637432
2172.85090022 1.0069197276
2172.87133181 1.00014480121
2172.8917636 1.00228094777
2172.91219528 1.00012319278
2172.93262687 0.998839138271
2172.95305866 0.998888633887
2172.97349034 0.998660592873
2172.99392193 0.996668041419
2173.01435371 0.997368189162
2173.0347854 1.00016565988
2173.07564877 1.00209779194
2173.09608045 1.00056377746
2173.11651213 1.00016636716
2173.13694382 0.996683154528
2173.1573755 1.00164390126
2173.17780718 0.996795250363
2173.25953391 1.00048484762
2173.27996559 1.00132591349
2173.30039737 1.00224897945
2173.32082896 0.998558761326
2173.34126064 0.997263985201
2173.36169242 1.0005478515
2173.382124 1.00043474366
2173.40255568 1.00083935626
2173.42298746 1.00243042434
2173.44341903 1.00379464801
2173.48428249 0.99874256821
2173.50471407 0.999066898314
2173.52514575 1.00034329443
2173.54557753 1.00128437471
2173.5660091 0.998641192958
2173.58644088 0.998960352335
2173.60687256 1.00091833153
2173.62730423 0.999107317108
2173.64773591 0.999863290992
2173.66816759 0.997391295429
2173.68859926 0.992890011574
2173.72946261 1.00192797027
2173.74989429 1.00018389033
2173.79075764 1.00402459111
2173.81118931 1.00085196113
2173.83162108 1.00125346999
2173.85205266 0.999776530553
2173.87248433 1.00186752317
2173.892916 1.0005727764
2173.91334768 0.99973023317
2173.93377925 1.0030401551
2173.95421102 1.00165730279
2173.97464269 0.997242552598
2173.99507446 1.00178995306
2174.01550604 0.996470525922
2174.03593771 1.0012984217
2174.05636948 1.00060793973
2174.07680115 0.999360024288
2174.09723272 0.998589250579
2174.11766449 0.997508801922
2174.13809616 0.994558260267
2174.26068617 0.999230828059
2174.28111774 1.0040313925
2174.3015495 1.00476958339
2174.32198117 1.0015646999
2174.34241274 0.997299528021
2174.3628445 0.992661571944
2174.38327617 1.00033299089
2174.50586616 1.0030940474
2174.52629783 0.9977410772
2174.54672959 1.00005821989
2174.56716116 1.00195165027
2174.58759282 1.00084460703
2174.62845615 0.994684827076
2174.66931947 0.996260386369
2174.68975113 1.00065921125
2174.71018289 0.996947201505
2174.73061446 1.00132870853
2174.77147788 0.999375453475
2174.79190944 0.996703708568
2174.8123411 0.996419883434
2174.83277286 0.998311655021
2174.85320442 0.998160479354
2174.87363618 1.00148429312
2174.89406784 0.995101451025
2174.9144995 0.998189023318
2174.95536282 0.996188208441
2174.97579447 1.00195469144
2174.99622613 1.00312669376
2175.01665779 1.00045183386
2175.03708945 1.00650129392
2175.05752121 1.0011198645
2175.07795276 1.00022118559
2175.09838442 1.00477392367
2175.13924773 0.998658969455
2175.24140611 1.0015409257
2175.26183766 1.00199637445
2175.28226942 0.997603117372
2175.30270107 1.00087724244
2175.32313263 0.997228300027
2175.34356438 1.00132639309
2175.36399593 1.00196284863
2175.38442759 1.00440152981
2175.48658595 0.999800547633
2175.5070175 0.999758441923
2175.52744925 0.99887588459
2175.5478809 1.00292017028
2175.56831245 0.998989554881
2175.5887442 0.998690708743
2175.60917585 0.996557499654
2175.6296074 1.00176925061
2175.6704708 1.00062144582
2175.69090255 1.00115938308
2175.7113341 1.00090960581
2175.73176575 1.00213219313
2175.77262905 1.00081949681
2175.7930607 1.00033186213
2175.81349244 0.996035438286
2175.83392399 0.997452775005
2175.85435564 0.999044270339
2175.87478738 1.00032410404
2175.89521903 1.00433026679
2175.91565058 0.997846010934
2175.93608232 1.00096081695
2175.95651397 0.998407873654
2175.97694552 0.994812026678
2176.01780881 1.00333551466
2176.03824045 0.999492546072
2176.0586722 1.0005861866
2176.07910384 0.996044005924
2176.09953548 1.00006531243
2176.11996713 0.997717621662
2176.14039867 1.0002534918
2176.2016936 1.00050297588
2176.22212534 0.996146587777
2176.24255699 1.00113335929
2176.26298853 1.00053826999
2176.28342027 1.00149991903
2176.30385191 1.00243624258
2176.32428355 0.9988976955
2176.34471519 1.0024081252
2176.36514683 0.997914404035
2176.4468734 0.999535709018
2176.46730513 0.998208109745
2176.48773667 1.00311426296
2176.50816841 0.9982067631
2176.52860005 1.00184793786
2176.54903159 0.995293202072
2176.56946333 0.997241212375
2176.61032651 1.00068934923
2176.63075824 1.00109658976
2176.67162142 1.00017033072
2176.69205315 0.999911781566
2176.71248479 1.00243555377
2176.73291633 0.995235528819
2176.75334806 0.998077886662
2176.7737796 0.99868445373
2176.79421123 1.00025586687
2176.81464297 0.999199273653
2176.8350746 1.00043135175
2176.85550614 1.00278013718
2176.87593787 1.00153445382
2176.89636951 1.0006616523
2176.91680114 0.996325264414
2176.93723278 0.997252988835
2176.95766441 1.00490010176
2176.97809614 1.00034675124
2176.99852768 1.00246183622
2177.01895931 0.996980197517
2177.03939104 0.994675659949
2177.05982258 1.00228573623
2177.08025421 0.992907143107
2177.10068594 1.00052375662
2177.18241236 1.00046886825
2177.202844 1.00196055282
2177.22327573 1.00125610623
2177.24370726 1.00099565869
2177.26413889 1.00258991216
2177.28457062 1.00123284277
2177.30500225 0.998208305037
2177.32543388 0.99881985913
2177.3458655 0.999639330761
2177.36629713 0.997274772533
2177.40716039 0.993261925079
2177.42759202 0.995422637332
2177.44802375 1.0001940543
2177.46845527 1.00273474206
2177.4888869 1.00005201768
2177.50931853 1.00138065529
2177.52975016 1.00085900473
2177.55018168 0.995710865302
2177.57061341 1.00043214923
2177.59104503 0.997121684789
2177.67277154 0.998209917378
2177.69320316 1.00219027596
2177.71363479 0.999264800804
2177.73406651 1.00155409459
2177.75449804 1.00244858609
2177.77492966 0.998858408383
2177.79536138 1.0042136764
2177.81579301 1.0023821656
2177.83622453 1.00277105478
2177.91795112 1.00208568677
2177.93838274 0.998580731654
2177.95881427 1.00011904562
2177.97924599 0.999480754416
2177.99967761 0.999541722091
2178.02010913 1.00220683506
2178.04054085 1.00049868876
2178.08140399 0.998155127387
2178.10183571 0.999302871977
2178.14269895 1.00237374998
2178.16313057 1.00182991036
2178.18356219 0.999202836179
2178.20399381 1.00025357225
2178.22442543 1.0015783613
2178.24485705 1.00046920867
2178.26528867 1.0026083386
2178.28572029 0.998166440616
2178.30615191 1.00063254906
2178.32658352 1.00148185597
2178.34701514 0.999762433951
2178.36744676 0.995922990001
2178.38787848 0.997866070889
2178.40830999 0.997655754874
2178.42874161 0.997869934092
2178.44917333 1.00050824907
2178.46960484 1.00126661175
2178.49003646 1.00328780901
2178.51046818 0.9998539473
2178.53089969 1.000603936
2178.55133141 1.00187731666
2178.57176302 1.00337723071
2178.65348948 0.998162910593
2178.67392109 0.998445918041
2178.69435271 0.998306311057
2178.71478432 0.999325106493
2178.73521594 1.00065181479
2178.75564755 0.999022555043
2178.77607916 1.0009158184
2178.79651087 0.998082301579
2178.81694239 0.996172537747
2178.837374 0.998617166035
2178.85780571 1.0003041693
2178.87823722 1.00085265677
2178.89866893 1.00231914101
2178.91910045 1.0007594591
2178.93953206 0.998759550267
2178.95996377 0.997335078149
2178.98039528 0.997088944833
2179.00082689 1.00221799802
2179.18471138 1.00202177793
2179.26643791 1.00213899719
2179.28686951 1.00224934352
2179.30730122 0.998002715065
2179.32773273 1.00053968927
2179.36859604 1.0015863571
2179.38902755 1.00117673798
2179.40945916 0.999342387038
2179.42989086 0.999656436289
2179.45032237 1.00208368929
2179.47075397 0.997544950932
2179.49118568 0.995672522375
2179.51161718 1.00426553915
2179.53204879 1.00049506
2179.55248049 1.00140293979
2179.572912 0.998092158936
2179.5933436 1.00026922957
2179.61377531 0.999516627735
2179.63420681 0.998442404052
2179.65463851 0.999741087673
2179.67507012 0.998613632124
2179.69550162 1.00178815131
2179.73636493 0.99991162455
2179.75679643 1.00410300375
2179.77722813 1.00254543357
2179.79765973 1.00369714448
2179.83852294 1.00536269772
2179.85895454 0.995164404459
2179.87938604 0.999523008222
2179.89981774 0.999486064051
2179.92024934 1.00257733898
2179.94068084 1.001162452
2179.96111254 0.997408149723
2179.98154414 0.996775120535
2180.00197584 1.00299184524
2180.02240734 1.00064292874
2180.04283894 0.999398697682
2180.06327064 0.994741615252
2180.10413374 1.00040715015
2180.12456544 1.0019019592
2180.14499704 0.997521294502
2180.16542854 0.998159056003
2180.18586024 1.00542954139
2180.20629184 1.00151109483
2180.22672333 1.00169138143
2180.24715503 0.996157530471
2180.26758663 1.00221526914
2180.28801813 0.998776716768
2180.30844982 1.00101749906
2180.34931292 1.00100576311
2180.39017611 1.00080340338
2180.41060781 0.994296373082
2180.4310394 0.999796790891
2180.4514709 0.999179479119
2180.47190259 1.00200661887
2180.49233419 0.99816344153
2180.51276578 1.00334716099
2180.53319738 1.00034057231
2180.55362897 1.00033467393
2180.57406057 1.00012613913
2180.59449216 0.999416380925
2180.61492376 1.00009770997
2180.63535535 0.998704135854
2180.65578704 0.997355072631
2180.69665013 1.00236782192
2180.71708182 1.00264395362
2180.73751332 0.996436407458
2180.75794501 1.00199416506
2180.7783766 0.996314939926
2180.79880809 1.00008035253
2180.81923979 1.00224980099
2180.83967138 0.998656682716
2180.86010287 0.997318482132
2180.88053456 1.00039652288
2180.90096615 1.00040060022
2180.92139764 0.995534887698
2180.94182933 0.997338518568
2180.96226092 0.998982673048
2180.98269252 0.999306230743
2181.00312411 0.998173984047
2181.0235557 1.00027942897
2181.04398729 1.00216190621
2181.06441888 0.998160017871
2181.08485047 1.00164355827
2181.10528205 0.999287945773
2181.12571364 1.00175969553
2181.14614523 0.999966041662
2181.16657682 0.999318290838
2181.18700841 0.99794877135
2181.20744 0.999197492383
2181.22787169 1.00633823361
2181.24830318 0.998158441888
2181.26873476 1.00221427714
2181.28916645 1.00430596219
2181.33002953 1.00443067936
2181.35046121 1.00058984196
2181.3708927 1.00006252472
2181.39132429 1.00129670699
2181.41175597 1.00103632278
2181.43218746 0.99768665125
2181.45261905 0.999195528543
2181.47305073 0.999249897677
2181.49348232 0.998114871038
2181.5139139 1.00459016876
2181.53434549 1.00283318286
2181.55477707 0.999473796435
2181.57520866 0.997825458343
2181.59564024 1.00021307987
2181.61607183 1.00703181741
2181.63650341 1.00305799993
2181.656935 0.997053230996
2181.67736658 1.00082461639
2181.69779826 1.00173652366
2181.71822975 0.998769185681
2181.75909292 0.997286310694
2181.7795245 0.999621086037
2181.82038766 0.996011147476
2181.84081925 0.998428628333
2181.86125093 0.99677504283
2181.88168241 1.00085772656
2181.90211399 1.00260161205
2181.92254568 1.00168982192
2181.94297716 1.00180405332
2181.96340874 0.997261205617
2181.98384042 0.998017729275
2182.0042719 1.00162389645
2182.02470348 0.999118004626
2182.04513516 1.00101939589
2182.08599822 0.997337719111
2182.10642991 0.998003334405
2182.12686149 0.998078741826
2182.14729297 1.00056313185
2182.16772465 1.00048281603
2182.18815622 1.00327759015
2182.2085879 1.00015911013
2182.22901938 1.00151011029
2182.24945096 0.995959221609
2182.26988264 0.998671349338
2182.29031412 1.00122972488
2182.33117738 0.998016637089
2182.35160885 1.0002032226
2182.37204043 1.00040598388
2182.39247211 0.99745787637
2182.41290359 1.00332433709
2182.43333517 1.00010924718
2182.45376674 1.00063336473
2182.47419832 0.999735307317
2182.4946299 0.997439747954
2182.51506157 0.999382766016
2182.53549305 1.00139896177
2182.55592473 0.998107601044
2182.5763563 1.00096892277
2182.59678778 0.999948186946
2182.61721945 1.00311895355
2182.63765103 0.994897872457
2182.65808251 0.998886143489
2182.67851418 0.999951213509
2182.69894576 0.991706112845
2182.71937723 1.00184888702
2182.84196668 1.00050343725
2182.86239835 1.00345606935
2182.88282993 1.0040319745
2182.9032616 0.997523441602
2182.92369307 0.998984981217
2182.94412465 1.00080930936
2182.96455632 0.999429248239
2182.98498779 1.00205772451
2183.02585104 1.00281203216
2183.04628261 1.00344322734
2183.06671408 1.00470947651
2183.08714575 0.997858715875
2183.10757732 0.999362744348
2183.1280088 0.999923474428
2183.14844047 1.00148387465
2183.16887194 1.00008924708
2183.18930351 0.995382335587
2183.20973518 0.996854631108
2183.23016665 0.995347175201
2183.25059832 1.00686825092
2183.29146136 1.00394651536
2183.31189303 0.998523846844
2183.3323246 1.00060017542
2183.35275607 0.997840535968
2183.37318774 1.00103320208
2183.39361931 1.00311533007
2183.41405088 0.998408761641
2183.43448245 0.999493306081
2183.45491402 0.998861493725
2183.47534559 0.997798963675
2183.49577716 0.996247176388
2183.53664029 1.002693384
2183.55707196 0.996771334818
2183.57750343 0.99945514683
2183.5979351 1.00402097693
2183.61836667 1.00019008246
2183.63879813 0.996559182083
2183.6592298 1.00258326748
2183.67966137 1.0030437509
2183.70009283 0.996826675724
2183.7205245 0.997589199764
2183.80225077 1.00019398727
2183.8431139 0.998808576974
2183.86354547 0.99616541519
2183.88397703 1.00172293379
2183.9044086 0.995373026775
2183.92484016 0.997146238695
2183.94527173 0.997913029622
2183.96570329 1.0021027949
2184.00656642 1.00580178122
2184.02699799 1.00235680688
2184.04742955 0.998318100967
2184.06786121 1.0008409745
2184.08829268 1.00401747651
2184.10872424 1.00147158774
2184.12915591 0.998829148625
2184.14958737 1.00008471603
2184.17001893 0.999602413272
2184.21088206 1.0003537553
2184.23131362 1.00025788607
2184.27217675 0.99868378672
2184.29260841 1.0016185628
2184.31303997 0.998019829427
2184.33347144 1.00093063998
2184.3539031 1.00263678713
2184.37433466 0.999945649051
2184.39476622 1.00061975516
2184.41519778 0.997282625815
2184.43562934 0.997249167
2184.45606091 0.996708944888
2184.47649247 1.00119907838
2184.49692403 0.998747304624
2184.51735559 1.00174837546
2184.53778725 1.00097520199
2184.55821871 1.0005197633
2184.57865027 0.998227307959
2184.59908193 0.997441406179
2184.61951339 0.999144086688
2184.63994505 0.998773375747
2184.66037651 1.00360540604
2184.68080807 0.999211381326
2184.70123973 0.999562733921
2184.72167119 0.994210083292
2184.74210275 0.996446174023
2184.76253441 1.0036152373
2184.78296587 1.00181332653
2184.80339743 1.00022850747
2184.82382908 0.998197610821
2184.84426054 0.994361640628
2184.8646921 0.994692295383
2184.90555532 0.993706636235
2184.92598678 0.994818173943
2184.94641843 0.996543575087
2185.02814466 1.00278777849
2185.04857632 1.00384954536
2185.06900778 0.999788851497
2185.08943933 1.00055085019
2185.10987099 0.997602954327
2185.13030245 0.99616449311
2185.150734 0.994319856809
2185.17116566 1.00150942096
2185.19159712 0.999598678977
2185.21202867 0.999809576016
2185.29375499 1.00147667362
2185.31418645 0.998382376343
2185.3346181 1.0024819397
2185.35504956 1.00194732755
2185.37548121 1.00099951296
2185.39591277 1.00438563076
2185.41634432 1.00312697107
2185.43677578 1.00347882023
2185.51850209 1.00257202486
2185.53893365 1.00203359712
2185.62065996 1.00204521532
2185.64109142 1.00185347554
2185.66152297 0.997262088089
2185.68195462 1.00197493407
2185.70238607 0.999592177751
2185.72281763 1.00011152906
2185.74324928 1.00461307733
2185.76368073 1.00643492417
2185.78411228 0.995729688764
2185.80454394 1.00323230672
2185.82497539 0.999938673632
2185.84540694 1.00122640809
2185.86583859 1.00362704304
2185.88627014 0.998028500376
2185.90670159 0.998917230201
2185.92713324 1.00179461391
2185.9475648 1.00070411721
2185.96799635 1.00222102748
2185.9884279 1.00259820159
2186.00885945 1.00116625404
2186.029291 1.00121577246
2186.04972255 0.999163512092
2186.070154 1.00191783257
2186.09058565 1.00656493659
2186.1110172 0.994671666219
2186.13144865 0.995225319104
2186.1518803 0.998484757075
2186.17231185 0.999037354127
2186.1927433 1.00193491797
2186.21317495 0.996489100138
2186.2336065 0.999087507828
2186.25403805 0.998219155402
2186.2744696 1.00120551546
2186.29490114 1.00002860094
2186.31533279 1.00017744027
2186.33576424 0.994999753333
2186.39705889 0.998848114051
2186.41749043 1.00066869348
2186.43792208 1.00225523023
2186.45835363 0.999362995281
2186.47878508 0.996531868375
2186.49921673 0.997256599109
2186.51964827 1.00021189143
2186.54007972 0.99908600445
2186.56051137 0.998651268557
2186.58094292 0.997969975995
2186.60137456 1.00084453204
2186.62180601 0.997521035065
2186.78525838 0.996533476721
2186.80568993 1.00231153718
2186.82612147 1.002862406
2186.84655302 0.996866076499
2186.86698456 1.00136400189
2186.88741611 1.00246865315
2186.96914239 1.00252659475
2186.98957383 1.00109336852
2187.01000548 0.997891596317
2187.03043702 0.999292396231
2187.05086847 0.997641625623
2187.07130011 0.997228528771
2187.09173166 1.00093360848
2187.1121631 1.00276475742
2187.13259474 1.00090243313
2187.15302629 0.999369402529
2187.17345773 0.99864081763
2187.21432092 0.997103109744
2187.23475236 1.00361570886
2187.255184 0.99955764075
2187.29604719 1.00124892163
2187.31647863 0.999944902237
2187.33691018 1.00119348076
2187.35734182 1.00081611228
2187.37777326 1.00105059267
2187.3982048 1.00065955578
2187.41863645 1.00001515481
2187.43906789 0.993819873069
2187.45949943 0.997055111543
2187.47993107 0.997277579231
2187.50036252 0.997073191485
2187.52079406 0.998862135858
2187.5412257 1.00193221846
2187.56165714 1.00065363773
2187.58208878 0.997394989418
2187.60252032 1.000125454
2187.62295176 0.99974738066
2187.68424639 0.998720335201
2187.70467803 0.997917263573
2187.72510957 1.00204327068
2187.74554101 1.00028378044
2187.78640419 0.99995093173
2187.80683573 1.00041835218
2187.82726727 1.00139402359
2187.84769881 1.00136945462
2187.86813045 0.997084797144
2187.88856189 0.996973751009
2187.90899343 1.00022130193
2187.92942507 0.999627463918
2187.94985661 1.00327589583
2187.97028805 0.999463196915
2187.99071969 1.00044183667
2188.01115123 0.999304142403
2188.03158267 1.00289772546
2188.05201431 0.999861378927
2188.07244585 1.00157484498
2188.09287728 1.0054204726
2188.11330892 0.997949535614
2188.13374046 0.999507725892
2188.1541719 0.999011929606
2188.17460354 0.999860927716
2188.19503498 0.99914406626
2188.21546661 1.00086345567
2188.23589815 0.997142344022
2188.25632959 0.999587378416
2188.27676123 0.99761447903
2188.29719277 0.997259238666
2188.3176243 0.998387419219
2188.33805584 1.00659430402
2188.35848738 1.00105777974
2188.37891892 0.996442564113
2188.39935045 0.999042810801
2188.41978199 0.999122039431
2188.44021353 1.00123785295
2188.46064517 0.998903500189
2188.4810766 0.998156054892
2188.50150824 0.99542898182
2188.52193978 1.00080534605
2188.54237121 1.00376745768
2188.56280285 0.999416066869
2188.60366582 0.999137890559
2188.62409746 0.999040332699
2188.64452899 1.000282855
2188.66496043 1.00331121788
2188.68539207 0.998839334029
2188.7058236 0.997305835235
2188.72625504 1.00260722455
2188.74668667 0.99801968617
2188.76711821 1.00408609769
2188.78754984 0.99985013262
2188.80798128 1.00057035625
2188.82841282 0.994989208774
2188.84884435 1.00227114512
2188.86927589 0.999150975292
2188.88970742 0.998698199746
2188.91013896 0.999791468808
2188.93057049 1.00198957966
2188.95100203 1.00128754955
2188.97143366 0.999549708075
2188.99186509 1.00077786291
2189.01229663 1.00100782119
2189.03272826 1.0003420014
2189.07359133 0.996937203047
2189.09402287 1.00147904806
2189.1144543 1.00020036769
2189.13488593 1.00218140824
2189.19618054 0.999281137554
2189.21661207 1.00111319423
2189.2370435 0.998108884984
2189.25747514 1.00117591166
2189.27790667 1.00140665487
2189.2983382 0.996808017933
2189.31876974 0.999601343991
2189.3596328 1.0026823656
2189.40049587 0.997855702648
2189.4209275 1.00062251365
2189.44135903 0.999302555559
2189.46179046 1.00105679516
2189.4822221 0.999381777304
2189.50265363 0.999710329712
2189.52308506 1.00001755506
2189.54351669 0.999752997099
2189.56394823 1.00056089603
2189.58437966 0.999112977986
2189.60481129 0.998667784467
2189.62524272 0.99737186628
2189.64567425 1.00604149745
2189.66610589 0.99903610462
2189.68653732 0.99566077718
2189.70696895 0.999239482096
2189.72740048 1.00381424555
2189.74783191 0.996175972102
2189.76826354 0.999837837039
2189.78869507 0.997362255109
2189.80912661 1.0010881229
2189.82955814 1.00103880169
2189.84998967 1.00175958505
2189.8704212 1.00072539619
2189.89085273 1.00254938717
2189.91128426 1.00052073774
2189.93171579 0.996093432717
2189.95214742 1.00039734314
2189.97257885 1.00400743355
2189.99301048 0.993690544429
2190.01344201 0.998196547485
2190.03387344 1.00317782584
2190.05430507 0.999089503573
2190.0747366 1.00279971537
2190.09516803 0.997800069492
2190.11559966 1.00214960289
2190.13603119 1.00437001977
2190.15646262 0.999737942866
2190.17689425 1.00189515407
2190.19732578 1.00027221513
2190.21775721 1.00115895709
2190.23818884 1.00083333857
2190.25862027 1.00082490195
2190.2790519 1.00164934954
2190.29948343 1.0002207135
2190.31991486 0.999951625136
2190.34034649 0.99881145599
2190.36077802 0.994608887455
2190.38120955 0.997492778071
2190.4220726 0.998811369222
2190.44250413 1.00040759114
2190.46293566 0.998866923264
2190.48336719 1.00244064098
2190.50379872 1.00008898219
2190.52423035 0.998660852898
2190.54466178 0.993642939268
2190.5650934 0.998725797675
2190.68768257 0.996944159847
2190.7081141 0.993917422053
2190.72854553 1.00084418132
2190.74897716 0.999017774836
2190.76940868 0.998203463792
2190.78984021 1.00582224756
2190.81027174 1.00073029911
2190.83070327 1.00164013
2190.85113489 0.998404106253
2190.87156632 0.996445904944
2190.89199785 1.00409882137
2190.91242947 0.99759683748
2190.9328609 1.00053091422
2190.95329243 0.999389689867
2190.97372406 0.998382156043
2190.99415548 0.998021804571
2191.03501864 1.00245224087
2191.05545006 1.00005928682
2191.07588159 0.997734030194
2191.09631322 0.998158520053
2191.13717627 0.997451750183
2191.1576078 0.995765170752
2191.17803922 1.0017489255
2191.19847085 1.00077943169
2191.21890238 1.00135918548
2191.2393338 1.00290647813
2191.25976543 1.00318560469
2191.28019695 0.995136076397
2191.30062838 1.00148183604
2191.32106001 0.998500496239
2191.34149153 1.00068519726
2191.36192306 0.998895600319
2191.38235458 0.995515911549
2191.40278611 0.997066762796
2191.42321773 1.0025422639
2191.44364926 0.999376080608
2191.46408069 1.00212808542
2191.52537526 1.0014532182
2191.54580689 0.996272030872
2191.56623841 0.994302117316
2191.58666984 1.00608416574
2191.62753289 0.997817345901
2191.64796441 1.00425756005
2191.66839604 0.999626237962
2191.68882756 1.00302195662
2191.70925909 0.999051603403
2191.72969061 0.99798572233
2191.75012204 1.00533517926
2191.77055366 0.998086893705
2191.79098519 1.00042937624
2191.81141661 1.00171570298
2191.83184823 1.00125231826
2191.85227976 0.99794846516
2191.87271128 1.00236756411
2191.89314281 0.998032411074
2191.91357433 0.997406856823
2191.93400596 1.0001612737
2191.95443738 1.00317762133
2191.9748689 1.00108573572
2191.99530053 1.00397088586
2192.01573205 1.00387568919
2192.17918424 0.99653367898
2192.19961577 0.996407392291
2192.22004739 0.998648060444
2192.24047881 1.0020955727
2192.26091034 1.00394827548
2192.28134196 0.999333926124
2192.30177338 0.998501073793
2192.32220491 1.00160160749
2192.34263653 0.994369245346
2192.42436252 0.999527211189
2192.44479405 0.999086106213
2192.46522557 1.0035097623
2192.48565709 1.00280823745
2192.50608872 1.00250888219
2192.52652024 1.00390968459
2192.64910937 0.99861250611
2192.6695408 1.00132449854
2192.68997242 1.00068212655
2192.71040394 0.999565991211
2192.73083556 1.00319452088
2192.75126699 0.996554895024
2192.91471926 1.00474670947
2192.93515069 0.999409205672
2192.95558221 0.998511962057
2192.97601383 1.00152208281
2192.99644525 0.998062551424
2193.01687687 0.995443201391
2193.0373084 0.999872093851
2193.05773992 1.00137618888
2193.09860296 0.997835917428
2193.11903438 0.99655024955
2193.139466 0.997920393258
2193.15989753 0.999964534383
2193.18032895 0.994479039538
2193.20076057 0.997182428077
2193.22119209 0.996204634818
2193.24162371 0.998781219704
2193.26205513 1.00575557681
2193.28248665 0.99729758288
2193.30291828 1.00182378348
2193.34378122 1.00134201749
2193.36421284 0.99742801479
2193.38464426 1.00259592608
2193.40507578 0.997307340338
2193.4255074 1.00312402632
2193.44593882 1.00372696119
2193.46637035 0.993829369835
2193.60939109 0.997202528854
2193.62982261 0.999989375092
2193.65025423 0.997558059056
2193.67068565 0.999668031068
2193.69111718 1.00165319358
2193.7115488 1.00045843584
2193.73198022 1.00007702129
2193.75241174 1.00022507992
2193.87500096 0.999265146757
2193.89543238 1.00216523175
2193.9158639 1.0025555941
2193.93629552 0.998703237082
2193.95672694 1.00377839673
2193.97715846 0.998679107734
2193.99759008 0.998102742986
2194.12017921 0.999928942096
2194.14061073 1.00210285712
2194.16104235 0.999719933301
2194.18147377 1.00139921972
2194.20190529 1.00377049377
2194.22233691 1.00093594082
2194.24276833 1.00138075534
2194.26319985 1.00405587371
2194.28363147 0.9996677482
2194.30406289 1.00180480807
2194.32449451 0.999968198302
2194.34492603 0.998501872506
2194.36535745 1.00211489811
2194.38578907 1.00544984416
2194.40622049 0.996889316053
2194.42665201 1.00002177651
2194.44708363 1.00086772436
2194.46751505 0.993518275324
2194.59010426 1.00250527789
2194.61053578 1.00026944761
2194.6309673 0.998853508791
2194.65139882 0.99879969083
2194.67183044 0.999555716266
2194.69226186 0.999567276504
2194.71269338 0.995910606211
2194.87614554 1.00576053753
2194.89657716 1.00258406655
2194.91700868 1.00430910587
2194.9374401 0.99940320543
2195.14175539 0.998010735837
2195.16218691 1.00227396291
2195.18261843 1.00136501202
2195.20304995 0.997745080869
2195.22348147 1.0019950399
2195.24391309 1.00132880902
2195.26434451 0.998140418208
2195.28477613 0.999146776893
2195.30520765 1.00062106464
2195.32563907 0.997973924509
2195.34607069 1.00121932853
2195.36650221 1.00466583853
2195.38693362 0.999158394445
2195.40736524 1.00215283823
2195.42779676 0.999476375249
2195.50952294 0.996099673502
2195.55038588 1.00151987229
2195.5708175 1.00188408061
2195.59124892 1.00167491204
2195.61168044 0.997689381603
2195.63211206 0.996876938896
2195.65254347 0.995075999923
2195.67297499 1.00139733419
2195.69340661 0.997984915255
2195.71383813 0.999398729524
2195.73426965 0.998590432219
2195.75470117 0.997670764366
2195.79556421 0.999446573159
2195.81599573 1.00190051314
2195.83642715 0.997806117804
2195.85685877 0.998256298075
2195.87729029 0.999603362814
2195.89772171 1.00067899325
2195.91815332 1.00136842233
2195.93858484 1.00201977384
2195.95901646 0.99561597538
2195.97944788 1.00070868782
2196.06117396 1.0003910606
2196.08160558 1.00309435737
2196.102037 1.00185782009
2196.12246852 0.996728151799
2196.14290014 1.00268349292
2196.16333156 0.996625720982
2196.18376308 1.00086883894
2196.20419469 1.00031024526
2196.22462621 0.996408587297
2196.30635229 1.00525537003
2196.32678381 1.00118187322
2196.34721533 1.00547792961
2196.38807837 1.00012788616
2196.40850989 0.993294698727
2196.42894141 0.996239601678
2196.44937293 0.993175138039
2196.57196204 1.006622016
2196.59239366 0.999000985656
2196.61282508 1.00060240324
2196.6332566 0.991675343489
2196.65368822 0.997984347503
2196.67411964 0.998535502845
2196.69455126 1.00337082411
2196.81714038 1.00282961088
2196.8375719 0.997281624943
2196.85800342 0.995472317386
2196.89886645 1.00081150599
2196.91929807 0.998363899918
2197.04188719 1.00621430875
2197.06231871 1.00377318989
2197.08275013 0.999947724679
2197.10318175 1.00470224445
2197.12361327 1.00362248587
2197.14404489 1.00683799252
2197.16447631 0.99619900921
2197.18490773 1.00186118286
2197.20533935 0.99509181429
2197.22577087 0.997221351885
2197.26663391 1.00079392538
2197.28706543 0.999867906746
2197.30749695 1.00435928309
2197.34835999 0.998222416716
2197.36879161 1.00352394794
2197.38922313 0.997614390161
2197.40965455 1.00105326707
2197.43008617 0.994636975039
2197.45051769 0.996201872276
2197.47094911 0.997418324855
2197.59353843 1.00072274803
2197.61396985 1.00321900737
2197.63440137 1.00019052322
2197.65483299 0.99367045521
2197.67526441 0.998855664992
2197.79785353 1.00084460448
2197.81828516 1.00447441045
2197.83871658 1.00146936715
2197.8591482 0.997999202854
2197.87957972 0.999984541446
2197.90001114 0.999210982052
2198.0634634 0.995490711899
2198.08389492 1.00069519209
2198.10432655 1.00078842652
2198.12475797 1.00548590865
2198.14518949 0.997779676296
2198.16562111 1.00106101072
2198.18605253 1.00275924566
2198.20648405 1.0053321587
2198.24734709 0.997991411074
2198.26777871 1.00046570534
2198.28821023 1.00006564891
2198.30864166 1.00284970905
2198.32907328 0.999813119546
2198.3495048 1.00422488714
2198.41079936 0.997035870423
2198.43123088 1.00078028044
2198.51295697 0.999509048173
2198.53338849 1.00094337939
2198.55382001 0.997994772367
2198.57425154 0.998832672543
2198.59468306 0.997270217133
2198.61511468 1.00478346594
2198.6355461 1.00073278622
2198.65597762 1.00339840827
2198.75813523 1.00424751865
2198.77856685 1.00374839915
2198.79899838 0.995474600063
2198.8194298 1.00037624845
2198.83986142 0.997125702014
2198.86029294 0.994525758778
2198.88072436 0.994553577333
2198.90115599 0.999682491229
2199.02374522 0.998953322573
2199.04417664 0.999895903003
2199.06460827 1.0019217416
2199.08503979 0.999740817391
2199.10547131 0.995716880392
2199.12590283 1.00295604886
2199.14633436 1.00109622454
2199.2689234 0.997381658092
2199.28935502 1.00235184167
2199.30978654 0.999757155616
2199.33021816 1.00018442599
2199.35064959 0.998674154135
2199.37108111 0.999933262626
2199.39151273 1.00262336938
2199.41194416 0.997832209011
2199.43237568 1.00031492215
2199.45280731 1.00067964552
2199.47323873 0.996171312707
2199.49367025 1.0012113039
2199.51410188 0.99677106949
2199.5345333 0.998476958954
2199.55496492 0.999882074232
2199.57539645 1.00233150359
2199.59582797 0.998299818652
2199.75928016 1.00430929019
2199.77971179 1.00218285165
2199.80014331 1.0015308003
2199.82057474 1.00098810894
2199.84100636 1.00267822603
2199.86143779 1.00422356155
2199.88186931 0.998590150384
2200.00445856 1.00268894888
2200.02489008 1.00163742717
2200.04532151 0.995563587368
2200.06575313 0.997259697182
2200.08618466 0.996245578999
2200.10661618 0.996330774125
2200.12704771 0.998696261685
2200.14747923 1.00121565293
2200.16791086 0.995434185777
2200.20877381 1.002929288
2200.22920544 0.998201973583
2200.24963696 1.0040328681
2200.27006839 1.00454298927
2200.29050001 0.991485862567
2200.31093154 1.00006212493
2200.33136296 0.995999047017
2200.35179459 0.993644586812
2200.5152468 0.995691145547
2200.53567833 0.997728815388
2200.55610985 0.996667768667
2200.57654138 1.00084512013
2200.76042512 1.00039229414
2200.78085665 0.997294730261
2200.80128828 1.00018213935
2200.8217198 1.00223941152
2200.84215133 1.00143720528
2200.86258286 0.999391422076
2200.88301439 1.00087261903
2200.9647406 0.998831474702
2200.98517202 0.999342053541
2201.00560365 1.00235994088
2201.02603518 1.0013345414
2201.04646661 1.00086628154
2201.06689824 1.00009402022
2201.08732976 1.00090520339
2201.10776119 1.00276106691
2201.12819282 0.993782084133
2201.20991894 0.997007668734
2201.23035046 1.00041353947
2201.25078199 1.00222758399
2201.27121352 0.994724586726
2201.29164505 0.997072553651
2201.31207658 1.00495229698
2201.33250811 0.997700694639
2201.35293964 1.00219806271
2201.49596034 1.00130906742
2201.51639197 1.00201185484
2201.5368235 0.996446209609
2201.55725493 0.995647243878
2201.57768656 1.00166174005
2201.59811809 1.00170300233
2201.61854952 1.00144002528
2201.70027575 1.00044457837
2201.72070728 0.999350409602
2201.74113891 0.995620755355
2201.76157034 0.999250688656
2201.78200187 0.996412695958
2201.8024335 1.00097906561
2201.82286493 1.00096113661
2201.84329656 1.00038610333
2201.86372809 1.00089949837
2201.94545412 1.00032935366
2201.96588575 0.999343832277
2201.98631728 1.00066326321
2202.00674871 1.00025355387
2202.02718034 1.00215613039
2202.04761188 1.00564835916
2202.06804341 0.997963138053
2202.1906327 0.997449195833
2202.21106413 1.00125662491
2202.23149567 1.00390533994
2202.2519273 1.0010863508
2202.27235873 0.99625670096
2202.29279036 1.00040246332
2202.45624273 0.996855488064
2202.47667416 1.00133454049
2202.4971057 0.997890207352
2202.53796877 0.996334609483
2202.5584003 0.998995436679
2202.68098961 1.00563294238
2202.70142114 0.998355563178
2202.72185258 1.00059120919
2202.74228421 0.998315894165
2202.76271574 0.992842249495
2202.78314718 1.00371439069
2202.80357882 1.00087053273
2202.82401035 1.00385142568
2202.9670312 0.998732059226
2202.98746264 0.997526374964
2203.00789417 1.0000626478
2203.02832581 1.00249570864
2203.04875724 1.00008535404
2203.06918888 1.00413587525
2203.1917781 0.996165649446
2203.21220964 1.00142413302
2203.23264117 1.00164534144
2203.25307271 1.0011395713
2203.27350425 1.00530183655
2203.29393589 0.99829190749
2203.31436732 1.00203797951
2203.33479886 0.997891416939
2203.41652511 0.996878717321
2203.43695655 1.00072530513
2203.45738809 1.00203560028
2203.47781973 1.00079631334
2203.49825117 1.00333018309
2203.5186828 1.00212946604
2203.53911434 1.0001186804
2203.55954578 0.998559865349
2203.57997742 1.00155898034
2203.66170358 1.00353791601
2203.68213522 0.997221175582
2203.70256666 1.00076973374
2203.7229982 0.994467968508
2203.74342984 0.999668850765
2203.76386138 0.99855665636
2203.78429281 0.996319457405
2203.80472445 0.995088397166
2203.825156 0.990490329555
2203.90688216 1.00409316132
2203.9273137 1.00063401243
2203.94774514 1.00115541874
2203.96817678 1.00045764244
2203.98860832 0.993689184547
2204.00903976 0.996689876464
2204.0294714 1.00035283693
2204.19292384 1.00087243812
2204.21335528 0.993968547522
2204.23378682 0.999438210743
2204.25421846 1.00021973767
2204.27465001 1.00660642461
2204.29508155 1.00025479177
2204.41767081 0.999467117757
2204.43810235 1.00135425686
2204.47896554 1.00050617152
2204.49939698 1.00559664719
2204.51982862 0.996885123966
2204.68328098 1.00078274678
2204.70371252 1.0056396748
2204.72414397 1.00004655608
2204.74457561 0.993599157205
2204.76500716 0.999753558926
2204.78543861 1.00006562683
2204.80587025 1.000778444
2204.8263018 0.992828018023
2204.86716489 1.00631947234
2204.88759643 1.00219487502
2204.90802808 0.999343891645
2204.92845963 1.0005297304
2204.94889107 0.997412106297
2204.96932272 0.999506424426
2204.98975427 0.997298112058
2205.01018571 0.995097222998
2205.03061736 0.997010778883
2205.05104891 1.00177404506
2205.1327752 1.00050090777
2205.17363819 1.00132851569
2205.19406974 1.00031909084
2205.21450129 1.00140793288
2205.23493284 0.997889826452
2205.25536438 1.00481263041
2205.27579593 0.998543480144
2205.29622758 0.99940659073
2205.37795368 1.00361866993
2205.39838523 0.998809385678
2205.41881688 0.999432269952
2205.43924832 0.998374123694
2205.45967987 1.00066628423
2205.50054307 0.998297658999
2205.52097462 0.999766696375
2205.64356403 1.00044469669
2205.66399548 1.00237801873
2205.68442703 1.00100530278
2205.70485868 1.00110129373
2205.72529013 1.00053985347
2205.74572178 0.997745082312
2205.76615333 0.996469424009
2205.78658478 1.00386887067
2205.80701644 0.995238933241
2205.84787944 1.00006437697
2205.86831109 0.998410024443
2205.88874264 1.00111771188
2205.9091742 1.00032388466
2205.92960575 0.998461653812
2205.9500372 1.00222240755
2205.97046886 1.000007011
2205.99090041 0.997284300443
2206.01133196 0.997539912764
2206.03176351 0.999397711671
2206.05219507 1.00169981287
2206.11348973 1.00114786725
2206.13392138 1.00142472478
2206.15435294 1.00012252473
2206.17478439 0.99976863092
2206.19521605 1.00162511265
2206.2156476 0.999030880483
2206.23607905 0.997439892103
2206.37910004 0.999196231204
2206.3995316 1.00508296817
2206.41996325 0.997920683611
2206.44039471 0.999775223058
2206.52212103 1.00042146259
2206.60384716 0.996366714808
2206.62427872 0.996930690494
2206.64471038 0.997785074646
2206.66514183 1.00544153633
2206.68557339 1.00192339014
2206.70600505 1.00234973353
2206.72643661 0.996099637622
2206.86945762 1.00565647849
2206.88988908 1.00409262166
2206.91032074 0.999498446387
2206.95118376 1.0014572593
2206.97161542 1.00340021264
2206.99204698 1.00415569779
2207.01247844 0.99795421333
2207.09420478 1.00658181401
2207.11463634 1.0017425083
2207.135068 1.00416824538
2207.15549946 1.00030356148
2207.17593102 0.999244085596
2207.19636268 0.996162172295
2207.21679415 0.996727709152
2207.23722571 0.993089498617
2207.35981518 1.00598680265
2207.38024674 0.999158766897
2207.40067821 1.00319567437
2207.42110987 0.999116172479
2207.44154143 0.996894780684
2207.4619729 0.997249592588
2207.48240456 1.00498365361
2207.50283612 0.999337704194
2207.58456248 0.996738191382
2207.60499395 1.00406030591
2207.62542551 1.00045984975
2207.64585718 1.00039899411
2207.66628864 0.999822538914
2207.68672021 0.999095189786
2207.70715187 1.00341015909
2207.72758334 1.00055683217
2207.85017283 1.00251626483
2207.8706044 1.00095729231
2207.89103597 0.999558561417
2207.91146753 1.00101322193
2207.9318991 1.00202793822
2207.95233067 1.00015220268
2207.9931938 0.998835961777
2208.07492007 1.00117827957
2208.09535174 0.999647067029
2208.11578321 1.00310867865
2208.15664645 1.0033216469
2208.17707792 0.998137241088
2208.19750959 1.00163426513
2208.21794116 0.996031461338
2208.23837263 0.997613656685
2208.2588043 0.994633771409
2208.29966734 0.999633532127
2208.32009901 1.00534828061
2208.34053058 1.0047391746
2208.36096225 0.999483713865
2208.38139372 1.00070527007
2208.40182529 0.994043871523
2208.42225696 1.00088603739
2208.44268843 0.998204942277
2208.46312 1.00071415664
2208.48355167 0.998543512808
2208.50398325 0.996876499117
2208.60614111 1.00135970193
2208.62657258 0.998926210911
2208.64700425 0.999607507226
2208.66743583 1.00684477818
2208.6878673 0.99696168867
2208.70829897 1.00388670738
2208.72873055 0.998553899319
2208.81045694 0.998295221192
2208.83088842 0.997691833235
2208.85131999 0.995933964981
2208.87175167 0.999686091711
2208.89218314 1.00036939003
2208.91261482 0.996640680605
2208.93304639 1.00605974486
2208.95347787 1.00043417364
2208.97390954 0.999983093948
2208.99434112 1.00040820953
2209.03520427 1.00116898012
2209.05563585 0.99228646391
2209.07606742 0.999332903256
2209.15779383 1.00176434522
2209.19865699 1.00089034104
2209.21908857 0.998224460626
2209.30081488 1.0004371998
2209.32124646 1.00628684905
2209.34167794 1.00274671337
2209.36210962 0.998582551453
2209.38254119 1.00481130396
2209.40297267 0.999924579539
2209.42340435 1.00034700302
2209.44383593 1.00025327624
2209.46426741 0.995120659774
2209.54599384 1.00625521442
2209.56642542 1.0027896193
2209.60728858 0.998426249574
2209.62772016 0.999980094486
2209.64815184 0.994548863101
2209.66858342 1.00106524774
2209.68901501 0.995913452751
2209.70944659 1.00131529604
2209.72987817 0.994899242108
2209.77074134 0.996884918387
2209.8116046 0.997789911565
2209.83203608 0.999862351159
2209.85246767 0.997857931549
2209.87289925 0.999958926952
2209.89333084 1.00194563515
2209.91376252 0.993715461813
2209.934194 0.994117831928
2210.05678351 0.999178914485
2210.0772152 0.99910275938
2210.09764678 0.998380054706
2210.11807827 1.00038137669
2210.13850996 1.00388741601
2210.15894154 0.998171154751
2210.32239424 1.00026946269
2210.34282583 1.00340041683
2210.36325752 1.00231356238
2210.38368911 0.9972030054
2210.40412059 0.999038957983
2210.44498387 1.00163488743
2210.46541556 0.998235966636
2210.48584705 0.995430509111
2210.50627864 0.997202063155
2210.52671023 1.00579454287
2210.54714182 1.00017879256
2210.56757341 1.00358988136
2210.5880051 1.00010969888
2210.60843659 1.00254314264
2210.62886818 1.00058736063
2210.64929977 0.997049702661
2210.8331842 0.999069577047
2210.85361579 0.998475354254
2210.87404739 1.00042343424
2210.95577376 1.00131172663
2210.99663695 0.997119228653
2211.03750024 0.998410504348
2211.05793173 1.00615484242
2211.07836343 1.00220897079
2211.09879502 0.995050161619
2211.11922652 1.00096170013
2211.13965822 0.995231289075
2211.16008981 0.999763214507
2211.18052131 1.00002132355
2211.2622478 0.999845877992
2211.28267929 0.99750631575
2211.30311099 1.00396639168
2211.32354259 1.00160491333
2211.34397409 0.998301786146
2211.36440578 1.00043490813
2211.38483738 1.001834672
2211.40526898 1.00219837673
2211.42570058 0.99680657288
2211.44613218 0.996471672816
2211.48699538 1.00423420664
2211.50742698 1.00078292244
2211.52785868 0.994373162679
2211.60958508 1.00037108841
2211.63001668 1.00066057588
2211.65044828 1.00108674015
2211.67087988 0.997550775676
2211.75260639 0.998553495865
2211.77303789 1.00221517398
2211.79346949 1.00032058532
2211.8343327 0.997086496027
2211.8547644 1.00232513618
2211.875196 0.998945529811
2212.01821723 0.995660057183
2212.03864884 1.00060101953
2212.05908044 1.00024399989
2212.07951205 0.99914263952
2212.09994365 0.997616699259
2212.16123847 0.996052943133
2212.18167008 0.998951229118
2212.20210178 0.999865671184
2212.22253329 0.997802598992
2212.242965 0.998632348697
2212.26339661 1.00091226595
2212.28382811 1.0019368823
2212.30425982 0.997006841687
2212.32469143 0.99536443637
2212.34512294 0.996238291867
2212.36555465 1.001812299
2212.38598626 0.998362294879
2212.50857591 0.998820561558
2212.52900762 0.999890262781
2212.54943913 0.997015354288
2212.56987074 0.994507260922
2212.59030235 1.00200174495
2212.61073397 0.997383923901
2212.63116568 1.00448636433
2212.73332364 0.998758887477
2212.75375535 0.998741958966
2212.77418696 0.998629014817
2212.79461848 0.999576945405
2212.81505019 1.00392439813
2212.8354818 1.00205995115
2212.85591352 1.00090078215
2212.87634503 1.00211674
2212.89677665 1.00664559921
2212.91720836 0.999617759725
2212.95807149 0.999230563262
2212.99893472 1.0029828909
2213.01936644 1.00358513576
2213.03979805 1.00456108989
2213.06022957 1.00325100371
2213.08066128 1.00012100881
2213.1010929 0.996221036524
2213.12152442 0.998313402098
2213.14195614 0.991112397763
2213.16238775 0.996238134754
2213.20325099 1.00538720903
2213.22368261 1.00655407745
2213.24411422 1.00550969288
2213.26454584 1.00345360402
