# #0 time, 1 flux
2559.10948155 1.00837145379
2559.12991388 1.00854379818
2559.15034622 0.993370491054
2559.17077855 1.00544423076
2559.19121089 1.00826655027
2559.21164332 0.995710646652
2559.23207555 0.989733073064
2559.27294032 1.00085342352
2559.29337255 0.999501230002
2559.31380498 0.998200690259
2559.35466953 0.988424320059
2559.37510196 0.992718549545
2559.39553429 0.985814885971
2559.41596652 1.00909142571
2559.57942521 1.01043516884
2559.59985754 0.992829945525
2559.62028986 1.00278116457
2559.70201914 1.00247359375
2559.72245155 0.995845655933
2559.76331609 1.00726805383
2559.78374851 0.997449732548
2559.80418072 0.988782869345
2559.82461304 1.00174886137
2559.84504545 1.01203473371
2559.88590998 0.982383882248
2559.90634239 1.00982613375
2560.06980087 1.007257956
2560.09023318 0.99515148888
2560.11066549 1.00137376485
2560.1310978 0.997107702826
2560.1515301 0.980802404188
2560.17196241 0.988117866213
2560.29455633 1.01621220293
2560.31498863 1.02055759869
2560.33542083 1.00716935768
2560.35585323 1.00947714388
2560.37628553 0.996909727997
2560.39671773 0.999610051268
2560.41715013 0.992743719662
2560.43758232 0.987416339407
2560.45801462 0.999539219376
2560.49887921 1.00942631867
2560.51931151 1.00489583296
2560.5397439 0.987524587852
2560.5601762 1.00318088269
2560.60104078 0.993665452866
2560.62147308 0.986160914454
2560.64190527 0.995579084154
2560.80536368 0.995240311551
2560.82579607 0.99393480608
2560.84622826 1.01690893933
2560.86666054 1.00167959469
2560.88709293 1.00031542077
2560.90752511 0.996378021101
2561.03011891 0.99047909581
2561.05055109 1.02354330636
2561.07098347 0.991483692253
2561.09141574 1.00338194009
2561.11184792 1.0133146245
2561.1322803 0.997334084207
2561.15271248 1.0005139788
2561.17314486 1.00717366879
2561.19357713 0.99940627079
2561.23444168 1.00213126321
2561.25487396 1.00636403004
2561.27530613 0.993966181263
2561.2957385 0.98570986175
2561.31617078 1.01223528186
2561.33660295 1.00341601472
2561.35703532 1.00449642847
2561.37746759 1.00415549772
2561.39789986 1.01945739781
2561.41833213 1.00567497465
2561.50006121 1.00614328414
2561.52049347 0.980262143311
2561.54092584 0.991913370424
2561.56135801 1.00815102913
2561.58179027 1.00437434483
2561.60222264 0.997301938963
2561.6226548 1.00733216964
2561.64308706 1.01296050918
2561.66351943 0.994260805943
2561.68395159 0.981659322281
2561.72481621 1.01769067061
2561.74524837 1.00121525997
2561.76568073 1.00224705457
2561.78611299 0.998231921224
2561.80654515 0.99538000521
2561.82697751 0.992717260732
2561.84740977 1.00022569789
2561.86784203 0.991344588039
2562.03130006 1.00933889728
2562.05173222 1.01078856259
2562.07216457 0.989310661942
2562.09259682 1.00887953643
2562.11302897 1.0039376796
2562.13346132 0.984647781318
2562.15389357 1.00625916488
2562.17432572 0.983761754227
2562.21519031 0.985816034131
2562.23562256 1.01682006975
2562.25605481 0.98706904052
2562.27648705 0.989402827506
2562.2969193 0.994743105642
2562.31735154 1.00310323038
2562.33778379 0.999011652866
2562.35821603 1.0042874047
2562.37864837 0.975894968908
2562.39908052 0.988472848214
2562.48080958 0.993708246449
2562.50124182 1.01048149553
2562.52167396 1.00058708466
2562.5421063 1.01081432931
2562.56253854 1.0084721338
2562.58297067 0.989639622748
2562.60340301 0.995561153203
2562.62383525 0.999839645304
2562.64426738 0.971326922092
2562.72599642 1.01185067776
2562.74642865 1.00076069025
2562.76686078 1.00682977584
2562.78729312 1.0170655256
2562.80772535 1.01119951084
2562.82815748 0.99063342633
2562.84858981 1.0075337956
2563.01204753 0.996479997951
2563.03247985 0.981453959991
2563.05291208 0.981741293317
2563.0733443 0.981780669384
2563.09377652 0.999456421801
2563.11420875 1.00259041349
2563.13464097 0.997551373141
2563.21636995 0.990270857419
2563.23680207 0.982126880607
2563.25723439 0.999494377285
2563.27766661 0.999911451916
2563.29809873 1.00626623225
2563.31853104 1.00340996922
2563.33896326 0.984200526711
2563.35939538 0.991205185219
2563.37982769 1.0138652096
2563.40025981 0.989226789964
2563.44112433 0.99453742903
2563.46155645 1.00167159275
2563.48198866 1.01380995567
2563.50242097 1.01168202915
2563.52285308 1.01381208599
2563.5432853 1.01284373982
2563.56371761 1.01297486241
2563.58414982 1.00501212861
2563.60458192 1.00403365558
2563.62501423 1.00045117502
2563.64544644 0.998836912528
2563.68631086 0.983089501651
2563.70674306 1.00514160554
2563.72717517 0.997404038643
2563.74760747 0.992603024871
2563.76803968 1.00615864799
2563.78847178 0.99529588398
2563.80890409 0.995438511522
2563.82933629 1.00023350888
2563.84976839 0.997740375358
2563.87020069 1.00313137837
2563.8906329 0.994913096772
2563.9314973 0.996826911417
2563.9519295 1.00635842095
2563.9723617 1.00875633861
2563.9927939 1.00137727927
2564.01322609 1.00224421104
2564.03365839 0.994226950296
2564.05409059 1.01116619626
2564.07452268 1.00361065441
2564.23798024 1.01329874033
2564.25841243 1.00024363123
2564.27884472 0.997334307342
2564.29927681 0.997578498145
2564.319709 1.02198019375
2564.34014129 1.00241876753
2564.36057338 0.995336162504
2564.38100557 1.00623628245
2564.42187004 0.99515103556
2564.44230213 1.01413352577
2564.46273441 1.00817485853
2564.4831666 1.01203030389
2564.50359868 0.996324213261
2564.52403097 0.998304721211
2564.54446315 0.998191558759
2564.56489524 1.00727867027
2564.58532752 0.999615828549
2564.7079206 1.00456428969
2564.72835278 1.01143522627
2564.74878496 1.01265784728
2564.76921714 1.01474174308
2564.78964932 1.01746528823
2564.81008149 1.01101602069
2564.83051367 1.00752557319
2564.97353889 0.986136379126
2564.99397116 0.994492286406
2565.01440323 0.986625042416
2565.0348354 0.997623942767
2565.05526767 0.994515981183
2565.07569974 1.00068257077
2565.09613191 1.01374152998
2565.11656418 1.01270799536
2565.15742841 0.990861087836
2565.17786068 0.983627030121
2565.19829274 1.00148687741
2565.21872491 0.989100268785
2565.23915718 0.996302008042
2565.25958934 1.00337782168
2565.2800214 1.00041417404
2565.30045367 0.995147042141
2565.32088583 0.991853872265
2565.34131789 1.00062524562
2565.36175016 0.989428017208
2565.40261438 0.995815552604
2565.42304664 0.978581958762
2565.4434788 1.00107587353
2565.46391086 1.00606153149
2565.48434312 1.01245839529
2565.50477527 0.989183745175
2565.52520733 1.00749570022
2565.54563959 1.00361052341
2565.56607175 1.001402497
2565.5865039 0.997005332373
2565.60693606 0.990614023597
2565.64780037 1.0022737084
2565.66823252 0.995792133595
2565.68866467 1.00349452476
2565.70909693 0.993407047657
2565.72952898 0.994437940115
2565.74996113 1.0073550589
2565.77039328 0.989911521836
2565.79082543 0.986530173261
2565.95428272 1.00204037405
2565.97471476 0.99271762209
2565.99514691 0.999934291321
2566.01557915 1.00954999838
2566.05644334 0.985621086243
2566.07687558 1.00587525134
2566.15860415 0.998541878488
2566.17903619 1.0005009078
2566.19946843 1.01895762549
2566.21990057 1.0032208019
2566.24033261 0.997063086302
2566.26076485 0.994075704514
2566.28119699 1.00137880765
2566.32206126 1.00252984853
2566.3424934 1.00020790842
2566.38335767 0.998553862858
2566.4037898 1.00077982649
2566.42422193 1.00209796336
2566.44465407 0.999745977794
2566.4650862 1.00090543006
2566.48551823 0.995683954383
2566.50595047 0.997890547484
2566.5263826 1.01987935525
2566.68983963 0.999812752837
2566.71027175 1.00273754289
2566.73070398 0.99830596824
2566.75113601 0.994173924154
2566.77156813 1.01660207814
2566.81243238 1.00432782236
2566.8328645 1.00371978918
2566.89416087 0.988946809856
2566.91459309 1.00160953045
2566.93502521 0.991108614776
2566.95545723 0.982329778607
2566.97588945 0.996272701431
2566.99632157 0.994365211635
2567.01675359 0.995682396752
2567.03718581 0.998253189809
2567.05761792 0.98666340554
2567.07804994 0.993524185927
2567.11891427 0.997955620519
2567.13934629 0.997932385547
2567.1597785 0.99891155844
2567.18021062 1.01286320629
2567.22107485 1.00230278202
2567.24150686 0.991056099711
2567.26193907 1.00083040545
2567.28237118 1.00262349743
2567.32323531 0.999486944731
2567.36409962 1.00479865146
2567.38453163 0.978200749664
2567.40496384 1.00781639866
2567.42539595 1.01201492657
2567.44582806 0.98955277146
2567.46626017 1.00895097162
2567.48669227 1.01301797361
2567.50712448 0.997343464938
2567.52755648 1.00385904347
2567.54798859 1.00799545658
2567.6297171 0.986743417012
2567.65014911 0.997490863073
2567.67058121 1.02304906365
2567.69101341 1.00060039193
2567.71144541 0.998079938314
2567.73187751 1.01275742845
2567.75230971 1.00235399362
2567.77274181 1.01599932092
2567.79317381 0.995555128689
2567.81360601 1.0216140292
2567.8340381 0.997923096824
2567.8544701 0.990469686881
2567.8749023 0.996112104983
2567.89533439 0.991889384758
2567.91576639 1.01361456931
2567.93619858 1.02009930348
2567.95663068 1.00672468312
2567.97706267 1.0004339767
2567.99749486 0.991717539128
2568.01792696 0.986928047935
2568.03835895 1.00373092473
2568.12008742 0.995666553859
2568.14051941 0.997440292365
2568.16095149 1.00420947981
2568.18138368 1.00897232087
2568.20181577 1.00215733131
2568.22224776 0.996105306026
2568.24267995 0.987581917952
2568.28354402 0.983171486392
2568.30397621 1.00672646338
2568.34484047 1.01327849274
2568.36527246 0.992224775343
2568.38570454 1.00952312374
2568.40613673 1.00702842733
2568.42656871 1.01439514555
2568.44700079 0.999315103351
2568.46743297 1.00356141698
2568.48786495 0.985705715415
2568.50829703 1.01004949396
2568.52872921 0.999101875694
2568.61045753 0.993423852874
2568.63088951 1.02305956659
2568.65132168 0.99424149453
2568.73304999 0.99677189122
2568.75348196 1.01131943127
2568.85564233 1.001929128
2568.8760744 0.992256979093
2568.89650657 1.00985819461
2568.91693854 0.998998877344
2568.93737061 0.992711485313
2568.95780278 0.990592828042
2568.97823475 1.00596333399
2568.99866681 1.00187919549
2569.01909898 1.00022779715
2569.03953105 1.00900830018
2569.08039518 0.979686382384
2569.10082725 1.00362742676
2569.12125921 1.00201996747
2569.14169138 0.992751601186
2569.16212344 0.98520676674
2569.18255561 1.00211783019
2569.20298757 1.00559040928
2569.22341963 0.994662889859
2569.24385179 0.994279531405
2569.26428376 0.98691868057
2569.32557994 0.988117093659
2569.40730817 0.995615978958
2569.42774033 1.000975116
2569.44817239 0.986632612412
2569.46860434 0.999672464948
2569.4890365 1.00110199706
2569.50946856 0.98563968652
2569.52990051 0.995723138417
2569.55033267 1.0192992133
2569.57076462 0.985206041094
2569.59119667 1.0083061072
2569.61162883 1.003714176
2569.63206078 0.992097296441
2569.65249283 1.00826737135
2569.67292498 0.998853403093
2569.69335693 0.99399233219
2569.71378898 0.994033441342
2569.73422113 0.994377724113
2569.75465308 1.00567950943
2569.83638128 0.993224635998
2569.85681342 1.00618462759
2569.87724547 0.995328968461
2569.89767742 1.00872166582
2569.91810956 0.993925125984
2569.95897355 0.973210068418
2569.9794057 0.998786133057
2570.12242999 1.00478562967
2570.14286213 1.00692583472
2570.16329407 0.988372839643
2570.18372611 0.999485395607
2570.20415825 0.992169204447
2570.22459019 1.0058014164
2570.3471824 0.991926136682
2570.36761444 0.993826404363
2570.44934267 0.986519288833
2570.4697746 1.00409049911
2570.49020664 0.975148223248
2570.51063877 1.01315677281
2570.5310707 0.995626453487
2570.55150273 0.999901985513
2570.57193486 0.994710573824
2570.61279881 0.997056335386
2570.63323094 0.993153708148
2570.65366287 0.990657010872
2570.6740949 1.00014609745
2570.69452702 1.00697965839
2570.71495905 1.01002318719
2570.8375512 1.01519446828
2570.85798312 1.00661523018
2570.87841524 0.994717572378
2570.89884726 0.996078667358
2570.91927939 1.00516071537
2570.93971131 1.01469161039
2570.96014333 1.00218639283
2570.98057545 1.00911630428
2571.00100737 1.01389074831
2571.02143938 1.00178974574
2571.0418715 0.997232504487
2571.06230342 0.983628692644
2571.08273544 1.00463829506
2571.10316745 0.998078712193
2571.12359947 0.984011829071
2571.14403149 0.996915793051
2571.1644635 0.992038802898
2571.18489552 0.994607532075
2571.20532753 0.994975431724
2571.22575965 1.02131442987
2571.3074876 1.00245435476
2571.32791961 1.00920120314
2571.34835172 0.99177253337
2571.36878363 0.995060592228
2571.38921564 0.995132315966
2571.40964775 0.987207691802
2571.43007966 1.00017885065
2571.45051167 1.00393136353
2571.47094377 0.983290326875
2571.49137568 1.0140283904
2571.51180769 0.992166114502
2571.5322398 1.01523199914
2571.59353581 0.99999551548
2571.61396782 1.00632643912
2571.63439972 1.00411397919
2571.65483183 0.999378668795
2571.67526383 0.996756339243
2571.69569573 1.0097026595
2571.71612783 1.01278814941
2571.73655984 1.00831024251
2571.77742384 0.984016380007
2571.79785584 1.00796771415
2571.81828784 0.991291705867
2571.83871984 1.00656696447
2571.85915184 0.996992704966
2571.87958383 1.00559301618
2571.90001583 0.995205043511
2571.92044783 1.01333531546
2571.94087983 1.00174987451
2571.96131182 0.996980857751
2571.98174382 1.00940984626
2572.00217581 1.00275885067
2572.02260781 1.00031620045
2572.0430398 0.996139988303
2572.0634719 0.997266247134
2572.08390379 1.00633518572
2572.10433579 1.00797061489
2572.12476788 1.00455868519
2572.14519977 0.999511772512
2572.16563176 0.998598952308
2572.18606385 0.996382615186
2572.20649574 0.99846607933
2572.22692773 1.0082633877
2572.26779171 0.998800106427
2572.2882237 1.00948976715
2572.30865579 0.998256362092
2572.32908768 0.982550425086
2572.34951967 1.00481651309
2572.36995175 1.00715966695
2572.39038374 0.994431378676
2572.41081562 1.02205117199
2572.43124771 1.00989920107
2572.4516797 1.0080977101
2572.47211158 0.994478285726
2572.51297565 1.00178276513
2572.53340753 0.995273594597
2572.55383961 0.998218321041
2572.5742716 0.9951120814
2572.59470348 0.99854753343
2572.61513556 1.00647269351
2572.63556754 1.00091118198
2572.65599942 0.998456438779
2572.6764315 1.00092049506
2572.81945534 1.00215423357
2572.83988732 0.990551379237
2572.8603193 0.999829832751
2572.88075127 0.983311213029
2572.90118335 0.993573445774
2572.92161522 0.996974846742
2572.94204719 0.973905779648
2572.96247927 0.992382484608
2572.98291114 0.978484117474
2573.00334311 0.999597169347
2573.02377518 1.00553742451
2573.04420705 1.00593693469
2573.06463903 1.01094079596
2573.0850711 0.98853601798
2573.10550297 1.00346164728
2573.12593493 0.989992839165
2573.146367 0.993291070523
2573.16679887 1.00129647197
2573.18723084 1.00371182874
2573.20766291 0.999659752544
2573.22809488 0.994456121384
2573.24852674 0.996735826063
2573.26895881 1.00800834479
2573.28939077 0.990105745641
2573.30982264 0.994224338503
2573.3302547 1.00720290133
2573.35068667 0.999737201642
2573.37111853 1.01119383036
2573.39155059 1.00390107274
2573.41198246 1.01568004417
2573.55500628 0.987362640822
2573.57543824 0.978114190492
2573.5958702 0.996722928156
2573.61630216 1.00186079817
2573.63673412 1.01075251421
2573.65716608 1.009217235
2573.67759803 0.993722542307
2573.69802999 1.0140213189
2573.71846195 0.997447950241
2573.738894 1.00049788543
2573.75932586 1.01735520232
2573.77975781 1.00103306013
2573.80018986 0.98793872838
2573.82062172 1.01314372913
2573.84105367 1.00172966706
2573.86148572 1.00774033677
2573.88191758 0.99800742539
2573.90234953 0.996601212798
2573.92278158 1.0088368459
2573.94321343 1.01819657821
2573.96364538 0.99531852428
2573.98407743 1.00926752083
2574.00450928 0.999276584866
2574.02494123 0.995899559192
2574.04537328 1.01347972585
2574.06580523 1.00638845846
2574.08623707 1.01017160772
2574.10666912 0.99934629361
2574.12710107 1.00583041248
2574.14753291 1.00094797511
2574.16796496 1.00170745366
2574.24969264 0.964073231781
2574.31098847 0.969614315961
2574.33142041 1.00589140269
2574.35185245 0.977406502062
2574.37228429 0.987830898511
2574.39271623 0.965527885138
2574.41314827 0.989999038689
2574.43358021 0.992639864051
2574.45401215 0.985858493509
2574.47444409 0.992169784967
2574.49487603 0.994253224183
2574.51530797 0.996514459934
2574.53573991 1.01894136619
2574.57660388 0.998773985622
2574.59703572 0.991384046254
2574.61746765 1.00441857897
2574.63789969 0.999859573938
2574.65833152 1.00331231213
2574.67876346 1.0170369466
2574.74005926 1.01657899912
2574.76049129 0.989714287135
2574.78092312 0.990131530914
2574.80135505 0.994719587876
2574.82178708 1.01519746989
2574.84221891 0.995127011257
2574.86265084 1.01564258889
2574.88308287 1.00889218115
2574.9035148 0.999601515948
2574.92394663 1.0103294444
2574.94437866 0.994342909768
2574.96481059 1.00751278892
2574.98524242 0.988623036156
2575.00567444 0.996776496018
2575.02610627 0.998974460745
2575.0465382 1.00239651019
2575.08740205 1.00987430932
2575.10783397 1.00358865481
2575.128266 1.00096260896
2575.23042551 0.963577864236
2575.25085754 0.990863400468
2575.27128946 0.976318383737
2575.29172138 1.00139380173
2575.3121533 0.972737002169
2575.33258522 0.998824610086
2575.35301714 1.02399618017
2575.37344906 0.991977314992
2575.39388098 0.987255917228
2575.41431299 1.0016965612
2575.43474481 1.02589498566
2575.45517673 0.98315590478
2575.47560875 1.00164389518
2575.49604056 0.994170441311
2575.51647248 0.979476491203
2575.53690449 0.996062036487
2575.57776822 1.0060912569
2575.59820024 1.00960059691
2575.61863205 0.993992925434
2575.63906397 0.992507860345
2575.65949598 0.98783213961
2575.67992779 1.00603887645
2575.7003597 1.01026636257
2575.72079171 1.00661611959
2575.74122353 0.992685990761
2575.76165544 0.98468149872
2575.78208745 0.993058217971
2575.80251926 1.01124213158
2575.82295117 1.0073372692
2575.84338318 0.99216813883
2575.86381498 1.00888579909
2575.88424689 1.00309444851
2575.9046789 1.0016708516
2575.96597462 0.992565466795
2575.98640643 0.994104421714
2576.00683833 0.99658295486
2576.02727034 0.999944520285
2576.04770214 0.999450974291
2576.06813404 0.991649676402
2576.08856605 0.989201845947
2576.10899795 1.00182302118
2576.12942985 1.0047822064
2576.14986176 0.987976793505
2576.17029366 0.999473565746
2576.19072556 0.998953267585
2576.21115746 1.00907287878
2576.23158936 1.02763778859
2576.25202136 0.9972494413
2576.27245316 1.00967051325
2576.29288506 1.00949671479
2576.31331706 0.990899906778
2576.33374886 1.00754941157
2576.35418076 0.998552806923
2576.37461275 0.992309334438
2576.39504455 0.984880877048
2576.41547645 1.00432056256
2576.43590844 0.99232597934
2576.45634024 1.00271470876
2576.47677214 0.995185549816
2576.49720403 1.00317936679
2576.51763593 1.00737389422
2576.53806782 0.999242407993
2576.55849971 0.992722402678
2576.57893161 0.995260074406
2576.5993635 1.00581275211
2576.74238684 1.00059475642
2576.76281863 0.990451358121
2576.78325051 0.991836106025
2576.8036825 0.998014509037
2576.82411429 1.01236549196
2576.84454618 0.986702791039
2576.86497817 1.01650845928
2576.88540995 0.986121506683
2576.90584184 1.00417955588
2576.92627383 0.98535291319
2576.94670571 1.00935199113
2576.9671376 0.991278169541
2576.98756948 1.00557869373
2577.00800136 1.00000403169
2577.02843325 0.99706591856
2577.04886513 0.995108827048
2577.06929701 1.0020097847
2577.089729 0.990704824905
2577.11016078 1.0077737394
2577.13059266 1.01084756253
2577.15102464 1.00767294651
2577.17145642 1.01137782721
2577.1918883 0.999863260021
2577.21232028 1.00052222388
2577.23275206 0.997905757182
2577.25318394 0.979669103884
2577.27361582 0.99467342942
2577.2940477 0.988748101687
2577.31447958 0.999882924507
2577.33491145 0.991163912877
2577.35534333 0.996759842466
2577.37577521 1.00266125115
2577.41663896 0.969767903597
2577.43707083 0.974271335597
2577.45750281 0.983259137673
2577.47793458 1.01151724524
2577.49836646 1.00573206934
2577.51879843 0.99265762031
2577.5392302 1.00302641976
2577.55966208 0.995757926811
2577.58009405 0.985524692765
2577.60052582 0.992671228321
2577.62095769 0.994355508131
2577.64138966 1.00230895237
2577.66182143 1.01610262852
2577.6822533 1.00023940962
2577.70268527 1.00591602731
2577.72311704 1.00595402941
2577.74354891 1.00592755429
2577.76398088 1.00214619069
2577.78441275 1.00943908678
2577.80484462 1.00225466608
2577.84570835 1.01285256659
2577.86614022 0.982324280628
2577.88657208 1.00403120226
2577.90700395 1.0069172671
2577.92743592 0.987530687663
2577.94786768 0.995445947034
2577.96829954 0.992495122621
2577.98873141 0.998211462135
2578.00916327 1.00267271594
2578.02959513 0.999277169226
2578.050027 1.00202620295
2578.07045886 0.993018863425
2578.19305002 0.986022474295
2578.21348188 0.980916004932
2578.23391374 0.993030414265
2578.2543456 0.987499973385
2578.27477746 0.980505093201
2578.29520942 0.987999441054
2578.31564117 0.985040208908
2578.33607303 1.01267635298
2578.35650499 0.986378576202
2578.37693674 0.994474668204
2578.3973686 0.999441380325
2578.41780055 0.991028439057
2578.43823231 1.01286571345
2578.45866416 1.00152283707
2578.47909612 1.00174618333
2578.49952787 1.0069830815
2578.51995972 1.01626666803
2578.54039168 1.01835246821
2578.56082343 1.00731586642
2578.58125538 0.997560039364
2578.60168723 0.992950479661
2578.64255094 1.00662998506
2578.68341464 0.994171916026
2578.70384648 1.01371789817
2578.72427833 1.01487035341
2578.74471018 0.998863392202
2578.76514213 1.01473651833
2578.78557388 1.00313678283
2578.80600573 0.99452293897
2578.82643757 0.999417199718
2578.84686942 0.993335417776
2578.86730117 0.992400022503
2578.88773311 0.995336301477
2578.90816496 1.01709212715
2578.9285967 0.997918373528
2578.94902865 1.01727591152
2578.96946049 0.999504705598
2578.98989233 0.963046524657
2579.01032418 1.02055755726
2579.03075602 0.993875667956
2579.05118786 0.979948959097
2579.07161971 0.99736423976
2579.09205155 0.976056338371
2579.11248339 0.951588923743
2579.13291533 0.966514762279
2579.15334707 0.964153741278
2579.17377891 0.964341436357
2579.19421085 0.950211671646
2579.21464259 0.948823836665
2579.23507443 0.939818066673
2579.25550637 0.961834109357
2579.2759381 0.979719722088
2579.29636994 0.98709172997
2579.41896106 1.01970220752
2579.4393929 1.0143876218
2579.45982473 0.999791822668
2579.48025656 1.02446585678
2579.5006884 1.00884770005
2579.52112023 1.00598507932
2579.54155206 1.01846760777
2579.5619839 1.00089343637
2579.58241563 1.01858948029
2579.62327939 0.998418740797
2579.64371112 1.00655452074
2579.66414305 0.988241778063
2579.68457488 1.01400193507
2579.70500661 0.991578137432
2579.72543854 0.966109873184
2579.74587037 0.980972814326
2579.7663021 0.997894540967
2579.80716586 0.998178153809
2579.82759768 1.00319714659
2580.11364322 1.01854228406
2580.15450697 1.01328631673
2580.19537061 0.975288907506
2580.21580243 0.998608384691
2580.23623415 0.974989588004
2580.25666607 1.00743956435
2580.27709788 0.972710054638
2580.2975297 0.973604716396
2580.37925697 0.998010649056
2580.39968879 1.00525227276
2580.4201205 1.00846178692
2580.44055242 1.01996045602
2580.46098423 1.00103552745
2580.48141595 0.988547626068
2580.50184786 0.983458325174
2580.52227968 0.985436227997
2580.5631433 0.980603469111
2580.62443874 1.01874585372
2580.66530236 1.00105790164
2580.68573418 0.995448652538
2580.70616599 1.00144149574
2580.7265979 0.996316586072
2580.74702961 0.99682005049
2580.76746141 1.00301263567
2580.78789332 1.02063151614
2580.80832513 0.96076647994
2580.82875684 0.99986456886
2580.84918875 0.980520461515
2580.86962056 1.00545225782
2580.89005226 0.945158063644
2580.91048417 1.00066209915
2580.93091598 0.991483358571
2580.95134768 0.975434354706
2580.97177959 1.01185997688
2580.99221139 0.981270582415
2581.0126431 0.997332038846
2581.13523402 1.01638258552
2581.15566582 0.990402616146
2581.17609762 1.00404594065
2581.21696122 0.997076922128
2581.25782472 0.991289622323
2581.29868842 1.00042692806
2581.31912012 0.98523479449
2581.33955202 0.980087080798
2581.35998382 0.981358139438
2581.38041572 1.01550666209
2581.40084741 1.01341577401
2581.42127921 0.985799809666
2581.44171111 0.971168574455
2581.4621428 1.01535940304
2581.4825746 0.976276116986
2581.5030065 0.968114008365
2581.52343819 0.984090323856
2581.54386999 0.973278341988
2581.58473357 1.01672602366
2581.60516537 0.999660599915
2581.62559726 1.00200162987
2581.64602905 1.00720338987
2581.66646075 0.99061603423
2581.68689264 1.00851025011
2581.72775612 0.991067996085
2581.74818801 1.00351390773
2581.7686198 0.987963842925
2581.78905149 1.00974925412
2581.80948338 0.991026594035
2581.82991507 1.0235329012
2581.85034686 1.00701365854
2581.87077875 0.998239141767
2581.89121054 1.00566141029
2581.91164223 1.00918567536
2581.9525058 1.00381574916
2581.97293769 0.977448534459
2581.99336948 0.983467636929
2582.01380126 0.969764201709
2582.03423305 1.00829817135
2582.07509662 1.02428800621
2582.11596019 1.01999631584
2582.13639197 0.995531243002
2582.15682376 1.00985044714
2582.17725554 0.992015489323
2582.19768732 0.992586620604
2582.21811921 1.00331302757
2582.25898267 0.98310442468
2582.27941455 0.965432805725
2582.32027801 1.00889063879
2582.34070989 1.01749674355
2582.36114157 1.00336724618
2582.38157335 1.02101574079
2582.42243691 1.00557925058
2582.44286869 0.993859334758
2582.46330057 0.993160495783
2582.48373235 0.975311997392
2582.50416402 0.945348679236
2582.5245959 0.978128876567
2582.606323 1.01524232862
2582.62675478 1.00257636589
2582.64718655 0.997110266131
2582.66761823 0.987276511589
2582.70848188 0.998721895018
2582.7697772 0.990413667345
2582.81064074 0.994032650832
2582.83107251 1.01613789825
2582.85150428 0.986650467364
2582.87193605 1.02296295811
2582.89236782 1.0108764118
2582.91279959 1.0280087308
2582.93323136 0.985516856139
2582.95366313 1.00730803287
2582.9740949 1.0232290358
2582.99452667 1.00136888201
2583.01495844 1.02522880872
2583.03539021 0.997410042288
2583.05582208 1.00186216854
2583.09668551 1.01344422902
2583.11711738 0.963203253002
2583.13754904 0.995904039469
2583.17841267 0.999663335429
2583.19884434 0.980452680308
2583.2192762 1.01425583838
2583.34186678 1.0174985919
2583.36229855 0.995544812217
2583.38273021 1.02263158995
2583.40316207 1.00512949814
2583.42359383 0.986596566822
2583.44402549 1.00235540038
2583.46445735 1.01079198072
2583.48488911 0.987069872837
2583.50532077 1.02163465447
2583.52575263 0.999928025191
2583.54618439 1.00643387146
2583.56661605 0.984174658346
2583.58704791 0.991498222916
2583.60747967 0.98876236774
2583.62791132 1.00493228424
2583.64834318 1.00369817307
2583.66877494 0.991245905248
2583.68920669 0.965480103402
2583.70963845 0.988132418058
2583.83222898 1.01650810615
2583.85266073 1.00387062979
2583.87309259 1.02282414649
2583.9548196 0.982068815848
2583.97525125 1.00928323226
2583.9956831 0.992820990572
2584.01611485 1.00474022852
2584.0365465 1.00724503213
2584.0774101 0.975546237583
2584.09784175 0.994934796289
2584.1182736 1.02518483302
2584.13870535 0.969983773361
2584.159137 0.981371217304
2584.17956885 0.99789033981
2584.2000005 1.0132458117
2584.32259108 1.02968284546
2584.34302282 0.994553955888
2584.36345457 1.00232590938
2584.38388631 0.987290588303
2584.40431816 1.00310428022
2584.4247498 1.00374110626
2584.44518154 1.00098964288
2584.46561339 0.98840600656
2584.48604503 1.0066073904
2584.52690862 1.0052295298
2584.54734026 0.997594834959
2584.567772 1.00697699141
2584.58820384 0.997176246748
2584.60863548 1.01468001992
2584.62906722 1.00110063537
2584.64949906 0.990649845196
2584.6699307 0.987471490087
2584.69036244 0.983016558662
2584.71079428 0.99991736602
2584.73122602 1.0026569279
2584.75165766 0.981263797067
2584.7720895 1.00439995023
2584.79252124 0.987496540166
2584.81295287 0.989271609779
2584.83338471 1.00678267707
2584.85381645 0.983253734119
2584.87424808 0.992458104896
2584.89467992 1.02291585739
2584.91511156 1.01192625126
2584.93554339 1.00858208463
2584.95597513 1.01055304697
2584.97640676 0.995377847671
2584.9968386 1.00000689521
2585.01727033 0.977010093431
2585.03770196 1.01897272422
2585.07856553 0.962154900025
2585.09899726 0.987484012532
2585.119429 0.9881312367
2585.13986073 0.999365284026
2585.16029246 0.997752342248
2585.18072419 1.00082760099
2585.20115592 1.01394081302
2585.22158765 0.939132484779
2585.26245112 1.01974662655
2585.28288285 0.982041481477
2585.30331468 0.999284876781
2585.3237463 1.02459705513
2585.34417803 0.97347364493
2585.36460986 1.01126543054
2585.38504149 0.997924531179
2585.40547322 0.997305231843
2585.42590505 1.01436824551
2585.44633667 1.01329298321
2585.4667684 0.967257957363
2585.50763185 1.01357325959
2585.52806368 0.998032283092
2585.5484954 1.00028779629
2585.58935885 0.994051626594
2585.60979058 1.01454811632
2585.6302222 0.996837652013
2585.65065403 0.984969667023
2585.67108575 0.998421847839
2585.69151737 1.00420237665
2585.7119492 1.02244053381
2585.73238092 1.01458093623
2585.75281254 1.01132495901
2585.77324436 1.02831870196
2585.79367609 1.00552627463
2585.81410771 0.996134049659
2585.83453953 1.00304173741
2585.85497125 1.01798208764
2585.87540287 1.01038995573
2585.89583469 1.0068344752
2585.91626641 0.984153702341
2585.93669813 0.982024020733
2585.95712985 1.00210448422
2585.97756157 1.00360321287
2585.99799328 0.958876416245
2586.018425 0.996996238607
2586.05928854 0.974202552314
2586.1410154 0.999863191109
2586.16144702 0.98820901941
2586.18187884 0.96069597637
2586.26360569 1.00560582905
2586.28403731 1.00902887237
2586.30446912 1.01908380103
2586.32490084 0.997964573926
2586.34533245 1.00766955952
2586.36576426 0.980700239887
2586.38619597 1.00616247308
2586.40662769 1.00898684694
2586.4270594 0.975416335824
2586.44749111 0.997129347174
2586.48835453 0.997754552242
2586.50878624 0.989966229586
2586.52921785 0.984562432599
2586.54964966 1.00147270804
2586.57008137 1.02104845446
2586.59051318 1.00426500705
2586.61094479 1.0199153958
2586.6313765 1.00941106296
2586.6518083 0.97536291529
2586.67223991 1.00235969106
2586.69267162 1.02316516068
2586.71310343 0.994156457935
2586.73353503 0.96759383867
2586.75396674 0.984705748134
2586.77439855 0.989182121311
2586.79483015 0.982088555794
2586.81526186 0.987049281491
2586.83569366 0.988732330624
2586.85612527 0.969848647797
2586.87655697 0.994940992671
2586.89698878 1.00782301626
2586.91742048 0.986168408016
2586.93785209 0.992120376217
2586.95828389 0.966860417242
2586.97871559 1.0165898395
2586.9991472 0.966277611226
2587.019579 1.00221278636
2587.0400107 0.971741816345
2587.0604423 0.989116085663
2587.0808741 0.972774701551
2587.1013058 0.963907254388
2587.12173751 0.994468356752
2588.51109266 1.00318991882
2588.53152424 1.00998940285
2588.55195602 0.998814415135
2588.5723877 1.01663039075
2588.59281938 1.00325308383
2588.61325106 1.01043380877
2588.63368273 1.01250184431
2588.65411441 1.02770627482
2588.67454609 1.01668143873
2588.69497777 0.985522755545
2588.71540945 1.01921722454
2588.73584112 1.02909535816
2588.7562728 1.0081073364
2588.77670458 1.00625537614
2588.79713615 1.01457494799
2588.81756783 1.00322920502
2588.83799961 1.02076688451
2588.85843118 1.00559369643
2588.87886286 0.999931598875
2588.89929463 0.985796417544
2588.91972621 0.9921502948
2588.94015788 0.994211661524
2588.96058965 0.999444913181
2588.98102123 1.01622498997
2589.0014529 0.996229558717
2589.02188468 1.0229580901
2589.06274792 0.993872201564
2589.08317969 0.942605958982
2589.10361137 0.973480201272
2589.12404294 0.993646708106
2589.14447471 0.948720006855
2589.18533805 1.01936576502
2589.20576972 0.990256842356
2589.22620139 0.993451033485
2589.24663316 1.00561676468
2589.26706473 0.998183594749
2589.2874964 0.976242276889
2589.30792817 0.984344297467
2589.32835974 1.00116262874
2589.34879141 1.01959827195
2589.36922308 0.984075626591
2589.38965474 0.994787060159
2589.43051808 1.02857897705
2589.45094975 1.00301406476
2589.47138141 1.01454791024
2589.49181308 1.00461081065
2589.55310808 1.00223907401
2589.57353974 1.0184926909
2589.59397141 1.00788928501
2589.61440317 1.01234554551
2589.63483474 1.01903424797
2589.6552664 0.987597118487
2589.67569817 1.01127694699
2589.69612973 0.989004698325
2589.73699316 0.991280894058
2589.75742472 0.993724183742
2589.77785649 1.00273566673
2589.83915147 0.996741594284
2589.85958313 1.00334536365
2589.88001469 0.99857077213
2589.92087812 0.982334659331
2589.94130978 0.996121205456
2589.96174144 0.973183566926
2589.9821731 1.0045651798
2590.00260476 0.976761143779
2590.02303642 0.990176676586
2590.04346808 0.973138442987
2590.06389974 0.966404684935
2590.08433149 0.968262434086
2590.20692134 1.00529428783
2590.227353 1.01362059978
2590.24778475 1.01100683054
2590.26821631 0.996083630886
2590.28864797 1.00946319543
2590.30907972 1.01710023675
2590.32951128 1.00449887963
2590.34994293 1.00224840215
2590.37037469 0.99786219712
2590.43166965 0.996222700558
2590.4521013 1.01779785996
2590.47253286 0.996663501883
2590.49296461 0.990177075449
2590.51339626 0.969288223956
2590.53382782 0.987034647801
2590.57469122 1.00095830387
2590.59512277 1.00687263037
2590.61555452 0.992517785174
2590.63598617 0.987877923857
2590.65641793 1.00237084576
2590.67684948 0.972053082897
2590.69728113 1.01268744449
2590.71771288 1.0272074695
2590.75857608 0.991090521164
2590.77900783 0.99571120724
2590.79943938 0.993568108503
2590.81987103 0.990905082494
2590.84030277 0.999550796404
2590.88116597 0.998387753418
2590.90159762 1.02705082072
2590.92202937 1.00218315171
2590.94246091 1.00784039334
2590.96289266 1.00188905112
2590.98332421 0.996757788632
2591.00375585 0.991064988393
2591.0241876 1.02834859844
2591.04461915 1.01040127601
2591.20807241 1.00072273571
2591.22850395 0.981058378294
2591.24893569 0.983053252993
2591.26936734 0.997107501762
2591.28979898 1.01580060564
2591.45325211 0.998820039108
2591.47368375 1.01063126871
2591.4941155 1.00973036716
2591.51454704 1.02646887425
2591.53497868 0.987417712558
2591.55541042 1.02115214524
2591.59627369 1.00604289349
2591.61670523 1.00676708876
2591.63713687 1.01199227753
2591.65756861 0.984123695878
2591.67800025 1.01095825358
2591.69843179 1.00348290206
2591.71886352 1.00106266379
2591.7597267 1.02373531956
2591.78015843 1.00892395623
2591.94361142 1.01891804424
2591.96404315 0.997031656381
2591.98447479 0.99071089007
2592.00490632 1.00661342094
2592.02533806 0.995842358691
2592.04576969 0.99444956047
2592.06620142 1.01161989009
2592.08663296 0.997018130331
2592.12749632 1.00882990598
2592.16835949 1.0001695112
2592.18879122 1.01301316947
2592.20922275 1.00373858566
2592.22965438 0.989475111014
2592.25008611 0.992278384726
2592.27051774 0.994029804632
2592.29094927 0.992930607246
2592.311381 1.01352586891
2592.33181264 0.994172457483
2592.37267589 0.977118389697
2592.39310752 1.0063567964
2592.41353905 0.981260503376
2592.43397078 0.96719938633
2592.45440231 0.981256938849
2592.47483404 1.01381487667
2592.49526567 0.979594304089
2592.5156972 0.998623702817
2592.53612892 0.982648926469
2592.55656055 0.999325600228
2592.57699208 0.986648800354
2592.61785543 0.995464865415
2592.63828706 0.991320294894
2592.67915031 0.988058146294
2592.69958194 0.984851712543
2592.72001356 1.00403022611
2592.74044519 1.01206325072
2592.76087681 1.00322461043
2592.78130844 0.999789580293
2592.80174006 0.994281471513
2592.82217169 1.02528889104
2592.84260341 1.00767683639
2592.86303493 1.01665581407
2592.88346656 0.980799486967
2592.90389828 0.99204830497
2592.9243298 0.994889940567
2592.94476153 1.03008117033
2592.96519315 0.980668993421
2592.98562467 1.0009378341
2593.00605639 0.983869101704
2593.02648802 1.00083104523
2593.06735126 0.994667093389
2593.08778288 1.0091363245
2593.1082145 0.983162230284
2593.12864612 1.00692356749
2593.14907764 0.985976280636
2593.16950926 1.00965133738
2593.18994098 0.986657287472
2593.2103726 1.00939956835
2593.23080412 0.987205439836
2593.25123584 0.99758302418
2593.27166746 0.983234265972
2593.29209898 1.00709193403
2593.3125307 0.99580317167
2593.33296232 0.999466931723
2593.35339404 1.00106670631
2593.37382555 1.01294717819
2593.39425717 1.00483859577
2593.41468889 1.00113012942
2593.43512041 1.0108052446
2593.45555202 0.978797981401
2593.47598374 0.991379287257
2593.49641526 1.00233865317
2593.51684687 1.02627547522
2593.53727859 1.007626752
2593.55771011 0.991478204477
2593.57814172 1.01002673535
2593.59857344 0.98021646478
2593.61900495 1.00311523038
2593.63943657 0.945356386685
2593.65986828 0.962333834653
2593.6802999 0.994666065553
2593.70073141 1.00129885499
2593.72116312 0.987463220802
2593.74159474 1.00813413908
2593.76202635 0.998909229623
2593.78245797 0.984641672685
2593.80288958 0.972122875357
2593.82332119 1.0247393932
2593.8437528 1.02069715984
2593.86418442 0.978853816883
2593.88461603 1.00989350559
2593.90504764 1.00676835463
2593.92547925 0.961931033357
2593.94591087 0.993217049118
2593.96634248 0.99589889943
2593.98677399 1.01353965104
2594.0072057 0.97578241771
2594.02763731 1.00256434187
2594.10936375 0.993829119675
2594.12979536 1.0075861214
2594.19109029 0.989102081284
2594.2115218 1.0031809537
2594.2319535 1.00045067988
2594.25238511 0.980632444564
2594.27281662 1.00391229901
2594.29324833 0.983847995893
2594.35454315 0.997970508315
2594.37497476 1.02323695488
2594.39540626 1.00895811844
2594.41583797 1.00795178124
2594.43626958 0.995721868741
2594.45670108 1.00866522187
2594.47713279 1.00005395739
2594.49756439 1.01042613996
2594.517996 0.991502267679
2594.53842761 1.01952680115
2594.55885921 1.00732531032
2594.57929082 0.99872294968
2594.59972242 0.997643414286
2594.62015402 1.00880591465
2594.66101723 0.998380049017
2594.68144884 1.02533591268
2594.70188054 1.00691786704
2594.72231204 0.983133908506
2594.74274365 1.02316864743
2594.76317535 1.02528320597
2594.78360685 1.01314216308
2594.80403845 1.00115991797
2594.82447016 0.983976678293
2594.84490166 1.01706073462
2594.86533326 0.986185770052
2594.88576496 1.00376063951
2594.90619646 0.995574425134
2594.92662806 0.984822284219
2594.94705977 1.01645773822
2594.96749127 1.00283898596
2594.98792287 0.991940431192
2595.00835457 0.983510425483
2595.02878617 0.994418415642
2595.04921777 1.01060738979
2595.06964937 1.00085332645
2595.09008097 1.02830646589
2595.11051257 0.996484138274
2595.13094416 1.00627043636
2595.15137576 1.01631260274
2595.17180746 0.990276371919
2595.19223896 1.02074318664
2595.21267056 0.981931356677
2595.23310226 1.010130278
2595.25353375 1.01470093781
2595.27396535 0.995721789574
2595.31482855 1.00834017407
2595.33526014 1.01722086397
2595.35569174 0.998477980153
2595.37612334 1.01649194762
2595.39655493 1.00021888098
2595.41698653 1.0228330418
2595.43741813 0.999985540648
2595.45784982 1.01152149648
2595.49871291 1.01221684142
2595.51914461 1.00210323941
2595.5395762 0.994888048202
2595.5600077 1.00753609366
2595.58043939 0.997764549313
2595.60087099 1.02466083741
2595.62130248 1.00168523848
2595.64173417 1.02598184424
2595.66216577 0.989380273454
2595.68259726 1.01840535032
2595.70302895 0.988335612046
2595.72346055 1.01082742782
2595.74389204 1.0041208031
2595.76432373 0.978893199916
2595.78475533 1.00493831172
2595.80518682 0.978415360604
2595.82561851 0.99761109136
2595.8460501 0.98115815179
2595.86648179 0.984158322587
2595.88691329 0.992946962615
2595.90734488 1.02009457177
2595.92777657 0.972176436069
2595.94820806 0.959612617548
2595.96863965 0.967723036849
2595.98907134 0.950159941521
2596.00950293 0.958363946247
2596.05036611 1.01604131629
2596.0707976 1.02790131165
2596.09122919 1.00075074719
2596.11166088 1.01539560575
2596.13209247 1.01164131875
2596.15252396 1.01105363765
2596.17295565 1.01329895733
2596.19338714 1.01387049309
2596.21381872 1.02911045357
2596.23425041 1.00049277556
2596.2546819 1.01797323928
2596.29554518 0.981433661698
2596.31597666 0.969108065725
2596.33640835 0.984103029339
2596.35683994 0.96201630161
2596.37727152 0.971738912297
2596.39770311 1.00114289841
2596.4181347 0.966415154089
2596.43856628 0.977452313678
2596.45899787 0.993238628816
2596.47942946 0.982888569944
2596.49986104 0.978575306459
2596.54072421 1.01690394351
2596.5611558 1.01494970537
2596.58158748 1.00041355702
2596.60201897 1.00014139416
2596.62245065 1.00203459687
2596.64288224 1.0210965531
2596.66331372 0.993566938246
2596.6837454 1.0083498566
2596.70417699 0.987191836171
2596.72460847 1.01109095243
2596.74504015 0.994112313018
2596.76547174 1.00497089839
2596.78590322 0.997530851438
2596.8063349 1.00387061649
2596.82676639 1.00222028677
2596.84719807 1.01083308682
2596.86762965 0.994509077247
2596.88806123 0.996922326213
2596.90849271 1.00911221071
2596.9289244 1.00944052027
2596.94935598 0.992565273344
2596.96978746 0.998140668297
2596.99021914 0.999832665578
2597.0310824 1.01130969976
2597.05151388 1.00931961285
2597.07194546 1.01091966228
2597.09237714 1.00536123266
2597.11280862 1.00571136805
2597.1332402 0.991286233062
2597.15367188 0.992661712072
2597.17410336 1.02608727518
2597.19453494 0.997784334035
2597.2353981 1.02617578298
2597.25582968 1.02178307169
2597.27626136 1.02235632638
2597.29669284 0.99840172231
2597.31712441 0.969230099987
2597.33755609 1.00188929834
2597.35798767 0.990308883105
2597.37841915 1.00815362603
2597.39885083 0.99593772044
2597.4192824 1.01861851355
2597.43971398 1.00178037194
2597.46014556 0.989963858169
2597.48057713 1.00878726021
2597.52144029 1.01793336
2597.54187186 1.00264814529
2597.56230344 1.00408322846
2597.58273502 1.00650024569
2597.60316649 1.00308029781
2597.62359817 1.02905094271
2597.64402974 0.992914823785
2597.66446122 1.01435659349
2597.68489289 0.989974380978
2597.70532447 0.972865241488
2597.74618762 0.973102197995
2597.76661919 1.01404405644
2597.80748234 0.976581559668
2597.82791391 1.00561056248
2597.84834559 0.99184276118
2597.86877716 0.963571089535
2597.88920863 1.0022261434
2597.90964031 1.00042570076
2597.93007188 0.961404911397
2597.95050335 0.969036524162
2597.97093503 0.976856649248
2598.01179807 1.00289933899
2598.03222974 0.996161829754
2598.05266131 1.01165268092
2598.07309279 0.99890229787
2598.09352446 0.991340275216
2598.11395603 1.00809305351
2598.1343875 0.989332177885
2598.15481917 1.00127926811
2598.17525074 0.999532803518
2598.19568241 1.00159602114
2598.21611388 0.987505408138
2598.25697712 1.02604523221
2598.27740859 1.01736932454
2598.29784016 1.01216191071
2598.31827173 1.0119189768
2598.3387033 1.01314848064
2598.42042958 0.993854014295
2598.44086125 1.00980665854
2598.46129272 1.00112055384
2598.48172429 1.00443318662
2598.50215595 1.00446740284
2598.52258742 0.995556177719
2598.54301909 1.01004548407
2598.56345066 0.997826111541
2598.58388213 1.00011859526
2598.60431379 0.99413394
2598.62474536 1.01201919618
2598.64517683 1.00769914506
2598.66560849 1.00089569651
2598.68604006 0.998112378225
2598.70647163 1.00651116715
2598.72690319 0.994198275566
2598.74733476 0.99462908932
2598.76776633 0.973692804187
2598.78819789 0.989706968554
2598.80862946 0.987593610021
2598.82906102 1.00504542587
2598.84949269 0.997095701513
2598.86992416 1.01286657354
2598.91078739 0.992798662937
2598.93121885 0.996685757016
2598.95165052 0.987183363609
2598.97208208 0.986190555163
2598.99251354 0.984781037402
2599.01294521 0.99192177804
2599.03337677 1.00286658919
2599.05380824 0.989643756421
2599.0742399 0.988316393525
2599.09467136 0.983192002556
2599.11510293 0.989703885844
2599.13553459 1.00142537005
2599.15596605 1.00177570456
2599.17639762 1.00625739173
2599.19682928 0.981899840709
2599.23769231 1.0089993419
2599.25812397 0.994240717055
2599.27855553 0.997646756827
2599.29898709 0.992505800768
2599.31941865 1.002768186
2599.33985022 1.00092077476
2599.36028178 0.996569756897
2599.38071334 1.00820705464
2599.4011449 1.01297737552
2599.42157656 0.999789187415
2599.44200802 1.01945280812
2599.46243958 0.990253801136
2599.48287124 1.00153738232
2599.5033027 0.999526696849
2599.52373426 0.998246808946
2599.54416592 0.99746699467
2599.56459738 1.00479332892
2599.64632372 0.996573464712
2599.66675528 0.992172133986
2599.74848152 0.990315311769
2599.76891308 1.001401808
2599.78934464 0.991900117957
2599.80977609 0.993515046986
2599.83020775 0.992792314793
2599.87107077 1.00554778231
2599.89150243 0.993040724358
2599.91193398 0.987661401674
2599.93236544 0.975030569393
2599.9527971 0.997912632888
2599.97322865 0.977769399891
2599.99366011 1.00799225219
2600.01409177 1.00314695896
2600.03452333 1.01208078191
2600.05495498 0.99343925472
2600.07538644 1.00816497362
2600.09581799 0.999840651206
2600.11624965 1.00613354141
2600.13668111 1.00611277713
2600.15711266 0.997199834553
2600.17754432 0.995536255852
2600.23883898 0.996130326249
2600.25927054 0.981874309458
2600.27970199 0.997665236306
2600.30013365 1.00239524768
2600.3205652 0.999895430802
2600.34099666 0.987020153168
2600.36142831 1.00450206484
2600.38185987 1.00269554041
2600.40229152 1.00375966149
2600.42272298 0.998604404625
2600.44315453 1.00064289426
2600.46358608 0.99858766256
2600.48401764 0.997454710041
2600.50444919 0.991013315619
2600.52488074 0.993644456566
2600.5453123 1.01531228304
2600.56574375 1.00724494253
2600.60660696 1.0093992826
2600.62703851 1.00650684106
2600.64747006 0.998698614052
2600.66790161 1.01144347875
2600.68833317 0.997681226236
2600.70876472 0.997966692593
2600.72919627 1.00528820547
2600.74962792 1.00551184408
2600.77005947 1.01777818488
2600.79049092 1.01393321096
2600.81092258 0.996168876667
2600.83135413 0.987944700034
2600.85178558 0.994453514219
2600.87221723 1.00703856521
2600.89264878 0.987656199459
2600.91308023 0.998780923558
2600.93351188 1.0145717102
2600.95394343 1.00155641262
2600.97437488 0.994944101432
2600.99480653 1.01055488671
2601.01523808 0.995008546395
2601.03566953 0.986914012947
2601.05610118 0.996014089969
2601.07653273 0.997837802033
2601.09696438 0.998421810541
2601.11739583 1.00772048471
2601.13782738 0.994045743534
2601.15825903 0.994818466219
2601.17869058 0.995743232565
2601.19912203 1.00741400097
2601.21955358 1.00103737873
2601.23998522 0.977608552592
2601.26041667 1.00118115
2601.28084832 1.00499646518
2601.30127977 1.00221810282
2601.32171132 0.999757225819
2601.34214297 1.01075568557
2601.36257441 1.00592032994
2601.38300596 1.01431413628
2601.40343761 0.998100575436
2601.42386906 1.01004261211
2601.4443007 1.00691062728
2601.46473225 0.995098011128
2601.4851637 0.989998203304
2601.50559535 0.989006973895
2601.52602689 1.01962341694
2601.54645834 0.982351159533
2601.56688999 1.00260109902
2601.58732153 1.00532082802
2601.60775308 0.996251580286
2601.62818463 0.995865614329
2601.70991081 1.00284297139
2601.73034235 0.987857930387
2601.750774 0.99671383981
2601.77120545 1.0036841133
2601.79163709 0.997657472609
2601.81206864 0.988988343158
2601.83250008 0.997185860016
2601.85293173 1.02149487286
2601.87336327 0.993157580325
2601.89379472 1.00161243754
2601.91422636 1.00060056085
2601.9346579 0.984859957322
2601.95508935 0.994828763367
2601.97552099 0.999737254577
2601.99595254 0.994281319648
2602.01638398 0.992736528786
2602.03681563 0.995614929825
2602.05724707 0.997402919581
2602.07767861 1.01242024729
2602.09811026 0.993538794999
2602.1185418 0.994367011987
2602.13897334 0.991882919558
2602.17983643 1.00583104149
2602.20026797 0.99181881315
2602.22069951 0.981711170085
2602.24113106 0.999389803609
2602.2615627 0.995938245591
2602.28199414 0.992550336833
2602.30242568 1.00519031295
2602.32285733 0.982808363121
2602.34328877 0.994137489551
2602.36372031 0.989719234755
2602.38415195 1.00843603846
2602.40458339 1.00640732306
2602.42501494 0.990394657034
2602.44544658 1.00729147705
2602.46587802 1.00080562848
2602.48630966 1.00376550534
2602.5067412 0.99080334731
2602.52717264 1.00908834937
2602.54760428 0.98788298176
2602.56803583 1.00193309109
2602.58846737 1.00688371816
2602.60889891 0.992884096683
2602.62933045 0.993791817433
2602.64976199 1.00302026588
2602.69062507 0.999801283352
2602.71105661 1.00092340069
2602.73148815 0.992268441993
2602.75191969 0.989592939863
2602.77235133 1.00166823038
2602.79278277 0.999087885934
2602.81321431 1.00189266621
2602.83364595 1.00772696791
2602.85407739 0.998625020887
2602.87450893 1.00147255286
2602.89494056 0.992508121059
2602.915372 0.996403085003
2602.93580354 0.991401077888
2602.95623518 1.01462957478
2602.97666662 0.991529398261
2602.99709816 0.992616213273
2603.0175298 0.993775302254
2603.03796124 1.00559966989
2603.05839277 0.999301209379
2603.07882441 1.01454557974
2603.09925595 0.98999134242
2603.11968749 0.99481473837
2603.16055056 0.995973369702
2603.1809821 1.00816266641
2603.20141364 1.01434267739
2603.22184518 0.998571548864
2603.24227681 0.99148079934
2603.26270825 0.996542133739
2603.28313979 1.00281322091
2603.30357143 1.02091958474
2603.32400286 1.00862746524
2603.3444344 1.01139951385
2603.36486604 0.995625633614
2603.38529747 1.00105239294
2603.40572901 0.994368964332
2603.42616055 0.997552542622
2603.44659208 1.00025653235
2603.46702372 0.998143616549
2603.48745516 0.991951558637
2603.50788669 0.997721637944
2603.52831833 1.00753232729
2603.54874976 1.01594369615
2603.5691813 1.00250813217
2603.58961294 0.995400348919
2603.61004447 1.01484460365
2603.65090754 1.00626784398
2603.67133908 0.998469627678
2603.69177051 0.990642148575
2603.77349675 0.994874400213
2603.79392829 0.992247849848
2603.81435992 1.01377131171
2603.83479136 0.992405360717
2603.91651749 0.973911307079
2603.95738056 0.987065568357
2603.9778121 0.992000500031
2603.99824373 0.996597927598
2604.01867516 0.999181746841
2604.0391068 0.993010508357
2604.05953833 1.0031568588
2604.07996986 1.00303938661
2604.1004014 1.01237459468
2604.14126436 0.997580481887
2604.161696 0.989692445599
2604.18212753 0.990177432918
2604.20255896 1.01994112841
2604.2229906 1.00485486389
2604.24342213 1.00828962009
2604.26385356 1.01150110218
2604.28428519 0.99648498807
2604.30471673 0.998486092688
2604.32514816 0.997189152121
2604.34557979 0.993682274805
2604.36601132 1.01606987058
2604.38644296 1.00219907506
2604.40687439 1.00421536503
2604.42730592 0.993574041327
2604.44773755 1.00725079747
2604.48860052 0.994513793451
2604.50903215 0.998223835142
2604.52946358 1.00177413573
2604.54989511 0.989620956416
2604.57032674 1.01731326353
2604.59075817 1.00333123576
2604.63162134 0.999240539971
2604.65205287 1.00864612704
2604.6724844 0.987758117565
2604.69291593 1.01956699428
2604.71334746 0.993449692294
2604.73377909 0.991570520548
2604.75421052 1.00145817648
2604.77464205 0.996222490042
2604.79507368 1.00675215703
2604.81550511 0.988591458411
2604.83593664 0.994639843392
2604.85636827 1.01557765978
2604.8767997 0.997539891624
2604.89723123 0.995346422764
2604.91766276 1.00240008504
2604.93809429 1.00875716825
2604.95852592 1.01603748637
2604.97895735 1.00274984666
2604.99938888 1.01260540837
2605.01982051 1.00431938254
2605.04025194 0.992830678017
2605.06068347 0.995959969079
2605.0811151 0.987603492224
2605.12197806 0.998831709034
2605.14240969 0.998416493218
2605.16284122 1.0222927638
2605.18327265 1.01877787072
2605.2241358 0.998122932406
2605.24456723 0.99902712016
2605.26499886 1.00973994479
2605.28543039 0.990486737112
2605.40801956 0.998353461331
2605.42845119 1.01996238798
2605.44888262 0.998886996944
2605.46931414 0.998644628222
2605.48974577 1.01618382964
2605.5101772 1.01919358071
2605.53060873 0.993708840432
2605.57147188 0.99166374238
2605.61233494 0.990722439609
2605.63276637 1.01194529423
2605.65319799 0.993575689494
2605.67362952 0.993368878786
2605.69406095 1.01454594141
2605.71449257 0.997287125754
2605.7349241 1.00489551394
2605.75535553 0.996706007877
2605.91880784 1.01438104897
2605.93923947 1.0025379453
2605.9596709 1.0058251158
2605.98010242 1.00259341787
2606.20484931 0.99593258752
2606.22528083 0.99140944215
2606.24571236 1.00773006471
2606.26614388 1.02512627011
2606.28657541 0.985214359757
2606.30700693 1.00445543014
2606.32743846 0.998493357678
2606.34786998 0.998985807419
2606.36830151 0.996484188221
2606.38873293 0.987733791975
2606.40916456 0.996723286424
2606.42959608 0.990145887249
2606.45002771 0.999764110302
2606.49089066 1.00883947299
2606.51132228 0.996841815132
2606.53175371 0.996068503665
2606.55218523 1.02186380885
2606.59304828 0.989395135153
2606.61347981 1.0050988789
2606.63391143 1.00899453922
2606.65434295 1.00208201208
2606.67477438 1.00812137924
2606.695206 1.0037526818
2606.71563753 0.990525128945
2606.73606905 0.991863241983
2606.75650058 0.993652014416
2606.7769321 0.985443776704
2606.79736372 0.994435371372
2606.85865829 1.00682504262
2606.87908972 0.999003832287
2606.89952124 1.00101336613
2606.91995287 0.995301225999
2606.94038429 0.992705663375
2606.96081581 0.99860273158
2606.98124744 1.01500243535
2607.00167886 0.987920017011
2607.02211048 0.977906329393
2607.10383648 1.00331538502
2607.124268 1.00448380278
2607.14469962 1.01905074961
2607.16513114 1.01151872566
2607.18556257 0.995729312121
2607.20599419 1.00111984383
2607.22642571 0.997316705526
2607.24685714 1.00537766337
2607.36944647 1.00717640068
2607.38987789 0.999792754176
2607.41030942 0.990427033399
2607.43074104 1.00621554757
2607.45117246 1.01065187264
2607.47160398 0.991912802377
2607.49203561 0.999442291208
2607.51246703 1.00609669709
2607.59419322 0.995310933743
2607.61462474 1.01570790453
2607.63505626 1.00525799117
2607.65548778 0.997327121092
2607.6759193 0.988698232979
2607.69635083 1.00332018661
2607.88023462 0.991295153525
2607.90066604 0.974890251854
2607.92109756 1.00522708052
2607.94152919 1.00008083378
2607.96196061 0.989659688174
2607.98239213 0.998408824504
2608.00282375 0.98998657349
2608.10498135 0.992381503775
2608.12541288 0.989592025586
2608.1458444 0.994800525705
2608.16627592 0.999315621726
2608.26843352 1.00398623778
2608.30929656 1.00408263517
2608.3501597 0.993196299311
2608.37059113 0.990850749615
2608.47274883 1.00789298215
2608.49318025 0.996348685903
2608.51361187 1.00253150772
2608.55447481 0.994481031445
2608.57490643 1.0077728424
2608.59533785 1.00675192886
2608.61576947 1.01362506024
2608.63620099 0.987836769581
2608.65663251 0.97938180745
2608.67706403 0.999915086826
2608.69749555 1.00768037813
2608.71792707 1.0089808257
2608.73835859 0.995675432238
2608.82008467 0.988951139891
2608.84051619 1.00287203043
2608.86094781 1.00365414058
2608.88137923 1.0098060557
2608.90181085 0.997850542321
2608.92224237 1.00756069182
2608.94267379 1.00583118649
2608.96310541 1.00049005883
2608.98353693 0.994500339485
2609.00396835 0.997869683945
2609.04483149 0.982958384562
2609.06526291 1.00145086913
2609.08569453 1.00286841637
2609.10612605 0.986176291592
2609.18785213 1.00575279651
2609.20828364 0.999312199874
2609.22871516 1.01322637314
2609.24914668 0.99657334017
2609.29000972 1.00191036784
2609.31044124 1.00005956231
2609.33087276 0.991650390144
2609.35130428 0.994817941863
2609.3717359 1.00562835397
2609.39216732 1.00651963941
2609.41259894 0.999857564687
2609.43303046 1.00040113984
2609.45346188 0.995137750322
2609.4738935 0.999135948354
2609.55561957 0.973932697966
2609.59648261 1.00026727844
2609.61691413 1.01212750121
2609.63734565 0.993691379495
2609.65777717 0.994217909526
2609.67820869 1.02743462724
2609.69864031 1.00567696088
2609.71907173 0.989432377658
2609.78036638 0.991061516649
2609.8007978 0.999447458736
2609.82122942 1.00084079354
2609.84166094 0.987676768833
2609.86209236 1.01303755857
2609.88252398 0.99162335682
2609.9029554 1.00030967601
2609.92338702 0.993148304041
2609.94381854 0.991683122687
2609.96424995 1.00252784525
2610.06640765 1.02236562731
2610.08683907 0.994112070666
2610.10727069 0.995377838457
2610.1277022 1.00376756643
2610.14813362 0.999392564448
2610.16856524 1.01070250949
2610.18899676 0.988403834844
2610.20942838 1.01272896362
2610.2298598 0.997765919183
2610.27072294 1.00402009738
2610.29115436 0.996938692253
2610.31158587 1.01326837937
2610.33201749 0.999785855557
2610.35244901 0.98871527452
2610.37288043 1.00181687558
2610.39331205 0.977733314104
2610.41374357 0.998591213731
2610.43417519 0.999651193601
2610.45460661 1.00513418187
2610.47503812 0.990922047945
2610.51590116 0.999389960928
2610.59762724 1.01197998982
2610.61805875 0.988756511405
2610.63849027 1.0026934376
2610.65892189 0.990408837947
2610.67935331 1.00620000127
2610.69978483 0.990838933044
2610.781511 1.00423685241
2610.80194242 1.02655070431
2610.82237394 0.994185877623
2610.84280556 1.01140407096
2610.86323708 1.00218847138
2610.8836685 0.990190604961
2610.90410012 0.988346283553
2611.06755237 1.01795729784
2611.08798378 1.00579371812
2611.1084153 1.01325730651
2611.12884692 0.995479656989
2611.14927834 0.998158614681
2611.16970996 0.999001198821
2611.19014148 0.996585851204
2611.27186755 1.01187404111
2611.29229907 0.998646542157
2611.31273049 1.00613737597
2611.33316211 1.00297506897
2611.35359363 0.996107955909
2611.37402515 1.00077945682
2611.39445667 0.989784471703
2611.41488818 1.01306229725
2611.4353197 1.00387943537
2611.51704588 0.990942661014
2611.5374773 0.988355505397
2611.55790882 1.00455491337
2611.57834044 0.996101349735
2611.59877185 0.988383237548
2611.61920347 1.00824855737
2611.63963499 1.00911398411
2611.66006641 1.02176772491
2611.68049803 1.009890651
2611.76222411 1.00475887968
2611.78265552 1.00737856105
2611.80308714 0.996655779534
2611.82351866 1.01816289287
2611.84395018 1.00721647862
2611.8643817 0.993389889934
2611.88481322 1.01056298103
2611.90524484 0.991365332198
2611.92567626 1.00217964842
2611.94610778 1.00460635616
2612.00740233 1.00863021168
2612.02783395 0.998098126668
2612.06869689 0.994249165415
2612.08912851 0.990039613675
2612.10955993 0.997083381302
2612.12999155 0.998978430599
2612.15042307 1.00446362956
2612.17085449 0.984468847903
2612.19128611 0.993226450159
2612.23214905 0.995780484256
2612.25258067 0.998555463716
2612.27301219 1.00708127925
2612.29344361 0.994263612767
2612.31387522 0.996561323693
2612.33430674 0.995284100697
2612.35473836 1.00746960386
2612.37516978 0.993183798611
2612.3956013 1.00741456807
2612.41603292 1.00044773982
2612.43646434 0.996386690935
2612.47732748 0.993888637734
2612.497759 0.991795915578
2612.51819042 0.987417691923
2612.53862204 0.994071350562
2612.55905356 0.99191454819
2612.57948508 1.01336055429
2612.5999166 0.992458205377
2612.62034812 1.0025507393
2612.78380028 0.986992129515
2612.8042319 1.00183434227
2612.82466332 1.00293821201
2612.84509484 0.997375561429
2612.86552646 1.00302678652
2612.88595788 1.0057622778
2613.008547 0.998790655557
2613.02897862 1.00582373417
2613.04941014 0.998743584626
2613.06984166 1.00753334776
2613.09027318 1.01392342856
2613.1107047 1.00446693479
2613.13113622 1.00927561062
2613.15156784 1.00031836073
2613.17199926 0.995509490387
2613.19243078 0.987102088966
2613.2128624 0.984627352206
2613.23329382 1.00427033097
2613.25372545 0.998806966813
2613.27415697 1.0166901902
2613.29458839 1.00321197801
2613.31502001 1.01029920969
2613.33545153 1.00833026315
2613.35588295 0.970218790878
2613.51933522 0.980362211045
2613.53976674 0.999207387725
2613.56019826 0.994144520882
2613.58062978 0.995193713364
2613.6010613 0.994882874053
2613.62149282 0.987664758058
2613.66235597 1.0015318874
2613.70321901 1.00234897264
2613.72365053 1.00289645746
2613.74408195 1.00328702075
2613.76451357 0.99973500485
2613.7849451 1.00507201627
2613.80537652 0.992378415513
2613.82580814 1.00032780499
2613.84623966 0.988202082368
2614.00969184 0.997310979964
2614.03012336 0.992170941052
2614.05055488 1.0119356064
2614.0709864 0.996881055201
2614.09141792 1.01358961273
2614.11184955 0.997940587191
2614.13228097 0.98451522632
2614.23443868 0.991401478498
2614.27530173 1.01156965341
2614.29573325 1.00928799602
2614.31616467 1.01861981714
2614.3365963 1.01237271194
2614.35702782 0.991232820466
2614.37745944 1.00770108011
2614.39789086 0.99483816222
2614.43875401 1.00873322382
2614.45918543 0.999352195653
2614.47961696 0.989709114912
2614.50004858 0.995305848352
2614.52048 1.00214431281
2614.54091153 1.00056373231
2614.58177457 0.987362393042
2614.6022062 0.985422130871
2614.72479534 1.00181609324
2614.74522686 0.999328942681
2614.76565839 1.00232393536
2614.78608991 0.998015156815
2614.80652143 1.00235645839
2614.82695296 0.992566649672
2614.84738448 1.01172306086
2614.9495422 1.01119052833
2614.96997363 1.01255205747
2614.99040515 0.998765879906
2615.01083678 0.989738082379
2615.0312682 0.994729215501
2615.05169983 0.998206113276
2615.07213135 1.00435743238
2615.09256278 1.00406046703
2615.1129944 1.01131629442
2615.13342592 0.996237618735
2615.17428897 0.994964674049
2615.1947205 0.991585168511
2615.21515202 1.00011674018
2615.23558355 0.988492979205
2615.25601508 1.01734934877
2615.2764467 0.997530879146
2615.29687813 0.99380065354
2615.31730965 1.00030473829
2615.33774128 1.01130629553
2615.3581728 1.00001253712
2615.37860423 1.00631669711
2615.41946738 1.0076365482
2615.4398988 0.997802945976
2615.46033043 1.00837745366
2615.48076196 0.991112162536
2615.50119348 0.996529413118
2615.52162501 1.00311508816
2615.54205643 1.0067005162
2615.56248806 0.986426122651
2615.72594037 0.987029207003
2615.7463718 1.00691703774
2615.78723495 1.00364301955
2615.80766638 0.991185483367
2615.99155023 1.00312962976
2616.01198185 1.00124392056
2616.03241328 1.00652645367
2616.05284481 1.00383619445
2616.07327644 0.989112312314
2616.09370786 0.986237023512
2616.11413939 1.00131565252
2616.15500245 0.98738220777
2616.17543408 0.999043310197
2616.1958655 1.00333190512
2616.21629703 0.980636404047
2616.23672866 1.00288853579
2616.25716009 1.00018403715
2616.27759162 1.00571129704
2616.29802325 1.00976354251
2616.31845468 0.986900042288
2616.3388863 1.00406579385
2616.42061242 1.00486289806
2616.44104395 0.996384644585
2616.46147548 0.996218808037
2616.48190701 1.02448960063
2616.50233854 0.991489516969
2616.52277017 0.997006678715
2616.5432016 0.999533440745
2616.70665393 0.999823146298
2616.72708537 0.999686822703
2616.747517 1.00669971328
2616.76794853 1.00140481974
2616.78838006 0.999021651102
2616.80881159 1.01526775215
2616.82924312 1.012178501
2616.91096924 1.0065596038
2616.93140077 0.99638073634
2616.9518323 0.994731709192
2616.97226383 0.998569429131
2616.99269537 1.0002193612
2617.013127 0.993254233006
2617.03355843 1.00496394116
2617.05398996 1.00302150835
2617.07442159 1.01399225227
2617.09485312 1.01119369739
2617.13571619 1.00350995074
2617.15614772 0.98961801068
2617.17657915 0.990622227754
2617.19701078 1.00953590707
2617.21744231 0.989858606792
2617.44218917 1.01652395422
2617.46262081 0.999899262854
2617.48305234 1.00292019451
2617.50348377 1.01446336479
2617.52391541 0.995689497265
2617.54434694 0.991412773245
2617.68736768 1.00558390156
2617.70779921 0.990745474909
2617.72823075 0.986252608168
2617.74866238 1.00835566259
2617.76909382 0.99307175836
2617.9325462 0.986890750479
2617.95297763 0.997562815252
2617.97340927 0.991903532647
2617.9938408 0.998640675093
2618.01427234 1.0106839678
2618.05513541 0.995656096833
2618.07556705 1.02159815527
2618.09599848 1.01233179285
2618.11643002 0.991883576872
2618.13686166 1.00858849327
2618.15729319 1.00892056232
2618.17772463 0.986100278346
2618.19815627 1.0088693973
2618.2185878 0.99936479544
2618.23901924 0.99853994646
2618.25945088 0.995275983857
2618.27988231 0.96812943032
2618.30031395 0.993740667372
2618.32074549 1.01291587178
2618.36160856 1.01129221527
2618.3820401 1.00627928807
2618.40247154 0.989950677464
2618.42290318 0.998166885249
2618.44333471 1.00376391635
2618.46376615 0.99588682511
2618.66808164 0.999756770409
2618.68851318 1.00098904227
2618.70894481 1.01115584488
2618.72937635 0.997745313822
2618.74980789 0.993140549091
2618.77023943 1.00212689041
2618.79067097 0.994423125341
2618.87239723 0.998231872731
2618.89282867 1.01186018677
2618.91326021 1.00222530147
2618.93369175 1.01752367441
2618.95412329 0.998727860551
2618.97455493 1.00956883609
2618.99498637 1.00339152795
2619.01541791 0.98333029075
2619.03584956 1.00278902475
2619.056281 1.0289375411
2619.09714418 0.987588900311
2619.11757562 1.00412857827
2619.13800726 0.988239815889
2619.19930189 0.967763476637
2619.21973343 1.00191834955
2619.24016497 0.996437278323
2619.26059651 0.992002839624
2619.38318587 0.999890410084
2619.40361731 0.989710332367
2619.42404895 1.00124589985
2619.4444805 1.0001521984
2619.46491194 1.00990209126
2619.48534358 1.00323603525
2619.50577513 0.991602001214
2619.52620657 1.00129649408
2619.60793285 1.0045427126
2619.62836439 0.998804804268
2619.64879593 1.00938814239
2619.66922748 0.99455910769
2619.68965892 0.998377687374
2619.71009057 1.00584899422
2619.73052211 0.989450033915
2619.75095356 0.97795753006
2619.87354303 0.996278473157
2619.89397458 0.989236486338
2619.91440602 1.00722270924
2619.93483767 0.996933302967
2619.95526921 1.00509262936
2619.97570066 0.999570993682
2620.13915313 0.984742957873
2620.15958478 1.00422616686
2620.18001623 0.988524596337
2620.20044788 1.00397862661
2620.22087942 1.01325499399
2620.24131087 1.01093355682
2620.26174252 0.997751055021
2620.28217407 1.01488858871
2620.30260552 0.997190981803
2620.32303716 1.01253174046
2620.34346871 1.00041770781
2620.36390026 0.989953977714
2620.38433181 0.997701849586
2620.40476336 0.99106594394
2620.42519491 1.00754389449
2620.44562646 0.996457597348
2620.46605801 0.981758338889
2620.6295104 1.00723310736
2620.64994205 1.00044845897
2620.67037361 1.01460622966
2620.69080506 1.00095678329
2620.71123671 0.992938203452
2620.87468922 1.00829750597
2620.89512067 0.999209736859
2620.91555222 1.01404291584
2620.93598387 0.994065878392
2620.95641533 1.00211363529
2620.97684688 0.977317389753
2620.99727853 1.00103588914
2621.07900464 0.989961518243
2621.0994363 1.01170454341
2621.11986785 0.997699549694
2621.1402993 0.995664547597
2621.16073096 1.0101556876
2621.18116251 0.991419044218
2621.20159397 1.01007636848
2621.22202562 0.987655251864
2621.34461495 0.995357692493
2621.3650465 0.99173302854
2621.38547816 1.00243949001
2621.40590961 1.0046761364
2621.42634117 1.00042717497
2621.46720428 0.986634803047
2621.48763594 1.01140017348
2621.50806749 0.983548272493
2621.54893061 0.990090326822
2621.56936216 1.0088964935
2621.58979372 1.00419641434
2621.61022528 1.01396495566
2621.63065683 1.00338804181
2621.65108839 1.01335376961
2621.67152005 0.998232378329
2621.6919515 1.0018838973
2621.71238306 0.985358086244
2621.83497251 0.994706034947
2621.85540397 1.00194287176
2621.87583563 1.00271436926
2621.89626719 0.988552061015
2621.91669864 0.98433962969
2621.9371303 1.0022267949
2621.95756186 0.985499088012
2622.08015122 0.999773330617
2622.10058288 1.00023256734
2622.12101434 1.01079593111
2622.1414459 0.995849929701
2622.16187756 0.993952863656
2622.18230903 0.996261367174
2622.20274059 1.00433549704
2622.22317225 1.01568413637
2622.24360381 1.0003213073
2622.28446693 1.00228053338
2622.30489849 1.00244631048
2622.32533006 1.00171775267
2622.34576162 0.986763220824
2622.36619318 0.995352427262
2622.38662474 0.984974688227
2622.40705631 0.988726551912
2622.42748777 0.99272039575
2622.44791943 0.99769501349
2622.46835099 0.973224969952
2622.55007735 0.999567334691
2622.57050881 0.991981267171
2622.59094038 1.00719426621
2622.61137204 1.00396377813
2622.6318035 0.99247929205
2622.65223507 0.998739032428
2622.67266673 1.00047351451
2622.6930982 0.988730199521
2622.81568769 1.0076632358
2622.83611926 1.01529793678
2622.85655082 1.00483242019
2622.87698249 1.00099127077
2622.89741405 0.995265004508
2622.91784552 1.00142035528
2623.06086659 1.00418465136
2623.12216129 1.00854378487
2623.14259286 1.0092833934
2623.183456 1.01025615013
2623.20388747 1.01027077
2623.28561385 1.00727864681
2623.30604542 0.998548165243
2623.32647708 1.01061463493
2623.34690855 0.996219498708
2623.36734012 0.993963420649
2623.3877718 0.995197576958
2623.40820327 1.0028819545
2623.42863484 1.01154386499
2623.44906651 0.996451917772
2623.46949808 1.00066485218
2623.51036122 1.01080485035
2623.53079279 0.99857895572
2623.55122446 1.00897389986
2623.57165594 0.998399440395
2623.59208751 0.991313209638
2623.61251918 0.989190606403
2623.63295065 1.00362673313
2623.65338222 1.00930495033
2623.6738139 0.989712342578
2623.69424537 0.99240749291
2623.77597176 0.99201931699
2623.79640324 1.00990313962
2623.81683481 0.998853798752
2623.83726648 0.997369800022
2623.85769796 0.989673143633
2623.87812953 1.02022178748
2623.89856121 0.999144427751
2623.91899278 1.0114717808
2623.93942436 0.999749993539
2623.95985593 1.01744880029
2624.00071908 1.00180360159
2624.02115066 0.991035228714
2624.04158223 0.993884663081
2624.06201391 0.992904504991
2624.08244538 1.00557519509
2624.10287706 1.01906296443
2624.12330864 0.994765837929
2624.14374011 1.00875382938
2624.16417179 1.00504688722
2624.18460337 0.996153186288
2624.20503484 1.00822549438
2624.2458981 1.0083811218
2624.26632958 1.00480588709
2624.28676125 0.998990598991
2624.30719283 0.9991689455
2624.32762451 1.00344515437
2624.34805599 1.00684526259
2624.36848757 0.993105426167
2624.38891925 0.997398846268
2624.40935073 1.00114352127
2624.4297823 0.993371891321
2624.45021388 0.997864387222
2624.49107714 0.996989664348
2624.51150862 1.00687833984
2624.5319402 1.00941409685
2624.55237188 0.998805105974
2624.59323494 0.983938835702
2624.61366662 0.995127086947
2624.63409821 0.996738028706
2624.79755086 1.00155778446
2624.81798244 1.00379478321
2624.83841412 0.990341331204
2624.85884561 0.996549341734
2624.87927719 0.994542447996
2624.89970887 1.00258972192
2624.92014036 0.999902785638
2624.94057204 0.999647723516
2624.98143511 0.995081765497
2625.00186679 0.998106128308
2625.02229838 1.00388718315
2625.04272986 1.00174925929
2625.06316155 1.02252606446
2625.08359313 1.00300572836
2625.10402482 0.989668838028
2625.1244563 0.99604281196
2625.14488789 1.00155554228
2625.16531947 0.99844615923
2625.18575106 1.0016534682
2625.22661423 0.98937944933
2625.24704582 1.00364680296
2625.2674774 0.988875495055
2625.28790909 1.00189008072
2625.30834058 0.992606163896
2625.32877226 1.00942761183
2625.34920385 0.993784992726
2625.36963534 0.998124146793
2625.53308815 0.985615493379
2625.55351984 1.01326757609
2625.57395133 1.0125138809
2625.59438292 0.989109587129
2625.61481461 1.00074133506
2625.79869892 1.00016509776
2625.81913051 1.00373218795
2625.83956211 1.00341221929
2625.8599937 1.00555743122
2625.88042529 1.02297905556
2625.90085688 0.983946497935
2625.92128848 1.0043872018
2625.96215166 0.995389151157
2625.98258326 0.992501183727
2626.00301495 1.02817645061
2626.02344644 0.989927818372
2626.04387804 0.989488118436
2626.06430973 1.00318008041
2626.08474123 1.00164136526
2626.10517292 0.997290606413
2626.12560452 0.991402840392
2626.14603601 0.99308181773
2626.16646771 1.00434097897
2626.2073308 0.976995969175
2626.22776249 0.999770486274
2626.24819409 1.00004869252
2626.26862569 1.00219839542
2626.28905728 1.00720128895
2626.30948888 0.995783238655
2626.32992058 1.00624749975
2626.35035207 0.995616345191
2626.37078367 1.00319874604
2626.39121537 0.987336492572
2626.41164697 0.990966486204
2626.45251016 1.0024878199
2626.47294176 0.986661174362
2626.49337336 0.99906790684
2626.51380496 0.994206338922
2626.53423656 0.980893493494
2626.55466815 0.992763726333
2626.57509975 1.00708344555
2626.61596295 0.992662920742
2626.63639455 0.997350831133
2626.65682605 0.993592808993
2626.69768935 0.987630184921
2626.71812105 1.00223785248
2626.73855256 0.980697056812
2626.75898416 1.00672861428
2626.77941586 1.01493071767
2626.79984736 0.991462287961
2626.82027896 1.00060467081
2626.84071066 0.987142505742
2626.86114217 1.00007068123
2626.88157387 0.978541848209
2626.90200547 1.00064042144
2626.94286868 0.991321833128
2626.96330028 1.01288858624
2626.98373188 1.00546987517
2627.00416349 1.01560300132
2627.02459509 1.01214773386
2627.0450267 1.00785972956
2627.0654583 1.00090538369
2627.0858899 0.978233920323
2627.10632161 1.00137367611
2627.12675321 0.992505740823
2627.14718472 0.995708130142
2627.18804793 1.00132937288
2627.20847954 0.987479487827
2627.22891124 0.999521651721
2627.24934285 0.989331427491
2627.26977445 1.01081836461
2627.29020606 0.987230280873
2627.31063757 0.997493641225
2627.33106928 0.988070145185
2627.49452224 1.000432583
2627.51495375 1.00561785657
2627.53538536 0.974828066229
2627.55581707 1.01097008055
2627.57624868 1.00026238492
2627.59668019 0.996173859599
2627.6171119 0.996102253142
2627.69883834 0.98380405164
2627.71927005 1.01206283947
2627.73970156 0.997448935025
2627.76013317 1.00873389481
2627.78056489 1.00931318408
2627.8009964 0.998266092531
2627.82142801 1.00638044656
2627.88272295 1.01087071771
2627.90315456 0.999656220811
2627.92358608 0.984292035843
2627.94401779 0.996581268967
2627.9644493 1.00906654363
2627.98488092 1.01097272796
2628.00531263 1.00775720397
2628.02574415 1.00304837387
2628.04617586 1.01484711612
2628.06660748 1.00590256286
2628.08703899 1.00019955339
2628.20962879 0.994546047313
2628.23006041 0.992509921188
2628.25049202 1.00539065909
2628.27092374 1.00657503442
2628.29135536 1.00430870296
2628.31178687 1.00798769607
2628.33221859 1.00913505566
2628.35265021 1.01462848532
2628.37308173 0.99009368867
2628.41394507 0.997919736528
2628.43437679 1.0044780672
2628.45480831 1.00598243376
2628.47523992 0.998468856944
2628.49567164 0.997392049772
2628.51610316 0.999218985204
2628.53653478 1.0068882935
2628.55696641 1.00052890526
2628.57739803 1.01120831998
2628.59782965 0.992933230219
2628.61826127 0.981542036476
2628.65912461 0.999776503549
2628.67955613 0.996489742141
2628.69998776 0.984097542291
2628.72041948 0.989754087538
2628.740851 1.00498880601
2628.76128262 0.999788869139
2628.78171435 1.00306062481
2628.80214597 0.997828639361
2628.82257759 1.00386726842
2628.84300922 0.983367122548
2628.92473571 1.01603949713
2628.94516744 1.00359433788
2628.96559896 0.995510959992
2628.98603059 0.98910084125
2629.00646232 0.99805327552
2629.02689384 1.00984427971
2629.04732557 0.995564143435
2629.06775719 0.979339719347
2629.08818872 0.998531107549
2629.10862045 0.995354018439
2629.1494836 1.01345259239
2629.16991533 1.00347969107
2629.19034696 0.980556645496
2629.21077848 1.00654508974
2629.23121021 1.00401219575
2629.25164184 0.990794634202
2629.27207357 1.00489857664
2629.2925051 1.01040481317
2629.31293673 0.983792661532
2629.33336836 0.992697427719
2629.41509488 0.99166219398
2629.43552661 0.999119652477
2629.45595824 0.998814496453
2629.47638977 0.9937684707
2629.4968215 0.985284024893
2629.51725313 1.02637311395
2629.53768467 0.992700031871
2629.5581164 1.00790354725
2629.57854803 1.00374794954
2629.66027466 0.99814118504
2629.6807062 1.01329759005
2629.70113783 0.999631661831
2629.72156956 0.997692927904
2629.7420011 1.00964196306
2629.76243273 0.989541669382
2629.78286447 1.01918824093
2629.803296 1.01521970669
2629.82372774 1.00182013651
2629.84415937 0.99819707335
2629.88502264 1.0146876243
2629.90545428 1.01146713531
2629.94631755 1.01005366676
2629.96674919 1.01107590014
2629.98718083 1.00477119137
2630.00761247 0.992327433691
2630.0280441 0.991470440935
2630.04847574 0.98719300801
2630.06890738 0.994617697385
2630.08933902 0.989039261849
2630.1302023 1.00601137218
2630.15063394 0.997219759355
2630.17106568 1.00621270959
2630.19149721 0.994850410741
2630.21192895 0.998662272247
2630.2323606 1.00568321296
2630.25279214 1.00723204247
2630.27322388 0.994794173067
2630.29365552 1.00157905921
2630.31408706 1.00654356359
2630.3345188 1.00029168517
2630.37538198 1.01045890108
2630.39581373 0.996792604013
2630.41624537 1.00870324366
2630.43667711 1.00956250617
2630.45710865 1.00874912786
2630.4775403 1.001706445
2630.49797204 1.01126222824
2630.51840359 0.99228873136
2630.53883523 0.989926692821
2630.55926697 0.987099132256
2630.57969862 0.998299065762
2630.62056191 1.0102055894
2630.64099355 1.0115380013
2630.6614252 1.00709870322
2630.68185684 0.994184808434
2630.70228839 0.997339552138
2630.72272014 0.999079370702
2630.74315178 0.992600887462
2630.76358333 1.00782485874
2630.78401508 0.994744690843
2630.80444673 0.987898686995
2630.88617342 1.00271333199
2630.90660497 0.989908632319
2630.92703662 0.994762893091
2630.94746836 0.987684656712
2630.96789991 0.982284751654
2630.98833166 1.00072486157
2631.00876331 1.00625559814
2631.02919486 1.00188545108
2631.07005827 0.989272120033
2631.11092157 1.0065822206
2631.13135322 1.00773211384
2631.15178497 1.0004170582
2631.17221652 1.02138943296
2631.19264818 1.01015027733
2631.21307993 0.995157936975
2631.25394313 0.992753194813
2631.27437489 0.995830544739
2631.29480654 0.979423218242
2631.31523809 1.00783988383
2631.3561014 1.01262082855
2631.37653316 1.00455086871
2631.39696481 0.992346439779
2631.41739637 0.993422010267
2631.43782812 0.982204104994
2631.45825978 0.998124266947
2631.47869134 0.97445061003
2631.49912309 0.990875529431
2631.51955475 0.999275533069
2631.64214469 0.991904630365
2631.66257645 0.993168330032
2631.68300801 1.01098506428
2631.72387143 1.00872131399
2631.74430299 1.00511076215
2631.76473475 0.982092569188
2631.78516641 1.01204705023
2631.80559807 0.990205349285
2631.82602973 1.01019584559
2631.84646139 1.00915340713
2631.86689305 1.00847663334
2631.88732471 1.00524135384
2631.90775637 0.994927755844
2631.92818814 1.01680120519
2631.9486198 0.995628921416
2631.96905136 1.0008952092
2631.98948312 0.990951060292
2632.03034635 0.986430850906
2632.05077811 0.978070061655
2632.09164134 0.999876923353
2632.11207311 1.00040536719
2632.13250467 1.00413320213
2632.15293644 0.986558700322
2632.1733681 0.997241946331
2632.19379967 0.991711982197
2632.2346631 1.00117066464
2632.25509467 1.00808383666
2632.27552643 0.998264611589
2632.2959581 1.00302289919
2632.33682143 1.00795194539
2632.3572531 0.987704195803
2632.37768487 1.01374878933
2632.39811644 0.995979625553
2632.41854811 0.994364544601
2632.43897987 0.998726492491
2632.45941154 0.991456334527
2632.47984311 0.992859691396
2632.50027488 1.00862068495
2632.52070655 1.00367608202
2632.54113822 1.00490537241
2632.58200156 1.01088335036
2632.60243334 0.996532470421
2632.62286491 0.990096433099
2632.64329658 0.988667534514
2632.66372835 1.01539160267
2632.68415992 1.01048418072
2632.70459169 1.00027384524
2632.72502327 1.00058118574
2632.74545494 0.994355010062
2632.76588671 1.01325982459
2632.78631829 0.989461678196
2632.82718174 1.02133564681
2632.84761331 1.0162010509
2632.86804498 0.98620397674
2632.88847676 0.987178943952
2632.90890833 0.986084913884
2632.92934011 0.996789963878
2632.94977179 0.996535789012
2632.97020336 0.983808456926
2633.1132253 1.00707627162
2633.13365688 1.00504194887
2633.15408866 1.00324033178
2633.17452034 1.00695135527
2633.19495192 0.998793264739
2633.2153837 1.01525906228
2633.23581538 1.00944728957
2633.25624696 0.998853338672
2633.27667874 0.997572862605
2633.3175421 1.0064640037
2633.33797378 0.987869261403
2633.35840546 1.02831880342
2633.37883714 0.992259521179
2633.39926883 1.01938285954
2633.41970051 1.00006358773
2633.44013219 0.995606345656
2633.46056388 1.00006675633
2633.48099566 0.992268369829
2633.60358576 0.993832436046
2633.62401745 1.01008904321
2633.64444904 1.0008109021
2633.66488082 0.999791535355
2633.68531251 1.00754284809
2633.70574419 1.00162725972
2633.72617588 0.996748744935
2633.74660757 1.01644969031
2633.76703926 1.00310292446
2633.80790263 0.994092045167
2633.82833442 1.01341295816
2633.84876601 1.00152348019
2633.8691978 0.997105125739
2633.88962949 0.991308087827
2633.91006107 0.997901620317
2633.93049286 1.00941924028
2633.95092455 0.987736838194
2633.97135615 0.998528893456
2633.99178794 1.0047494169
2634.01221963 0.992411434069
2634.05308301 0.99709900304
2634.0735147 0.995863727438
2634.09394639 0.982455134885
2634.11437809 0.999868490139
2634.13480968 1.00765187966
2634.15524147 1.00086743712
2634.17567316 0.998476183988
2634.19610486 1.00010859782
2634.21653655 0.993430787179
2634.23696825 0.996506542925
2634.25740004 1.00054953102
2634.29826333 1.00546365627
2634.31869513 0.994751812035
2634.33912682 0.986567780789
2634.35955842 0.999557476541
2634.37999021 1.00195272038
2634.40042191 1.01981308109
2634.42085361 1.01115945626
2634.4412853 1.01671046949
2634.461717 1.01572196375
2634.4821488 1.0015589186
2634.5025804 1.00504993368
2634.5434439 1.00229566794
2634.56387549 0.993105404543
2634.58430719 0.992801020758
2634.60473899 1.00629076671
2634.62517059 1.01791008946
2634.64560239 0.996595357053
2634.66603409 0.996306566003
2634.68646569 0.99160286429
2634.7068975 1.01783728526
2634.7273291 0.993904866291
2634.7477608 0.990498160587
2634.7886242 1.00458333658
2634.80905601 0.993371139396
2634.82948771 0.999023014882
2634.84991941 0.990384013073
2634.87035112 1.00792753793
2634.89078282 1.00883696263
2634.91121452 1.0071893671
2634.93164623 0.990331319532
2634.95207793 1.0135718938
2634.97250964 1.02106005447
2634.99294144 0.986541264284
2635.03380486 0.992249821097
2635.05423656 1.01718406946
2635.07466817 1.00533935594
2635.09509998 1.01392421435
2635.11553168 1.00903646166
2635.13596329 1.01317156379
2635.1563951 1.00193152768
2635.17682681 0.990721193472
2635.19725861 1.0099906618
2635.21769022 0.992545901464
2635.29941706 1.01096424959
2635.31984887 0.999934553384
2635.34028048 0.98782957521
2635.36071219 1.00025418451
2635.381144 0.991590498198
2635.40157562 0.991253310454
2635.42200743 0.98839726326
2635.58546113 1.01904155609
2635.60589285 0.999110905432
2635.62632456 0.997707455548
2635.64675638 1.01717206386
2635.667188 1.00091721152
2635.68761971 1.01159307826
2635.70805153 1.01689834235
2635.72848314 1.01799796074
2635.76934668 1.00552068563
2635.7897783 0.985714040036
2635.81021011 1.01004686697
2635.83064183 0.996305559261
2635.85107345 0.998300643569
2635.87150527 0.996447085788
2635.89193699 1.0022849565
2635.91236861 0.991337789891
2635.93280043 0.984912481042
2635.95323215 0.996148398446
2635.97366397 1.00207560778
2636.01452731 0.999832192519
2636.03495913 1.00212927232
2636.05539075 0.994603003278
2636.07582248 1.00390251335
2636.11668592 1.00752387639
2636.13711774 0.996981684136
2636.15754937 1.01300718795
2636.19841291 0.990089546399
2636.28013981 0.996912414207
2636.30057144 0.997342374317
2636.32100327 0.993676835535
2636.34143499 1.01030647488
2636.36186682 0.99434467893
2636.38229844 0.986749650174
2636.40273017 1.00262163068
2636.423162 1.01634725399
2636.54575237 1.0072401525
2636.566184 0.992177764839
2636.58661583 0.999857945851
2636.60704756 0.995370595612
2636.62747919 1.00300586271
2636.64791102 0.995160087908
2636.66834275 0.986978719234
2636.68877459 1.00264649532
2636.70920622 0.996432504446
2636.72963795 0.984229610527
2636.75006968 0.981915301177
2636.77050152 0.990788991735
2636.79093315 0.994941152246
2636.81136488 0.990979884681
2636.83179662 0.994927877483
2636.85222835 0.988070382381
2636.87266019 0.985683886337
2636.89309182 0.990771891086
2637.05654581 1.00366048556
2637.07697765 1.00261993054
2637.09740929 0.992889416382
2637.11784103 0.999467417305
2637.13827287 0.989237046968
2637.15870451 0.989843645581
2637.17913625 1.00380532581
2637.19956809 1.01217490135
2637.24043147 1.02399271204
2637.26086331 1.01162813005
2637.28129505 0.993558107143
2637.30172679 1.00892019329
2637.32215853 0.998882641247
2637.34259028 1.01292774139
2637.36302202 1.00901436567
2637.38345376 0.981125348176
2637.40388551 0.999311887988
2637.42431725 0.999978873005
2637.44474899 0.972536197785
2637.50604423 1.01069474919
2637.52647607 0.997654928098
2637.54690772 1.01338680008
2637.56733946 1.01307273421
2637.58777131 1.01027718657
2637.60820296 1.01384668542
2637.6286348 1.0115602534
