# #0 time, 1 flux
2559.109633 1.00070067154
2559.1300654 0.997122239487
2559.1504978 0.99890244208
2559.1709302 1.00516578944
2559.1913626 1.01046059157
2559.2117951 1.00514174537
2559.2322274 1.00115976312
2559.27309229 0.994748995426
2559.29352459 0.999350106854
2559.31395708 0.999578552883
2559.33438948 1.00037852296
2559.35482177 1.00238917997
2559.39568666 1.00603550553
2559.41611895 0.997166324118
2559.57957817 0.99990681492
2559.60001055 0.995912929642
2559.62044294 0.99885268093
2559.64087532 1.00016553721
2559.66130771 1.00123671882
2559.68174009 0.999876701277
2559.70217248 0.998939588849
2559.72260496 1.00339932476
2559.76346962 1.00453704248
2559.78390211 0.997050703606
2559.80433439 0.997654380755
2559.82476677 1.00288986319
2559.84519925 1.00193370467
2559.86563153 0.986972006042
2559.8860639 0.999765597192
2559.90649638 0.993084449553
2560.06995538 1.00089239636
2560.09038775 0.998128055341
2560.11082012 0.994256608974
2560.1312525 0.997885155798
2560.15168487 1.00165180331
2560.17211724 1.0050966377
2560.29471154 0.999553211428
2560.31514391 1.00272789409
2560.33557617 1.00185792911
2560.35600864 0.994118681492
2560.376441 0.999529364721
2560.39687326 1.0037018976
2560.41730573 0.997322335738
2560.43773799 1.00318764138
2560.45817035 0.997457561877
2560.49903507 0.997304109616
2560.51946743 0.995574881786
2560.53989989 0.999108697449
2560.56033225 1.00084109322
2560.60119696 1.00393780765
2560.62162932 0.994517834344
2560.8055205 0.999489342567
2560.82595295 1.00414277637
2560.8463852 0.998168141758
2560.86681755 0.999958985814
2560.90768225 1.00006828997
2561.05070867 1.0067724769
2561.07114111 0.999202551694
2561.09157345 1.00967656045
2561.1120057 0.998563114986
2561.13243814 0.99863840794
2561.15287038 0.997360851544
2561.17330282 0.996946450737
2561.19373516 1.00240657906
2561.23459984 1.00453859836
2561.25503218 1.00324009685
2561.27546441 0.997186503215
2561.29589685 1.00415650645
2561.31632919 1.00003519431
2561.33676142 0.998157833292
2561.35719386 1.00028529158
2561.37762619 1.00227465357
2561.39805852 0.998433709646
2561.41849086 1.00390793054
2561.50022019 0.999878182684
2561.52065252 0.998908891799
2561.54108494 1.00703220595
2561.56151717 1.00200687005
2561.5819495 1.00393115323
2561.60238193 0.996579675536
2561.62281416 0.996107639451
2561.64324648 1.00201876768
2561.66367891 0.996236478597
2561.74540811 1.0060650789
2561.76584053 0.995830123373
2561.78627285 0.998827736257
2561.80670508 1.00013299886
2561.8271375 1.00098030428
2561.84756982 1.00119274264
2561.86800214 0.998682780996
2562.03146068 1.00190003307
2562.05189289 1.00602803918
2562.07232531 0.998870054295
2562.09275762 0.997474937202
2562.11318983 0.998063503917
2562.13362225 0.999965032733
2562.15405456 1.00353667969
2562.17448677 0.998705624812
2562.21535149 1.00345005885
2562.2357838 1.00089153855
2562.25621611 0.997370200481
2562.27664842 0.999994969039
2562.29708073 1.00523605808
2562.31751303 1.00315281952
2562.33794534 1.00564598817
2562.35837764 0.999004772014
2562.37881005 0.993803348142
2562.50140387 0.998389912568
2562.52183607 1.00019212194
2562.54226847 1.00809908712
2562.56270077 1.00197519301
2562.58313297 0.998142302932
2562.60356537 0.996063782012
2562.62399767 0.995789779817
2562.74659145 1.00032782164
2562.76702364 0.999690917274
2562.78745604 1.00266995207
2562.80788833 1.00338258747
2562.82832052 0.996538072097
2562.84875291 1.00931416801
2563.01221113 0.994850114339
2563.03264351 0.999774962599
2563.0530758 0.995583430159
2563.07350809 0.99905214176
2563.09394037 1.00072449282
2563.11437265 0.997507964672
2563.13480494 1.00156648658
2563.21653417 0.996598238711
2563.23696635 0.997795949186
2563.25739873 1.00193941876
2563.27783101 0.9986577726
2563.29826319 1.00246085896
2563.31869557 1.00367266013
2563.33912784 0.99967530743
2563.35956002 0.999433352191
2563.3799924 1.00640315153
2563.4617214 0.994967888256
2563.48215367 1.00111363476
2563.50258605 1.00462918905
2563.52301822 1.00151307869
2563.54345049 0.992584054641
2563.56388286 0.998379171704
2563.58431513 0.999678212916
2563.6047473 1.00119358855
2563.72734091 1.00580535671
2563.74777328 0.998109043949
2563.76820555 0.998610432854
2563.78863771 1.00086806946
2563.80907008 1.00040208763
2563.82950234 0.997066150075
2563.8499345 0.993797218853
2563.87036687 0.995115541373
2563.95209591 0.998479579782
2563.97252817 0.992833499655
2563.99296043 1.00383781408
2564.01339269 0.993372188338
2564.03382505 0.997527643073
2564.05425731 1.0088403814
2564.07468946 1.00079471451
2564.2381475 0.999545746233
2564.25857975 1.00428250219
2564.2790121 1.00475255361
2564.29944426 1.0020332662
2564.31987651 0.99663737851
2564.34030886 1.00004668203
2564.360741 0.996597013645
2564.38117325 0.997871177898
2564.42203785 1.00293582381
2564.44247 1.0000651876
2564.46290234 1.00213620005
2564.48333459 0.998199764762
2564.50376673 0.998507013038
2564.52419908 0.995403457597
2564.72852149 1.00213640478
2564.74895373 0.999535395086
2564.76938597 0.99843943227
2564.7898182 1.00183273564
2564.81025044 0.996715884754
2564.83068268 0.996293728447
2564.97370831 1.00297816391
2564.99414064 0.997400121386
2565.01457278 1.00119349575
2565.03500501 1.00068978081
2565.05543734 0.998863949419
2565.07586946 1.00346963713
2565.09630169 0.999730704779
2565.11673402 1.00380394147
2565.15759838 0.995073153284
2565.1780307 0.996267188655
2565.19846283 1.00415546989
2565.21889505 1.00013215197
2565.23932738 1.00360285489
2565.2597596 1.00261703168
2565.28019173 0.997490177305
2565.30062405 1.00120531013
2565.32105627 1.00087513252
2565.40278505 1.0045158283
2565.42321737 0.995899269723
2565.44364959 0.999991817898
2565.46408171 0.997556178036
2565.48451403 1.004097786
2565.50494625 0.993699549822
2565.52537836 0.993641746354
2565.54581068 1.00074389785
2565.5662429 0.994053423526
2565.58667511 1.00229070137
2565.66840397 1.00333677848
2565.68883618 0.999373831824
2565.70926849 0.996972697804
2565.7297006 0.996784632067
2565.75013281 0.989852866174
2565.77056502 1.00023691284
2565.79099723 0.998059753251
2565.95445499 1.00410190398
2565.99531929 1.00248149364
2566.0157516 1.00141689678
2566.0361837 1.00225556073
2566.0566159 0.994275359896
2566.0770482 0.999112592626
2566.15877701 1.00133705094
2566.1792091 1.00539316533
2566.1996414 1.00165329784
2566.2200736 0.998421064251
2566.2405057 0.997006206145
2566.26093799 1.0029885769
2566.28137019 0.999881121878
2566.30180229 0.989567507259
2566.32223458 0.994400459789
2566.34266677 1.00141611433
2566.40396335 1.00478348979
2566.42439555 0.999142228651
2566.44482774 1.00296453448
2566.46525993 1.00660209643
2566.48569202 0.998944736759
2566.50612431 1.01034880021
2566.5265565 1.0020032436
2566.69001399 0.998886086552
2566.71044618 1.00412570905
2566.73087846 1.00298181067
2566.75131055 1.00393399887
2566.77174273 0.99856903131
2566.79217501 1.00950964485
2566.81260709 1.00130698675
2566.91476809 1.004466248
2566.93520027 0.997046863231
2566.95563235 1.00004223281
2566.97606463 0.996935485481
2566.9964968 0.997455786191
2567.01692888 0.999185627798
2567.03736116 0.997696177947
2567.05779333 1.00408530724
2567.0782254 1.00253956363
2567.11908985 0.999772478446
2567.13952192 1.00113781868
2567.1599542 0.995940881965
2567.18038637 0.996480293347
2567.20081844 0.997845521808
2567.22125071 0.998701606815
2567.24168278 0.996652302899
2567.26211505 0.994925861817
2567.28254722 0.998817570569
2567.30297929 0.997160381454
2567.32341146 0.989672890885
2567.36427589 0.999001063372
2567.38470796 1.00034956475
2567.40514022 0.998002764925
2567.42557239 1.00074997645
2567.44600455 0.995856414935
2567.46643672 1.00363358438
2567.48686888 1.00590913944
2567.50730114 0.999615241017
2567.52773321 1.0029259377
2567.54816537 0.996778730049
2567.56859763 1.00836676443
2567.60946185 1.00165175986
2567.65032617 0.99824635754
2567.67075833 0.998012865471
2567.69119059 1.00261425379
2567.7320548 1.00362484206
2567.75248706 0.999395001026
2567.77291921 1.00290960148
2567.79335127 1.0017675445
2567.81378352 1.00247968564
2567.83421568 1.00094682132
2567.85464773 0.998556811219
2567.87507998 1.00528313991
2567.89551214 1.00140252327
2567.91594419 1.00095800008
2567.93637644 0.996804852011
2567.95680859 1.0057352775
2567.97724064 0.992522070427
2567.99767289 0.99981650367
2568.01810504 1.00434555051
2568.03853709 0.998821481639
2568.14069783 0.997798032053
2568.16112997 0.996181708128
2568.18156222 1.00267553755
2568.20199436 0.992911389287
2568.22242641 1.00439975139
2568.24285865 0.99682257238
2568.26329079 0.995208418469
2568.38588364 0.997239705836
2568.40631588 0.997096578618
2568.42674792 1.00569189443
2568.44718005 1.00292079597
2568.46761229 0.995826892395
2568.48804433 0.982411141748
2568.61063724 1.00093713783
2568.63106927 1.00022563946
2568.65150151 0.998717633667
2568.67193364 1.00355332178
2568.69236567 1.00577128951
2568.7127979 1.00474832416
2568.73323003 1.0001432863
2568.75366206 0.994145535067
2568.87625483 1.00078091828
2568.89668706 0.998927691828
2568.91711908 0.992410502915
2568.93755121 1.00761785561
2568.95798343 1.00010370935
2568.97841546 0.9947723803
2568.99884758 0.994501367448
2569.0192798 1.00278311548
2569.08057617 1.00009736282
2569.10100829 1.00275193232
2569.12144031 0.994691414715
2569.14187253 0.995085520645
2569.16230465 1.0001180013
2569.18273687 1.00031818305
2569.20316889 1.0024103806
2569.22360101 0.997772862326
2569.24403322 0.992443569368
2569.26446524 0.997008013902
2569.28489736 0.997526323028
2569.32576159 1.0004913796
2569.40749004 1.00223646832
2569.42792225 0.998812187215
2569.44835437 1.00120443028
2569.46878638 0.998699083846
2569.48921859 0.996744516653
2569.5096507 1.00272889708
2569.55051492 1.00240791698
2569.57094693 1.00070976634
2569.59137904 0.99516283675
2569.61181124 0.995698223085
2569.63224325 1.00016296938
2569.65267536 0.999597485493
2569.67310756 0.999834143378
2569.75483588 0.996681161163
2569.81613219 0.993291219476
2569.83656429 1.00001553393
2569.8569965 1.00225715433
2569.8774286 0.999958277474
2569.8978606 0.997304488041
2569.9182928 0.994456804556
2569.9387249 1.00074684871
2569.9591569 0.991386631456
2569.97958909 1.00089077004
2570.10218167 0.999678560722
2570.12261377 1.00373364781
2570.14304596 1.00264015265
2570.16347796 1.00245284542
2570.18391005 0.999927986828
2570.20434224 1.00014698289
2570.22477423 1.00285554246
2570.24520632 1.00916198435
2570.32693469 1.00093488759
2570.34736677 1.00004478535
2570.36779886 0.999349989249
2570.38823105 1.00449612986
2570.40866304 1.00026412562
2570.42909513 1.00308533045
2570.44952731 1.00347538594
2570.53125555 0.998101056546
2570.55168764 0.99643678813
2570.57211982 1.00179406597
2570.5925518 1.00563696387
2570.61298388 1.00248053709
2570.63341606 0.997639484663
2570.65384805 1.00138306275
2570.67428013 0.99636345832
2570.69471231 0.997105320243
2570.81730478 1.00160382654
2570.83773685 0.995328205377
2570.85816883 1.00168144068
2570.87860101 0.997655135418
2570.89903308 0.99729692854
2570.91946525 0.998795808362
2570.93989723 0.999239466493
2570.9603293 1.00242575622
2570.98076147 0.998714652188
2571.00119345 1.00493434506
2571.02162552 1.00143993377
2571.04205769 1.00217902792
2571.06248966 0.997844508887
2571.08292173 1.00120996592
2571.1033538 0.995865193277
2571.12378587 1.00249009963
2571.14421794 0.999878753743
2571.16465001 0.999018170828
2571.18508208 1.00004188636
2571.20551414 0.99990001826
2571.22594631 1.00422287843
2571.28724251 1.00000506217
2571.30767447 0.999441547509
2571.32810654 1.00607178284
2571.3485387 1.00365931965
2571.36897066 1.00214189648
2571.38940273 0.997036480087
2571.40983489 0.990533727297
2571.43026685 1.00087901615
2571.45069891 1.00049082792
2571.47113107 0.996738710887
2571.49156303 0.997950508656
2571.51199509 0.99944983417
2571.53242725 0.999120017815
2571.55285931 0.996633919222
2571.57329127 1.00373402751
2571.59372342 0.999992680319
2571.61415548 1.00070273226
2571.63458744 1.00615352295
2571.65501959 1.00138944452
2571.67545165 0.997668777935
2571.6958836 1.00048177609
2571.71631576 0.990095876095
2571.77761192 1.00009261464
2571.79804397 0.999562344467
2571.81847602 1.0032668283
2571.83890808 1.00201249901
2571.85934013 0.997207450487
2571.87977218 1.00078181224
2571.90020423 0.999559793393
2571.92063628 1.00052630197
2571.94106833 1.00090344978
2571.96150037 1.00008164716
2571.98193242 1.00417206262
2572.00236447 1.00427744182
2572.02279652 1.00004282437
2572.04322856 0.995375148451
2572.06366071 0.991905960184
2572.08409265 0.997296923625
2572.1045247 0.99598071394
2572.12495684 0.998733887854
2572.14538879 1.00450261027
2572.16582083 0.994318057438
2572.18625297 1.00050064862
2572.20668492 1.00443400244
2572.28841308 1.00186286705
2572.30884522 0.996152836218
2572.32927716 1.00296898249
2572.3497092 1.00589845695
2572.37014134 1.00440215596
2572.39057338 0.991372102776
2572.41100531 1.00166354199
2572.43143745 0.997589572167
2572.51316559 1.00064717778
2572.53359753 1.00002283902
2572.55402966 0.995331935082
2572.57446169 1.00085051213
2572.59489363 1.00218236465
2572.61532576 0.997279574822
2572.63575779 0.994546938981
2572.65618972 1.00121214367
2572.67662185 1.00098272268
2572.81964606 0.996340968858
2572.84007808 1.00168853847
2572.86051011 0.996217154234
2572.88094214 1.0040416257
2572.90137426 0.999417236139
2572.92180619 0.999512204206
2572.94223821 1.00433987056
2572.96267034 0.997997762454
2572.98310226 0.996194421802
2573.00353428 0.999366966329
2573.0239664 1.00241089699
2573.04439833 0.998587352897
2573.06483035 0.999076555122
2573.08526247 1.00001700735
2573.10569439 0.999669685608
2573.12612641 1.00308310497
2573.14655853 1.00214703237
2573.16699045 0.997074037268
2573.18742247 1.00229878162
2573.20785458 0.998513923693
2573.2282866 0.999649190052
2573.24871852 0.999758423465
2573.26915064 1.00020842627
2573.28958265 1.00074733562
2573.31001457 1.00937185633
2573.33044668 0.998876549419
2573.5143348 0.98842272837
2573.53476671 1.00070851605
2573.55519882 1.0030716594
2573.57563083 0.996139299605
2573.59606283 0.998809705708
2573.61649484 0.995820537072
2573.63692685 0.999777194668
2573.65735886 0.999582723132
2573.67779087 0.998391637073
2573.69822287 1.00250920703
2573.71865488 1.00204589837
2573.73908698 1.00341703824
2573.75951889 1.00515224529
2573.77995089 1.00003543301
2573.800383 1.00105431002
2573.8208149 0.998730488474
2573.8412469 1.00509744392
2573.861679 1.00172990253
2573.88211091 0.999114662486
2573.90254291 1.00218154812
2573.92297501 0.999832647696
2573.94340691 0.997677909163
2573.96383891 1.00199652191
2573.98427101 0.996911174507
2574.00470291 0.99773529823
2574.02513491 1.00251576632
2574.045567 0.998385063945
2574.065999 1.00086286137
2574.0864309 0.996456541616
2574.106863 1.00064373195
2574.12729499 0.998380176682
2574.27031885 1.00116561241
2574.29075094 0.999925048451
2574.31118284 0.995532997855
2574.33161483 0.99611257478
2574.35204692 1.00194154608
2574.37247881 0.998166039497
2574.3929108 1.00116084235
2574.41334289 0.996092324931
2574.43377488 0.996264739291
2574.45420686 0.999350086921
2574.47463885 0.988861814206
2574.49507084 0.993565646663
2574.51550283 0.998345912662
2574.53593481 1.00015048262
2574.59723077 1.00466717528
2574.61766275 1.00507628413
2574.63809484 0.998754728847
2574.65852672 1.00263435247
2574.67895871 0.994994786127
2574.74025465 1.00105422779
2574.76068673 1.00195200679
2574.78111861 1.00385256471
2574.80155059 0.999009924522
2574.82198267 0.996931073272
2574.84241455 1.00197356197
2574.86284653 0.999706662698
2574.88327861 1.0014888585
2574.90371059 1.00352860418
2574.92414247 1.00270441899
2574.94457454 0.998644169071
2574.96500652 1.00217070238
2574.9854384 0.997936811386
2575.00587047 0.998859735491
2575.02630235 1.00901076848
2575.04673432 1.01107629183
2575.0671664 0.999343064198
2575.08759827 0.996406405407
2575.10803024 0.996567552801
2575.12846231 0.997708197673
2575.2101901 0.996827649954
2575.23062207 0.996171956778
2575.25105414 0.998685332787
2575.27148611 1.00074815956
2575.29191808 0.993884996039
2575.31235005 1.00031512362
2575.33278202 0.997526888511
2575.35321398 0.99866234638
2575.37364595 1.00083896251
2575.39407792 1.00238027525
2575.41450998 1.00002192508
2575.43494185 1.00078577814
2575.45537381 1.00250504404
2575.47580588 1.00176114864
2575.49623774 0.999484967882
2575.51666971 1.00435541091
2575.53710177 1.00297788644
2575.55753363 0.999890536594
2575.57796559 1.00287129935
2575.59839766 0.998505942998
2575.61882952 0.995635089712
2575.63926148 1.00562322894
2575.65969354 1.00217034926
2575.6801254 1.00236703524
2575.70055736 0.999686962361
2575.72098942 0.994043181067
2575.74142128 0.997845147682
2575.76185324 1.00527319055
2575.78228529 0.997623803313
2575.80271715 1.00129999964
2575.84358116 0.997677441628
2575.86401302 0.996653514256
2575.88444497 0.995052009381
2575.90487703 0.997497861735
2575.94574084 0.999501789011
2575.96617289 0.999554302105
2575.98660474 0.99239689274
2576.0070367 0.994393279425
2576.02746875 0.999425270509
2576.0479006 1.0010919331
2576.06833255 0.996547087383
2576.0887646 0.997855312883
2576.10919655 0.996690910993
2576.1296285 1.00289608256
2576.1704924 0.997605425389
2576.19092435 0.999345557404
2576.2113563 1.00244591268
2576.23178824 0.999464458048
2576.25222029 0.999618278598
2576.27265214 1.00360693849
2576.29308408 0.995107309563
2576.31351613 1.00160724171
2576.33394797 0.997868052897
2576.35437992 0.992269656167
2576.37481196 0.997490830694
2576.39524381 0.993099322371
2576.41567575 0.9977573922
2576.43610779 0.999151091479
2576.45653964 1.00085610308
2576.47697158 0.997099483563
2576.49740352 0.998706549702
2576.51783546 1.00489238603
2576.5382674 0.999203024326
2576.55869934 0.996343669072
2576.57913128 1.00202458545
2576.59956322 0.997748108471
2576.74258688 0.998465173987
2576.76301872 1.00014536198
2576.78345065 1.00379077692
2576.80388269 1.00013920905
2576.82431452 1.00014273928
2576.84474646 1.00048208987
2576.86517849 0.996818297375
2576.88561032 1.00024835553
2576.90604225 0.995193421156
2576.92647429 1.00373509279
2576.94690622 0.995913894158
2576.96733815 1.00327933823
2576.98777008 0.998056118231
2577.00820201 0.996469140772
2577.02863394 0.997459929421
2577.04906587 1.00334973453
2577.0694978 1.00121977951
2577.08992982 1.00567480448
2577.11036165 0.999928521822
2577.13079358 0.998566665616
2577.15122561 1.00084474055
2577.17165743 1.00282268983
2577.19208936 0.998313865773
2577.21252138 0.999584265057
2577.23295321 1.00024357669
2577.25338513 0.997240711414
2577.27381706 0.994613231767
2577.29424898 0.997830933911
2577.31468091 1.0044777944
2577.35554475 0.99935299693
2577.37597667 1.00394136657
2577.41684052 0.998890671078
2577.43727244 0.996850595632
2577.45770446 0.995983553589
2577.47813628 1.00071019922
2577.4985682 0.998546177302
2577.51900021 0.999543129798
2577.53943203 0.9991299003
2577.55986395 0.99982193775
2577.58029597 1.0036372441
2577.60072779 1.0034093506
2577.6211597 1.00177054781
2577.64159172 0.99891809368
2577.66202353 0.999330338647
2577.68245545 0.998327911568
2577.70288746 0.997288591785
2577.72331928 1.00055713591
2577.74375119 0.999904362018
2577.76418321 0.99834725246
2577.78461512 1.00308555527
2577.80504703 0.997868038523
2577.84591085 1.00466153238
2577.90720659 1.00085497992
2577.9276386 0.998813991637
2577.94807041 1.00671956448
2577.96850232 0.992083394213
2577.98893422 0.992612222524
2578.00936613 0.99293173913
2578.02979804 0.993222749999
2578.05022995 0.99381289637
2578.07066185 1.00167440231
2578.19325329 0.999674645033
2578.21368519 0.993395997875
2578.23411709 0.993056591381
2578.254549 0.997849424629
2578.2749809 0.99755950753
2578.2954129 0.997935026405
2578.3158447 0.999943713096
2578.3362766 0.999984663561
2578.3567086 0.999418611732
2578.3771404 0.998134690809
2578.3975723 0.996070864272
2578.4180043 0.994184714516
2578.4384361 0.995768273068
2578.458868 0.998749037518
2578.4793 1.00363164573
2578.4997318 1.00264645782
2578.52016369 0.998920540175
2578.54059569 0.99976692936
2578.56102749 0.999871725216
2578.58145948 1.00091625632
2578.60189138 0.996547445772
2578.66318706 1.00327506091
2578.68361895 1.00650672283
2578.70405085 1.00737256572
2578.72448274 1.00496661968
2578.74491463 0.998875593779
2578.76534662 1.01203026334
2578.78577842 0.999419423086
2578.80621031 0.996552005688
2578.8266422 0.999964135511
2578.84707409 1.003163162
2578.86750588 0.997214811988
2578.88793787 1.00512749695
2578.90836976 1.00005709236
2578.92880154 1.00816970047
2578.94923353 0.993042803554
2578.96966542 1.00096508678
2578.99009731 1.00063829848
2579.01052919 0.995350994839
2579.03096108 1.00814946489
2579.05139297 1.00005734215
2579.07182485 1.00012727562
2579.09225674 0.998665720173
2579.11268862 0.995400790716
2579.1331206 0.996925892655
2579.15355239 0.99514910316
2579.17398427 0.99143411862
2579.19441625 1.00682949128
2579.21484804 0.998275926895
2579.23527992 0.99935214736
2579.27614368 0.998322706938
2579.29657556 0.99159741314
2579.31700754 1.00325317394
2579.39873496 1.00369814863
2579.41916694 1.00667630471
2579.43959882 1.00717529019
2579.46003069 1.00500054676
2579.48046257 1.00563709598
2579.50089445 1.00764668321
2579.52132632 1.00950597701
2579.5417582 1.00013132547
2579.56219007 1.00511415934
2579.58262185 1.00314872813
2579.60305382 1.00254737426
2579.6234857 1.01360947671
2579.64391747 0.995020986558
2579.66434944 1.00783477678
2579.68478131 0.999597369414
2579.70521309 0.996360218327
2579.72564506 1.01036039612
2579.74607693 1.00098584354
2579.7665087 0.997482794003
2579.78694067 1.00013900805
2579.80737254 0.994008572412
2579.82780441 0.98905382963
2579.86866815 1.01266746431
2579.88910002 1.00835389596
2579.90953189 1.00782239054
2579.92996375 1.00320155601
2579.95039562 1.00370725707
2579.97082759 1.00275755291
2579.99125935 1.00381762731
2580.01169132 0.997412261523
2580.03212318 1.00159881331
2580.05255495 1.0016542523
2580.07298691 1.00452491604
2580.09341878 0.99691032203
2580.11385054 0.994790331208
2580.1342825 1.00100142595
2580.15471437 0.992033690393
2580.17514613 0.999031753423
2580.19557809 0.987892610698
2580.21600995 0.990562273139
2580.23644172 1.00864789154
2580.25687368 0.980307822715
2580.27730554 0.999278630291
2580.39989669 1.00524378227
2580.42032845 1.00454742754
2580.4407604 1.00566380627
2580.46119226 0.998912701976
2580.48162402 0.993563250082
2580.50205597 0.996693965409
2580.52248783 1.00933488882
2580.54291958 0.997036694659
2580.56335154 1.00528348552
2580.60421515 0.999543106082
2580.6246471 0.995784696027
2580.64507895 0.996175984807
2580.6655108 1.0036855672
2580.68594266 1.00441812171
2580.70637451 1.00229097421
2580.72680646 0.999276150001
2580.74723821 0.997815182362
2580.76767006 1.00019604142
2580.78810201 1.00079196747
2580.80853386 0.998097937095
2580.82896561 0.995333906099
2580.84939756 1.00173056333
2580.86982941 1.00679833568
2580.89026115 1.00073490473
2580.9106931 0.99249516668
2580.93112495 1.00316826772
2580.9515567 1.00050359376
2580.97198864 0.991883109147
2580.99242049 0.984014748231
2581.01285223 1.00865107343
2581.03328418 1.00297004682
2581.11501146 0.997210369687
2581.1354434 0.999675943662
2581.15587524 1.00165146239
2581.17630708 0.998573298417
2581.19673882 0.999501124534
2581.21717077 1.00260812098
2581.23760261 0.999156847693
2581.25803435 1.00095235386
2581.27846629 0.998721117909
2581.29889813 0.994139832641
2581.31932987 1.00781894132
2581.33976181 0.999545828735
2581.36019364 0.995924956107
2581.38062558 0.995445398677
2581.40105732 0.998208959597
2581.42148916 0.995739239642
2581.44192109 0.993824224183
2581.46235283 0.999907060128
2581.48278467 1.00074610858
2581.5032166 1.00037841463
2581.62580761 1.00490285309
2581.64623944 1.00181416834
2581.66667117 0.998487783347
2581.68710311 1.00100644501
2581.70753494 1.00136109193
2581.72796667 1.00005417038
2581.7483986 1.00781425248
2581.76883043 0.997291033675
2581.78926216 1.00183888353
2581.80969409 1.00006305059
2581.83012582 0.999748876113
2581.87098958 0.993709132744
2581.89142141 0.996095123169
2581.91185313 1.00254287
2581.93228506 1.0122403607
2581.95271679 0.996873745089
2581.97314871 1.00170035302
2581.99358054 0.99100826431
2582.01401237 1.0079157948
2582.03444419 0.986305767866
2582.07530784 1.00066486877
2582.09573966 0.997709581033
2582.11617149 1.00672354849
2582.13660331 1.00135912132
2582.15703513 0.995566193483
2582.17746696 1.00182312852
2582.19789878 1.00168938379
2582.2183307 0.999240538757
2582.23876242 1.00392677333
2582.25919424 1.00349794923
2582.27962616 0.995383065361
2582.3204897 1.00243145529
2582.34092162 0.993875744325
2582.38178516 0.99821568391
2582.40221708 0.99811554795
2582.4226488 0.993514474119
2582.44308061 0.994590793617
2582.46351253 1.00606929798
2582.48394435 0.988748740522
2582.50437606 0.98617794613
2582.58610342 1.00003466992
2582.60653524 1.00016196985
2582.62696705 1.00055829141
2582.64739887 0.998112505637
2582.66783058 1.00098039364
2582.68826249 1.0040563041
2582.7086943 0.998557679903
2582.72912602 0.999780637658
2582.74955793 1.00340294624
2582.76998974 1.00813439514
2582.81085336 1.00027338477
2582.83128517 1.00344739113
2582.85171698 1.00541373533
2582.87214879 0.999339645349
2582.8925806 0.998191380337
2582.91301241 0.997709522331
2582.93344421 1.00420564158
2582.95387602 1.00105658022
2582.97430783 0.997243467967
2582.99473963 1.0055319237
2583.01517144 0.996465906685
2583.03560325 0.997576558441
2583.05603515 1.00064161754
2583.07646686 1.00142178629
2583.09689866 0.995857799674
2583.11733057 1.00144240128
2583.15819418 1.0074256116
2583.17862598 0.998386125004
2583.19905768 0.993392310771
2583.36251219 0.998356523226
2583.38294389 0.998469515779
2583.40337579 0.995497459936
2583.42380759 1.00162040984
2583.44423929 0.99276707256
2583.46467119 0.998582750781
2583.48510298 0.998776376334
2583.50553468 1.00306129726
2583.52596658 1.00175071053
2583.54639837 1.00268165393
2583.56683007 0.99571120665
2583.58726197 0.995191982102
2583.60769376 0.999232516226
2583.62812546 1.00611423277
2583.64855735 0.999483326491
2583.66898915 1.00111298599
2583.68942094 0.999903685881
2583.70985273 1.00099752784
2583.83244349 1.00190346777
2583.85287528 0.99897877899
2583.87330717 1.00222357338
2583.89373896 1.00079155904
2583.91417065 1.00012913151
2583.93460254 1.00355064572
2583.95503432 1.00251127609
2583.97546601 1.00214355828
2583.9958979 1.00067499679
2584.01632969 0.999047400231
2584.03676138 1.00331377784
2584.05719326 0.996975270087
2584.07762505 1.00299642385
2584.09805674 1.00547899092
2584.11848862 0.99850590906
2584.13892041 0.997897688605
2584.15935209 1.00868960865
2584.17978398 1.00759745975
2584.20021566 0.998366078908
2584.32280646 0.998297810973
2584.34323824 1.00279357366
2584.36367002 0.997438632342
2584.3841018 1.00306058903
2584.40453369 0.999924472255
2584.42496537 1.00165839903
2584.44539715 0.998640170038
2584.46582903 0.997140571015
2584.4862607 0.997019734137
2584.52712436 0.99901744539
2584.54755604 0.995808792194
2584.56798782 1.00142237642
2584.60885137 1.0032891562
2584.62928315 1.002949932
2584.64971502 0.999195341672
2584.6701467 1.00346557901
2584.69057848 1.00433437727
2584.71101035 1.0009593361
2584.73144213 1.00501053674
2584.81316912 1.00035560869
2584.83360099 0.998155235829
2584.85403277 0.997797417799
2584.87446444 1.00257163851
2584.89489631 1.00268957591
2584.91532798 0.998304400816
2584.93575985 0.999257764326
2584.95619162 1.00146155305
2584.9766233 1.00006283852
2585.01748694 0.998348896991
2585.0379186 0.996494996254
2585.05835047 0.998621820533
2585.07878224 0.995065058409
2585.09921401 1.0063904183
2585.11964578 1.00001985889
2585.14007755 0.994513580441
2585.16050931 0.991046648575
2585.18094108 0.988764346691
2585.20137285 0.986359425284
2585.28309991 1.00338477432
2585.30353177 0.999921743238
2585.32396344 1.0084495626
2585.3443952 1.00266039628
2585.36482706 1.00769013998
2585.38525873 0.996687291946
2585.40569049 0.996850187351
2585.42612235 1.00376565259
2585.44655401 1.00210966113
2585.52828116 0.999659298277
2585.54871292 0.997113779252
2585.58957644 1.00029348867
2585.6100082 0.999601969648
2585.63043986 0.997445885831
2585.65087172 0.995216975178
2585.67130347 1.00040208648
2585.69173513 1.00263039322
2585.71216699 1.00396463903
2585.73259875 0.997253390362
2585.7530304 0.99866300093
2585.77346226 1.00656203256
2585.79389402 1.00036516066
2585.81432567 0.997238646905
2585.83475753 0.99713734501
2585.85518928 0.994060550813
2585.87562094 0.995308401703
2585.89605279 1.0035778703
2585.91648454 1.00243132616
2585.9369163 1.00374878623
2585.95734805 1.00172286112
2585.9777798 1.00248839086
2585.99821156 1.00278283173
2586.01864331 0.995789987497
2586.03907506 0.992943346765
2586.05950691 1.00229320385
2586.07993866 1.00845127539
2586.10037031 0.995494254779
2586.12080216 0.997614413631
2586.16166556 0.996480377984
2586.18209741 0.987414152079
2586.20252916 0.991590588205
2586.24339266 1.00330699949
2586.26382441 1.00311702375
2586.28425606 1.00636381657
2586.36598314 1.00038108812
2586.38641489 0.997584153975
2586.40684663 0.999725858891
2586.42727838 1.00062046324
2586.44771012 0.996614427172
2586.48857361 0.997547717904
2586.50900536 0.995862235295
2586.529437 1.00008610641
2586.54986884 1.00329318656
2586.57030059 0.999394130923
2586.59073243 1.00248164022
2586.61116407 1.00047286443
2586.63159581 1.00197936715
2586.65202765 1.00006083352
2586.67245929 1.00652672839
2586.69289103 1.00280077699
2586.73375451 0.994730205942
2586.75418625 1.0007015008
2586.77461809 1.00061134326
2586.79504973 0.999634650025
2586.81548147 1.00022436388
2586.83591331 0.999742662719
2586.85634495 0.999409474043
2586.87677669 0.998070373688
2586.89720852 1.00786227297
2586.91764026 0.997419331349
2586.9380719 1.00442959451
2586.95850373 1.00181109825
2586.97893547 0.99953016125
2586.9993671 1.00353747935
2587.01979894 1.00093295586
2587.04023067 0.994795571449
2595.06987996 1.00034144042
2595.09031158 0.995138110963
2595.1107432 0.983305731939
2595.13117482 1.00165319816
2595.15160644 1.00006632709
2595.17203816 1.0009745399
2595.19246968 0.999409398129
2595.2129013 0.997931413248
2595.23333301 1.0104407058
2595.25376453 1.01094386934
2595.27419615 1.00821339284
2595.31505939 0.998107877346
2595.33549101 1.00108988601
2595.35592262 1.00152842963
2595.37635424 1.00236656671
2595.39678586 0.998635112538
2595.41721748 0.999377190143
2595.43764909 1.00039275192
2595.47851233 1.00351132407
2595.49894394 0.997641371918
2595.51937566 0.999524718855
2595.53980727 0.999592129104
2595.56023879 1.00426575921
2595.60110212 1.00212112068
2595.62153363 1.01291851461
2595.64196535 0.991319237155
2595.66239696 1.00473106939
2595.68282847 0.999164402511
2595.70326019 0.998201309884
2595.7236918 1.00211728768
2595.74412332 1.00476804928
2595.76455503 1.00620679158
2595.78498664 0.999153080888
2595.80541815 0.995537699981
2595.82584987 0.999331243871
2595.84628148 0.997986339777
2595.86671319 0.993527075223
2595.8871447 0.991551737238
2595.90757631 0.988044308554
2595.92800802 0.997061506942
2595.94843954 0.993471149361
2595.96887115 1.00325287354
2595.98930286 0.996522883798
2596.00973447 0.987331621158
2596.05059769 1.01263475001
2596.0710292 1.00824131398
2596.09146081 1.00866058014
2596.11189251 1.007307549
2596.13232412 1.00583685684
2596.15275563 1.0083169178
2596.17318734 1.00419482666
2596.21405046 1.00189140406
2596.23448216 1.00412678981
2596.25491367 1.0114617724
2596.29577699 0.998994151648
2596.31620849 0.997804918104
2596.3366402 1.0022418559
2596.35707181 1.01235674137
2596.37750341 0.997214826705
2596.39793502 0.998166497421
2596.41836662 1.00169282888
2596.43879823 1.0016169346
2596.45922984 1.00731571005
2596.47966144 0.998964617965
2596.50009305 0.997035553284
2596.54095625 1.00745671977
2596.56138786 0.999568028235
2596.58181956 0.996547322154
2596.60225107 1.00373390057
2596.62268277 1.00120059447
2596.64311437 1.00441084925
2596.66354588 1.00040105446
2596.68397758 0.995358636377
2596.70440918 0.992243983376
2596.72484069 0.994236161239
2596.74527239 0.997943157005
2596.76570399 0.997100537625
2596.78613549 0.996683578487
2596.80656719 1.00356386435
2596.82699869 0.99692781806
2596.8474304 0.99930766522
2596.867862 1.00124538041
2596.8882936 0.999141213848
2596.9087251 1.00343769978
2596.9291568 0.99618938898
2596.9495884 0.995027582301
2596.9700199 1.00148129329
2596.9904516 0.996819283446
2597.0108832 0.997242613093
2597.0313149 0.999286124211
2597.0517464 0.999864391604
2597.07217799 1.00044585889
2597.09260969 1.01045741387
2597.11304119 0.998782131104
2597.13347279 0.995257073499
2597.15390449 1.00451097382
2597.17433599 1.00063271648
2597.19476758 1.00508891472
2597.21519928 0.99878747281
2597.23563078 1.00440356751
2597.25606237 0.995491240707
2597.27649407 0.996898887833
2597.31735716 0.995966285939
2597.33778886 0.999721797089
2597.35822046 0.99998377169
2597.37865195 1.00167307964
2597.39908365 1.00505516762
2597.41951524 0.999682640606
2597.43994684 1.00591658225
2597.46037843 0.998576525849
2597.48081003 1.0031487848
2597.50124172 0.997628092321
2597.52167321 0.996515030215
2597.54210481 1.0041110675
2597.5625364 0.999481105399
2597.582968 1.00241252016
2597.60339949 1.00089387751
2597.62383118 0.997763025595
2597.66469427 1.00865132184
2597.68512596 0.996353266942
2597.70555755 0.997291737275
2597.72598915 1.00081307307
2597.74642074 1.00121792127
2597.76685233 0.998039461172
2597.78728392 0.993861195124
2597.80771551 0.989781927049
2597.8281471 1.0034352188
2597.84857879 1.00123240643
2597.86901038 0.996477665014
2597.88944188 0.996750150778
2597.90987357 0.998665131842
2597.93030516 0.994439042098
2597.95073665 0.988119546924
2597.97116834 1.00184346039
2598.01203141 1.00396564793
2598.0324631 1.00497335791
2598.05289469 1.00590844792
2598.07332618 1.00515801778
2598.09375787 1.00523912391
2598.11418946 1.00528616948
2598.13462095 0.997037996253
2598.17548422 1.00057244775
2598.19591591 0.999203639864
2598.2163474 1.00015513021
2598.25721067 0.998728398216
2598.29807374 1.00028329762
2598.31850533 1.00493807949
2598.33893692 1.00689123544
2598.3593685 1.00016712789
2598.37980009 0.997183159296
2598.40023167 1.00179362395
2598.42066326 0.998627114657
2598.44109494 0.990786119979
2598.46152643 1.0025232603
2598.48195801 0.992287992634
2598.5023897 0.99472779608
2598.52282118 1.00392127792
2598.54325287 0.997937257565
2598.56368445 1.00172651178
2598.58411593 0.993254270388
2598.60454762 0.99673191667
2598.6249792 0.996214528618
2598.64541068 0.998488267145
2598.66584237 0.996088331803
2598.68627395 0.997633707318
2598.70670553 1.00296109284
2598.72713711 0.99775433935
2598.7475687 0.993540697885
2598.76800028 1.00621937052
2598.78843186 1.00182974201
2598.80886344 0.999090313049
2598.82929502 1.00031089985
2598.84972671 0.999098974244
2598.87015819 0.996316885276
2598.89058977 0.998681482256
2598.91102145 1.00633496091
2598.93145293 1.00018998526
2599.01317935 1.00202965243
2599.03361093 1.00082451546
2599.05404241 0.999492068995
2599.07447409 1.00468388128
2599.1562003 0.998296930572
2599.17663188 0.999877825679
2599.19706356 0.995873958094
2599.21749504 1.000957696
2599.23792661 1.01379892061
2599.25835829 1.00549599999
2599.27878987 1.00133316224
2599.29922145 0.999088771179
2599.31965302 1.01045116063
2599.3400846 0.996828061449
2599.36051618 1.00350321123
2599.38094775 0.999360622914
2599.40137933 0.999328956497
2599.42181101 0.997288141961
2599.44224248 1.00061934516
2599.46267406 0.999609680494
2599.48310573 1.00278265804
2599.50353721 1.00019642445
2599.52396878 0.996602794064
2599.54440046 0.994149604471
2599.56483193 0.996139940505
2599.58526351 0.99630073967
2599.60569518 0.990794815893
2599.64655833 0.977476536669
2599.78957934 0.997698466873
2599.81001082 1.00144646948
2599.83044249 0.996424870364
2599.85087406 1.00103638234
2599.87130553 1.00300161205
2599.89173721 0.996459005804
2599.91216878 0.999468730282
2599.93260025 0.990637319698
2599.95303192 0.99740522069
2599.97346349 0.996960698713
2599.99389496 0.996730870526
2600.01432663 1.00186852894
2600.0347582 0.998128628303
2600.05518987 0.998885300006
2600.07562135 0.995921012739
2600.09605292 0.998841900703
2600.11648459 1.0012566257
2600.13691606 1.00318132392
2600.15734762 0.996723136656
2600.17777929 1.0050917593
2600.239074 0.996222491384
2600.25950557 1.00174977636
2600.27993704 0.998224539097
2600.30036871 0.999745319882
2600.32080028 1.00060569297
2600.34123174 0.995491045678
2600.36166341 1.00293937909
2600.38209498 0.997889312199
2600.40252665 1.00575341172
2600.42295812 0.999669587681
2600.44338968 0.997222797624
2600.46382125 0.999055581787
2600.48425282 0.996279199213
2600.50468438 1.00027608304
2600.52511595 1.0020378086
2600.54554752 0.996090127454
2600.56597898 0.998932056634
2600.58641065 1.00413121867
2600.60684221 1.00289400068
2600.62727378 1.00165444824
2600.64770535 0.99651278217
2600.66813691 1.00209817001
2600.68856848 0.995699707239
2600.70900004 0.999375802666
2600.72943161 0.997419420728
2600.74986327 1.00286982966
2600.77029484 1.01197208442
2600.7907263 0.9961387769
2600.81115797 1.0006390576
2600.83158953 0.998323736266
2600.85202099 1.00221601664
2600.87245266 1.00190531455
2600.89288422 0.996331146221
2600.91331568 0.997836852583
2600.93374735 0.996050962657
2600.95417891 0.998310766355
2600.97461037 0.999420521673
2600.99504204 1.0024248298
2601.0154736 1.00353048257
2601.03590506 1.00090885648
2601.05633672 1.00332572587
2601.07676829 0.997661821944
2601.09719995 1.00225649021
2601.11763141 1.00369036087
2601.13806297 1.00058296891
2601.15849463 0.999862992242
2601.17892619 1.00723307493
2601.19935766 0.997982001773
2601.21978922 0.998421090902
2601.24022088 0.999814349567
2601.26065234 1.00499815074
2601.281084 0.99780459105
2601.30151546 0.997372856584
2601.32194702 0.995126623028
2601.34237868 1.00542350107
2601.36281014 0.995620631137
2601.3832417 0.99624195276
2601.40367336 0.995255556498
2601.42410482 0.996051629153
2601.44453648 0.999483171844
2601.46496804 1.00002083435
2601.4853995 1.00378940303
2601.50583116 1.00362522918
2601.52626271 0.996474213286
2601.54669417 0.999729660176
2601.56712583 0.996672952181
2601.58755739 0.993852543004
2601.62842051 0.998930745448
2601.71014674 1.00580237911
2601.73057829 0.997611941024
2601.75100995 1.0016168043
2601.77144141 0.996166952697
2601.79187306 1.00321740991
2601.81230462 0.998904536293
2601.83273608 1.00088765524
2601.85316773 0.997407805778
2601.87359929 0.999880593277
2601.89403074 1.00244586284
2601.9144624 1.00287091684
2601.93489396 1.00524772084
2601.95532541 1.00372804338
2601.97575707 0.996568764537
2601.99618862 0.999134592253
2602.01662008 0.999382881501
2602.03705173 1.00090154844
2602.05748319 1.00023652707
2602.07791474 1.00009354707
2602.0983464 0.998957654657
2602.11877795 1.00047946193
2602.18007261 1.00222853129
2602.20050417 1.00067396763
2602.22093572 1.00010760887
2602.24136727 0.998814179776
2602.26179893 0.997909650405
2602.28223038 1.00182797583
2602.30266193 0.999551687268
2602.32309359 0.998849014916
2602.34352504 0.998392631539
2602.36395659 0.997395004612
2602.38438824 0.993364857879
2602.4048197 0.994433360058
2602.42525125 1.00199721543
2602.4456829 0.999404456926
2602.46611435 0.998926063364
2602.486546 0.994693453361
2602.50697756 1.00278866443
2602.52740901 0.999120686161
2602.54784066 0.999251841957
2602.58870376 1.0006258148
2602.60913531 0.998778775877
2602.62956686 1.00188648515
2602.64999841 0.999421931174
2602.67042996 1.00058948285
2602.69086151 1.00269862629
2602.71129306 1.00596352793
2602.73172461 1.00023683582
2602.75215616 0.998800879007
2602.77258781 0.995706654128
2602.79301926 0.997818707137
2602.81345081 0.999899260934
2602.83388246 1.00228892703
2602.85431391 0.999197554235
2602.87474546 1.00551917064
2602.89517711 0.99635047924
2602.91560856 0.99530042519
2602.93604011 0.994674262903
2602.95647176 0.998591148823
2602.9769032 0.997192082604
2602.99733475 1.00084855677
2603.0177664 1.00476750698
2603.03819785 0.998980478038
2603.0586294 1.00525136715
2603.07906104 1.00294938534
2603.09949259 1.00116349132
2603.11992414 1.00060512481
2603.16078723 0.997374841397
2603.18121878 1.00401903458
2603.20165033 1.00161784628
2603.22208188 0.996637053611
2603.24251352 0.998682860876
2603.26294497 0.998705294265
2603.28337652 1.00204932059
2603.30380816 0.999674296405
2603.32423961 0.998995390169
2603.3651028 0.994239641313
2603.38553425 0.998796784639
2603.40596579 1.0008715902
2603.42639734 1.01117262793
2603.44682888 1.00763702776
2603.46726053 0.998149851593
2603.48769197 1.00262875694
2603.50812352 0.998979907842
2603.52855516 0.997450680269
2603.54898661 0.995376307802
2603.61028134 0.996306743195
2603.65114443 1.00324480838
2603.67157597 0.997454850605
2603.69200742 0.999497601006
2603.71243906 0.999437190667
2603.7328706 0.99585197478
2603.75330215 0.999921956686
2603.77373369 0.99667643994
2603.79416523 1.00357972551
2603.81459688 1.00118995733
2603.83502832 0.999900670821
2603.85545986 0.995622981882
2603.89632295 1.00150192689
2603.91675449 0.996611874365
2603.93718613 1.00108321363
2603.95761758 1.00369512109
2603.97804912 1.00013133524
2603.99848076 1.00336885825
2604.0189122 1.00442633849
2604.03934384 1.00015380071
2604.05977538 0.997692201715
2604.08020693 1.00457339762
2604.10063847 1.00361710054
2604.14150145 1.00184415218
2604.16193309 1.000414886
2604.18236463 0.999384436823
2604.20279607 1.00282704416
2604.22322771 1.00313347469
2604.24365925 0.997307098228
2604.26409069 0.999224449056
2604.28452233 1.00332759289
2604.30495388 1.01074216744
2604.32538532 0.998263394294
2604.34581696 0.999488607863
2604.3662485 1.00712722613
2604.38668013 1.00545589977
2604.40711157 1.00139857403
2604.42754311 0.998894671407
2604.44797475 0.998029708542
2604.46840619 1.00090138058
2604.48883773 0.998061451231
2604.50926937 0.996802291553
2604.52970081 0.999428968687
2604.55013235 0.995859237926
2604.57056399 0.996512915444
2604.59099543 0.995490453025
2604.6318586 0.999406617586
2604.65229014 0.998374541752
2604.67272168 1.00139700223
2604.69315322 1.00224733334
2604.71358476 0.998298810191
2604.73401639 1.00267430198
2604.75444783 1.00220340451
2604.79531101 0.999074051686
2604.81574244 1.00210111642
2604.83617398 1.00251301582
2604.85660562 0.998363774816
2604.87703705 0.99433944008
2604.89746859 0.995710144105
2604.91790013 0.998740511561
2604.93833166 0.999166798121
2604.9587633 0.99471684396
2604.97919474 0.999964181935
2604.99962627 0.996650298893
2605.02005791 0.997676184707
2605.04048935 0.998412726165
2605.06092088 1.001419402
2605.20394173 0.998830211729
2605.22437327 1.00185004865
2605.2448047 0.999636282373
2605.26523634 0.998395976502
2605.28566787 1.00331540732
2605.30609951 1.00046704482
2605.38782555 0.998175077895
2605.40825708 0.999668595441
2605.42868871 0.999653421969
2605.44912015 0.99888979521
2605.46955168 1.00177847404
2605.48998332 1.00174572495
2605.51041475 1.00131769388
2605.53084628 0.999634698631
2605.55127782 0.999948389819
2605.57170945 0.996293540861
2605.61257252 1.00170108389
2605.63300395 0.997314609649
2605.65343558 1.00252454279
2605.67386712 1.00573051954
2605.69429855 1.00076035936
2605.71473018 0.999982235552
2605.73516171 1.00315259202
2605.87818254 1.00410150796
2605.89861397 1.00278942965
2605.9190455 0.995573851858
2605.93947714 1.00272623831
2605.95990857 1.01102909779
2605.9803401 1.00059027207
2606.20508704 0.997897363652
2606.22551857 0.998947008557
2606.2459501 0.999719434519
2606.26638163 1.00011516405
2606.28681316 0.997734150502
2606.30724469 0.999289220064
2606.32767622 0.999447285907
2606.34810775 1.00051562939
2606.36853928 1.00352922341
2606.38897071 1.00589139877
2606.40940234 0.998383933631
2606.42983387 1.0023408962
2606.4502655 1.00100540778
2606.47069693 0.999915964426
2606.49112846 0.999340256678
2606.51156008 0.995466780355
2606.53199151 1.00202708421
2606.55242304 0.993006116569
2606.5932861 0.996918591445
2606.61371763 0.998006699801
2606.63414926 1.00083059525
2606.65458079 1.00213667918
2606.67501221 0.996335060427
2606.69544384 1.00065610718
2606.71587537 0.998174815929
2606.7363069 0.993651254492
2606.75673843 1.00105751322
2606.77716996 1.00557646168
2606.79760158 0.995882875956
2606.83846454 1.00102004288
2606.85889617 1.0009549329
2606.87932759 1.00290181037
2606.89975912 0.997710902657
2606.92019075 0.998288018834
2606.94062218 1.00161027556
2606.9610537 0.999725260083
2606.98148533 0.994197323955
2607.00191676 0.997330318291
2607.12450592 1.01097130275
2607.20623212 1.00540029681
2607.22666365 1.00475868292
2607.24709508 1.00090483127
2607.2675267 0.998947398305
2607.32882128 1.00634737012
2607.34925281 1.00133880338
2607.36968443 0.99791253864
2607.39011586 1.00557555627
2607.41054738 0.996594693821
2607.43097901 1.00070108185
2607.45141043 1.00403928932
2607.47184196 0.993929550457
2607.49227358 0.998129950793
2607.57399958 0.996763299414
2607.59443121 0.998422253272
2607.61486273 0.997183571579
2607.63529426 1.00001729916
2607.65572578 1.00425667537
2607.67615731 1.00285971352
2607.69658883 1.00956539634
2607.71702036 1.00083241979
2607.88047265 0.99990423052
2607.90090407 0.997765176975
2607.9213356 0.998590035122
2607.94176722 1.00380760012
2607.96219864 0.99372333678
2607.98263017 0.995712601798
2608.00306179 0.999801678628
2608.10521941 1.00112879851
2608.12565093 1.00307188461
2608.16651398 1.00320983758
2608.1869455 0.996470600708
2608.20737702 0.997313037995
2608.22780854 0.997105455623
2608.24824007 0.99951752583
2608.26867159 1.00237665055
2608.30953463 1.00019288903
2608.35039778 1.00130240931
2608.3708292 0.999789667366
2608.39126082 0.994893415049
2608.41169235 0.996546959343
2608.43212377 1.00174171283
2608.45255539 1.00602360556
2608.47298691 1.00134097043
2608.49341833 0.998135143683
2608.51384996 1.00193477034
2608.5547129 1.00048404915
2608.57514452 0.998803425578
2608.59557594 1.00383792314
2608.61600756 1.00235616271
2608.63643909 0.998412957468
2608.65687061 1.00166193837
2608.67730213 0.993921582418
2608.69773365 0.995716228152
2608.71816517 1.00430732111
2608.73859669 0.997071109193
2608.75902821 0.990043559413
2608.79989135 0.997734563262
2608.82032278 0.998020739428
2608.8407543 0.999491919159
2608.86118592 0.998818475956
2608.88161734 0.994413550688
2608.90204896 0.998764309433
2608.92248048 1.00025562485
2608.9429119 0.999815539758
2608.96334352 1.00205705315
2608.98377504 1.00225133032
2609.00420646 0.988919547921
2609.0450696 0.999183506364
2609.06550102 1.0010093129
2609.08593264 1.00368979952
2609.10636416 0.996609338914
2609.12679568 1.00768090059
2609.1472272 1.0017943546
2609.16765872 1.00079603625
2609.18809024 1.00013379866
2609.20852176 0.996646165053
2609.22895328 1.00414948471
2609.31067936 0.999881564529
2609.33111088 0.99946689648
2609.3515424 0.99807162248
2609.37197402 1.00225258621
2609.39240544 1.00263527654
2609.41283706 1.00271817774
2609.43326858 1.00018724584
2609.4537 1.00068546331
2609.47413162 1.00173946735
2609.55585769 1.00114882746
2609.57628911 0.995685583858
2609.59672073 1.00298084658
2609.61715225 1.00040089035
2609.63758377 0.996908699653
2609.65801529 0.999715229986
2609.67844681 1.00467571115
2609.69887843 0.998881217729
2609.82146754 1.00123112572
2609.84189906 0.995331542194
2609.86233047 0.998864473003
2609.88276209 0.99640240382
2609.90319351 1.00088134203
2609.92362513 0.997846716251
2609.94405665 1.00019949031
2610.08707717 1.00256499541
2610.10750879 1.00082989545
2610.12794031 0.995652736508
2610.14837173 1.0008122655
2610.16880335 1.00079737573
2610.18923486 0.994617389924
2610.20966648 1.00485883752
2610.29139245 0.999385348225
2610.31182397 0.997511909005
2610.33225559 0.996732800979
2610.3526871 0.99852730187
2610.37311852 1.00207667634
2610.45484469 0.996952270286
2610.59786531 1.00110982009
2610.61829683 1.00080106784
2610.63872834 0.999231648433
2610.65915996 1.00067063271
2610.67959138 1.00352112367
2610.7000229 0.994856063181
2610.72045451 0.996144748274
2610.76131745 1.00403862631
2610.78174906 1.00353600892
2610.80218048 0.995366234043
2610.822612 1.00280854103
2610.84304361 0.990013723505
2610.86347513 0.997864621581
2610.88390655 0.997923200481
2610.90433816 1.00052625824
2611.06779039 0.997558040542
2611.08822181 1.00210066702
2611.10865333 1.00453499517
2611.12908494 0.995207482941
2611.14951636 1.0028733406
2611.16994797 1.0018866182
2611.19037949 0.999450208887
2611.27210556 0.996647979657
2611.29253707 0.998738480183
2611.31296849 1.00158304861
2611.3334001 1.00103102129
2611.37426314 1.00053530425
2611.39469465 0.99973188402
2611.41512617 1.00106916223
2611.43555768 0.999761920712
2611.51728385 0.984740834987
2611.53771526 0.99868717624
2611.55814678 0.999128549981
2611.57857839 1.00215882967
2611.59900981 1.00144709717
2611.61944143 0.998780961618
2611.63987294 0.995112179797
2611.66030436 0.999027290197
2611.68073597 0.999221217427
2611.76246204 0.99927738163
2611.78289345 1.00124410146
2611.80332507 0.997857678317
2611.82375658 0.997642466754
2611.8441881 1.00160416826
2611.86461961 0.999792296102
2611.88505113 1.00182481735
2611.90548274 0.994771672636
2611.92591416 1.00447674583
2611.94634567 0.997775557629
2612.00764022 1.00095599144
2612.08936638 1.00485239304
2612.1097978 0.998807645435
2612.13022941 0.998154302065
2612.15066093 0.990008363823
2612.17109234 1.00273970726
2612.19152396 1.00179497555
2612.23238689 1.00089636179
2612.25281851 0.999892517035
2612.27325002 0.999430185021
2612.29368144 1.00321471784
2612.31411305 1.00155365927
2612.33454457 1.00117133434
2612.35497618 1.00208330981
2612.3754076 0.995606820463
2612.39583911 0.998539142957
2612.47756527 1.00001921551
2612.49799679 1.00189789269
2612.5184282 0.998135414367
2612.53885982 0.999365828492
2612.55929133 1.00099603766
2612.57972285 1.00114956419
2612.60015436 1.000009238
2612.62058588 0.997649668169
2612.784038 1.00418251914
2612.80446961 1.001745718
2612.82490103 0.995383924687
2612.84533254 0.999606883996
2612.86576416 1.00029422311
2612.88619557 0.999187272392
2612.90662709 1.00079646813
2612.9270587 1.01408230157
2612.96792163 0.995008975408
2612.98835325 1.00379508344
2613.00878466 0.997675813147
2613.02921628 0.996880478015
2613.04964779 1.00762395684
2613.07007931 0.995396372397
2613.09051082 0.998538540358
2613.11094234 1.00209365311
2613.13137386 1.01342802051
2613.15180547 0.995266911801
2613.17223689 1.01021645257
2613.1926684 0.999967571521
2613.21310002 0.99047893533
2613.23353143 0.996813373308
2613.25396305 1.00226907731
2613.27439456 1.00146715055
2613.29482598 1.00212869481
2613.31525759 1.00171074005
2613.33568911 0.988652074319
2613.35612052 1.00034297812
2613.51957274 1.00115081077
2613.54000426 1.00238286853
2613.56043577 1.00007774664
2613.58086729 0.993766227944
2613.6012988 0.996276678225
2613.62173032 1.00191806259
2613.64216183 1.00232048413
2613.66259345 1.00046229241
2613.70345648 0.999307979497
2613.72388799 0.999157278795
2613.74431941 0.998243400784
2613.76475102 0.998467331149
2613.80561395 1.00308857409
2613.82604557 1.00020005398
2613.84647708 0.991008524089
2614.00992921 0.996408930955
2614.03036072 0.996440781945
2614.05079224 1.00140141606
2614.07122375 1.00220789231
2614.09165527 1.00074962168
2614.11208688 0.996637461159
2614.1325183 1.00290351465
2614.15294992 0.999438217966
2614.19381285 0.999951982204
2614.21424446 1.00254497627
2614.23467598 0.999068976514
2614.25510739 1.00403620792
2614.27553901 1.00199054475
2614.29597052 0.996363462706
2614.31640194 1.003872082
2614.33683355 0.997162727543
2614.35726507 0.999295582998
2614.37769669 1.00011080061
2614.45942265 1.00456939196
2614.47985416 1.00464176485
2614.50028578 0.996002599019
2614.5207172 0.999997621173
2614.54114871 1.00041265627
2614.56158033 0.999296033181
2614.58201174 0.998080980859
2614.60244336 1.00227384096
2614.62287488 0.997524859021
2614.70460094 0.998553117902
2614.72503245 1.00111347585
2614.74546397 1.00245524637
2614.76589549 1.0051732875
2614.786327 0.998655968998
2614.80675852 1.00454567229
2614.82719004 0.998639066277
2614.84762155 0.999858443379
2614.94977923 1.00030879957
2614.97021065 1.00337080089
2614.99064216 1.00433735553
2615.01107378 0.999909213736
2615.0315052 0.998416501359
2615.05193681 1.00275794295
2615.07236833 1.00345429576
2615.09279975 1.00326305758
2615.11323136 1.00275342686
2615.13366288 1.00530701603
2615.17452591 1.00573763297
2615.19495743 1.00357979496
2615.21538895 0.999119940328
2615.23582046 0.998774902128
2615.25625198 1.0011457492
2615.2766836 0.999633445975
2615.29711501 1.00267725507
2615.31754653 1.00584359503
2615.33797815 1.00105892686
2615.35840966 0.996943044898
2615.37884108 0.996085118177
2615.41970421 1.00729231821
2615.44013563 0.995617367617
2615.46056725 0.998609092236
2615.48099876 0.999217851726
2615.50143028 0.99771223256
2615.5218618 1.00247250681
2615.54229322 0.997511945662
2615.56272483 0.987370675691
2615.72617707 1.0039360041
2615.74660849 1.00531827941
2615.76704001 0.998274570705
2615.78747162 1.00235592514
2615.80790304 0.988520684273
2615.97135528 0.998060256563
2615.9917868 1.00275119159
2616.01221842 0.996642918921
2616.03264984 1.00130309698
2616.05308135 0.999682574431
2616.07351297 1.00581006786
2616.09394439 0.999517628671
2616.17567056 1.00066751224
2616.19610198 0.999266849013
2616.2165335 0.996666916987
2616.23696512 1.00323459172
2616.25739654 0.999178763473
2616.27782806 0.998202763836
2616.29825967 0.999921267547
2616.31869109 1.00092613903
2616.33912271 0.995485502718
2616.42084879 1.00551037107
2616.4412803 0.999767439641
2616.46171182 1.00213031859
2616.48214334 0.999223277918
2616.50257486 0.994508892734
2616.52300648 1.00432536038
2616.5434379 0.995844273415
2616.70689015 0.9957868718
2616.72732157 1.00331137358
2616.74775319 0.997547289999
2616.76818471 0.998366858072
2616.78861623 0.998304828145
2616.80904775 1.00376294485
2616.82947927 0.999938648841
2616.91120535 1.00016653006
2616.93163687 1.00093883122
2616.95206839 1.00037386697
2616.97249991 0.997246519524
2616.99293143 1.00380065617
2617.01336305 1.00366830965
2617.03379447 1.00151253928
2617.05422599 0.997783586061
2617.07465761 0.997818188613
2617.09508913 0.99757886667
2617.13595217 0.993553757082
2617.15638369 1.00064125979
2617.17681511 0.993006538377
2617.19724674 1.00540521279
2617.23810988 1.00431991883
2617.2585413 0.995657241597
2617.27897282 0.990803079175
2617.44242499 0.997436496421
2617.46285661 0.999744857204
2617.48328813 0.99693459481
2617.50371955 1.0012666674
2617.52415117 1.0002713542
2617.5445827 0.999825435644
2617.66717183 0.995696570007
2617.68760335 1.00262120475
2617.70803487 1.00161561471
2617.72846639 1.00002384619
2617.74889802 0.996248708459
2617.76932944 0.9961945953
2617.93278172 0.996397503074
2617.95321314 1.00162237773
2617.97364477 0.996543275704
2617.99407629 0.992569188334
2618.01450781 0.999106115702
2618.03493933 0.997026414267
2618.0962339 1.00415373192
2618.11666543 1.0012971553
2618.13709705 0.997646796933
2618.15752858 0.999991626694
2618.17796 1.00313942475
2618.19839162 1.00104809849
2618.21882315 1.00271884964
2618.23925457 1.00114684248
2618.25968619 0.993409742654
2618.28011762 0.997363286137
2618.30054924 1.0009777995
2618.32098077 0.997784449687
2618.36184382 1.00452231656
2618.38227534 1.00126162668
2618.42313839 0.996245010277
2618.44356991 1.00445513524
2618.46400134 0.994496290597
2618.48443296 0.998284860707
2618.50486449 0.996802440002
2618.66831669 0.990140186367
2618.68874821 0.995514886523
2618.70917984 0.996492165974
2618.72961136 1.00059764401
2618.75004289 1.00336716733
2618.77047442 1.00114750536
2618.79090594 0.998188147439
2618.87263215 0.998755391226
2618.89306357 0.992127297563
2618.9134951 1.00224365209
2618.93392663 0.996615560656
2618.95435815 0.999048561932
2618.97478978 1.00211714807
2618.9952212 1.00237075436
2619.01565273 0.999274277103
2619.03608436 0.993674833644
2619.05651579 0.989803069912
2619.09737894 1.00007140729
2619.11781037 1.00113179195
2619.13824199 1.00390549136
2619.15867352 1.00087737108
2619.17910495 0.996406252461
2619.19953658 1.0024454652
2619.2199681 1.00539848036
2619.24039963 1.00132902781
2619.40385185 1.00419656665
2619.42428348 0.994279967034
2619.44471501 0.999161194554
2619.46514644 1.00261702645
2619.48557807 0.998273580375
2619.5060096 0.998317717096
2619.52644103 0.999899235386
2619.60816724 1.00062754867
2619.62859877 1.00017479145
2619.6490303 1.00106863325
2619.66946183 1.00693715789
2619.68989326 1.00706528674
2619.71032489 1.00288679752
2619.73075642 0.999389513585
2619.91464019 0.998034773012
2619.93507182 0.995729113971
2619.95550335 0.990042369669
2619.97593478 0.996279276349
2620.20068183 1.00546661414
2620.22111336 1.00160255638
2620.24154479 1.01319105874
2620.26197642 1.01230843724
2620.30283939 1.00356345269
2620.32327102 0.995410459042
2620.34370255 1.00064706425
2620.36413408 0.998116701568
2620.38456562 0.998561479193
2620.40499715 0.999823934227
2620.42542868 0.99352528182
2620.44586021 0.998166552704
2620.46629175 0.994636041631
2620.62974402 1.00068486635
2620.65017565 1.00665403051
2620.67060718 1.00309344963
2620.69103862 0.997543216057
2620.71147025 1.00289947431
2620.73190179 0.99840706722
2620.85449099 0.999143816044
2620.87492263 1.00162695762
2620.89535406 0.999539453806
2620.9157856 0.996210248576
2620.93621723 1.00222814912
2620.95664867 0.994904539643
2620.97708021 1.00410782347
2620.99751184 1.0010836399
2621.07923789 0.998613745043
2621.09966952 1.00166064173
2621.12010106 1.00042848026
2621.14053249 1.00288600876
2621.16096413 1.00202832648
2621.18139567 0.998881329072
2621.2018271 1.0023416998
2621.22225874 0.997740841522
2621.24269028 0.99640009395
2621.32441653 1.00197029627
2621.34484796 0.998874806501
2621.3652795 1.00105358181
2621.38571114 0.998305797431
2621.40614258 0.999240845527
2621.42657412 1.00596188913
2621.44700575 1.00354070755
2621.46743719 0.997389593939
2621.48786883 0.998406881193
2621.6308896 0.996515669832
2621.65132114 0.998664618205
2621.67175278 1.0067805809
2621.69218422 1.00038283059
2621.71261576 0.996769347858
2621.8352051 0.996713738076
2621.85563654 1.00134041719
2621.87606818 1.0036723109
2621.89649972 1.0020505819
2621.91693116 1.00034958567
2621.9373628 0.998634339754
2621.95779434 0.998336246479
2621.97822578 0.998265063286
2621.99865743 0.998400608492
2622.03952041 1.00317568508
2622.05995205 0.994537837906
2622.08038359 0.995246871497
2622.10081523 1.00367004013
2622.12124667 0.99797095162
2622.14167822 1.00040912365
2622.16210986 0.997389539858
2622.1825413 0.996902661226
2622.20297284 1.00526297676
2622.22340449 1.01071561347
2622.26426757 1.00462455275
2622.28469911 1.00236413952
2622.30513066 0.999736156986
2622.3255622 1.00447943307
2622.34599374 1.00481402765
2622.36642529 0.998418783128
2622.38685683 0.999011254971
2622.40728837 0.996433545571
2622.42771982 0.998819246426
2622.44815146 1.00723675464
2622.46858301 0.999375722102
2622.48901465 0.994025373285
2622.52987764 1.00852898583
2622.55030928 0.99489957588
2622.57074073 0.99962638477
2622.59117227 1.00098017707
2622.61160392 0.994307484777
2622.63203536 1.00516471286
2622.65246691 1.00347677972
2622.67289855 1.00018040165
2622.69333 1.0012590311
2622.81591937 0.9981942684
2622.83635092 1.00813654103
2622.85678247 0.998363683236
2622.87721411 0.996141751581
2622.89764566 1.00119590757
2622.91807711 1.00393237795
2622.93850875 1.00684266339
2622.9589403 0.991908396404
2623.04066639 1.00469512443
2623.06109804 0.998749368504
2623.08152958 1.00724242373
2623.10196113 1.00427526021
2623.12239268 0.999286559932
2623.14282423 0.997149581834
2623.16325578 0.998751226604
2623.32670827 0.998505483256
2623.34713972 1.00282201981
2623.36757127 0.997741239488
2623.38800292 1.00767542013
2623.40843437 0.997346081962
2623.42886592 0.998417634381
2623.44929757 0.996108829436
2623.53102377 0.995046092437
2623.55145542 0.999498177629
2623.57188687 1.00760049792
2623.59231842 0.997453818985
2623.61275008 1.00157194911
2623.63318153 1.00327799914
2623.65361308 0.998472786583
2623.67404473 0.99990234631
2623.69447618 0.996152738932
2623.77620249 1.00204260812
2623.79663394 1.00265308985
2623.8170655 1.00347475867
2623.83749715 1.00130465117
2623.8579286 1.0053331076
2623.87836016 1.00293723521
2623.89879181 0.993045405384
2623.91922336 0.992565425098
2623.93965492 1.00549147575
2623.96008647 0.98077200521
2624.00094958 0.998993024126
2624.02138113 1.00183495041
2624.04181269 1.00035737704
2624.06224434 1.00072839487
2624.14397046 0.999285523325
2624.16440212 1.00279033741
2624.18483367 1.0011596915
2624.2665598 0.999091141039
2624.28699145 0.998585399384
2624.30742301 1.00362107882
2624.32785466 1.00119100998
2624.34828612 0.996829048691
2624.36871768 0.996710365027
2624.38914934 1.00200715655
2624.40958079 0.994081590122
2624.43001235 1.00107153303
2624.45044391 0.990965218066
2624.49130712 0.998468635022
2624.51173858 0.999043091663
2624.53217014 0.998460091772
2624.5526018 1.00026176476
2624.59346481 1.01003026909
2624.61389647 0.998008416721
2624.63432803 1.00528410873
2624.7977805 0.999754290486
2624.81821206 1.00211362256
2624.83864373 1.00108609615
2624.85907519 1.00020034902
2624.87950675 0.999092469438
2624.89993841 0.999312692125
2624.92036987 1.00136359319
2624.94080153 0.996294697045
2624.98166455 1.00353729115
2625.00209621 0.99961720401
2625.02252777 0.997250150999
2625.04295924 1.00402788379
2625.0633909 1.00347652757
2625.08382246 0.998470069681
2625.10425412 1.00323313799
2625.12468558 1.00298230509
2625.14511715 0.99334881232
2625.16554871 0.993470817624
2625.18598027 1.00151012339
2625.2268434 0.995989591611
2625.24727496 1.00129203222
2625.26770653 0.993610139947
2625.28813819 1.00591610776
2625.30856965 0.997371451378
2625.32900132 0.997657012728
2625.34943288 0.999244967601
2625.36986435 1.00199877789
2625.39029601 0.999488319466
2625.41072758 0.988250592981
2625.47202227 1.00238776089
2625.49245394 1.00128567595
2625.53331697 1.00031860051
2625.5741801 0.995431807243
2625.59461167 0.999768302313
2625.79892744 1.00362933927
2625.83979057 1.00136607118
2625.86022214 0.99877647565
2625.96237999 0.999535140702
2625.98281155 0.998060225444
2626.00324322 0.999220182992
2626.02367469 1.00020751244
2626.04410626 1.00252969428
2626.06453793 1.00346126225
2626.0849694 1.00191542802
2626.10540107 0.998010309214
2626.12583265 1.00390436815
2626.14626412 0.998016902993
2626.16669579 0.999998522617
2626.2279905 1.00010464109
2626.24842207 0.999310867639
2626.26885364 0.998731750498
2626.28928522 0.999804804945
2626.30971679 0.997364066305
2626.33014846 1.01183401088
2626.35057993 1.0007956985
2626.37101151 0.999495626587
2626.39144318 1.00231101031
2626.41187475 1.00075689979
2626.4527379 0.998139933273
2626.47316947 0.999503661034
2626.49360105 1.0015419522
2626.51403262 0.998359868037
2626.53446419 0.995727091257
2626.55489577 0.999885836008
2626.57532734 1.00386062578
2626.59575882 0.99654289384
2626.61619049 1.00245554865
2626.63662207 0.99972003164
2626.65705354 1.00051643047
2626.69791679 1.00161130085
2626.71834847 1.00353770313
2626.73877994 0.999266369402
2626.75921152 1.00449503152
2626.7796432 1.00178942173
2626.80007467 1.00001268225
2626.82050625 1.00073545275
2626.84093793 0.999160181526
2626.8613694 0.995710033353
2626.88180108 0.999966262772
2626.90223266 0.984018913553
2626.94309581 0.9976258361
2626.96352739 0.99967182932
2626.98395897 1.00045091324
2627.00439055 0.99615208764
2627.02482212 0.999689150168
2627.0452537 0.993601942969
2627.06568528 1.00597827802
2627.08611686 0.984108119925
2627.10654854 0.996665525291
2627.20870634 1.00369181203
2627.22913802 0.997800561434
2627.2495696 0.99630243711
2627.27000118 1.00227394224
2627.29043276 0.997916432429
2627.31086424 0.993587486102
2627.33129592 0.99607609019
2627.49474868 0.996645218645
2627.51518016 0.997110707517
2627.53561174 1.01167504851
2627.57647501 1.00294191807
2627.59690649 0.997889809619
2627.61733818 1.00111121428
2627.63776976 1.00188746347
2627.67863293 0.99348214888
2627.69906451 0.993067434038
2627.7194962 0.999093707525
2627.73992768 0.99985647837
2627.76035927 1.00232234044
2627.78079096 0.999724528156
2627.80122244 1.00157959335
2627.82165403 0.999385317477
2627.84208571 1.00143160872
2627.8625172 0.997243588389
2627.90338047 1.00163653885
2627.92381196 0.998458611685
2627.94424364 1.00724370023
2627.96467513 1.00123443217
2627.98510672 0.999192021001
2628.00553841 0.996879251545
2628.02596989 1.00257043135
2628.04640158 1.00316396856
2628.06683317 0.995705863408
2628.08726466 1.00160966737
2628.10769635 0.995372941147
2628.1894227 0.999626855254
2628.20985429 1.00099643863
2628.23028588 1.00170360608
2628.25071747 0.998754051405
2628.27114916 0.997674470016
2628.29158075 1.00459774551
2628.31201224 0.999240721954
2628.33244393 1.00099194755
2628.35287552 0.997622217489
2628.43460199 0.997255703028
2628.45503348 0.996977052489
2628.47546507 0.999571790989
2628.49589677 1.00397660866
2628.51632826 1.00286909826
2628.53675985 0.998504495237
2628.55719144 1.0004655161
2628.57762304 0.998103245158
2628.59805463 1.00468028779
2628.61848622 1.0093024832
2628.65934951 0.996049197853
2628.679781 0.999240971697
2628.7002126 0.999629261228
2628.72064429 0.99732859093
2628.74107579 1.00401039273
2628.76150738 1.00094087977
2628.78193908 1.00331848985
2628.80237067 1.00108828822
2628.82280227 0.985820964127
2628.94539195 0.999884213874
2628.96582344 1.00037471986
2628.98625504 1.0017846545
2629.00668674 0.996641236531
2629.02711824 1.00557379421
2629.04754993 1.00402912883
2629.06798153 1.0019960392
2629.08841303 1.00203822903
2629.10884473 0.995682772743
2629.14970783 0.998345881272
2629.17013952 0.996793082735
2629.19057112 1.00104870085
2629.21100262 0.998131993942
2629.25186592 1.00255202131
2629.27229762 0.999792005602
2629.29272912 0.999594454294
2629.31316072 1.00136755236
2629.43575043 0.996484079191
2629.45618203 1.00430237308
2629.47661354 0.994378868502
2629.49704524 1.00051400651
2629.51747684 1.00184689147
2629.53790834 1.00907354073
2629.55834005 0.999342469406
2629.68092967 0.998196771833
2629.70136127 0.998203134342
2629.72179298 1.00166324224
2629.74222448 0.997887894362
2629.76265609 0.997930612668
2629.78308779 1.00505532821
2629.8035193 0.999103010338
2629.82395101 1.00523051377
2629.84438261 1.00110916127
2629.88524582 1.00048316756
2629.90567743 1.00394770158
2629.92610904 0.995631435016
2629.94654065 1.00772917977
2629.96697225 1.00052208553
2629.98740386 0.99850425552
2630.00783547 0.995674676777
2630.02826708 1.0014513809
2630.04869869 0.998920726401
2630.06913029 1.00388206583
2630.0895619 0.998610876371
2630.13042512 0.996734453959
2630.15085673 1.00337492357
2630.17128844 0.999890558689
2630.19171995 0.996652394976
2630.21215166 0.998581762458
2630.23258327 0.998648386766
2630.25301478 0.997741645902
2630.27344649 1.00222585281
2630.2938781 1.00843293563
2630.31430961 1.00210960342
2630.33474132 1.00039834065
2630.37560445 0.998904950188
2630.39603616 0.999273258539
2630.41646777 1.00070065553
2630.43689949 0.999115961072
2630.457331 0.99940451714
2630.47776261 0.997134798185
2630.49819432 1.0072686192
2630.51862584 0.995586143832
2630.53905745 0.999880740395
2630.55948917 1.00274470138
2630.62078401 0.996486080756
2630.64121562 1.00107517961
2630.66164724 1.00331134597
2630.68207885 1.00114703429
2630.70251037 0.994961293355
2630.72294209 1.00010572138
2630.7433737 1.00511452838
2630.76380522 1.00382072067
2630.78423693 1.00078577611
2630.80466855 1.00126135783
2630.8659634 0.998183886488
2630.88639512 1.00262925014
2630.90682664 1.00171521512
2630.92725826 1.00050298006
2630.94768997 0.999061174329
2630.96812149 1.00185142614
2630.98855321 0.999076044028
2631.00898483 0.982074452353
2631.13157455 1.00148755098
2631.15200627 1.00040086391
2631.17243779 1.00288348552
2631.19286941 0.998109073631
2631.21330113 1.00946080455
2631.23373275 0.999896968332
2631.25416428 1.00263382604
2631.274596 1.00251300868
2631.29502762 0.993752011424
2631.31545914 0.996653684773
2631.35632239 0.99646266396
2631.37675411 0.999907664672
2631.39718574 0.998669812812
2631.41761726 1.00373380748
2631.43804898 1.00072539998
2631.45848061 0.998168668137
2631.47891213 1.00747601118
2631.66279696 0.999742233397
2631.68322849 1.00482779595
2631.70366012 0.999989920224
2631.72409184 0.999303383352
2631.74452337 0.999691684991
2631.7649551 0.999038517101
2631.78538673 0.998707064252
2631.82624998 1.00014991836
2631.84668161 1.00072461076
2631.86711324 0.999390434087
2631.88754487 0.999104007333
2631.9079765 0.999274232566
2631.92840823 1.00391090295
2631.94883986 1.00235514211
2631.96927139 0.997247198585
2631.98970312 1.00142200403
2632.01013475 0.999572707453
2632.03056628 1.00091688253
2632.05099801 1.00013685537
2632.09186118 1.00296522746
2632.11229291 1.00655077602
2632.13272444 1.00115322049
2632.15315617 1.0010054078
2632.17358781 0.995173838848
2632.19401934 0.996239850292
2632.21445107 1.00130187813
2632.2348827 1.00091738684
2632.25531424 1.00326134284
2632.33704088 0.995281119238
2632.35747251 0.999048447664
2632.37790425 1.00300980307
2632.39833578 0.998768957533
2632.41876742 0.9966463926
2632.43919915 0.996029783127
2632.45963079 0.99969096006
2632.48006232 0.998962324463
2632.50049406 0.998850051144
2632.5209257 0.997073466681
2632.54135734 0.996308079887
2632.58222061 1.00510796248
2632.60265235 1.00194426053
2632.62308389 0.999539433735
2632.64351553 0.993246904261
2632.66394726 1.00093277704
2632.6843788 0.996106685234
2632.70481054 0.989814059148
2632.72524208 0.993233777054
2632.74567372 1.00041104249
2632.76610546 0.997098245105
2632.786537 1.00214815842
2632.82740038 1.00508521402
2632.84783192 1.00420061162
2632.86826356 1.00059304208
2632.90912685 1.00576200447
2632.97042177 0.997535182963
2633.13387502 0.999973951369
2633.15430677 0.996590018215
2633.17473841 1.00106090921
2633.19516996 0.987645213326
2633.2156017 1.00095404066
2633.23603335 1.00784697344
2633.2564649 0.999433447257
2633.27689664 1.00298440318
2633.31775994 1.00186280577
2633.33819158 1.00134185529
2633.35862323 1.00374676002
2633.37905488 1.00159292064
2633.39948653 0.998201330721
2633.41991817 0.998557424927
2633.44034982 0.998006921536
2633.46078147 0.994442180816
2633.48121322 1.00555346705
2633.60380312 0.995105258616
2633.62423477 0.998688249209
2633.64466632 1.00260508864
2633.66509807 1.00320414243
2633.68552972 1.00082738011
2633.70596138 0.99992605421
2633.72639303 0.999088994477
2633.74682468 1.00001469194
2633.76725633 0.996552427407
2633.80811964 1.00233420788
2633.82855139 1.00067243139
2633.84898295 1.00554386732
2633.8694147 0.992233035474
2633.88984636 1.00289689592
2633.91027791 1.0072890158
2633.93070967 0.998449578093
2633.95114132 0.997769491784
2633.97157288 1.00081237687
2633.99200463 0.992428130259
2634.01243629 0.99590728349
2634.0532996 1.00232011683
2634.07373126 0.998131416544
2634.09416291 0.99923044557
2634.11459457 1.00395048991
2634.13502613 0.994225360755
2634.15545789 0.994787118482
2634.17588954 0.999409871443
2634.1963212 0.998151155663
2634.21675286 0.99493919697
2634.23718452 0.998989544661
2634.31891126 0.996984873624
2634.33934292 1.00098159464
2634.38020624 0.996526063395
2634.4006379 0.999881088306
2634.42106956 0.99969421093
2634.44150122 1.00001213137
2634.46193289 1.00292730905
2634.48236465 0.999711341096
2634.50279621 1.0008108849
2634.54365964 0.999063411501
2634.5640912 1.00102165476
2634.58452286 1.00095433504
2634.60495463 1.00113201179
2634.62538619 0.99633394981
2634.64581795 0.997824433908
2634.66624962 1.00198161193
2634.68668118 0.997363205065
2634.70711295 1.00417962348
2634.72754452 1.00227205877
2634.74797618 0.995407862513
2634.78883951 1.00249349743
2634.80927128 1.00125422382
2634.82970295 0.996636822368
2634.85013461 1.00153390451
2634.87056628 0.994179316212
2634.89099795 1.00231392138
2634.91142962 1.00260880002
2634.93186129 1.00048472115
2634.95229295 0.997528825809
2634.97272462 0.992506954118
2634.99315639 0.997959509607
2635.03401973 0.998147801925
2635.0544514 1.00613935871
2635.07488297 0.999378591039
2635.09531474 1.00190721904
2635.11574641 0.999217570556
2635.13617798 1.00018325701
2635.15660975 1.00303502408
2635.17704143 0.998282475048
2635.1974732 0.998998407383
2635.21790477 0.990663993497
2635.29963146 0.999570986468
2635.32006324 0.997982712235
2635.34049481 0.997807359389
2635.36092648 1.00571872096
2635.38135826 1.00330345877
2635.40178983 1.00167513707
2635.42222161 0.994562958647
2635.44265328 0.999611345643
2635.56524334 1.00144680703
2635.58567502 1.00578177154
2635.6061067 1.00743047059
2635.62653837 1.0026777399
2635.64697015 0.999498738174
2635.66740173 0.998894206617
2635.68783341 1.00647786439
2635.70826519 0.999570110613
2635.72869677 1.00666378597
2635.76956023 1.0059345103
2635.78999181 1.00385644162
2635.81042359 1.00217686705
2635.83085527 1.00211627732
2635.85128685 1.00247060682
2635.87171863 1.0016390402
2635.89215031 1.00292728807
2635.9125819 1.00494051657
2635.93301368 0.999980520793
2635.95344536 1.00239939961
2635.97387714 0.999369361855
2636.01474041 1.00350774281
2636.03517219 0.998060538413
2636.05560378 1.00173540999
2636.07603546 1.00144644479
2636.09646725 1.00259074508
2636.11689883 0.996710440231
2636.13733062 0.999257431809
2636.1577622 0.996972263661
2636.17819389 1.00252841843
2636.19862567 1.003757224
2636.21905736 0.997763920631
2636.25992073 1.0009617075
2636.28035242 0.999066190716
2636.30078401 1.00211578856
2636.3212158 0.993812248748
2636.34164749 1.00030898416
2636.36207927 1.00133432032
2636.38251086 1.00025459766
2636.40294255 1.0042592068
2636.42337434 1.00022557068
2636.44380593 0.999420773704
2636.52553279 0.996935214519
2636.54596448 0.997628856097
2636.56639607 0.997334174384
2636.58682787 0.998392058837
2636.60725956 1.00213903673
2636.62769115 1.00130583907
2636.64812294 0.997625943925
2636.66855464 0.994124696296
2636.68898643 0.994308386293
2636.72984972 0.992279891075
2636.75028141 0.997249730162
2636.77071321 0.996750565321
2636.7911448 0.992117035982
2636.8115765 1.00475759739
2636.83200819 1.00380035558
2636.85243989 0.99779163888
2636.87287168 0.996733579394
2636.89330328 0.993772506655
2636.91373507 0.989522705264
2637.03632526 1.00017264035
2637.05675696 0.996304095511
2637.07718876 0.999700948251
2637.09762036 1.00203879315
2637.11805206 0.994319983272
2637.13848386 0.999685951933
2637.15891546 0.997576858895
2637.17934716 0.991579221152
2637.19977896 1.00471951319
2637.24064226 1.00110899565
2637.26107406 0.997535866646
2637.28150576 1.00218604694
2637.30193747 0.996168243729
2637.32236917 1.00412837371
2637.34280087 1.01069555216
2637.36323258 1.00454327534
2637.38366428 1.00078083819
2637.40409598 0.993540554865
2637.42452769 0.996309905039
2637.44495939 0.989189724239
2637.4858228 1.00127174169
2637.50625451 1.00172049214
2637.52668631 1.00174801378
2637.54711792 1.00282809819
2637.56754963 1.00484147149
2637.58798143 1.00576663117
2637.60841304 0.999294098468
2637.62884485 1.00262476634
2637.64927655 0.998859382807
