# #0 time, 1 flux
2384.50460041 1.01017932214
2384.52503274 1.00468790621
2384.54546517 0.989984579954
2384.5658977 1.00093308528
2384.58633004 0.992423733369
2384.60676247 1.01197728093
2384.627195 1.00701412128
2384.64762733 1.00322183207
2384.66805986 0.994710779655
2384.68849229 0.99365411634
2384.70892461 0.986825150904
2384.72935714 0.982459137106
2384.74978957 0.98855973769
2384.7702219 0.983597506189
2384.79065442 0.972567349886
2384.81108685 1.00427816847
2384.83151917 0.983178067366
2384.8519517 1.01086057223
2384.87238412 0.986853591723
2384.91324897 0.999345715571
2384.93368139 0.995358336398
2384.95411391 1.0033832878
2384.97454624 1.01599360613
2384.99497866 1.01531544616
2385.01541118 0.987633573002
2385.0358436 1.01107714555
2385.05627592 1.03741901555
2385.07670844 1.01379790258
2385.09714086 1.00110043642
2385.11757327 0.999426155775
2385.13800569 1.00027825305
2385.15843811 1.00597346702
2385.17887053 1.00549831829
2385.19930294 1.02469683022
2385.21973536 1.00015648944
2385.24016777 0.992292641868
2385.2810326 0.996059082775
2385.30146501 0.996251008463
2385.32189743 0.987264391284
2385.34232994 0.994274494154
2385.36276225 1.0159756677
2385.38319466 0.98042177906
2385.40362717 0.989554911072
2385.42405949 0.99262892127
2385.4444919 1.02018815955
2385.4649244 1.01338793722
2385.48535671 1.01315983235
2385.50578912 0.990897346717
2385.52622163 0.997595503371
2385.54665394 1.00662407955
2385.56708644 0.996426888094
2385.58751885 1.01306873529
2385.60795126 0.999156049468
2385.62838366 1.01262894722
2385.64881607 1.00964968024
2385.66924847 1.01896175889
2385.68968088 1.00340133068
2385.71011328 1.01738345812
2385.73054568 1.00034569311
2385.75097818 0.998565859029
2385.77141049 1.00736190156
2385.79184299 1.00675233098
2385.81227539 0.987781496995
2385.83270769 0.9880198026
2385.85314019 1.00045761322
2385.87357259 1.01859734969
2385.89400489 0.988591136239
2385.91443739 0.994046231246
2385.93486978 1.0193250465
2385.95530208 0.975246321869
2385.97573458 1.0055272413
2385.99616687 0.954733457379
2386.01659927 0.99352939003
2386.03703176 0.981861118964
2386.20049091 0.983052381186
2386.2209233 0.975852325887
2386.24135569 1.00775325332
2386.26178818 0.986768451848
2386.28222047 1.00059757225
2386.30265286 0.990186470237
2386.32308535 1.01506310647
2386.34351763 0.997050335921
2386.38438251 0.976185077891
2386.40481479 1.02119623847
2386.42524728 1.01751129285
2386.44567966 1.00243995286
2386.46611195 0.989971663329
2386.50697682 0.99252441107
2386.5274091 0.996562920063
2386.54784158 0.997419035445
2386.56827396 1.00447859681
2386.58870635 1.00676759453
2386.60913873 1.00491693115
2386.62957111 0.993368476679
2386.65000359 0.990410680154
2386.67043587 1.00787044444
2386.69086825 0.996909227724
2386.731733 1.00522511015
2386.75216538 1.02427911687
2386.79303014 1.01856418677
2386.81346251 0.990856004037
2386.83389499 0.993881535028
2386.85432726 0.993530908646
2386.87475964 0.990813464393
2386.89519211 0.986451795653
2386.93605676 0.986257531289
2386.95648923 0.963626558883
2386.9769215 1.00561111336
2387.01778635 1.03311293769
2387.03821862 0.996891871282
2387.05865109 0.969722196885
2387.07908346 0.999296066626
2387.09951583 1.00135542561
2387.1199482 0.997698456386
2387.14038056 1.00971233292
2387.16081293 1.02540240599
2387.20167767 0.994251673157
2387.22211003 1.0369141832
2387.2425425 1.006939786
2387.26297476 0.982849160007
2387.28340713 0.995026571673
2387.30383959 1.01310385328
2387.32427186 0.999714930556
2387.34470432 0.993314494201
2387.36513668 0.980467233641
2387.38556894 1.00445115973
2387.40600141 0.98826878047
2387.42643367 0.98876131478
2387.44686603 1.00159383195
2387.46729849 0.995044439621
2387.48773075 0.989715983216
2387.50816311 1.00906356023
2387.52859557 1.00419997372
2387.54902782 0.973866588043
2387.63075725 1.01573173636
2387.65118971 1.01338819966
2387.67162206 1.02677072842
2387.69205442 1.03115558124
2387.71248677 1.02271005641
2387.73291913 1.00962219003
2387.75335158 1.00915603673
2387.77378383 1.00605359749
2387.79421618 0.989456180143
2387.81464864 0.996542262134
2387.83508089 0.995658391719
2387.85551324 1.01655975678
2387.87594569 0.990391911978
2387.89637794 0.976474010298
2387.91681029 0.995368142028
2387.93724274 0.999225826594
2387.95767499 0.995416914279
2387.97810733 0.989155490168
2387.99853978 0.990880598806
2388.01897203 0.997689292225
2388.03940447 1.00881469245
2388.05983682 1.02552921125
2388.08026917 0.977123579691
2388.10070151 1.00530723358
2388.12113386 0.990690973151
2388.1415662 1.00162428501
2388.16199854 1.00069313307
2388.20286313 1.00039702622
2388.22329557 1.02135458261
2388.24372791 0.994791516278
2388.26416015 1.02029115302
2388.28459259 0.997669853501
2388.30502493 0.997393187116
2388.36632195 0.982491000473
2388.38675439 0.996305826017
2388.40718663 1.00414245787
2388.42761896 1.00148171397
2388.4480514 0.991276175684
2388.46848364 1.00428699247
2388.48891597 0.999496682223
2388.50934841 0.986593317688
2388.52978064 1.00097499126
2388.55021298 1.01025592598
2388.57064541 1.00898728324
2388.59107774 0.983427775201
2388.61150998 1.01856527033
2388.63194241 1.01430806392
2388.65237474 0.969276903045
2388.67280697 0.991704657284
2388.6932394 1.02136413885
2388.71367173 0.990363436105
2388.73410396 0.965388182637
2388.75453639 1.00190980514
2388.77496872 0.996346536082
2388.79540115 0.989725700484
2388.81583338 1.00299672792
2388.8362657 0.981957755563
2388.85669813 1.01069428799
2388.87713036 1.00769303375
2388.89756268 0.993768467059
2388.91799501 0.972903885156
2388.93842733 0.992389969177
2388.95885966 1.04514786255
2388.97929198 0.996492105287
2388.99972431 1.01258467445
2389.02015663 0.979853776478
2389.04058895 1.00310700916
2389.06102127 1.01158214229
2389.08145359 0.974204030355
2389.10188602 1.00965048363
2389.12231824 0.992319208922
2389.14275066 0.999692795686
2389.16318298 1.00887157533
2389.18361519 0.998884239653
2389.20404761 0.994730774885
2389.22447993 1.01440301847
2389.24491215 0.982900830052
2389.26534457 1.00134408009
2389.28577688 1.01068184434
2389.3062091 1.00097647775
2389.32664152 1.03847775417
2389.34707383 0.973658703831
2389.36750605 1.00515553879
2389.38793846 0.984882297742
2389.40837077 1.02491722311
2389.42880309 0.995068507879
2389.4492354 1.0498359278
2389.46966771 0.988208738904
2389.49010002 0.989620234955
2389.51053234 0.997249199689
2389.53096465 0.996377652737
2389.55139706 0.998949517212
2389.57182937 0.995673717071
2389.59226158 1.02345190192
2389.61269398 1.00935803133
2389.63312619 0.995705401643
2389.6535585 1.00562879989
2389.67399091 1.0067784566
2389.69442312 0.987953296088
2389.71485542 0.994883490401
2389.73528783 0.982963923467
2389.75572003 1.00932567042
2389.77615234 1.00018873714
2389.79658474 0.975984976379
2389.81701695 1.02859116446
2389.83744925 0.979018743189
2389.85788166 1.01208569046
2389.87831386 1.01511791393
2389.89874626 1.0229959918
2389.91917856 1.00543123813
2389.93961086 0.996463373441
2389.96004316 1.01503192907
2389.98047546 0.988478437158
2390.00090776 1.00796501767
2390.02134006 0.980808241513
2390.04177236 0.991649089054
2390.06220466 0.992084430871
2390.08263696 1.00128995954
2390.10306926 0.989702699301
2390.12350155 0.986579059903
2390.14393395 0.995798001914
2390.16436615 0.999815202502
2390.18479844 1.00309563224
2390.20523084 0.988355877807
2390.22566303 1.03412273087
2390.24609533 1.02439423556
2390.26652772 1.00624935761
2390.30739231 1.02953696373
2390.3278246 0.957583761079
2390.34825679 1.00533622727
2390.36868918 0.97743493605
2390.38912147 1.02580039381
2390.40955366 0.970526137365
2390.42998605 0.993401884069
2390.45041824 1.02537702855
2390.47085053 0.993481872754
2390.49128292 0.989710320743
2390.51171521 1.000526271
2390.53214739 1.00190068103
2390.55257978 1.00106527405
2390.57301207 1.01768767995
2390.59344425 0.990603901252
2390.61387664 0.972147429178
2390.63430892 0.987975639263
2390.65474111 1.02259001012
2390.67517349 0.983376205989
2390.69560578 0.996807651236
2390.71603816 0.995235863368
2390.73647034 1.01643704396
2390.75690263 0.984509250941
2390.77733501 0.997293813683
2390.79776719 1.00090779983
2390.81819947 1.00052293162
2390.83863185 0.977136523324
2390.85906403 0.997910475703
2390.87949631 0.981705962456
2390.89992869 0.991967668372
2390.92036087 0.987970365204
2390.94079315 1.01028026432
2390.96122552 1.01278545922
2390.9816578 0.992873161133
2391.00208998 1.01474011566
2391.02252235 1.02227849865
2391.04295463 0.997996039726
2391.0633869 1.00335323808
2391.08381918 0.996539571829
2391.10425145 0.982011348632
2391.18598054 1.0086408185
2391.20641282 1.02547812948
2391.22684499 1.00140497159
2391.24727736 1.01129881022
2391.26770963 0.997166020969
2391.2881418 0.988687078487
2391.30857417 0.990677125044
2391.32900644 1.0159304898
2391.34943871 0.992429081215
2391.36987098 1.02339953283
2391.39030324 0.993190472775
2391.41073551 1.01812491894
2391.43116778 0.997461906499
2391.45160004 0.98796476919
2391.49246467 0.99220117698
2391.51289684 0.991388900302
2391.5333292 1.0112225019
2391.55376147 1.01333651761
2391.57419363 0.983591611044
2391.59462599 0.983173682746
2391.61505826 0.998906129411
2391.63549042 0.985834422565
2391.65592278 1.03503528557
2391.67635504 1.04946816571
2391.6967872 1.00625023141
2391.71721956 0.983691586803
2391.73765182 1.01978863059
2391.75808398 1.02873405947
2391.77851634 1.02678937194
2391.7989486 0.993887535154
2391.81938096 0.989154401849
2391.83981311 0.997717267911
2391.86024537 1.05201110676
2391.88067763 0.997256299272
2391.90110988 1.02901139221
2391.92154214 0.988977133729
2391.94197439 1.02012187758
2391.96240665 0.999983566776
2391.9828389 1.03047132406
2392.00327126 0.991130810528
2392.02370341 1.00404893542
2392.04413566 1.00166623474
2392.06456802 0.997373958033
2392.08500017 0.998000685071
2392.10543242 1.02447971988
2392.12586477 0.980201602167
2392.14629692 0.971355941312
2392.16672917 0.997592783858
2392.18716152 1.00764108073
2392.20759367 1.03866523672
2392.22802602 1.00485750588
2392.26889041 0.993017075121
2392.28932276 0.986725688572
2392.30975501 1.01891949187
2392.33018725 0.991746902555
2392.3506195 0.993594650113
2392.37105175 0.998350595451
2392.39148399 1.05335244735
2392.41191623 1.00786762989
2392.43234848 1.01795304097
2392.45278072 0.996532900041
2392.47321307 1.01469130218
2392.49364521 0.994729822273
2392.51407745 1.02486204964
2392.53450979 1.01239781973
2392.55494193 1.00210687687
2392.57537427 1.00270683313
2392.59580651 0.996915512307
2392.61623865 0.997566494701
2392.63667099 1.01518222233
2392.65710313 0.976885314787
2392.67753537 1.01782998488
2392.69796771 1.01856146784
2392.71839985 1.02423430785
2392.73883208 0.981769501369
2392.77969656 1.04701163882
2392.8614255 0.975228542666
2392.90229006 0.991635687871
2392.9227222 0.985224933407
2392.94315453 0.968800537913
2392.96358676 0.976874944867
2392.98401909 0.989900307283
2393.00445122 1.01321850571
2393.02488346 1.00878078949
2393.04531579 0.973694305258
2393.18834128 1.00391013271
2393.20877351 0.998094836636
2393.22920584 0.98898588925
2393.24963796 0.990557828145
2393.27007019 0.98247558636
2393.29050251 0.985116163411
2393.31093474 0.987859694715
2393.33136696 1.0018267843
2393.35179918 0.985676822696
2393.37223131 0.99372651027
2393.39266363 0.997130226642
2393.41309585 1.05212883437
2393.43352797 0.98491590695
2393.4539603 0.997108413575
2393.49482464 0.984914952272
2393.51525696 0.990170646024
2393.53568918 1.00822656245
2393.55612129 1.01575904802
2393.57655361 1.0197741606
2393.59698583 0.989721504083
2393.61741795 1.02155278893
2393.63785027 1.01181365426
2393.65828248 1.00874127152
2393.6787147 1.01275233877
2393.69914691 1.0254117543
2393.71957913 1.03204737987
2393.74001144 1.01580639789
2393.76044356 0.999209520337
2393.78087577 0.985069673407
2393.80130809 1.01307161844
2393.8217403 1.00837164389
2393.84217241 1.00054733207
2393.86260472 0.991883596882
2393.88303694 1.02100903966
2393.90346905 1.01835506971
2393.92390136 1.01456516932
2393.94433357 0.991457759172
2393.96476568 0.969045869925
2393.98519799 1.01628741141
2394.0056302 1.00324626738
2394.0260623 0.987968815483
2394.04649461 0.975447059086
2394.06692682 0.997648431357
2394.08735893 1.02276893173
2394.10779123 0.992077501852
2394.12822334 0.997844699966
2394.14865565 0.995624358355
2394.16908785 1.01810920886
2394.18952006 0.993536780806
2394.23038447 1.0153175468
2394.25081667 0.991505357087
2394.27124887 1.00865441786
2394.29168107 1.00319711406
2394.31211328 0.989384684963
2394.33254558 1.00325535505
2394.35297768 0.994183395708
2394.37340988 1.04795543956
2394.39384218 1.01449565938
2394.41427428 1.00520966993
2394.43470648 1.00575539251
2394.45513878 0.993109390101
2394.47557088 1.01314920675
2394.49600318 0.980969193801
2394.51643538 0.995498138731
2394.53686747 1.04042594973
2394.55729977 0.9762460238
2394.57773197 0.995611061079
2394.59816406 1.01884509709
2394.61859636 1.00019044327
2394.63902855 1.01103773668
2394.65946075 0.9961606492
2394.67989294 0.976206461898
2394.70032514 0.980253059059
2394.72075733 0.999254675848
2394.74118952 1.02202814639
2394.76162171 0.981996641822
2394.78205391 1.0125440178
2394.8024862 0.987003818112
2394.82291829 0.986426360024
2394.84335048 0.966663713085
2394.86378267 1.00766692976
2394.88421486 0.989270653495
2394.90464715 0.987827057874
2394.92507924 0.999487042208
2394.94551143 0.985698115382
2394.9863758 0.999885714216
2395.00680799 1.00311500117
2395.02724028 1.01185243366
2395.04767236 0.965669637881
2395.06810455 0.988978130249
2395.08853683 0.969536923869
2395.10896892 0.991460977737
2395.14983339 0.951180393098
2395.17026557 0.978147516877
2395.21112994 0.984327383667
2395.23156212 0.965231561005
2395.27242648 0.989116757735
2395.29285866 1.00781519269
2395.31329094 1.01906846033
2395.33372302 1.0007834559
2395.3541552 1.01178100978
2395.37458748 0.998735400382
2395.39501956 0.981974892971
2395.41545174 1.01375817228
2395.43588402 1.00073302819
2395.45631609 1.01332711165
2395.47674827 0.989046968306
2395.49718055 1.00925384495
2395.51761262 0.99764354609
2395.5380448 1.00569691657
2395.55847708 1.01259413127
2395.57890915 0.998765944356
2395.59934142 1.00621967275
2395.6197735 1.00680226886
2395.64020567 1.02464762515
2395.66063795 0.995350252642
2395.68107002 1.01020895733
2395.70150219 1.01674424006
2395.72193446 1.02752863396
2395.74236663 0.992501715726
2395.7627987 1.00985733675
2395.78323097 0.99304817571
2395.80366314 1.00725196041
2395.82409521 0.973485181231
2395.84452748 0.987691203179
2395.86495965 0.998349701556
2395.88539172 1.01196580626
2395.90582399 0.96705569831
2395.92625616 0.963311322274
2395.94668822 1.01090533974
2395.96712049 1.01629935019
2395.98755266 0.992475842034
2396.00798492 0.986318167312
2396.02841699 0.985987002363
2396.04884915 1.00385150156
2396.06928142 1.00679057464
2396.08971348 1.00637827853
2396.11014564 1.00066282363
2396.13057791 0.987582303264
2396.15101007 1.00008221867
2396.19187439 1.03166002173
2396.21230655 1.04042778698
2396.23273862 1.01273810248
2396.25317088 1.0333707567
2396.27360304 1.01695656594
2396.2940351 1.00582791606
2396.31446735 0.975091957
2396.33489951 0.998598207885
2396.35533167 0.988126147453
2396.37576383 0.996743156412
2396.39619589 1.00077482816
2396.41662814 0.994954897726
2396.4370603 1.00049046714
2396.45749236 1.00914223828
2396.47792461 1.00921320848
2396.49835677 1.00094564275
2396.51878882 0.980010114613
2396.58008538 1.00147470642
2396.60051754 1.00034582295
2396.62094969 1.01348087183
2396.64138184 0.968407334454
2396.68224615 1.04985197648
2396.76397485 0.991436465899
2396.784407 0.988015767477
2396.80483905 0.999290740674
2396.82527129 1.00299907695
2396.84570344 1.01089593757
2396.86613549 1.01471348774
2396.88656774 1.01099105358
2396.90699988 1.00025553034
2396.92743193 1.02201623626
2396.94786418 1.01030633537
2396.96829632 1.0179231799
2396.98872847 0.997720009847
2397.00916061 1.03283595628
2397.02959276 0.969604660821
2397.0500249 1.01627690792
2397.07045704 1.00004777376
2397.09088919 0.985356221209
2397.11132133 1.04330400467
2397.13175347 0.969581792142
2397.15218561 0.998438577685
2397.17261775 1.001953966
2397.19304989 0.981428875307
2397.21348203 0.964439751316
2397.25434631 0.966157176183
2397.33607487 0.974586243688
2397.3565071 0.966411833128
2397.37693914 0.965122094338
2397.39737128 0.999211782355
2397.41780351 0.976479850527
2397.43823555 1.01783635565
2397.45866778 0.995967853776
2397.47909992 0.967781798406
2397.49953195 0.986611342702
2397.51996419 1.01207297954
2397.54039632 0.994746465948
2397.56082846 1.00255843961
2397.58126059 1.00106691267
2397.60169272 0.978804172076
2397.62212485 0.986764223483
2397.66298911 0.983643555799
2397.68342124 1.00653843796
2397.70385348 1.02905252497
2397.7242855 1.00172625382
2397.74471763 0.991078571429
2397.76514986 1.02645003416
2397.78558189 0.999027261376
2397.80601412 1.00390929867
2397.82644615 1.00041024582
2397.84687827 0.990909896586
2397.8673105 0.98566762098
2397.88774253 1.01951836398
2397.90817465 0.989070792449
2397.92860688 1.00715105698
2397.9490389 0.99340253257
2397.96947103 0.960802324923
2397.98990325 1.00008194629
2398.01033528 0.9889588757
2398.0307674 1.0202323535
2398.05119962 1.0340456278
2398.07163175 0.995586486054
2398.09206377 0.993339861785
2398.11249599 0.999116213684
2398.15336013 1.00319686023
2398.19422447 1.01145154631
2398.21465669 1.01877339369
2398.23508871 1.02080262459
2398.25552083 1.04124011932
2398.27595305 0.975173924609
2398.29638507 1.02152194549
2398.31681719 0.977628321888
2398.3372494 0.978674285808
2398.35768142 0.98622913359
2398.37811354 0.974562773781
2398.39854575 1.00446160285
2398.41897777 0.982972360124
2398.43940988 0.975286485986
2398.4598421 1.0262079084
2398.48027421 0.980339240308
2398.50070623 1.00402265373
2398.52113844 1.04836089941
2398.54157055 1.00794576703
2398.56200266 0.982886584907
2398.58243478 1.02798004833
2398.60286679 0.997457926447
2398.64373111 1.01754006571
2398.66416312 0.989758789245
2398.68459533 1.00760637622
2398.70502744 1.02810419191
2398.72545945 1.02558754613
2398.74589166 0.999419382498
2398.76632377 0.999286377563
2398.78675578 1.03964592883
2398.80718798 1.01059920489
2398.82762009 1.00002329853
2398.8480521 1.01070451055
2398.8684843 0.994045970771
2398.88891641 1.02164027496
2398.90934862 1.01174187817
2398.92978062 0.997896518573
2398.95021273 1.01649687426
2398.97064493 1.01341819636
2398.99107693 0.975338123074
2399.01150904 0.969136329759
2399.03194124 0.97868968504
2399.05237334 0.982099893467
2399.07280535 0.991632164628
2399.09323755 1.04206103887
2399.11366965 1.01990332352
2399.13410165 1.00421978285
2399.15453385 0.97502871862
2399.17496595 1.01806210028
2399.19539795 1.03093901485
2399.21583015 1.01059514798
2399.23626225 1.03278641441
2399.25669435 1.03116072909
2399.27712645 0.988146194531
2399.29755854 0.980720875998
2399.42015112 1.00790250396
2399.44058322 1.00505935317
2399.46101531 1.00186821728
2399.48144741 0.984745079415
2399.5018795 1.00034529776
2399.54274369 1.02234090687
2399.56317588 0.999429085758
2399.58360787 0.987930381152
2399.68576843 1.02216255409
2399.70620042 1.02227522705
2399.72663261 0.972190503665
2399.74706469 1.00327666265
2399.76749668 0.991829187503
2399.78792887 1.00307739529
2399.80836096 0.970850164681
2399.82879295 1.03083140047
2399.84922513 0.996697775374
2399.86965722 0.988502052799
2399.8900893 0.997898062127
2399.91052139 0.994470964364
2399.93095348 0.978020350508
2399.95138556 1.0181169045
2399.97181765 1.01207000137
2399.99224973 0.993113565912
2400.01268181 0.978197949215
2400.0331139 0.991268317238
2400.05354598 0.98000154835
2400.07397816 0.990132568838
2400.13527441 0.987579746526
2400.15570639 0.995675333222
2400.17613847 0.995087154003
2400.19657065 0.995151730191
2400.21700263 1.02328829517
2400.23743471 0.991037211687
2400.25786689 1.04112295565
2400.27829886 1.01932191537
2400.29873094 1.01618123911
2400.31916312 1.00408232203
2400.3395951 1.02122336202
2400.36002727 0.99239299526
2400.38045935 1.01713533712
2400.40089143 1.00017254802
2400.4213235 1.02223245446
2400.44175558 0.98887368787
2400.46218765 1.03706751185
2400.48261972 1.02101521979
2400.5030518 1.0084507648
2400.52348387 1.00343039495
2400.54391605 0.992442099597
2400.56434802 0.994672192257
2400.58478009 1.00284612943
2400.60521226 0.982995862736
2400.62564423 0.981889030015
2400.64607631 0.97862787695
2400.66650848 0.994128495445
2400.68694045 0.995332313525
2400.70737262 0.973954918472
2400.72780469 0.995563622354
2400.74823666 0.985858697569
2400.76866883 0.988571862361
2400.78910089 1.01090169707
2400.80953286 0.999568230709
2400.850397 1.02132697808
2400.87082906 0.992895189304
2400.89126123 0.991303604272
2400.9116933 1.00123702071
2400.93212526 1.00410593037
2400.95255743 1.00551778233
2400.97298949 1.03356063645
2400.99342146 1.0275539935
2401.01385362 1.02632228889
2401.03428568 1.02203180199
2401.05471765 1.04719821296
2401.07514981 1.0146778233
2401.09558187 1.01840261653
2401.11601403 1.02144757619
2401.136446 1.00050170707
2401.15687806 1.00354262395
2401.17731022 1.00019513134
2401.27947042 1.04366298983
2401.29990258 1.01691574381
2401.32033453 0.968613878445
2401.34076659 0.991151432829
2401.36119875 1.00085657752
2401.38163081 0.96968822276
2401.40206276 0.990142748001
2401.42249492 1.00589573844
2401.44292697 0.984943036837
2401.46335903 0.986534146007
2401.48379108 0.956983993561
2401.52465519 0.965093909079
2401.54508725 0.941644690987
2401.58595135 1.02899049659
2401.60638341 1.00209509753
2401.62681536 0.998943162928
2401.64724751 1.00007614808
2401.66767956 0.991866206144
2401.68811151 0.946722844212
2401.70854366 0.994400348383
2401.72897572 1.01950851668
2401.74940776 0.999843220752
2401.87200016 0.982308174005
2401.8924321 0.988152662067
2401.91286415 1.02211779388
2401.9332963 0.988376145433
2401.97416029 1.01493183774
2401.99459243 1.01589511617
2402.01502448 1.05158787103
2402.03545642 1.02184457264
2402.07632061 0.986408357927
2402.09675256 1.05337563411
2402.1171847 0.998996682281
2402.13761674 0.970877082028
2402.15804888 1.02151609701
2402.17848082 0.977468072144
2402.19891287 0.978765596218
2402.21934491 1.00513780448
2402.23977695 1.0004156284
2402.26020899 1.0008221804
2402.28064103 1.01639730273
2402.30107307 1.00738258213
2402.32150511 0.99013969087
2402.34193715 0.97105456255
2402.36236918 0.988013469368
2402.38280122 1.00583740761
2402.40323336 0.992938856131
2402.4236653 0.994143749445
2402.44409733 0.962754404909
2402.46452947 0.954916005053
2402.48496141 0.990417764795
2402.50539354 0.945405758462
2402.52582558 0.981671284201
2402.56668965 1.0036180254
2402.58712168 0.998593162662
2402.60755361 1.00593856589
2402.64841778 0.977433455537
2402.68928185 0.993546101902
2402.70971388 1.00829584179
2402.73014581 0.996335009437
2402.75057794 1.00849507583
2402.77100997 1.0150427205
2402.791442 1.00937985606
2402.81187403 0.981537220156
2402.83230606 1.04076370351
2402.85273819 1.01070166563
2402.87317022 1.00241499612
2402.89360215 1.01356251898
2402.91403428 1.01874628971
2402.9344663 0.978248140666
2402.95489823 1.00150677654
2403.05705836 1.01207838163
2403.07749039 0.923869099073
2403.09792251 0.988180622057
2403.11835443 0.993917457864
2403.13878646 0.961785169536
2403.15921858 1.03185712129
2403.20008263 1.01916036499
2403.22051465 0.952226659179
2403.24094667 0.969030202853
2403.26137869 0.963459613663
2403.30224274 0.980141859344
2403.32267476 0.998656969559
2403.34310678 1.04447122377
2403.3635388 1.03715577262
2403.38397092 0.984257915883
2403.40440284 1.00399809739
2403.42483485 1.00616893157
2403.44526697 1.0113687999
2403.46569889 1.00396089912
2403.48613091 0.985931100378
2403.50656302 1.00891690846
2403.52699494 1.00250554152
2403.54742706 0.989014377259
2403.56785907 1.00325973268
2403.58829099 1.00890811472
2403.6087231 1.00895319445
2403.62915512 0.98861568137
2403.64958703 0.992734324512
2403.67001915 1.01447241988
2403.73131519 0.958988016004
2403.7517472 0.988267728561
2403.79261123 0.998538626182
2403.81304324 1.02695432626
2403.83347515 0.993259222621
2403.85390726 1.02788904309
2403.87433927 1.00081848612
2403.89477128 1.01786402664
2403.91520329 1.04571754051
2403.9356353 1.00004179268
2403.95606741 0.98862755363
2403.97649932 0.983142870926
2403.99693132 1.02716298326
2404.03779534 1.00137095473
2404.05822735 1.00452103198
2404.07865945 0.977214553592
2404.09909136 1.00030823856
2404.11952337 0.972022270491
2404.13995547 1.00497649964
2404.16038738 0.995640117719
2404.18081938 0.984245814769
2404.20125149 1.02695309837
2404.22168349 0.976056031414
2404.24211549 1.01000777071
2404.2829795 1.01841267586
2404.3034115 1.00579019748
2404.3238435 0.98883237221
2404.34427551 1.0462781175
2404.36470751 1.01512818636
2404.38513951 0.984774583227
2404.40557151 1.00099090561
2404.42600351 1.00007244279
2404.44643551 0.989811538409
2404.46686751 1.00531955497
2404.48729951 0.985598072551
2404.50773151 0.98050103979
2404.52816341 1.02173796063
2404.54859551 1.00021096715
2404.5690275 0.977221821534
2404.5894596 0.985297260736
2404.6098915 0.969740772671
2404.63032349 1.01651300788
2404.65075559 0.985085255633
2404.67118749 1.00252742083
2404.69161948 0.977142997754
2404.71205158 1.03868361962
2404.73248347 0.980952846755
2404.77334756 0.975024102112
2404.79377956 0.992109628724
2404.81421145 0.98874805789
2404.83464354 0.994933969681
2404.85507554 0.997222978209
2404.87550743 0.984967632853
2404.89593952 0.990482402058
2404.91637151 0.997523485749
2404.9368036 0.987991707288
2404.95723549 1.02243574743
2404.97766748 1.0124913883
2404.99809958 0.978860168159
2405.05939554 0.978281742237
2405.10025942 0.969781636646
2405.12069151 1.00276333298
2405.1411234 0.9993637566
2405.16155538 1.00052762845
2405.18198737 0.984229382417
2405.20241936 1.00775063882
2405.2841474 1.00525783917
2405.32501127 0.999204457057
2405.34544335 1.00918779768
2405.38630722 1.01838387188
2405.4067393 1.00303766293
2405.42717129 1.00262015665
2405.44760317 0.999736522044
2405.46803525 1.00280053409
2405.48846723 1.00179180817
2405.50889911 1.0091760905
2405.52933119 1.00954896953
2405.54976318 1.0089322731
2405.57019506 1.00930585564
2405.59062714 1.01964900476
2405.61105911 1.00461002724
2405.63149119 0.976181075816
2405.65192307 0.984350626856
2405.67235505 0.998475546465
2405.69278713 0.994338532337
2405.71321901 0.969598611737
2405.75408306 1.01763362695
2405.77451504 0.990136764706
2405.79494691 0.997261502461
2405.81537899 1.02138703861
2405.83581097 1.01390436405
2405.85624284 1.01509298149
2405.89710679 0.995215174161
2405.91753876 1.00668976376
2405.93797084 0.96566604361
2405.95840271 0.996380601415
2405.99926676 1.02826256339
2406.01969863 1.01003421175
2406.0401307 1.00042198681
2406.06056267 0.964754211453
2406.08099454 1.02415918657
2406.10142662 1.04208381943
2406.12185859 1.02014208913
2406.14229056 1.00054144818
2406.16272253 1.04526198472
2406.1831545 1.00236890149
2406.20358646 0.98981485148
2406.22401843 1.02429076137
2406.2444504 1.00087221116
2406.26488237 1.01644341253
2406.28531444 1.03155152695
2406.30574631 1.01361446321
2406.32617837 1.00587771177
2406.34661034 0.978283400864
2406.36704221 0.98761151687
2406.38747427 1.01701120486
2406.40790624 0.980330419955
2406.4283381 1.00382037701
2406.44877017 0.991016522024
2406.489634 0.997142111672
2406.51006606 0.990788072685
2406.53049802 1.01064920093
2406.55092989 1.00125749792
2406.59179391 1.01754061846
2406.67352176 0.995856664639
2406.69395372 0.975083108882
2406.73481764 1.0054302162
2406.7552496 1.00480266112
2406.77568156 0.996019264134
2406.79611362 0.999093751305
2406.81654548 0.973694995983
2406.83697744 1.00676557802
2406.85740949 0.982302658598
2406.87784135 1.00568840726
2406.89827331 0.978074174449
2406.91870537 0.999620032701
2406.93913722 0.974059747862
2406.95956928 0.973298349986
2406.98000123 0.996898902147
2407.06172895 0.965728272936
2407.10259296 0.960273298668
2407.12302492 0.983558495077
2407.14345687 0.988697752612
2407.26604868 0.996954233575
2407.28648053 0.985216923768
2407.30691258 1.00718945451
2407.32734453 1.01410144335
2407.34777638 1.01114339769
2407.36820843 1.02707143589
2407.38864028 0.997266206673
2407.40907223 0.98559583989
2407.42950428 1.01713562616
2407.44993613 1.01137658148
2407.47036807 1.00391171904
2407.49080012 1.02905623419
2407.51123197 1.00280038164
2407.53166391 0.98091963427
2407.57252781 1.0033827357
2407.59295975 0.985852963284
2407.6133918 0.96914509056
2407.63382374 0.98927967689
2407.65425569 1.00795736448
2407.67468763 1.0107987849
2407.69511958 0.99130681163
2407.71555152 1.00231579286
2407.73598346 0.978832059351
2407.75641541 0.995443115719
2407.77684745 0.997744429461
2407.79727929 0.998167130553
2407.81771123 0.991331901786
2407.83814327 1.00868577357
2407.85857512 0.972936356236
2407.87900706 0.987182777415
2407.8994391 0.984561363671
2407.91987094 0.965063192632
2407.98116676 1.02988559667
2408.00159879 1.04214968843
2408.02203073 0.98940440235
2408.04246257 1.01109720237
2408.06289461 1.0440260988
2408.08332655 0.99929898043
2408.10375848 0.982116472465
2408.12419042 0.987024642511
2408.14462236 1.02042897843
2408.16505419 1.01922579292
2408.18548623 0.976547080587
2408.20591817 1.01190371601
2408.22635 1.00908333896
2408.26721397 0.995371439782
2408.2876458 1.01093210499
2408.30807784 1.03724415519
2408.3489418 0.965678858156
2408.36937364 1.00810833899
2408.38980557 0.973736045738
2408.4102376 1.02358175637
2408.45110137 1.02295879509
2408.4715334 1.00689567312
2408.49196523 1.0304255721
2408.51239716 1.01039181252
2408.53282919 1.02203566021
2408.55326102 1.03540453345
2408.57369295 1.02080735261
2408.59412498 1.00944576226
2408.61455691 0.997989448777
2408.63498883 0.996315541889
2408.65542076 0.962028082228
2408.67585269 1.01122047363
2408.69628462 0.996662346422
2408.71671655 1.00417733602
2408.73714847 1.00784800035
2408.7575805 0.990965097771
2408.77801233 1.02240278096
2408.79844425 0.988794425548
2408.81887628 0.9782834538
2408.90060388 0.928746859676
2408.94146772 1.00641095178
2408.96189965 0.964929169432
2409.00276349 0.998242269021
2409.02319541 1.00437242659
2409.04362744 0.996665402968
2409.06405926 1.02076215744
2409.08449118 0.998561968151
2409.1049232 1.01242580583
2409.26837846 1.0314746816
2409.28881047 0.983732920612
2409.35010623 0.966410112923
2409.37053814 0.994756590434
2409.39097016 0.923901321644
2409.43183389 0.975389583089
2409.45226591 1.01880300779
2409.47269772 0.994328666941
2409.49312964 0.98960747523
2409.51356165 1.00747196072
2409.53399347 0.990464668772
2409.55442538 0.994875160637
2409.57485739 1.03041115997
2409.59528921 1.01438075705
2409.61572122 1.03816193077
2409.63615303 0.996921560437
2409.65658494 1.01187405836
2409.67701696 1.01543049901
2409.69744887 0.973592218537
2409.71788068 1.02455722996
2409.73831269 1.00940164073
2409.7587446 1.01265785967
2409.77917641 0.998528326084
2409.79960842 0.994746263173
2409.82004033 0.986622907376
2409.84047214 0.997999021512
2409.86090415 1.01687842476
2409.88133606 0.971379713308
2409.92219987 1.00238653293
2409.94263178 0.990973294278
2409.9834956 0.993991783867
2410.0039275 0.985749051677
2410.02435951 0.982702846986
2410.04479131 1.00148908043
2410.06522322 1.00902510646
2410.08565523 1.02433689693
2410.10608703 0.963915137634
2410.18781465 0.991416003224
2410.26954236 1.01566227821
2410.28997426 1.00484740998
2410.31040617 1.00890473957
2410.33083807 1.01302365086
2410.35126987 1.00011663358
2410.37170187 0.998690941956
2410.39213377 1.03464624769
2410.41256557 0.996676885755
2410.43299757 1.04244704002
2410.49429327 1.04004389093
2410.51472517 1.01208385413
2410.53515707 1.02087247391
2410.55558897 0.999733029828
2410.57602086 1.04151094567
2410.59645286 0.96966407232
2410.61688466 0.999084566656
2410.63731655 1.01351680738
2410.65774855 0.972511681221
2410.67818045 0.968460824367
2410.69861224 1.01808645698
2410.71904424 0.995053464805
2410.73947614 1.00532961445
2410.75990793 0.978701081036
2410.78033992 0.947695853117
2410.80077182 0.998491930821
2410.82120361 0.953359540209
2410.94379517 1.00163340297
2410.96422696 0.947899428961
2411.00509075 0.996637968862
2411.02552264 1.02508236018
2411.04595453 1.00439896251
2411.06638642 0.997417902873
2411.08681831 1.01234793858
2411.1072502 0.984420627699
2411.12768209 1.03471527417
2411.14811398 1.0347255142
2411.16854587 1.01429658201
2411.20940964 1.03098126111
2411.22984163 1.00766689549
2411.27070531 1.03651460158
2411.29113729 0.980349536703
2411.31156918 1.01682899101
2411.33200097 0.999681956997
2411.35243295 0.964393342539
2411.39329662 0.992052072633
2411.41372861 1.01439319849
2411.49545615 1.01131219961
2411.51588803 1.00539759313
2411.53631991 0.998588192045
2411.5567518 0.971559261431
2411.57718378 0.992091736668
2411.59761556 1.01370220744
2411.61804744 0.973472989933
2411.63847943 0.975053059401
2411.67934309 0.985968387879
2411.69977507 0.998700728731
2411.72020695 1.00240180381
2411.74063873 1.00757360148
2411.76107071 0.989776060741
2411.78150259 1.01137061344
2411.80193437 0.972675058154
2411.82236635 0.961680659134
2411.84279813 0.978287994255
2411.92452574 0.971157434787
2411.94495762 1.02692460205
2411.96538939 1.0246513977
2411.98582137 1.02162450558
2412.00625325 1.01511978398
2412.047117 1.01959236921
2412.06754887 0.996780115332
2412.08798075 0.9862711096
2412.1288445 1.00830423922
2412.14927637 0.991718265368
2412.16970835 1.01426640596
2412.19014012 1.02721562357
2412.21057209 1.02435519561
2412.23100397 0.967147343971
2412.25143574 1.01365154702
2412.27186771 1.00354326048
2412.29229959 1.00883194859
2412.31273136 0.982652935144
2412.33316333 1.00861013533
2412.3535952 1.01544351224
2412.37402697 0.974112097804
2412.39445894 0.960244329658
2412.41489081 1.0116975727
2412.43532258 1.0011710761
2412.45575455 1.01833715708
2412.47618642 0.97464406199
2412.49661829 1.00745168004
2412.51705016 0.958145021718
2412.53748203 0.971458267928
2412.5579139 0.959133734796
2412.57834576 0.963294748653
2412.6192095 0.958670925102
2412.66007323 1.00915689116
2412.6805052 1.01153235845
2412.70093697 0.99637682292
2412.72136883 1.00196458271
2412.7418008 1.04643217289
2412.76223256 1.02077615408
2412.78266443 0.989493968578
2412.80309639 1.0206664125
2412.82352816 0.961068901562
2412.84396012 0.983168949921
2412.86439199 0.969234657839
2412.88482375 0.993770115761
2412.90525571 1.01405301893
2412.92568758 1.0535868723
2412.94611934 0.954099398698
2412.98698316 1.00074386265
2413.00741503 0.970015377618
2413.02784689 1.01887558783
2413.04827875 0.97966311942
2413.13000629 0.998569572559
2413.15043815 0.99101647119
2413.17086991 0.99875241264
2413.19130187 1.00252131781
2413.21173363 1.01198724159
2413.23216549 0.996586192888
2413.25259744 0.981205914302
2413.2730292 1.00248146714
2413.29346106 0.987299505379
2413.31389302 0.993956741212
2413.33432477 0.997868281129
2413.35475663 1.01155541706
2413.37518859 1.0374418445
2413.39562034 1.00376497667
2413.4160522 1.01505074663
2413.43648416 1.00304841931
2413.45691591 0.997724101812
2413.47734787 1.00435522985
2413.49777972 1.01528183644
2413.51821158 0.982733628505
2413.53864343 0.981461434739
2413.55907529 1.05372831976
2413.57950714 1.00077841594
2413.59993899 1.01858574225
2413.62037085 0.998072100374
2413.6408027 1.01005931818
2413.66123455 0.984468941239
2413.6816664 0.954292383
2413.70209826 1.01462508353
2413.72253021 0.992706919524
2413.74296196 0.988027929986
2413.76339391 0.978431180888
2413.78382576 0.975082338968
2413.80425751 0.969164002199
2413.84512131 1.01903388178
2413.86555306 1.0058106972
2413.88598501 1.01239094453
2413.90641686 1.00674553833
2413.92684861 1.00142663122
2413.96771241 1.00723392386
2413.98814425 1.0113679133
2414.0085761 1.00564621156
2414.02900785 0.993955070573
2414.0494398 1.00726339357
2414.06987164 1.04959547391
2414.09030349 1.00552168039
2414.11073534 0.968675440688
2414.13116718 1.03667413111
2414.15159903 0.984186713201
2414.17203097 0.99130548038
2414.21289456 0.99706151243
2414.23332651 0.961770388169
2414.25375825 1.01453338693
2414.2741901 1.05407125921
2414.29462204 0.954576907809
2414.33548563 0.995441703453
2414.35591757 1.00729931646
2414.37634931 0.993917215665
2414.4172131 1.03180174777
2414.43764484 1.01662610994
2414.45807678 1.05373909582
2414.47850862 0.999924879695
2414.49894036 0.986462441151
2414.5193723 1.00088199566
2414.53980414 1.01267557129
2414.56023598 0.995533193488
2414.58066782 0.999558584624
2414.60109966 0.991756038282
2414.6215315 1.02795605418
2414.64196344 0.964972413601
2414.66239518 0.99580850905
2414.68282712 1.01611158818
2414.70325886 1.03662104888
2414.7236907 1.03803869077
2414.74412263 0.987058199731
2414.76455437 1.00118288769
2414.78498621 0.950304440122
2414.82584988 0.979490560647
2414.84628172 1.00770070102
2414.86671365 0.998232454255
2414.88714539 0.994301017611
2414.90757722 1.00314440197
2414.92800916 1.01159579978
2414.94844089 1.00272176698
2414.98930466 1.02886372345
2415.0097365 1.01705288733
2415.03016833 0.996203595329
2415.05060017 1.00079475738
2415.071032 1.0328949368
2415.09146383 1.00534684631
2415.11189566 0.975361146557
2415.1323275 1.01065313137
2415.25491849 0.985126369556
2415.27535042 0.987146184181
2415.29578215 0.965864112094
2415.31621408 0.98928715573
2415.33664591 0.978049232476
2415.35707764 1.01725358322
2415.37750957 1.00900101095
2415.41837312 0.993674284532
2415.43880505 1.01630315955
2415.45923678 0.969970057223
2415.47966861 0.981038818442
2415.50010053 0.956241594273
2415.52053226 0.971998681495
2415.56139602 1.01559317682
2415.58182784 1.00247649889
2415.60225967 1.02022276206
2415.62269149 0.98755513325
2415.64312332 1.00722064566
2415.66355515 1.00372799439
2415.68398697 0.975890189539
2415.7044188 1.01749695702
2415.74528244 1.01396225078
2415.82700974 1.03238006936
2415.84744166 0.986484516177
2415.86787339 0.99565545141
2415.88830531 1.00497717094
2415.90873713 0.992123405895
2415.92916885 0.991255947391
2415.94960077 0.9991126225
2415.97003259 0.991938424294
2415.99046442 0.969076565682
2416.01089624 0.993465508598
2416.03132806 0.998488082706
2416.05175988 1.00847293991
2416.0721917 1.01209097596
2416.09262352 1.0297137367
2416.11305534 1.03738821624
2416.13348716 1.01565646538
2416.15391898 1.00360360548
2416.17435079 1.00553092009
2416.19478261 0.981533588203
2416.21521443 1.02236883274
2416.23564635 1.0078011168
2416.25607807 0.980137428518
2416.27650988 0.971219758783
2416.2969418 0.981910273454
2416.31737352 1.00100803415
2416.33780534 0.989381983447
2416.35823725 1.01029258268
2416.37866897 0.99543922879
2416.39910078 0.963908024155
2416.4195327 1.05006969624
2416.43996442 0.940075869139
2416.46039623 0.999346602151
2416.48082815 0.998535042905
2416.50125986 1.03823243239
2416.52169177 1.00802322488
2416.54212359 1.0019373934
2416.5625554 1.00455871617
2416.58298722 0.98866793654
2416.60341903 1.01334387336
2416.62385084 1.01275199262
2416.64428265 0.987504025801
2416.66471447 1.00235519612
2416.68514628 0.995824862406
2416.70557819 0.983943422729
2416.7260099 0.946291942002
2416.74644171 0.971705037584
2416.78730534 1.01777608153
2416.80773725 1.00952076466
2416.82816896 1.00307334712
2416.84860077 1.01174046027
2416.86903268 0.979955365656
2416.88946449 1.0332434205
2416.9098962 1.00624282376
2416.93032811 1.04124267762
2416.95075982 1.00905482168
2416.97119162 1.01240019264
2416.99162353 0.995747886585
2417.01205524 0.983991799278
2417.03248705 1.00777072117
2417.05291896 0.982186758309
2417.09378257 0.985665466033
2417.11421438 1.01995464303
2417.25723702 1.00421132544
2417.27766892 1.01215868662
2417.29810063 0.960898091211
2417.31853243 0.973472994581
2417.33896434 0.964444041389
2417.35939604 1.00444303107
2417.37982794 0.971909129165
2417.40025975 0.96368917046
2417.42069145 0.991346591951
2417.44112335 0.973594667672
2417.56371416 1.00381143565
2417.58414597 1.01036472834
2417.60457777 1.03514140354
2417.62500957 0.986607859379
2417.64544137 0.989420828553
2417.66587307 1.02592961602
2417.68630497 1.00321827221
2417.70673677 0.997657146823
2417.72716867 1.02810104773
2417.76803216 0.99748167763
2417.80889576 0.984479221702
2417.82932756 0.995249736573
2417.84975946 0.991233194096
2417.89062295 1.01222220885
2417.91105485 0.988917695884
2417.93148655 0.991883237778
2417.95191834 1.02717167319
2417.97235024 1.01702659267
2417.99278194 1.02170742877
2418.01321383 1.0086699991
2418.05407742 1.01121027386
2418.07450922 0.983591237092
2418.09494101 1.00534552059
2418.11537281 1.02939394444
2418.1358046 0.98174273069
2418.1562364 0.998405563589
2418.17666819 0.994835375853
2418.19710008 0.987856128732
2418.21753178 1.01981759126
2418.23796357 1.02050294459
2418.25839546 1.00574869246
2418.27882716 0.9907409232
2418.29925905 0.982004553769
2418.31969074 1.04701386429
2418.34012253 0.982826041024
2418.36055442 0.987010896629
2418.38098611 1.03151789921
2418.40141791 0.96773011808
2418.4218498 0.952024086156
2418.44228149 0.990473970295
2418.52400865 1.01190853971
2418.54444054 0.977651657143
2418.56487233 0.987226675343
2418.58530412 1.02041115424
2418.60573591 1.02255589862
2418.62616769 0.985783757595
2418.64659948 1.01345494185
2418.66703127 1.00901094892
2418.68746306 1.01844886087
2418.70789495 0.983663395842
2418.72832663 1.00381252891
2418.74875842 0.999573168389
2418.76919031 1.01200738664
2418.78962199 1.00161771095
2418.81005378 0.98897507737
2418.83048567 1.00001311566
2418.85091735 0.994534236096
2418.87134924 1.02465656455
2418.89178102 0.987324352203
2418.91221271 0.992331081685
2418.93264459 0.984145249622
2418.95307638 1.02451693309
2419.09609876 1.00963501021
2419.21868956 0.930529256901
2419.23912134 1.00158272456
2419.25955312 1.00997444537
2419.279985 0.982385975171
2419.30041668 1.02051418443
2419.32084846 0.983782125532
2419.34128034 1.04219979305
2419.36171202 0.97379372598
2419.3821438 1.01804545519
2419.40257568 0.998178169429
2419.52516636 1.00390761402
2419.54559813 0.997278192203
2419.56602991 0.99995915764
2419.58646169 1.02807506462
2419.60689347 0.995545740193
2419.62732524 0.985306523581
2419.64775702 1.00188941656
2419.6681888 1.00832060849
2419.68862067 0.993235969447
2419.72948412 0.988814796995
2419.749916 0.994175086503
2419.77034768 1.0439721369
2419.79077955 0.99393419598
2419.81121123 1.01689232849
2419.831643 1.02289110642
2419.85207487 1.01317929867
2419.87250655 1.04871950392
2419.89293832 0.997557067219
2419.9133702 0.992509973162
2419.93380187 0.991388388297
2419.95423364 0.998012573088
2419.97466552 1.0156061434
2419.99509719 1.01116181666
2420.01552896 0.998069888571
2420.03596083 0.986493864849
2420.05639251 1.01555153954
2420.07682438 1.00175162806
2420.09725615 0.99570687017
2420.11768792 0.993588240502
2420.13811969 1.00291059236
2420.15855146 0.994628374213
2420.19941501 0.974503100721
2420.21984678 0.991501338412
2420.24027855 0.989504925119
2420.26071042 1.03222744668
2420.28114209 1.02214513715
2420.30157386 1.01429406069
2420.32200573 1.00068969955
2420.36286926 1.02631569575
2420.38330103 1.02925673372
2420.4037327 1.02101384623
2420.42416457 0.992900494158
2420.44459634 1.01396932269
2420.465028 1.01955024085
2420.48545987 0.97294166065
2420.50589164 1.01654307533
2420.52632331 0.992442485143
2420.54675517 0.985166681364
2420.56718684 1.01248765185
2420.58761861 0.983033085599
2420.60805047 0.997618068141
2420.62848224 0.966689535787
2420.75107283 1.01295243971
2420.77150469 1.04741847673
2420.79193636 0.998263307829
2420.81236812 0.983913332003
2420.83279998 1.00723380047
2420.85323165 0.978195946606
2420.87366341 0.999275562488
2420.89409527 1.00815793462
2420.91452694 0.994979311533
2420.9349588 1.0184771592
2420.95539056 0.996988325613
2420.97582222 1.00070885069
2420.99625409 1.04421744101
2421.01668585 0.990520687879
2421.03711751 1.03880257434
2421.05754937 1.00934980983
2421.07798113 0.998255600188
2421.09841289 0.99792946432
2421.11884465 1.01591459083
2421.13927641 0.996647524965
2421.15970817 0.987842692782
2421.18013993 1.01607565786
2421.20057169 1.0096198086
2421.22100345 1.006937712
2421.24143531 0.986585331381
2421.26186697 1.00245922106
2421.28229883 1.00010159361
2421.30273049 0.978070166901
2421.32316225 1.02380824419
2421.34359411 0.99942259448
2421.36402577 1.03453732058
2421.38445752 0.980182000389
2421.48661631 0.97952831738
2421.50704817 1.02584510876
2421.52747992 0.986596963684
2421.54791158 1.01381963179
2421.56834343 0.981474605145
2421.58877519 0.94912393486
2421.60920695 0.960544864146
2421.6296387 0.953546828665
2421.65007046 0.961971622479
2421.69093397 0.985514071206
2421.71136572 1.00628515695
2421.73179747 0.991960937633
2421.75222933 0.996113157418
2421.77266098 0.995350721445
2421.79309284 1.04277916467
2421.81352459 0.996343589371
2421.83395624 1.01647585052
2421.8543881 0.984134897964
2421.99741026 0.993003657511
2422.01784201 0.992611692145
2422.03827386 0.987088905387
2422.05870551 1.01660388417
2422.07913736 0.979169529272
2422.09956912 1.01083111875
2422.12000087 0.981437112813
2422.14043262 0.973423987
2422.16086437 0.953301373622
2422.18129612 1.00847562049
2422.20172786 1.01450136046
2422.22215961 1.01171449607
2422.24259136 1.03161980146
2422.26302321 0.96168257804
2422.28345486 0.974207044671
2422.30388661 0.981294251238
2422.32431846 0.994518876997
2422.3447501 1.00273372331
2422.36518195 1.00517529142
2422.3856137 0.986144752869
2422.4264772 1.00996911894
2422.44690894 0.993851962446
2422.46734059 0.98617682132
2422.48777244 1.00670759473
2422.50820418 1.00725402837
2422.52863583 1.01036660177
2422.54906767 0.999658389489
2422.56949942 1.01219279521
2422.58993127 1.00249534685
2422.61036291 0.994587373585
2422.63079466 1.02064002999
2422.6512265 1.0016314114
2422.67165815 1.00382390959
2422.69208989 1.024357841
2422.71252163 1.01704848796
2422.73295338 1.00586502345
2422.75338512 0.985379001556
2422.77381697 0.990311202714
2422.79424861 0.995983271913
2422.81468035 0.989778461949
2422.85554384 0.975290978748
2422.87597568 1.03725993494
2422.89640742 0.962208035427
2422.91683907 1.02103817685
2422.93727091 1.00052429719
2422.95770265 0.988930589284
2423.0802931 0.976242534416
2423.10072484 1.0039936976
2423.12115658 0.987539800023
2423.22331538 0.961668062631
2423.24374712 1.03615294241
2423.26417876 1.02159223227
2423.2846106 1.00089516749
2423.30504233 0.981753927972
2423.32547397 0.990322972633
2423.4480645 1.00479322699
2423.46849624 0.983448102181
2423.48892787 1.01945877726
2423.50935971 0.977643361544
2423.52979145 1.03342302999
2423.55022308 0.98791314279
2423.57065492 0.992369374455
2423.59108665 1.00437855908
2423.61151839 0.994346446341
2423.65238186 0.988529799839
2423.6728136 1.00943109224
2423.69324533 0.990700334549
2423.71367707 1.0113855774
2423.7341089 1.00888816567
2423.75454053 1.0224670664
2423.77497227 0.992226259269
2423.7954041 1.00485307729
2423.81583584 1.02601371905
2423.83626747 1.00170860904
2423.8566993 1.02605260811
2423.87713104 1.00007613136
2423.89756267 0.977001575954
2423.9179945 1.01811235081
2423.93842623 0.990928230292
2423.95885807 0.975987956685
2423.9792897 1.00588882498
2423.99972143 0.997988361364
2424.02015326 0.995631988002
2424.04058489 1.02037847755
2424.06101663 0.991097544815
2424.08144836 1.01958753373
2424.10188009 1.0055640314
2424.12231182 0.991275716056
2424.14274355 0.979030192535
2424.16317528 0.981992955993
2424.18360701 1.0390716699
2424.20403874 1.01714707991
2424.22447047 0.995088257349
2424.2449023 0.993759728764
2424.26533403 0.993593606857
2424.28576566 0.942565906794
2424.30619749 0.967499601022
2424.32662922 1.00027848151
2424.34706085 0.971784443579
2424.36749268 1.00927033409
2424.3879244 1.01159752551
2424.40835603 0.999400058579
2424.42878786 0.972170183507
2424.44921959 0.978939082622
2424.46965142 1.0070718769
2424.49008304 1.01235272212
2424.51051477 0.975650547243
2424.5309466 0.970622096402
2424.69440031 1.01330298027
2424.71483214 1.00407080545
2424.73526386 1.00675970977
2424.75569559 0.99629165924
2424.77612731 1.02438953872
2424.79655904 1.01282769413
2424.81699076 1.0214506797
2424.83742249 1.03266824752
2424.85785421 1.03921588446
2424.87828593 1.02298218194
2424.89871766 1.03100443269
2424.91914928 0.987127391981
2424.9395811 1.03788485548
2424.98044445 1.04830950317
2425.00087627 1.01507565578
2425.021308 1.00510710869
2425.04173982 1.00058505921
2425.06217144 0.980200550254
2425.08260317 0.99541247389
2425.10303499 1.00491924569
2425.12346661 0.977652716252
2425.14389833 0.989681039731
2425.16433015 1.01741708719
2425.24605704 0.958700802397
2425.26648876 1.01781500419
2425.28692048 0.982449678686
2425.42994252 0.964005790184
2425.47080596 0.99389759181
2425.49123767 0.981639287565
2425.51166939 0.996993332745
2425.55253293 1.00202932543
2425.57296455 0.998911008074
2425.61382808 1.01649444034
2425.6342597 0.948626415408
2425.65469142 1.03139277187
2425.67512324 0.990713165434
2425.69555485 0.963655545028
2425.71598657 0.98128466233
2425.73641839 0.957529045887
2425.75685 0.996016234398
2425.79771354 1.00245498519
2425.81814525 0.980603006708
2425.83857697 0.947053372505
2425.85900868 1.00190052472
2425.8794404 1.02200398886
2425.92030383 0.98065393222
2425.94073554 0.990152741053
2425.96116736 1.00658419876
2425.98159897 1.0104990449
2426.00203069 1.02310423833
2426.20634792 1.02983349409
2426.22677954 0.983498366458
2426.24721135 1.01741942317
2426.26764306 0.991456212581
2426.28807477 1.01212078598
2426.30850649 1.00225185869
2426.3289382 0.999000131806
2426.34936991 0.989074013603
2426.36980162 1.0160494167
2426.39023333 1.00703649461
2426.41066504 0.991688586409
2426.43109675 0.994425148148
2426.45152846 0.988441570985
2426.47196027 0.996203368055
2426.49239189 1.00720540305
2426.5128237 1.00628612172
2426.55368702 0.997631433072
2426.57411883 0.990808062801
2426.59455054 0.972112243367
2426.65584566 0.993337460328
2426.67627727 0.9753982009
2426.69670908 1.04595866574
2426.71714079 0.996557012021
2426.7375724 0.984952859189
2426.75800421 1.00044819991
2426.77843591 0.983907373211
2426.79886772 1.00660290798
2426.81929933 0.996656817386
2426.83973104 1.0026404033
2426.86016285 0.981244536115
2426.88059445 1.03894853632
2426.90102616 0.99042208451
2426.92145787 1.01356810571
2426.94188967 0.988057813535
2426.96232128 1.00301776628
2426.98275309 1.01354140542
2427.00318469 0.990415360774
2427.0236165 1.03433304972
2427.04404821 0.990929992354
2427.06447981 0.985141508845
2427.08491162 1.03409757974
2427.10534332 1.01237384398
2427.12577493 1.01044185771
2427.14620673 1.01674979095
2427.16663844 0.99753631453
2427.18707004 0.994611813812
2427.22793355 1.00149549035
2427.24836516 1.0402159848
2427.26879696 0.996629188408
2427.28922867 1.00056073331
2427.30966047 1.03013814139
2427.33009208 1.01898821741
2427.35052378 0.999698684558
2427.37095558 0.989698762446
2427.39138719 0.970431685534
2427.41181889 1.02304467485
2427.4526824 1.03995700633
2427.473114 1.00557970482
2427.4935458 0.993467976565
2427.5139775 0.998987831255
2427.53440921 0.973941128784
2427.57527261 0.981056337119
2427.65699942 0.970567849236
2427.69786282 0.96474009952
2427.71829452 0.982395458975
2427.73872622 0.941822549426
2427.75915802 0.986077221506
2427.77958962 0.949253238189
2427.82045312 1.01533589206
2427.84088472 0.996092215212
2427.86131642 0.979771713819
2427.88174822 1.02022441401
2427.90217982 1.03262810125
2427.92261152 1.01026473783
2427.94304332 1.01045376311
2427.96347502 0.983245785219
2427.98390672 1.02488610777
2428.00433842 1.0084425454
2428.02477012 0.997132375859
2428.04520181 0.986015082667
2428.06563351 0.984507738476
2428.08606521 1.02992374456
2428.10649701 0.966413722895
2428.12692861 0.973531581622
2428.14736031 0.985613760831
2428.1677921 1.01784939086
2428.1882237 0.963410407404
2428.2086554 0.999447976152
2428.2290872 1.01141530691
2428.24951879 1.01055223982
2428.26995059 1.02239517085
2428.29038229 0.988905991252
2428.31081388 0.993054131888
2428.33124568 0.999509658404
2428.35167738 0.989001818101
2428.37210897 0.994519081171
2428.39254077 0.995391030295
2428.41297236 0.998925543939
2428.43340406 0.985757251252
2428.45383585 0.993583907708
2428.47426745 0.992553961219
2428.49469925 0.980415179042
2428.51513094 0.981028556151
2428.53556264 0.975305645746
2428.55599433 1.00003140954
2428.57642603 1.01312055519
2428.59685772 0.998899801794
2428.61728941 1.00133493658
2428.63772111 1.01859680224
2428.6581528 0.998634397773
2428.6785846 0.980402683361
2428.69901619 1.01356899757
2428.71944798 0.968857225398
2428.73987968 1.00200549951
2428.76031127 1.00124643196
2428.78074306 0.978350856912
2428.80117476 0.98621611801
2428.82160635 0.997753735991
2428.84203814 1.02809412702
2428.86246984 0.982082860633
2428.88290143 0.987127163426
2428.90333322 0.988505805031
2428.92376491 0.983130030002
2428.94419671 1.00444464658
2428.9646283 1.00162682427
2428.98505999 0.992238295358
2429.00549178 1.0104589249
2429.02592337 1.03156501684
2429.04635506 1.00676472763
2429.06678676 0.998746710326
2429.08721845 0.98667872785
2429.10765014 1.00665951009
2429.12808183 1.01461011904
2429.14851352 1.00302410751
2429.16894521 0.982604075609
2429.189377 1.02560639596
2429.20980859 0.973556047638
2429.23024038 0.992517017887
2429.25067207 0.989090865319
2429.27110366 0.996250264918
2429.29153545 1.01381690719
2429.31196714 0.991989391262
2429.33239873 1.03197670384
2429.35283052 1.03361680928
2429.37326221 0.995540766495
2429.3936938 0.996192238644
2429.41412559 0.983095047481
2429.43455728 0.988659284083
2429.45498907 1.01430588063
2429.47542065 0.988839757435
2429.49585234 0.996808040111
2429.53671572 0.992683295358
2429.55714741 1.0103587363
2429.57757919 1.01902805742
2429.59801088 1.01422159951
2429.61844247 1.00643046624
2429.63887426 0.975209015018
2429.65930595 0.998055241484
2429.67973763 0.992688916935
2429.70016932 1.01411205814
2429.72060101 1.02083109442
2429.74103269 0.975427180892
2429.76146438 0.99680184541
2429.78189597 0.971063596688
2429.80232775 1.01906507606
2429.82275944 0.985908426911
2429.84319113 0.998877295912
2429.86362281 1.00113111731
2429.8840545 0.987459327026
2429.90448628 0.985681766403
2429.92491787 1.01425356324
2429.94534955 1.01732786061
2429.96578134 1.00525157301
2429.98621293 1.0037146828
2430.00664461 1.00859623012
2430.0270764 0.981704466259
2430.04750798 1.00838651526
2430.06793967 1.020784174
2430.08837145 1.01592142465
2430.10880303 0.975036512605
2430.12923482 1.0180155655
2430.1496665 0.985797974094
2430.17009819 0.992719010728
2430.19052987 1.0138675986
2430.21096156 0.997640447306
2430.23139324 0.983035533771
2430.27225661 0.994133529778
2430.29268829 0.965532095167
2430.31312007 0.985369912715
2430.33355166 0.982305305344
2430.35398344 0.984927992251
2430.37441512 0.991334504767
2430.3948467 1.00305679209
2430.41527849 0.975664909869
2430.45614175 1.01004196076
2430.47657353 1.00142859022
2430.49700522 0.979715596842
2430.5174368 1.00361086748
2430.53786858 1.00804801817
2430.55830016 0.983934559773
2430.57873194 1.01236372778
2430.59916362 1.02566329872
2430.61959521 0.991215765726
2430.64002699 1.01571420743
2430.66045867 1.00181746148
2430.68089035 0.979615447119
2430.70132203 0.98871140172
2430.72175371 1.01373388086
2430.74218539 1.0014043677
2430.76261707 0.999808582847
2430.78304875 0.986325227135
2430.80348043 1.00564470037
2430.84434379 1.02444942665
2430.86477557 1.01949999445
2430.88520725 0.975802281017
2430.90563883 1.01191611279
2430.92607061 0.974656326197
2430.94650229 1.0057392888
2430.96693387 1.00079519422
2430.98736565 1.00211645023
2431.00779733 1.00590188303
2431.02822891 0.992778783934
2431.04866069 0.982037474527
2431.06909236 0.979221684911
2431.08952414 0.992531044959
2431.10995572 0.944927164116
2431.1303874 1.02260800871
2431.15081908 1.00349517838
2431.17125076 1.03179901103
2431.19168243 1.04834082113
2431.21211411 0.941609374517
2431.25297747 0.986002647434
2431.27340914 0.97920004461
2431.29384082 0.997580857857
2431.3142726 0.997047588627
2431.33470418 0.978048367803
2431.35513585 0.993035501473
2431.39599931 1.00662768768
2431.76376957 1.01311958284
2431.78420124 0.978429716259
2431.80463292 1.04635201762
2431.88635962 1.01309666167
2431.90679129 0.99636916862
2431.92722286 0.997850863706
2431.94765464 0.987644828367
2431.98851808 0.998863033004
2432.00894966 0.996814600084
2432.02938133 0.983675155769
2432.0498131 1.0013707081
2432.07024468 1.015261429
2432.09067635 1.00064065718
2432.11110812 1.01421608352
2432.1315397 1.00053550623
2432.15197137 1.00963813934
2432.17240314 1.02974556589
2432.19283471 1.0141917621
2432.21326649 1.0161232758
2432.23369816 0.988977433534
2432.25412973 1.04331759685
2432.2745615 1.02042625896
2432.29499317 1.01893068553
2432.31542485 0.977371968279
2432.33585652 1.01313912393
2432.35628819 1.01800033352
2432.37671986 0.977650744992
2432.39715153 1.00551653596
2432.51974166 1.02054728921
2432.54017323 1.00174548115
2432.560605 1.00228461779
2432.58103667 1.01028342422
2432.60146824 0.987732076707
2432.62190001 0.999325062347
2432.64233158 1.00715701101
2432.66276335 1.03115708056
2432.68319502 1.01410349778
2432.70362659 1.01773398582
2432.72405836 0.998971026201
2432.74449003 1.05017397492
2432.7649216 0.963788197025
2432.78535337 1.031924837
2432.80578504 1.0051221529
2432.82621671 1.02288153056
2432.84664838 0.963209052105
2432.86708004 0.968871874609
2432.90794338 0.968857248648
2432.98967006 0.991575615948
2433.01010182 1.01788848269
2433.03053349 1.02924981487
2433.05096506 0.992600620086
2433.07139683 1.00881414001
2433.0918285 0.984470327872
2433.11226016 0.979496342446
2433.13269183 0.995468280897
2433.1531235 0.986956395376
2433.17355527 1.01641643754
2433.19398684 0.996352922319
2433.2144185 0.980408294315
2433.23485027 1.03651501673
2433.25528184 1.01783335458
2433.2757135 0.936293153501
2433.29614517 0.94564343027
2433.31657684 0.95259803668
2433.3370086 0.866578818704
2433.35744017 0.946325583072
2433.3983036 0.776764761189
2433.50046183 1.02583985175
2433.5208936 0.974788036931
2433.54132527 1.03609782234
2433.56175693 1.00692712072
2433.5821886 1.02675546298
2433.60262026 0.994698940691
2433.62305193 0.998572473916
2433.74564202 0.978251819829
2433.76607358 0.970440643065
2433.78650535 0.980248898097
2433.80693701 0.984500797508
2433.82736858 1.02326207936
2433.84780034 1.00696887967
2433.86823201 1.01533211877
2433.88866357 1.01384716713
2433.90909533 1.03440869951
2433.94995856 1.02592940151
2433.97039033 1.0108844416
2433.99082199 0.987612389835
2434.01125365 0.998742012359
2434.03168532 0.981431705884
2434.07254864 1.00642888307
2434.09298031 0.993137016473
2434.11341197 0.994552242996
2434.13384363 1.01552014271
2434.1542753 0.99300619895
2434.19513872 1.03578752574
2434.21557029 1.00325578982
2434.23600205 0.984923254724
2434.25643371 1.04560807822
2434.27686527 0.977701288115
2434.29729704 1.03881044302
2434.3177287 0.968927049462
2434.33816026 1.02868658701
2434.35859202 0.958401913692
2434.37902368 0.964789549406
2434.39945545 0.958986746583
2434.44031867 1.03487766912
2434.46075043 0.984352482765
2434.48118199 1.01569458241
2434.50161365 1.01150620264
2434.52204542 1.02132367165
2434.54247698 1.01835052228
2434.56290864 1.00214306958
2434.5833404 0.950778403649
2434.60377196 1.00463779234
2434.62420372 0.951201100875
2434.64463538 0.978140894733
2434.68549871 1.01936016999
2434.70593037 0.990662475842
2434.72636203 1.02325475443
2434.76722535 0.989104691
2434.78765691 1.01394949322
2434.80808867 0.997117198528
2434.82852033 0.941987423693
2435.03283703 0.986998204506
2435.05326859 0.992237979714
2435.07370035 1.0009434356
2435.094132 1.00545033027
2435.11456356 1.01599823654
2435.13499532 1.0148716435
2435.15542698 1.0002357542
2435.17585864 1.00379632647
2435.1962903 0.966733146011
2435.21672196 1.04383638296
2435.23715362 1.00847520079
2435.25758528 1.03555748942
2435.27801693 1.00448372491
2435.29844869 0.910650649903
2435.31888035 0.99990552949
2435.50276517 0.979372866888
2435.52319693 0.996559995106
2435.54362859 0.960786509741
2435.56406015 1.00209267207
2435.5844919 1.01589655627
2435.60492356 0.983528651082
2435.62535512 1.02130453556
2435.64578687 1.03041938232
2435.66621853 1.01348352581
2435.68665029 1.0138906773
2435.70708185 1.01256648212
2435.7275135 1.00573636893
2435.74794526 0.99851373314
2435.76837682 1.03860303642
2435.78880847 1.0177523446
2435.80924023 1.00762768294
2435.82967179 1.01035858356
2435.8705352 1.00552330382
2435.91139851 1.00606699219
2435.99312514 0.973002817355
2436.01355679 0.980434479292
2436.03398845 1.03981778704
2436.0544201 1.01123848168
2436.21787335 1.00345449626
2436.238305 0.987590090003
2436.25873676 0.946902149436
2436.27916831 0.982841936184
2436.29960007 1.0026912229
2436.32003172 0.996799284429
2436.34046338 0.981332104254
2436.36089503 0.997537688919
2436.38132669 1.04094084871
2436.40175834 0.997234221077
2436.42218999 0.987971253735
2436.44262165 0.996217306645
2436.4630533 0.96929527505
2436.48348506 0.981246598892
2436.50391661 0.984014431687
2436.52434837 0.980541506748
2436.54478002 0.964600972473
2436.56521157 0.948929540419
2436.6878015 1.01248776777
2436.70823325 0.987994835404
2436.72866491 1.02334167309
2436.74909656 1.03153689185
2436.76952821 1.01364707624
2436.78995977 1.0091463013
2436.81039152 1.02299527489
2436.83082317 1.00004136852
2436.85125473 1.00237017733
2436.89211813 1.02577088014
2436.91254989 0.961826527675
2436.95341309 0.942921039098
2436.97384484 0.979617168859
2436.9942764 0.962203749862
2437.01470805 0.99780016939
2437.0351398 0.877982528044
2437.17816137 0.984101582147
2437.19859312 0.974260830084
2437.21902467 0.984347032968
2437.23945633 0.94029670944
2437.25988808 0.947933137409
2437.28031963 0.940112876112
2437.48463625 0.994276234235
2437.5050679 1.03726633327
2437.52549955 1.01728230341
2437.5459312 1.00682191663
2437.56636285 1.02043100148
2437.5867945 1.00269630787
2437.60722616 0.993483713567
2437.62765781 0.996543043948
2437.64808946 1.01287611355
2437.66852111 1.00468594124
2437.68895276 0.984447793064
2437.72981606 1.01766426822
2437.75024781 0.973384450974
2437.77067946 1.02485191524
2437.79111101 0.966977623217
2437.81154276 1.03703952698
2437.83197441 1.00314445726
2437.87283772 1.03516521273
2437.89326937 1.00965552988
2437.91370112 0.993724032724
2437.93413267 1.00665898666
2437.95456432 0.998679214652
2437.97499607 1.00157255788
2437.99542762 1.00436041836
2438.01585927 0.973525272617
2438.17931257 1.02275080249
2438.19974422 0.983466441033
2438.22017587 0.990083428028
2438.24060742 1.01206070588
2438.26103917 0.999497375691
2438.28147081 1.00056916181
2438.30190236 0.986722383588
2438.32233411 0.997550056545
2438.34276576 1.0081957829
2438.38362906 0.986667271359
2438.40406071 1.0082524162
2438.42449246 0.992111288336
2438.44492401 1.03577065403
2438.46535566 1.0009330549
2438.48578741 0.96521246053
2438.50621896 0.960903829416
2438.52665071 1.01811260104
2438.54708235 0.931045921893
2438.6492406 0.992640828097
2438.66967225 0.997784497913
2438.6901039 1.03068259629
2438.71053554 0.99186638503
2438.73096719 1.00398796767
2438.75139894 1.01628512674
2438.93528378 0.993992070576
2438.95571532 0.981148947869
2438.97614707 1.0050104532
2438.99657872 0.984512553229
2439.01701027 0.978989666938
2439.07830521 1.03658832146
2439.09873696 0.991711395774
2439.11916861 0.987996939616
2439.13960036 1.00889707138
2439.1600319 0.982524851717
2439.18046355 1.03264529544
2439.2008953 0.991418486054
2439.22132685 1.02662368914
2439.24175849 0.954741229032
2439.26219024 0.884726049947
2439.28262179 0.843354094929
2439.34391683 0.990102214575
2439.38478013 1.01195956289
2439.40521177 0.978564430443
2439.42564342 0.999516386844
2439.44607507 1.02320847582
2439.46650672 0.991054631791
2439.48693836 0.961433550667
2439.50737001 0.949664052645
2439.52780176 1.01080778257
2439.60952825 0.990775809838
2439.62995989 1.00102871418
2439.65039164 1.00118990763
2439.67082319 0.999941654846
2439.69125493 0.989632132217
2439.71168658 0.985458567107
2439.73211813 1.00728120947
2439.75254987 0.985324077506
2439.87513975 0.979192085511
2439.8955714 0.987160460892
2439.91600315 0.996509301168
2439.93643469 1.0123619877
2439.95686634 0.983707793334
2439.97729809 1.00262739653
2439.99772973 1.01391928001
2440.01816128 1.00151067977
2440.03859303 1.02029857948
2440.05902467 1.01677810398
2440.07945632 0.996366211878
2440.09988796 1.02528214187
2440.12031961 1.0005637579
2440.1611829 0.995705198103
2440.18161455 1.0025112296
2440.2020463 1.02367559438
2440.22247784 0.989415458473
2440.24290949 0.99840293684
2440.36549946 1.02305240894
2440.38593101 1.02534003249
2440.40636266 1.00046129252
2440.4267944 0.978352159402
2440.44722595 0.980658969498
2440.46765769 1.01602068113
2440.48808934 0.96921866799
2440.50852089 0.959084587239
2440.52895263 0.982150355986
2440.56981592 1.04984539379
2440.59024757 1.00111969931
2440.61067921 1.02690892086
2440.63111086 1.02759462201
2440.65154251 0.985001401561
2440.67197415 0.994799141625
2440.6924059 0.998080476861
2440.87629071 1.01366005489
2440.89672235 1.03225079711
2440.917154 0.987584963517
2440.93758564 1.00796014226
2440.95801719 1.03360514072
2440.97844893 1.02361773816
2440.99888058 0.988346418155
2441.01931232 1.00072848582
2441.06017551 1.04025283767
2441.08060726 1.01244399467
2441.1010388 0.991043758406
2441.12147045 0.989817412214
2441.16233374 1.04496005184
2441.18276539 0.966566761484
2441.20319713 0.9884716839
2441.22362878 0.943605100511
2441.34621865 1.02569787157
2441.36665039 0.988969932416
2441.38708194 0.989699010504
2441.40751368 0.99744889814
2441.44837687 1.04693412752
2441.46880862 0.994209385588
2441.59139849 0.986652484366
2441.61183013 1.00547144982
2441.63226178 0.992237534347
2441.65269342 1.01672841132
2441.67312497 0.998933241994
2441.69355671 1.0164808541
2441.71398836 1.01156998924
2441.7344199 0.974707261799
2441.75485164 0.99466678747
2441.77528329 1.00747659889
2441.79571503 1.02552887423
2441.81614658 0.998178974056
2441.85700997 0.979690314319
2441.87744161 1.02499031918
2441.89787316 0.96747980945
2441.9183049 0.98594122051
2441.93873655 1.00100267446
2442.10218971 1.00647732988
2442.12262135 0.977253849654
2442.14305309 0.987779931794
2442.16348464 0.994741139311
2442.18391638 1.0043830312
2442.20434803 0.954912241537
2442.22477957 0.982302162462
2442.28607451 0.996563987961
2442.30650625 1.01195540257
2442.3269378 1.02359193595
2442.34736954 1.02896709624
2442.36780119 1.00921566047
2442.38823283 0.983845078749
2442.40866447 0.960114244444
2442.42909612 0.997682685751
2442.59254938 0.979565827371
2442.61298092 1.00567759735
2442.63341267 1.00522487512
2442.65384431 0.991417375463
2442.67427585 0.968561626062
2442.6947076 1.00820763954
2442.71513924 0.993205406492
2442.73557099 0.985287311984
2442.75600253 1.00967613769
2442.77643418 1.0169807527
2442.79686592 1.0239185011
2442.81729747 0.95766716174
2442.83772911 0.897228241616
2442.85816086 0.957933829088
2442.8785924 0.945216695378
2442.89902414 0.925056149959
2442.91945569 0.932013601068
2442.93988733 0.827621196676
2443.04204556 1.04707905757
2443.0624773 0.979739682
2443.08290895 1.0039596178
2443.10334059 0.991596480148
2443.12377224 0.980908576464
2443.14420388 0.910625188262
2443.30765714 1.0269326294
2443.32808868 1.01366555543
2443.34852043 1.04442435693
2443.36895207 1.00056886426
2443.38938362 0.979913907719
2443.40981536 0.992819266855
2443.43024701 0.992304430159
2443.45067875 1.03723049787
2443.53240523 1.02048533238
2443.55283687 1.03975499174
2443.57326862 1.02013773657
2443.59370016 0.999666118874
2443.61413181 1.03469887649
2443.63456355 1.00347851266
2443.6549951 0.992003431518
2443.67542684 1.00588616444
2443.69585839 1.03152470541
2443.71629003 0.981516783843
2443.75715342 0.994589348703
2443.77758497 1.0139478706
2443.79801671 1.00767932415
2443.81844836 0.984600079295
2443.83888 0.984052820744
2443.85931165 0.986797591437
2443.87974329 0.979727897046
2443.90017504 1.00000215451
2443.92060658 1.00872989442
2443.94103823 1.01446922163
2443.96146997 0.998441986298
2444.02276491 0.971160206017
2444.04319645 0.98886785521
2444.0636282 0.982701995884
2444.08405984 1.00244802326
2444.10449139 0.987503128742
2444.12492313 1.02308909052
2444.14535478 1.02188693792
2444.16578632 1.0017220731
2444.18621807 1.00168524029
2444.20664971 1.0219117155
2444.22708146 1.02773119621
2444.247513 0.999829881055
2444.26794465 1.0159204004
2444.28837639 0.997105677872
2444.32923958 1.00484432059
2444.34967123 0.970921494311
2444.37010288 0.947159498071
2444.39053462 0.927337386565
2444.55398778 1.01177768783
2444.57441943 0.990147777973
2444.59485107 0.96980783451
2444.61528282 1.00920717455
2444.65614601 0.975949453096
2444.67657776 0.979347279149
2444.6970093 0.994094407219
2444.73787269 0.998212346527
2444.75830424 0.998652824732
2444.77873599 1.00576460722
2444.79916763 0.999190797345
2444.81959918 0.999984749905
2444.84003092 0.996070866359
2444.86046257 1.02249509125
2444.88089421 0.963765380497
2445.04434738 1.00842625588
2445.06477913 1.00390661637
2445.08521067 0.998229877125
2445.10564242 0.987656442933
2445.12607407 0.988657907115
2445.14650561 0.990911801217
2445.16693736 0.967466163902
2445.24866394 1.01283343401
2445.26909549 1.00582401431
2445.28952724 1.00996454722
2445.30995888 0.995093799827
2445.33039063 1.03109674461
2445.35082217 0.99471723544
2445.37125382 1.0098800645
2445.39168557 0.999778736553
2445.41211711 1.01263242652
2445.43254876 0.985255866078
2445.47341205 1.00782572232
2445.4938438 0.998788337837
2445.51427545 1.04805573555
2445.53470709 0.993017617895
2445.55513874 1.00840415843
2445.57557039 1.02026666887
2445.61643368 1.01870211081
2445.63686533 0.992263518197
2445.65729707 0.975324917931
2445.73902356 1.02027582905
2445.75945521 1.01770844916
2445.77988696 1.01504085932
2445.8003185 0.999636223843
2445.8411819 1.04071576123
2445.86161344 1.00494777714
2445.88204519 0.996853410276
2445.90247684 0.976950014258
2445.92290839 1.02248613341
2445.96377178 0.998308174424
2445.98420333 0.968697267337
2446.00463508 0.991419961755
2446.02506672 0.996673043808
2446.04549847 0.957020867925
2446.06593002 1.04162621664
2446.08636167 0.960406029956
2446.10679341 0.956441325057
2446.27024659 1.01871342115
2446.29067824 1.01106014991
2446.31110989 0.989766105668
2446.33154154 0.983650924034
2446.35197319 1.01790581457
2446.51542637 1.01122512574
2446.53585802 0.997165298952
2446.55628977 1.00475557766
2446.57672132 1.02764441269
2446.59715307 1.01533999469
2446.61758471 1.02212846906
2446.63801626 1.03234446738
2446.65844801 0.972683838145
2446.67887966 0.970253332267
2446.69931121 1.00784424025
2446.71974296 0.999027574815
2446.74017461 0.983430714398
2446.76060625 1.03050594829
2446.7810379 0.941758732808
2446.80146955 0.902559383875
2446.8219013 0.962348330157
2446.88319625 0.688902133669
2446.96492285 0.994159089172
2446.98535449 1.004714425
2447.00578614 1.00578132514
2447.02621779 1.0404495678
2447.04664944 0.944560345468
2447.06708109 0.913518545251
2447.33269264 1.00910473984
2447.37355594 1.00649952992
2447.39398759 1.01422018353
2447.41441924 0.994087688158
2447.43485089 1.0062666654
2447.45528254 1.0053707016
2447.47571419 1.00069722466
2447.49614584 1.00240128621
2447.53700924 0.99654020955
2447.55744089 0.932158549891
2447.57787244 1.00017575756
2447.5983042 1.01476320025
2447.70046245 1.01803499301
2447.7208941 0.988302126511
2447.74132575 1.01148980864
2447.7617574 0.97842582227
2447.78218905 1.04563916788
2447.80262061 0.973544166723
2447.82305236 0.954932153375
2447.84348401 1.03564872954
2447.86391556 0.919769936716
2447.94564227 1.00228193276
2447.96607392 0.998872607349
2447.98650567 1.00101865997
2448.00693722 1.00616891873
2448.02736887 0.981407623083
2448.04780063 1.00222581306
2448.06823228 1.01334964531
2448.08866393 0.965497169009
2448.10909558 0.998564815007
2448.19082219 0.974585480523
2448.21125384 0.980767793942
2448.2316855 0.98366214419
2448.25211725 0.998062551343
2448.2725489 0.965587676797
2448.29298045 1.01333859823
2448.31341221 0.98100006006
2448.33384386 1.00247874452
2448.45643368 1.03015020855
2448.47686543 0.990243374306
2448.49729708 1.00263444862
2448.51772864 1.00708346406
2448.53816039 1.01129814212
2448.55859204 0.981515122227
2448.5790236 0.99586457076
2448.59945535 0.984729834051
2448.619887 0.974502530234
2448.66075031 0.981787734604
2448.68118196 0.961618592222
2448.70161372 1.00924617058
2448.72204537 1.03190498662
2448.74247693 0.99574037896
2448.76290868 0.971399751763
2448.78334033 1.002043386
2448.96722522 0.98840201784
2448.98765698 1.00328899621
2449.00808853 1.04277001111
2449.02852029 1.0160962817
2449.04895194 1.00859588889
2449.0693835 0.961807256637
2449.08981525 0.999412161623
2449.11024681 0.943993321628
2449.17154177 1.0295831726
2449.19197353 0.99965362744
2449.21240518 0.998728673963
2449.2532685 1.00828018377
2449.27370015 0.992326716988
2449.29413181 0.994677506632
2449.4371535 0.993304744811
2449.45758506 0.960280439183
2449.47801681 0.991670793898
2449.49844847 1.00887771553
2449.51888002 1.00171750962
2449.53931178 0.997848877737
2449.55974344 1.03567418415
2449.58017519 0.998896374811
2449.60060675 1.00130179492
2449.62103841 0.993687463799
2449.64147017 1.04675074383
2449.66190172 0.996467287428
2449.68233338 1.00849347242
2449.70276514 0.990093548608
2449.72319669 1.02711874891
2449.74362845 0.999021782497
2449.76406011 1.00717944949
2449.78449167 0.994965159911
2449.80492342 0.91083458711
2449.92751337 0.992496041275
2449.96837669 0.977198842683
2449.98880835 0.994181894034
2450.00924 1.02844707185
2450.05010332 1.04911368276
2450.17269327 1.03410995707
2450.19312503 1.00374535104
2450.21355669 1.02163112145
2450.23398825 0.997593199362
2450.25442001 0.994956818712
2450.27485167 1.00555838125
2450.29528343 1.04109887857
2450.31571499 0.961851756356
2450.39744163 1.02625971413
2450.41787339 1.03453993974
2450.43830495 1.00372866064
2450.45873671 1.0029040954
2450.68348497 1.00318993953
2450.70391663 0.980282652338
2450.72434829 1.03483877936
2450.74478005 0.987652257173
2450.76521162 0.99673203892
2450.92866501 1.00293043898
2450.94909657 1.01773942293
2450.96952833 1.02922094154
2450.98996 0.991824358728
2451.01039176 1.03898440421
2451.03082332 0.965744638149
2451.05125498 0.972729956524
2451.13298163 1.00126207755
2451.1534133 0.997436836619
2451.17384506 1.0005685498
2451.19427662 1.0130282284
2451.21470829 1.0046445537
2451.23514005 1.00358592871
2451.25557161 1.02721021024
2451.27600328 0.990916653263
2451.29643504 1.04142269525
2451.3168667 0.985139803185
2451.35773003 1.01268105933
2451.37816169 1.00311039974
2451.39859336 1.01304724436
2451.41902502 0.984890433514
2451.43945669 1.02003874332
2451.45988845 1.01383843509
2451.48032002 1.00652278125
2451.50075168 0.964101088115
2451.52118344 0.978148159807
2451.54161501 0.990263378136
2451.62334177 0.969898880089
2451.64377343 0.986996445338
2451.664205 0.985689099326
2451.68463676 0.979586699394
2451.70506843 0.987512502384
2451.7255002 1.02019689779
2451.74593176 1.01024253522
2451.76636343 1.01898143894
2451.78679519 0.986828503795
2451.80722676 0.982962318071
2451.82765842 0.99176511431
2451.84809009 0.98230269003
2451.86852176 1.0179935915
2451.88895352 1.01934649989
2451.90938509 0.988528628056
2451.92981676 0.987082322082
2451.95024852 0.996984447394
2451.97068019 0.882579851175
2451.99111176 0.906358700874
2452.15456519 0.996518013963
2452.17499696 1.00119957501
2452.19542853 1.00512344539
2452.2158602 1.03139375387
2452.23629196 1.00992362806
2452.25672353 0.973132022116
2452.2771553 1.01619365402
2452.29758697 0.987331014818
2452.31801854 1.02544306885
2452.35888197 1.03760805092
2452.37931364 1.00618889107
2452.39974531 0.9943288958
2452.44060875 1.02407455187
2452.46104032 0.917776475772
2452.48147199 0.952800486969
2452.64492534 0.991453785183
2452.66535711 0.990286120179
2452.68578878 0.997515312608
2452.70622035 0.997952263293
2452.72665212 1.01086995536
2452.7470838 0.989137302455
2452.76751537 0.964130046992
2452.84924215 1.00435108812
2452.86967382 0.987915280851
2452.89010559 1.00595423342
2452.91053716 0.984572702113
2452.93096883 1.00889039863
2452.95140061 1.01043858123
2452.97183218 0.971299837433
2452.99226395 0.999921105578
2453.01269562 1.00063263502
2453.176149 1.01845301072
2453.19658067 1.01543718716
2453.21701235 0.977429091138
2453.23744402 1.01803557254
2453.25787569 0.995872624352
2453.27830737 1.02471293239
2453.29873904 0.979401409144
2453.31917071 0.974552528235
2453.33960249 0.999792156156
2453.36003406 1.00282478509
2453.38046583 0.994277723309
2453.40089751 1.04095035104
2453.42132908 1.00068172248
2453.44176086 1.00824286453
2453.46219253 1.03101905693
2453.48262411 0.963952680491
2453.50305588 0.997606187629
2453.58478258 0.988720449007
2453.62564593 1.02363835536
2453.6460776 1.01600976958
2453.66650938 0.992476130026
2453.68694096 0.993818320878
2453.70737273 0.982595624571
2453.72780441 1.01071134665
2453.74823608 1.02660237793
2453.82996279 0.999539409655
2453.85039446 1.00863317716
2453.87082614 0.977640466213
2453.89125782 0.976033254944
2453.91168949 1.02398595888
2453.93212127 1.00859329622
2454.07514291 0.991341117192
2454.09557469 0.991026161283
2454.11600637 1.00096083624
2454.13643795 0.998971154715
2454.1773014 0.995026162654
2454.19773298 1.01023762373
2454.23859644 0.988362422696
2454.25902822 1.0158901543
2454.2794598 1.01161322031
2454.29989148 0.976882808329
2454.32032326 1.00081246867
2454.34075484 0.990590360696
2454.36118652 0.98211220415
2454.3816183 0.929859245436
2454.40204997 0.927435057614
2454.42248165 0.9400353899
2454.44291333 0.909720899162
2454.46334501 0.809729254397
2454.56550342 0.998756712262
2454.5859351 1.00752806414
2454.60636678 0.992251824626
2454.62679846 1.01320062904
2454.64723024 0.988910294303
2454.66766182 0.976077256941
2454.6880935 0.998921968135
2454.85154696 0.996551870734
2454.87197874 1.03362837489
2454.89241043 1.0010878178
2454.91284201 1.00088101214
2454.93327379 1.0346787387
2454.95370548 0.972231358416
2455.07629558 1.03614500458
2455.09672736 1.02949810998
2455.11715905 1.01740776445
2455.13759073 1.04694416425
2455.15802241 1.00114512396
2455.1784541 1.02216425935
2455.19888578 1.03899744329
2455.21931747 1.04153484462
2455.23974905 1.01637162824
2455.32147589 1.00231466874
2455.34190758 0.986528385263
2455.36233937 1.04182901055
2455.38277095 0.987178084811
2455.4644977 0.9502216421
2455.54622454 1.01411372022
2455.56665613 0.980469043512
2455.58708792 1.04785100539
2455.60751961 0.999992594836
2455.62795129 1.02605994913
2455.64838298 0.974222688756
2455.66881467 0.988724833006
2455.68924646 0.985393195429
2455.70967804 0.916917836648
2455.73010973 0.931064944055
2455.77097321 1.00936366434
2455.83226828 1.03492218814
2455.85269996 1.01834568317
2455.89356334 1.00454413727
2455.91399503 1.01423749989
2455.93442672 1.00768002781
2455.95485831 1.0212506631
2455.9752901 0.936188068731
2456.01615358 1.01662315692
2456.03658517 1.04607806181
2456.05701686 0.997275970878
2456.07744865 1.00387512219
2456.09788024 1.01691031754
2456.11831193 1.02330481256
2456.13874372 1.01688423069
2456.15917532 1.01413382639
2456.17960701 0.977102818824
2456.2000388 0.876558502539
2456.28176557 1.0371447329
2456.30219726 1.02849861392
2456.32262895 0.992475549518
2456.34306064 1.00322474659
2456.36349233 0.956232483766
2456.38392403 0.965184118238
2456.40435582 0.880366630594
2456.42478751 0.871874653489
2456.54737767 1.04942930022
2456.56780937 1.03681280394
2456.60867266 0.994633141442
2456.62910445 1.00764355136
2456.64953615 0.956984286982
2456.66996774 0.964339599267
2456.69039953 0.947221407623
2456.71083123 0.902593289345
2456.75169462 1.01677998332
2456.77212632 1.00427626656
2456.79255811 1.01617671902
2456.81298971 0.999600613232
2456.89471659 0.916923061649
2457.05817017 1.03108718832
2457.07860197 0.994180650428
2457.09903356 0.988935752472
2457.11946536 0.993533741624
2457.13989706 0.989896987573
2457.16032866 0.992614546496
2457.28291895 1.01032671878
2457.30335065 1.00713658945
2457.32378225 1.02090063176
2457.34421405 1.02128386187
2457.36464575 1.0330811318
2457.38507735 0.994331892853
2457.40550915 0.999948738466
2457.42594085 0.998401589394
2457.44637265 0.990547394978
2457.46680425 0.995187546665
2457.48723595 0.998578300397
2457.50766775 0.996748264756
2457.52809935 1.02311247597
2457.54853105 0.97067996866
2457.58939456 1.03920082965
2457.60982626 1.02771790678
2457.63025796 0.945999331622
2457.73241647 0.998767956627
2457.77327998 1.03705562711
2457.79371168 1.00583785343
2457.81414328 1.00745263997
2457.83457509 0.994532765236
2457.85500679 1.00053641826
2457.87543839 0.984729061931
2457.99802872 1.00139159522
2458.01846042 0.998625381659
2458.03889203 0.994835630143
2458.05932384 1.0108758111
2458.10018715 0.973690447851
2458.12061895 1.00554903916
2458.14105066 1.00325879493
2458.2636409 1.02640302204
2458.2840727 0.997978252521
2458.30450441 0.990703115144
2458.32493612 1.01891887963
2458.34536782 0.981090151555
2458.36579953 0.99858694411
2458.50882159 0.996782281607
2458.5292532 1.00190260595
2458.54968501 0.985882704898
2458.57011672 0.998408595713
2458.59054833 0.990022391229
2458.61098014 0.990066365508
2458.63141175 1.02436692877
2458.65184346 1.0289128818
2458.67227527 1.01950534276
2458.7335704 1.04037029476
2458.75400201 1.03714209262
2458.77443382 1.01712053813
2458.79486553 1.00447500734
2459.01961446 0.992289528938
2459.04004618 0.985497796482
2459.06047789 0.994840268807
2459.0809096 0.983005089542
2459.10134142 0.980612525947
2459.12177303 1.00804736102
2459.14220475 0.993749784213
2459.16263656 0.996111155767
2459.18306817 1.00395551574
2459.20349999 1.0282494888
2459.24436332 1.05244930528
2459.26479513 1.01717500729
2459.28522675 1.01271576615
2459.30565846 0.994315750375
2459.48954401 1.00571090097
2459.50997573 0.994802335491
2459.53040744 1.01502874733
2459.55083916 0.998052122018
2459.57127088 0.978974034317
2459.5917027 0.982973921929
2459.61213442 0.989254110013
2459.65299785 1.00282811135
2459.69386119 1.00594171005
2459.71429301 0.980310054857
2459.73472473 1.00227758738
2459.75515645 1.00769655836
2459.79601989 0.986504528785
2459.81645171 1.01485129481
2459.83688333 1.00536689083
2459.85731505 0.991322431946
2459.87774687 1.02370429316
2459.95947365 1.00061423718
2459.97990547 1.01329343277
2460.00033709 0.996077026145
2460.02076881 1.05234109196
2460.04120064 0.992526861118
2460.06163226 0.968293476993
2460.08206408 0.994601609456
2460.1024958 1.00225683703
2460.12292743 0.976240943214
2460.20465442 0.998253156566
2460.22508614 1.02143879826
2460.24551786 1.00553304679
2460.26594969 1.00164749692
2460.28638131 1.02574666382
2460.32724486 1.01149487822
2460.34767649 0.988627822853
2460.47026704 0.993901024541
2460.49069866 0.966890078657
2460.51113039 0.998156153184
2460.53156222 1.01706177443
2460.55199384 0.995600218282
2460.57242557 0.952341168368
2460.73587939 0.996960326293
2460.75631122 1.00507587829
2460.77674284 0.990518444941
2460.79717467 0.968448040212
2460.8176064 1.00416264232
2460.83803813 1.0023550835
2460.85846986 1.01094003488
2460.87890159 0.989975327365
2460.91976505 0.981421151485
2460.94019678 1.00311704599
2460.96062861 0.995048885472
2460.98106034 1.0100149557
2461.00149197 1.02125644207
2461.0219238 0.968199665807
2461.04235553 1.0180950121
2461.06278716 0.937316625061
2461.26710459 0.973154473694
2461.32839979 0.968811984259
2461.34883162 0.992685777052
2461.43055846 1.01705147105
2461.45099019 1.02644581835
2461.47142203 0.933831060752
2461.49185376 0.982504806784
2461.5122855 1.03983619439
2461.53271724 1.01131931789
2461.71660287 1.01024955226
2461.7370347 0.977219990169
2461.75746644 1.02590275138
2461.77789808 0.98129631313
2461.79832992 1.00011659789
2461.96178393 1.00262710495
2461.98221557 0.960289393528
2462.00264731 0.995163990804
2462.02307905 0.990545316974
2462.04351079 0.963028434466
2462.06394263 0.997832623523
2462.08437427 0.980079408467
2462.10480602 0.969643182981
2462.12523786 0.990330251828
2462.1456696 1.03990085127
2462.16610124 1.03826927307
2462.18653308 1.02216379671
2462.20696482 0.997765281287
2462.22739657 0.949176982001
2462.24782831 1.01591226278
2462.26826005 1.01203395957
2462.2886919 0.945399932665
2462.30912354 0.975344461546
2462.32955528 0.912265687972
2462.41128236 1.01332653295
2462.431714 1.0025080903
2462.45214585 1.01231951218
2462.47257759 1.00077668979
2462.49300924 0.997607623367
2462.51344108 1.03503346595
2462.53387283 1.00211832886
2462.55430468 0.974931787707
2462.57473632 0.961718233508
2462.65646331 1.0225317664
2462.67689505 0.984105435364
2462.6973268 1.05259303321
2462.94250789 1.0074875976
2462.96293964 1.01040728075
2462.98337139 1.01650217783
2463.00380324 0.962931553922
2463.02423489 1.01396399414
2463.187689 0.997037301385
2463.20812065 0.984120289191
2463.22855251 1.01432114577
2463.24898426 1.00103495951
2463.33071127 1.00772606777
2463.35114303 0.982711995734
