# #0 time, 1 flux
2559.12976974 1.0129583654
2559.150202 1.03016092616
2559.19106653 1.00351524012
2559.21149889 1.00295319284
2559.23193105 0.982345583285
2559.27279567 1.0275668218
2559.33409244 1.00765165227
2559.3545246 1.02102182258
2559.37495695 1.01725128891
2559.41582136 0.966066141667
2559.57927948 1.02644340911
2559.59971173 0.989633887042
2559.62014398 1.01418761904
2559.64057623 0.991525246213
2559.68144073 0.989589969034
2559.70187297 1.02308959583
2559.72230532 0.996671967832
2559.76316971 1.00477572111
2559.78360206 1.01089476185
2559.8040342 0.969777827486
2559.82446644 0.987038091917
2559.84489879 1.0287348056
2559.86533093 0.991411842617
2559.88576317 0.98657473051
2559.90619551 0.964078201834
2559.92662765 0.965673867518
2560.04922119 0.965934750279
2560.06965342 0.981332185139
2560.09008566 0.976335253758
2560.1105179 1.01511052066
2560.13095013 1.01163892438
2560.15138237 0.986333984015
2560.1718146 1.00454675841
2560.29440809 1.00136379732
2560.31484032 0.989055253028
2560.33527245 0.975744959044
2560.35570478 0.999194421457
2560.37613701 0.980866805041
2560.39656914 1.00835753478
2560.41700146 0.994196314133
2560.43743359 0.95967844232
2560.45786582 1.02583983379
2560.49873027 1.01472550016
2560.51916249 0.99087637847
2560.53959481 1.00863039674
2560.56002704 0.991327807364
2560.60089148 0.99991743131
2560.6213237 0.996673866163
2560.64175582 0.980782482596
2560.82564599 0.980855741615
2560.8460781 0.987404181592
2560.86651032 0.986908175112
2560.88694263 0.993299101659
2560.90737475 1.00541846729
2561.02996812 0.994540355345
2561.05040023 1.00994389812
2561.07083254 0.980986153422
2561.11169685 1.01685200533
2561.15256127 1.0001653251
2561.17299357 1.00054434308
2561.19342578 0.97755692005
2561.25472239 0.994357113972
2561.2751545 1.00216714312
2561.316019 1.00415528348
2561.33645111 1.01484213058
2561.35688341 1.01384467064
2561.37731561 0.98058627904
2561.39774781 1.00301824848
2561.41818001 0.995862160806
2561.43861221 0.981117087653
2561.4794766 1.02640158453
2561.4999088 0.984650783527
2561.520341 1.00442634805
2561.5407733 1.00078349137
2561.56120539 0.981936240955
2561.58163759 1.01333236087
2561.60206988 1.01447319555
2561.62250198 1.01593403145
2561.64293417 1.00591054777
2561.66336646 1.01870677789
2561.68379856 0.982299261424
2561.72466304 1.01190268559
2561.74509513 1.02386102305
2561.76552742 0.999583500969
2561.78595961 1.01263166024
2561.8063917 0.996344687027
2561.82682399 0.987788824462
2561.84725618 0.95236496897
2562.03114585 0.984114963251
2562.05157793 1.01165306329
2562.07201021 1.01478262965
2562.09244239 1.01182080207
2562.11287447 1.01325787721
2562.13330675 1.00026509732
2562.15373893 0.97668776172
2562.17417101 0.994100905237
2562.21503547 0.997408380589
2562.23546765 0.994618092825
2562.25589983 0.993583636244
2562.276332 0.998547687061
2562.29676418 0.99417837883
2562.31719635 1.00718388712
2562.33762853 1.02627431096
2562.3580607 1.01363115199
2562.37849298 1.01010416673
2562.39892505 1.00375881571
2562.46022157 1.00728228644
2562.48065384 0.999396718902
2562.50108601 1.00968866381
2562.52151808 1.02059368715
2562.54195035 0.998836490191
2562.56238252 1.00666787093
2562.58281459 0.980570343478
2562.60324685 1.00038545731
2562.62367902 0.997353860812
2562.64411109 0.980334564899
2562.66454335 0.983013303026
2562.70540759 0.981238400304
2562.72583985 0.993574805278
2562.74627201 0.994854636481
2562.76670408 1.00369675678
2562.78713634 1.01905061069
2562.8075685 0.992822117768
2562.82800056 0.973796924701
2562.84843283 1.01446440766
2562.86886499 0.997771525653
2562.99145794 0.997069069194
2563.01189 0.997107979634
2563.03232225 1.00290369436
2563.05275441 0.991349173629
2563.07318657 1.0271062981
2563.09361872 1.01446820255
2563.11405088 0.993044325552
2563.13448303 0.993013371116
2563.15491518 0.99631788797
2563.19577959 0.988187879388
2563.21621174 0.996730928797
2563.23664379 1.00104152755
2563.25707604 0.999833344198
2563.27750819 1.00479093439
2563.29794024 1.00091564596
2563.31837249 0.997991071936
2563.33880464 1.01235121032
2563.35923669 1.00075400688
2563.37966893 1.0028511306
2563.40010098 0.982519102174
2563.44096537 1.01820003013
2563.46139742 1.00287431464
2563.48182956 0.994457177686
2563.50226181 0.991629467634
2563.52269385 1.02095231553
2563.54312599 1.01688754025
2563.56355823 1.03239437518
2563.58399038 0.990749518711
2563.60442242 0.999854987099
2563.62485466 1.00809193756
2563.6452868 1.01241653304
2563.68615108 1.01215402119
2563.70658322 1.02310692039
2563.72701526 0.990621097887
2563.74744749 0.981418853532
2563.76787963 1.00520413499
2563.78831167 1.00461780067
2563.8087439 1.00226943263
2563.82917604 0.999974575108
2563.84960807 0.987580068822
2563.87004031 1.00004807599
2563.89047244 0.997856066558
2563.93133671 1.01310092696
2563.95176884 0.991891786279
2563.97220097 1.03030733433
2563.9926331 1.003388223
2564.01306523 0.988673178599
2564.03349746 1.01713693404
2564.05392959 0.960481197138
2564.07436162 0.992917440894
2564.09479385 0.989050862679
2564.11522588 0.960046381166
2564.19695439 0.997075768474
2564.21738661 1.00732449934
2564.23781864 1.00681336606
2564.25825076 0.986817988418
2564.27868299 0.994268135076
2564.29911501 1.0119373294
2564.31954713 1.01328407143
2564.33997935 1.03069807549
2564.36041138 0.990793875256
2564.3808435 0.999527037702
2564.42170784 1.00435362613
2564.44213986 1.00442914058
2564.46257208 1.00867189997
2564.4830042 0.98802153807
2564.50343621 1.00871682427
2564.52386843 0.992967542048
2564.54430055 1.00587408916
2564.56473256 0.98454875526
2564.58516478 0.983945721023
2564.6055969 0.990656817937
2564.62602891 0.956419929677
2564.66689324 0.969311000182
2564.68732525 0.982996719932
2564.70775746 1.0045208441
2564.72818958 1.00112530944
2564.74862169 0.985153610149
2564.7690538 0.982803889599
2564.78948591 1.00457516074
2564.80991802 1.00193912716
2564.83035013 0.990235910175
2564.85078224 1.01496483086
2564.95294278 0.994686461685
2564.97337488 0.986725115915
2564.99380709 0.999513851781
2565.01423909 1.00769561819
2565.0551034 0.991013338085
2565.0755354 1.00735398222
2565.09596751 0.994669100782
2565.11639971 1.02028977876
2565.15726381 0.979960864905
2565.17769601 1.00167522853
2565.19812801 1.01194503695
2565.21856011 0.998478800863
2565.23899231 1.01050999299
2565.3207207 1.00254604425
2565.3411527 1.00535925202
2565.3615849 0.993978454278
2565.40244899 1.01807195341
2565.42288118 0.999281086141
2565.44331328 1.00314237149
2565.46374527 1.00758430188
2565.48417746 0.987130470187
2565.52504155 1.00116622675
2565.54547374 1.00172189422
2565.56590583 0.979519366721
2565.58633792 0.999139787223
2565.60677001 1.00412505894
2565.64763419 0.998400695157
2565.66806627 0.987457336692
2565.70893055 0.997563262688
2565.72936254 0.995211960859
2565.74979462 1.02900212801
2565.77022671 0.997644351363
2565.79065879 1.01123832365
2565.81109088 1.01517853815
2565.83152306 0.973869944929
2565.93368337 1.00267916336
2565.95411556 0.990039214623
2565.97454754 1.00569712657
2565.99497962 1.00509880747
2566.0154118 1.01011766315
2566.03584377 1.01848660343
2566.05627585 1.00407783756
2566.07670803 0.991006751946
2566.09714011 0.995770106921
2566.13800426 0.999943963439
2566.15843634 0.994645139314
2566.17886831 0.998534220473
2566.19930049 1.0056894826
2566.21973256 1.01278357298
2566.26059671 0.997424692959
2566.28102878 0.98571963885
2566.30146075 0.990104961885
2566.32189293 1.00121686783
2566.342325 0.982736943077
2566.38318914 0.997160247589
2566.40362121 0.998443745054
2566.42405328 1.00610554524
2566.44448535 1.00997018097
2566.46491741 1.01478628444
2566.48534938 0.99405704102
2566.50578155 1.01112912618
2566.52621362 1.011863829
2566.54664568 0.994465157543
2566.66923817 1.00040858695
2566.68967013 0.995436957193
2566.71010219 0.986641769322
2566.73053435 0.987194700685
2566.75096632 1.0317480976
2566.77139838 0.983522989036
2566.8122625 1.00627502561
2566.91442289 1.00168844055
2566.9552869 0.995905793701
2566.97571905 1.00119372913
2566.99615111 1.01971433077
2567.01658306 0.991419483272
2567.03701522 0.998278905891
2567.05744727 0.998934591737
2567.07787922 0.986073957463
2567.11874343 1.00224368173
2567.13917538 0.998656307243
2567.15960753 0.982892438657
2567.18003958 0.998274324338
2567.20047153 1.01202194701
2567.22090368 1.0044668618
2567.24133563 0.985487613125
2567.26176778 0.992099149471
2567.28219983 1.00381773115
2567.30263177 1.01003824679
2567.36392801 1.01553208959
2567.38435996 1.00335014376
2567.4047921 1.01412578943
2567.42522415 0.977573690529
2567.44565619 0.991138985201
2567.46608824 0.996249670179
2567.48652028 1.00775682496
2567.50695242 1.00251876449
2567.52738436 0.998177876988
2567.5478164 1.01225353419
2567.56824855 0.988392964177
2567.60911253 1.00069685224
2567.62954467 1.01647328565
2567.64997661 0.99825669377
2567.67040864 1.00444224983
2567.69084078 1.00097117444
2567.73170476 1.00929779787
2567.75213689 0.980993749003
2567.77256893 0.988116618865
2567.79300086 0.984752756125
2567.813433 1.00151307218
2567.83386503 1.00201266049
2567.85429697 1.01972882897
2567.8747291 1.01455793754
2567.89516113 1.03294329642
2567.91559307 1.00897812462
2567.9360252 1.0148668391
2567.95645723 1.00105949246
2567.97688916 0.9952663503
2567.99732129 0.986360285152
2568.01775332 0.980836656762
2568.03818525 0.956446561497
2568.05861738 0.96904874462
2568.09948134 1.01147468607
2568.11991346 1.01685261638
2568.14034539 1.00294141621
2568.20164157 0.982965598158
2568.22207349 1.00011250696
2568.24250562 1.00129179499
2568.26293764 0.992801253623
2568.28336957 0.965831969547
2568.30380169 0.978020040493
2568.34466583 1.01004886122
2568.36509776 0.996731815603
2568.38552978 0.991732187604
2568.42639382 0.999688748781
2568.44682584 1.00847695819
2568.46725796 1.01279088307
2568.48768988 0.999795349549
2568.50812189 0.975059420095
2568.52855401 1.00729384639
2568.61028208 0.997684233138
2568.63071399 1.02009532173
2568.65114611 1.01214490772
2568.67157812 1.00908387001
2568.69201004 1.01406063924
2568.71244215 0.977997169945
2568.73287416 0.994050394456
2568.75330607 1.0107901211
2568.77373819 1.00647800828
2568.7941702 0.970694190579
2568.83503422 0.996866864965
2568.85546613 1.0027786093
2568.87589814 1.02325991169
2568.89633025 0.993244599196
2568.91676216 1.0038500042
2568.93719416 0.997035116123
2568.95762627 0.992142164398
2568.97805818 0.993760837921
2568.99849018 1.00289601021
2569.01892229 1.00241652203
2569.0393543 1.01123020141
2569.08021831 0.989813914501
2569.10065031 1.01293823681
2569.12108221 0.980305034496
2569.14151432 1.00951640735
2569.16194632 1.00688856968
2569.18237842 0.991392958098
2569.20281032 0.991624440326
2569.22324232 1.00307000028
2569.24367442 1.00246453244
2569.26410633 1.02714985123
2569.28453832 1.02968018069
2569.32540232 1.00488468672
2569.40713031 1.01226839385
2569.42756241 1.01076210814
2569.44799441 0.992853360369
2569.4684263 1.00567100539
2569.4888584 0.98730993545
2569.50929039 0.997963320826
2569.52972228 0.995115511841
2569.55015438 0.998975052783
2569.57058627 1.01173841406
2569.59101826 0.986137100361
2569.61145036 0.987140563607
2569.63188225 0.998828202354
2569.65231424 1.00409840019
2569.67274633 1.00696354083
2569.69317822 1.001987483
2569.71361021 1.01092640188
2569.7340423 0.984563663347
2569.75447419 0.976389963373
2569.77490617 1.00257098132
2569.81577015 0.991868837933
2569.83620214 0.990883190351
2569.85663422 1.00634029138
2569.87706621 1.00533350259
2569.89749809 0.999943325196
2569.91793018 0.970258716776
2569.93836216 0.999320840159
2569.95879405 0.984110791403
2569.97922613 1.00797315212
2569.99965811 0.995539803198
2570.08138614 0.98994786008
2570.14268208 0.994210698407
2570.16311396 0.997730922512
2570.18354594 0.99289085774
2570.22440989 0.992268179106
2570.24484187 0.992230776649
2570.26527395 1.00466982048
2570.3061378 0.982885384535
2570.32656978 1.01523300586
2570.34700175 0.995457928507
2570.36743373 1.00771974336
2570.40829767 1.00107665752
2570.42872965 1.01014178178
2570.44916172 1.0022761816
2570.46959359 0.98045312089
2570.49002556 0.995575548894
2570.51045763 1.00496939282
2570.5308895 1.01252678638
2570.55132147 1.01438482647
2570.57175354 1.00985724826
2570.59218541 1.00800200597
2570.61261738 1.00978628234
2570.63304945 1.01745852469
2570.65348132 0.981485586133
2570.69434535 1.00356709662
2570.71477732 1.00098035471
2570.73520918 1.00068565906
2570.75564125 0.989831425465
2570.79650508 1.0124750597
2570.81693714 1.0125244292
2570.83736911 0.996723876854
2570.85780097 1.00066649914
2570.87823303 1.01594985966
2570.898665 1.00403036229
2570.91909706 0.998001264145
2570.95996088 0.987350608017
2571.0008248 1.00095519288
2571.02125676 1.00455830798
2571.04168882 0.996454137324
2571.06212068 1.00540704494
2571.08255264 0.991053762527
2571.10298459 1.00033508433
2571.12341655 0.986802042874
2571.20514437 1.01084548383
2571.22557643 1.00118426471
2571.24600828 0.992157635466
2571.28687229 1.00712538751
2571.30730414 1.0053878514
2571.3277361 1.00764113209
2571.34816815 0.982791884669
2571.3686 0.984952760024
2571.38903195 0.982507655114
2571.409464 0.984578682535
2571.42989585 1.00687975519
2571.4503278 1.01948711349
2571.47075985 0.983884603045
2571.4911917 0.988062311295
2571.51162365 1.01181052793
2571.5320557 0.98105254757
2571.55248764 0.989416009393
2571.57291949 1.02186178135
2571.59335154 1.00450143445
2571.61378348 0.996924672483
2571.63421533 0.986816033185
2571.65464737 1.00761093994
2571.69551116 1.00387223738
2571.71594321 1.00326293339
2571.79767098 0.999362243659
2571.81810292 1.00091060127
2571.83853486 1.00314069712
2571.8589668 1.00248391775
2571.87939874 0.996103808627
2571.89983068 1.00581105983
2571.92026262 1.00860184058
2571.94069456 0.997667701213
2571.9611265 1.02684599179
2571.98155843 0.978475921159
2572.00199037 0.985574615206
2572.02242231 0.984606568965
2572.04285424 1.00778530508
2572.06328628 0.999769714303
2572.08371812 0.969607779269
2572.10415005 0.997285445067
2572.12458209 1.00810708538
2572.14501392 1.0207188465
2572.16544585 1.01743479159
2572.18587789 1.00428933659
2572.20630972 0.995032422749
2572.22674165 0.976712172526
2572.26760552 1.01965670112
2572.28803745 1.0097127282
2572.30846948 0.98484742037
2572.32890131 0.989741119817
2572.34933324 1.0104497247
2572.36976527 1.00194539229
2572.3901972 0.993329074374
2572.41062902 0.986995660388
2572.43106105 1.01238731256
2572.45149298 0.985376405419
2572.47192481 1.00121383918
2572.51278876 0.994211161788
2572.53322058 1.00733193239
2572.55365261 0.986240631918
2572.57408453 1.00501538865
2572.59451636 1.01326907359
2572.61494838 0.989863078137
2572.63538031 1.00095905809
2572.65581213 1.00446807784
2572.67624415 1.00679259395
2572.69667597 1.02136278975
2572.717108 1.0163745245
2572.77840376 0.982347053657
2572.79883568 0.986874774036
2572.8192676 0.990655914716
2572.83969952 0.994001315427
2572.86013143 1.00480139365
2572.88056335 0.995011803757
2572.90099537 1.00604991844
2572.92142719 0.993116903318
2572.9418591 0.99685173887
2572.96229112 1.00269248766
2572.98272294 0.99785292803
2573.00315485 0.99509163658
2573.02358687 1.00104869277
2573.04401868 1.00290455794
2573.06445059 0.985099150379
2573.08488261 0.988139949856
2573.10531442 1.00125619201
2573.12574633 0.984925416013
2573.14617835 1.00718064383
2573.16661016 1.023239976
2573.18704207 0.998148282347
2573.20747408 1.00532903129
2573.22790599 0.995396479723
2573.2483378 1.02174716806
2573.26876981 1.00445514039
2573.28920172 1.00978241214
2573.30963353 0.999708776389
2573.33006554 0.990273155169
2573.35049744 0.999442354512
2573.37092925 1.0210452276
2573.39136126 0.967671456009
2573.41179306 1.00795551505
2573.43222497 1.01739123647
2573.51395269 0.988909306747
2573.53438449 1.01513956149
2573.5548165 1.0337155436
2573.5752484 1.01754236345
2573.5956803 0.998507161563
2573.61611221 1.01211288062
2573.63654411 1.011722663
2573.65697601 1.0086681351
2573.67740791 0.997420187028
2573.71827171 0.989634989019
2573.73870371 1.01903862441
2573.75913551 1.00733022931
2573.77956741 0.995642735902
2573.79999941 0.993763248219
2573.8204312 0.996053994594
2573.8408631 1.00064502023
2573.8612951 0.990063628441
2573.92259079 0.993682925
2573.94302258 1.0016405167
2573.96345448 0.991655347031
2573.98388647 1.0011644841
2574.02475016 0.998598413326
2574.04518215 1.00844451129
2574.06561404 0.999422273232
2574.08604583 0.987849944111
2574.10647783 1.00828173479
2574.12690972 1.00250342478
2574.14734151 1.01394289187
2574.1677735 1.00016847054
2574.24950096 0.978491292256
2574.35166049 0.982991529342
2574.37209228 0.994361943918
2574.39252416 0.991188533469
2574.41295615 1.00520088669
2574.43338803 0.973809844614
2574.45381992 1.0137704174
2574.4742518 0.983797586539
2574.49468369 1.00571455578
2574.51511557 0.980758367637
2574.53554745 0.993625157635
2574.57641132 0.988994011004
2574.5968431 0.987868814906
2574.61727498 1.00840313904
2574.63770696 0.98539636979
2574.65813874 0.981487873049
2574.67857062 0.998960312518
2574.73986625 0.997945034461
2574.76029823 0.998980451669
2574.78073001 1.0004550855
2574.80116189 0.998936223754
2574.82159386 0.973954069089
2574.84202564 0.99993376045
2574.86245752 0.999181541767
2574.88288949 1.00539292752
2574.90332137 0.989429587758
2574.92375314 0.995551488639
2574.96461699 0.992860682706
2574.98504876 0.994975870227
2575.00548074 0.995267008375
2575.02591251 1.00094098118
2575.04634438 1.02096380926
2575.06677635 1.00075888855
2575.08720812 1.00703452244
2575.10763999 1.00173458853
2575.12807196 1.00453300033
2575.14850373 1.01983810355
2575.23023121 0.984548594743
2575.25066318 1.01317228029
2575.27109504 1.00254795658
2575.35282251 0.996416383545
2575.37325437 1.0096037747
2575.39368624 1.00665413278
2575.4141182 1.00636758367
2575.43454997 1.02051891743
2575.45498183 1.01604136142
2575.47541379 1.01393165335
2575.49584556 1.00187668919
2575.51627742 1.00586626119
2575.53670938 0.990828730857
2575.55714114 1.00588475308
2575.577573 0.986722194669
2575.59800497 0.994790023593
2575.61843673 1.00107278054
2575.63886859 1.00342156478
2575.65930054 0.995832431911
2575.6797323 1.01340009694
2575.70016416 0.999614126132
2575.72059612 1.00260169855
2575.74102788 1.00697365106
2575.76145974 0.990127479139
2575.78189169 1.00561473883
2575.80232345 0.993155435326
2575.82275531 0.972111744501
2575.84318726 1.02367408992
2575.86361902 1.00047040676
2575.88405087 1.00863666859
2575.90448283 1.00257423716
2575.94534643 0.983003681273
2575.96577839 0.976579096259
2575.98621014 1.01580654603
2576.00664199 0.979798978811
2576.02707394 0.973378087162
2576.0475057 0.987249249424
2576.06793755 0.98057212458
2576.0883695 0.97531884656
2576.10880135 0.98265586863
2576.1292332 1.0279887115
2576.14966505 1.00161257526
2576.1700969 0.996996441706
2576.19052875 1.01148840701
2576.21096059 0.986006782307
2576.23139244 0.999965150593
2576.25182439 1.00304292637
2576.27225614 1.00664709015
2576.29268798 0.986654955812
2576.31311993 0.994100858973
2576.33355168 1.02128366504
2576.37441547 0.990241071982
2576.39484721 0.99016004454
2576.41527905 1.00101489133
2576.435711 0.983942660194
2576.45614274 0.978294021114
2576.47657459 0.992530509874
2576.49700643 1.01372394948
2576.51743827 0.986281946327
2576.53787011 0.997948815599
2576.55830195 0.994978980277
2576.57873379 1.03072871363
2576.59916563 0.998779756556
2576.61959757 0.999746357745
2576.64002931 0.997933804753
2576.70132483 0.9994751198
2576.72175667 1.00865206709
2576.74218861 1.0036691517
2576.76262034 1.0021853609
2576.78305218 1.01804638411
2576.80348412 0.983499033076
2576.82391585 1.00646681472
2576.84434769 0.990097498324
2576.86477963 0.978476577518
2576.88521136 0.999165962482
2576.94650696 1.0045417237
2576.9669388 0.999391808562
2576.98737063 0.980220304661
2577.00780246 1.00415287209
2577.02823429 0.994301027955
2577.04866613 1.00925762488
2577.06909796 1.00333633117
2577.08952989 1.00949465042
2577.17125711 1.01838171433
2577.19168894 1.00358603076
2577.21212086 1.00651563317
2577.23255259 0.989241698174
2577.25298442 0.997092466078
2577.27341625 1.01640559791
2577.29384807 1.00682377702
2577.3142799 1.01291787869
2577.33471173 1.00171594729
2577.35514355 1.00341369216
2577.37557538 1.00645487717
2577.41643903 1.00416840441
2577.43687085 0.999640322473
2577.45730278 1.01634482182
2577.4777345 0.996360815968
2577.49816632 0.983850175489
2577.51859825 0.987285981925
2577.53902997 1.02096652505
2577.55946179 1.00115865179
2577.57989371 1.00533331466
2577.60032543 1.00028712778
2577.62075725 1.00086267271
2577.64118917 0.98706905291
2577.66162089 0.993106796135
2577.68205271 0.994111249957
2577.70248463 1.02244316224
2577.72291635 0.98830021218
2577.74334817 1.02542946256
2577.76378009 1.02133876798
2577.7842119 0.983554020439
2577.80464372 0.998078170429
2577.84550735 0.997333597677
2577.86593917 1.00600399854
2577.88637098 1.0047048442
2577.9068028 1.00737347718
2577.92723471 0.990962263936
2577.96809824 0.990432902641
2577.98853006 1.00959951302
2578.00896187 0.998249387347
2578.02939368 1.00692930106
2578.04982549 0.985263720988
2578.07025731 0.997931623588
2578.09068902 1.00430807759
2578.17241636 1.00030299478
2578.19284817 1.02589473236
2578.21327998 1.00471133268
2578.23371179 0.991231641774
2578.2541436 1.0050494596
2578.27457541 1.0006158889
2578.29500731 1.01633025921
2578.33587083 0.987162587203
2578.35630273 0.994543767393
2578.37673444 1.00103664448
2578.39716625 0.993380934367
2578.41759815 1.00201610501
2578.43802986 1.00336374966
2578.45846166 1.01367319826
2578.47889357 1.00420940344
2578.49932527 1.0123515132
2578.51975707 1.02238972266
2578.54018898 0.993527172208
2578.56062068 1.00376632112
2578.58105258 0.998927757614
2578.60148438 1.00392801266
2578.64234799 1.01098479434
2578.66277979 1.0094695
2578.68321159 1.00724365924
2578.70364339 0.993510322205
2578.72407519 1.00371277533
2578.74450699 0.997400961431
2578.76493888 1.0181139359
2578.78537058 1.01144555562
2578.80580238 0.997742760398
2578.82623418 0.990844361757
2578.84666598 0.978220379167
2578.86709767 0.985235452024
2578.90796137 1.01142391975
2578.92839306 0.976906505827
2578.94882496 0.996595328871
2578.96925675 0.984838546458
2579.01012034 1.00167995605
2579.03055214 0.985041215468
2579.05098393 0.996118286217
2579.07141572 0.983664139253
2579.09184752 0.983635756846
2579.11227931 0.958561841342
2579.1327112 0.982761603773
2579.15314289 0.967660067755
2579.17357468 0.994680992591
2579.19400658 0.992107899217
2579.21443827 0.975999612821
2579.23487006 0.984132447398
2579.25530195 0.987718554182
2579.27573364 0.947990701612
2579.29616542 0.987520721227
2579.31659731 0.986697338596
2579.337029 0.961760837289
2579.37789268 1.01730663192
2579.39832436 1.03306697186
2579.41875625 1.0159469355
2579.43918804 0.990312216521
2579.45961982 1.00941943843
2579.48005161 1.01439853721
2579.5004834 1.00902786858
2579.52091518 0.994257634724
2579.54134696 1.0060821339
2579.58221043 1.00299978186
2579.60264232 1.03284748848
2579.6230741 1.00339651392
2579.64350578 1.01014419662
2579.66393766 1.00813576404
2579.68436945 1.01669101294
2579.70480113 1.00188405131
2579.72523301 1.01600600625
2579.74566479 1.013062558
2579.76609647 0.992283059492
2579.78652835 0.996367367993
2579.80696013 0.979807615136
2579.82739191 0.985790748306
2579.86825547 1.0195683036
2579.88868725 1.02121492159
2579.90911903 1.01146990004
2579.9295508 1.00478539854
2579.94998258 1.00178850791
2579.97041446 1.00777232248
2579.99084613 1.00971346144
2580.01127801 1.01394858377
2580.03170979 1.02926969023
2580.05214146 0.994719559399
2580.07257334 1.00414647281
2580.09300511 0.998606058874
2580.11343678 0.98608181623
2580.13386866 0.967610787116
2580.21559575 1.0253341706
2580.23602742 1.01237608308
2580.25645929 0.999131886115
2580.27689107 0.996011086127
2580.39948169 0.992541039195
2580.41991336 1.00675544765
2580.44034522 1.00454794023
2580.46077699 1.00358992113
2580.48120866 1.01093399663
2580.50164053 1.00105675549
2580.5220723 1.00515113208
2580.54250396 0.983458490962
2580.56293583 0.977889189593
2580.60379926 0.999007586303
2580.62423112 1.00632752819
2580.64466289 0.997416835286
2580.66509465 0.991363663801
2580.68552642 0.980396947509
2580.70595818 1.01288507484
2580.72639005 1.00340342543
2580.74682171 0.983545454566
2580.76725347 0.974153548729
2580.78768533 0.994910983275
2580.8081171 0.986036957877
2580.82854876 0.988933082903
2580.84898062 0.994699681803
2580.86941238 0.997153631767
2580.88984404 1.00640617576
2580.9102759 0.990564802834
2580.93070766 1.01159179791
2580.95113932 1.00051315095
2580.97157118 1.01230371375
2580.99200294 1.00346468723
2581.0124346 0.978814045609
2581.03286646 1.00577996992
2581.05329821 0.994362698775
2581.09416173 1.00358423947
2581.11459338 0.980999658574
2581.13502524 1.00002084248
2581.155457 0.994628733778
2581.17588875 1.01611883153
2581.19632041 0.983657748272
2581.21675226 1.01145933253
2581.23718402 0.992209309983
2581.25761567 1.00570086234
2581.27804753 1.02187780531
2581.29847928 1.01234405456
2581.31891093 0.991682251116
2581.33934279 1.00013349191
2581.35977454 1.00457724747
2581.38020639 1.00599796677
2581.40063804 1.00677119903
2581.42106979 1.00735654195
2581.44150164 0.994876961501
2581.4619333 1.01004525168
2581.48236505 0.982592371342
2581.5027969 0.991028902072
2581.62538739 1.00212539337
2581.64581914 0.982130179005
2581.66625078 0.979638503614
2581.68668263 1.01537706713
2581.70711438 1.00721512217
2581.72754602 0.993376835129
2581.74797787 0.982281174285
2581.76840962 0.992633094053
2581.78884126 1.00217206346
2581.85013649 1.00217900661
2581.87056834 0.982935242921
2581.89100008 0.974667662804
2581.91143172 1.00171930111
2581.93186357 0.986216329314
2581.95229521 0.992706352375
2581.97272705 1.01886466315
2581.99315879 0.996070104308
2582.01359053 0.959471191692
2582.03402228 1.00026408805
2582.07488576 0.981752854312
2582.0953175 0.997927936055
2582.11574924 1.01736634623
2582.13618098 0.989280268274
2582.15661272 0.993662594824
2582.17704445 1.01837224868
2582.19747619 0.996482751848
2582.21790803 1.01010333832
2582.23833967 0.971980784987
2582.25877141 0.997288202101
2582.27920324 1.01038143745
2582.32006662 0.999058925076
2582.34049845 1.01142541106
2582.38136182 0.988818585504
2582.40179366 0.982977519589
2582.42222529 0.999068034704
2582.44265703 1.00424837304
2582.46308886 0.950690573096
2582.48352059 0.998700148392
2582.50395223 1.00376239255
2582.58567926 0.999121289123
2582.60611099 1.01790603157
2582.62654272 1.00847697477
2582.64697445 0.996800027904
2582.66740608 1.01487338685
2582.68783791 1.00350542312
2582.72870127 0.989577562853
2582.7491331 1.00788704641
2582.76956483 0.994041990007
2582.81042829 0.996334741547
2582.83086001 1.01311949595
2582.85129174 1.01756984333
2582.87172347 1.01595813995
2582.8921552 0.999658122363
2582.91258692 1.01941525919
2582.93301865 1.01380725399
2582.95345037 1.01005886079
2582.9738821 1.00305392969
2582.99431383 1.00399103235
2583.01474555 0.988450894059
2583.03517728 1.00290692473
2583.07604072 0.987552019441
2583.09647245 1.01468645024
2583.11690427 0.993826701267
2583.15776772 0.974055095044
2583.17819944 0.995450213632
2583.21906288 0.988131764418
2583.2394946 0.981237862518
2583.25992622 0.971339388918
2583.30078977 1.00960309551
2583.32122148 1.009032526
2583.3416532 1.01384486625
2583.36208492 0.99150293092
2583.38251654 0.994937856272
2583.40294836 1.01385235812
2583.42338008 1.00082425291
2583.50510685 1.00024653017
2583.52553867 0.996240547609
2583.566402 1.02053598467
2583.58683382 1.0051163994
2583.60726553 1.00008790783
2583.62769715 0.992373387211
2583.64812896 1.00033521889
2583.66856068 1.00762277748
2583.68899239 1.0035712175
2583.7094241 0.998263043767
2583.83201438 1.01901124369
2583.85244609 1.00107403051
2583.8728779 0.994345671946
2583.89330961 0.994779256122
2583.91374122 0.992722463215
2583.93417303 0.979684354259
2583.95460474 0.988114020189
2583.97503635 1.01712930977
2583.99546816 0.997082039911
2584.01589987 0.990026603644
2584.03633148 0.991876317163
2584.05676329 0.997464894489
2584.077195 0.993380281122
2584.09762661 0.990344207316
2584.11805841 0.993056761965
2584.13849012 0.993104567068
2584.15892173 0.992831826309
2584.19978514 0.990795278826
2584.22021685 0.988824650679
2584.30194377 0.994649329457
2584.32237547 1.0101480006
2584.34280717 1.01068735953
2584.36323888 1.02088612472
2584.38367058 0.993886326238
2584.40410238 1.031157449
2584.42453399 0.99799936803
2584.44496569 0.981389542435
2584.46539749 0.99266748275
2584.5266926 1.00121270301
2584.5471242 1.00738378843
2584.5675559 1.01256127158
2584.5879877 1.02095093946
2584.6084193 1.00735420064
2584.628851 1.01335361235
2584.6492828 1.0306695095
2584.6697144 1.0078959306
2584.69014609 0.99236139272
2584.71057789 0.999856155427
2584.73100959 1.01470456536
2584.75144119 1.00664677026
2584.77187299 1.00387160264
2584.79230468 1.00927991396
2584.87403137 0.999360045335
2584.89446316 1.01401287798
2584.91489476 0.994733085513
2584.93532655 1.00462232303
2584.95575825 0.985921054413
2584.97618984 0.996224678308
2584.99662164 0.999425344377
2585.01705333 0.982310861271
2585.03748492 0.999548213896
2585.05791672 1.00550340289
2585.07834841 1.00162858519
2585.0987801 0.978667599086
2585.11921179 1.00032645881
2585.13964349 1.00212229632
2585.16007518 1.01471319952
2585.18050687 0.972409500939
2585.20093856 0.985177282579
2585.22137025 0.994618460419
2585.26223363 0.991113951475
2585.28266532 1.01789707237
2585.34396039 1.01877537455
2585.36439218 0.992027073287
2585.38482377 1.00875870034
2585.40525545 1.00028519429
2585.42568724 1.00020189356
2585.54827736 1.00579079573
2585.56870905 1.01457171379
2585.58914073 0.993676024032
2585.60957242 0.999192362925
2585.630004 1.01168709037
2585.65043579 0.982531709778
2585.67086747 1.01144987094
2585.69129905 1.00572784006
2585.71173084 0.996644292337
2585.73216252 0.980764950272
2585.7525941 1.01437848094
2585.77302589 1.00138330257
2585.79345757 1.00223688025
2585.81388915 0.995403596613
2585.83432093 0.987168755456
2585.85475261 0.996567074283
2585.87518419 0.979877535664
2585.89561598 0.992345403197
2585.91604766 0.999875554383
2585.93647934 1.02319538816
2585.95691102 0.991923529068
2585.9773427 1.0198542043
2585.99777438 1.00469819571
2586.01820605 1.01914820105
2586.03863773 0.999069735214
2586.05906951 1.00065633762
2586.07950119 0.991062249823
2586.09993277 1.0156146478
2586.12036455 1.00021772548
2586.14079622 1.0026414511
2586.1612278 1.00348771422
2586.18165958 0.997053669055
2586.20209125 0.987434092948
2586.2429546 1.0123203607
2586.26338628 0.992850142641
2586.28381786 1.01820564643
2586.30424963 1.00315763376
2586.32468131 1.01274844208
2586.34511288 1.0139875308
2586.36554465 1.01315528081
2586.38597633 0.981791547876
2586.406408 1.02269636383
2586.42683967 0.997457720051
2586.44727135 0.992927473436
2586.48813469 0.99885169145
2586.50856636 0.996073699665
2586.52899794 0.984553339807
2586.54942971 0.987258330941
2586.56986138 0.981702062277
2586.59029315 0.99035153319
2586.61072472 0.991228940498
2586.63115639 0.996175740701
2586.65158816 0.991137242721
2586.67201973 1.0051373083
2586.6924514 1.007911361
2586.71288317 1.00524703385
2586.73331474 0.975281234698
2586.75374641 0.990240543244
2586.79460974 1.00110578967
2586.81504141 0.977278336139
2586.83547318 1.00060442342
2586.85590475 1.02525048517
2586.87633641 0.993906299815
2586.89676818 0.9876531239
2586.91719985 0.972701985145
2586.93763141 0.977857937547
2587.01935817 0.983580942671
2587.03978984 1.00860758896
2587.0602214 0.992110278632
2587.08065317 0.96205617306
2587.10108483 0.97543805989
2588.51086917 1.00336326075
2588.53130072 0.987728864998
2588.55173246 0.987241666345
2588.57216411 1.00078235111
2588.59259575 1.00388421747
2588.61302739 1.00600949406
2588.63345904 1.0059923327
2588.65389068 1.00130337604
2588.67432232 0.998707757789
2588.69475397 0.993268796597
2588.71518561 1.02079474961
2588.73561725 1.00185174192
2588.75604889 1.02904794226
2588.77648064 1.00880160293
2588.79691218 0.996420897724
2588.81734382 1.0306198183
2588.83777556 1.02303171074
2588.8582071 1.00818971527
2588.87863874 1.00033397664
2588.89907048 1.01557097229
2588.91950202 1.00228415242
2588.93993366 1.00058133946
2588.9603654 0.983913758692
2588.98079694 0.989670413694
2589.00122858 0.975372771442
2589.02166032 0.994302000747
2589.04209185 0.997839004048
2589.06252349 0.984903846298
2589.08295523 0.967900623554
2589.10338687 0.992735449306
2589.12381841 0.980445413246
2589.20554505 0.964610177288
2589.22597669 0.989888827783
2589.24640842 0.992548376369
2589.26683996 1.015763678
2589.28727159 1.00109255243
2589.30770333 1.00154400084
2589.32813486 0.987694047299
2589.3485665 1.02381970636
2589.36899813 1.00163888686
2589.45072467 0.984764487051
2589.4711563 0.998661484532
2589.49158793 1.01106913211
2589.51201957 1.01342672627
2589.5324512 1.01716738286
2589.55288283 1.01896894566
2589.57331446 1.01438314242
2589.59374609 0.993017509706
2589.61417783 1.01559232226
2589.63460936 1.00880163875
2589.65504099 1.02882782732
2589.67547272 0.986733158291
2589.69590425 1.0178072775
2589.71633598 1.00739754808
2589.73676761 0.983952064762
2589.75719914 1.00035397242
2589.77763087 0.995093853849
2589.7980625 1.0006938571
2589.81849403 1.01952813723
2589.83892575 1.0045473029
2589.85935738 1.00227828203
2589.87978891 1.00463373651
2589.90022064 0.999742797652
2589.92065227 1.00617692454
2589.94108389 0.998789463146
2589.96151552 1.02503476186
2589.98194715 0.989219962195
2590.00237877 0.997831312704
2590.0228104 1.00656957641
2590.04324203 0.988738901995
2590.24755837 1.02906809653
2590.30885324 1.0249869847
2590.37014811 1.01199035458
2590.41101126 0.997701759373
2590.43144298 0.984734298972
2590.4518746 0.986148734965
2590.47230612 0.990385303181
2590.49273784 1.01778176548
2590.51316946 0.987705605192
2590.53360098 1.00393751615
2590.5540327 0.989202306496
2590.57446432 0.9948350698
2590.59489584 0.988630208171
2590.61532756 0.975542244379
2590.63575918 0.982949552033
2590.6561909 0.979521615339
2590.67662242 0.98555838924
2590.69705404 0.962753601256
2590.71748576 0.985431343768
2590.73791727 1.02757010203
2590.75834889 1.00526389929
2590.77878061 0.969232280509
2590.79921213 0.969854181628
2590.81964374 0.999966140425
2590.84007546 1.00640460714
2590.86050698 1.01450820135
2590.88093859 1.00659410154
2590.90137021 1.0068327003
2590.92180193 0.997700753749
2590.94223344 1.01947296209
2590.96266516 0.996011605158
2590.98309667 1.00740906024
2591.00352829 1.00980720731
2591.02396 0.996393042496
2591.04439152 1.00269923847
2591.20784452 1.00353495566
2591.22827604 0.987500575051
2591.24870775 1.01141043149
2591.26913936 0.999174032706
2591.28957097 0.987579970086
2591.45302386 1.01352062531
2591.47345547 0.977529936574
2591.49388718 1.01105842372
2591.51431869 1.0090788735
2591.5347503 1.0285071551
2591.55518201 1.01119926419
2591.57561351 1.00258576561
2591.59604522 0.983028587037
2591.61647673 0.985872666777
2591.63690834 0.997907938977
2591.65734005 1.00957910351
2591.67777165 1.01297326627
2591.69820316 0.994414249462
2591.71863487 0.990422091
2591.73906638 0.990702768612
2591.75949798 0.985259637893
2591.77992969 0.997002284985
2591.8003613 0.988135029285
2591.8207928 0.986400344439
2591.90251932 0.980411923434
2591.92295093 0.998329626512
2591.94338243 0.994887026167
2591.96381414 0.991697284921
2591.98424574 1.00679156545
2592.00467725 1.00816994917
2592.04554055 1.02134539271
2592.06597226 1.00354806821
2592.08640376 1.01256742732
2592.10683536 1.01825768877
2592.12726707 1.00326826554
2592.14769857 1.00312966022
2592.16813017 0.999840102745
2592.18856187 0.998066329822
2592.20899337 0.994874605431
2592.22942498 0.978306031309
2592.24985668 0.981810570179
2592.27028828 0.978370188883
2592.29071978 0.986503004738
2592.31115148 0.998879167362
2592.33158308 0.962565332921
2592.37244628 0.947207253999
2592.39287788 0.970011873804
2592.41330938 1.00490365686
2592.43374108 0.966336463602
2592.45417258 0.998318183941
2592.47460428 0.976222369851
2592.49503588 1.0051075047
2592.51546738 0.952053238272
2592.53589908 0.973502073894
2592.55633067 0.980747610209
2592.57676217 1.00107727589
2592.61762547 0.987204151227
2592.63805706 1.01317165271
2592.65848866 1.00017855114
2592.69935186 1.00755219626
2592.71978345 1.00459172463
2592.74021505 1.00813621601
2592.76064664 1.01055264921
2592.80150984 1.01638854504
2592.82194143 0.99808698516
2592.86280462 1.02508507111
2592.88323622 1.01469875063
2592.90366791 1.00654443349
2592.92409941 1.00113998997
2592.9445311 1.01056343841
2592.9649627 0.996352169663
2592.98539419 0.98264399558
2593.00582588 0.99744651034
2593.02625748 0.97258879831
2593.04668897 1.02274962877
2593.06712066 1.0115154975
2593.08755226 0.979204726497
2593.10798385 1.00437305235
2593.12841544 1.00836446626
2593.14884693 0.999637193684
2593.16927852 1.01783979555
2593.18971022 1.00892686569
2593.2305733 1.00205472653
2593.25100499 1.01289001691
2593.27143658 0.992852924744
2593.29186807 0.975306236554
2593.31229976 0.991300199543
2593.33273135 1.00587701792
2593.35316304 1.00529378999
2593.37359453 0.994866490746
2593.39402612 1.01855386443
2593.41445781 0.990359635601
2593.4348893 0.994099899398
2593.45532089 0.987877578916
2593.47575258 0.969856608419
2593.49618407 0.98952705808
2593.51661566 1.00847185125
2593.53704735 1.02655777804
2593.55747884 0.993324517319
2593.57791042 0.997329055017
2593.59834211 1.03409881499
2593.6187736 0.992453061612
2593.63920519 1.00224305358
2593.65963687 1.01373885092
2593.68006846 1.01639176196
2593.70049995 0.983675726262
2593.72093163 0.980472879438
2593.74136322 1.00413962003
2593.76179481 0.971176233522
2593.78222639 0.975599362974
2593.80265798 0.995459191306
2593.82308957 1.01370819335
2593.84352115 1.01846874601
2593.86395274 1.03384229092
2593.88438432 1.01166372168
2593.90481591 1.00529091733
2593.92524749 1.01554769268
2593.94567908 0.986521203666
2593.96611066 1.02072436374
2593.98654214 0.987310506152
2594.00697383 0.999549254085
2594.19085818 1.02054827936
2594.21128966 1.00687956525
2594.23172134 0.981380250448
2594.2725844 1.00991748525
2594.29301608 0.989207840517
2594.35431083 1.0110077472
2594.37474241 1.03349845703
2594.39517389 0.983549494416
2594.41560557 0.991929483871
2594.43603715 0.997901561134
2594.45646863 1.01111378152
2594.47690031 0.996445680745
2594.49733189 1.00000105873
2594.51776347 1.02976214237
2594.5790582 0.985636227297
2594.59948978 1.00373559667
2594.66078452 0.990846543938
2594.68121609 1.00519660652
2594.70164777 0.989475854591
2594.72207925 0.991963135381
2594.74251083 0.980648511255
2594.7629425 0.987717982662
2594.78337398 1.00344873675
2594.80380556 1.01400471758
2594.82423723 0.990526442544
2594.84466871 1.00701788067
2594.86510029 0.979807935165
2594.88553196 0.980266377659
2594.90596344 1.00443269096
2594.92639501 0.979084847017
2594.94682669 0.984181167381
2594.96725816 0.950273187186
2594.98768974 1.00946960857
2595.00812141 0.975740020738
2595.02855299 0.959215309631
2595.04898456 0.968554215003
2595.06941614 0.980233683886
2595.08984771 0.996215709763
2595.11027929 0.949088648798
2595.13071086 0.987792146266
2595.15114243 0.982896236144
2595.17157411 0.983830576463
2595.19200558 0.978458897813
2595.21243715 0.982903258815
2595.23286883 0.97418733059
2595.2533003 0.985677052019
2595.27373187 0.990238314709
2595.31459502 1.01553457808
2595.33502659 0.993010607502
2595.37588973 1.02153062655
2595.3963213 0.999325644565
2595.41675288 1.01938471795
2595.43718445 0.99437198025
2595.45761612 1.00888820209
2595.47804759 1.01462850328
2595.49847916 1.0021774297
2595.51891083 1.00737282603
2595.5393424 1.01925132521
2595.55977387 1.01346544345
2595.58020554 0.996818077495
2595.60063711 1.03442553335
2595.62106858 1.00522613792
2595.64150025 1.01261523367
2595.66193182 1.00573037407
2595.68236329 1.00226471404
2595.70279496 0.999566336695
2595.72322653 1.00038203002
2595.74365799 1.02288364532
2595.76408966 1.00920754185
2595.78452123 0.998652931709
2595.8049527 1.00676782713
2595.82538437 1.00431132798
2595.84581594 0.999224559534
2595.8662476 1.00271617071
2595.88667907 1.00777045458
2595.90711064 0.990402990556
2595.9275423 0.987266302436
2595.94797377 0.99687421134
2595.96840534 0.985480302527
2595.98883701 1.00630031108
2596.00926857 0.995107011901
2596.0501317 1.00870202261
2596.07056317 1.01507473546
2596.09099474 1.01606934335
2596.1114264 1.00973465024
2596.15228943 0.987778856962
2596.19315256 0.994713064163
2596.21358413 1.00320583059
2596.23401579 1.00173710828
2596.25444726 1.01974188478
2596.29531049 0.984561841046
2596.31574195 1.01634215162
2596.33617361 0.97869721908
2596.35660518 1.00543982
2596.43833143 1.00187866828
2596.45876299 0.998270948702
2596.47919456 0.982315990863
2596.49962612 0.989344830727
2596.54048924 0.997115317685
2596.56092081 0.995759001983
2596.58135247 0.991770907179
2596.60178393 0.997242067848
2596.62221559 0.982833864152
2596.64264715 1.00784187272
2596.66307861 0.984856025122
2596.68351028 1.0044655243
2596.70394184 1.032166785
2596.7243733 0.993287974818
2596.74480496 0.997438396126
2596.76523652 1.00357777906
2596.78566798 1.00513757121
2596.80609964 0.997092773975
2596.8265311 0.994940634544
2596.84696276 0.985155503809
2596.86739432 1.00241087629
2596.88782588 1.00462843967
2596.90825734 1.00730545345
2596.928689 0.990346832764
2596.94912056 0.983099268033
2596.96955202 0.999569123095
2596.98998367 1.00424097519
2597.01041523 1.00762739137
2597.03084689 1.00491779502
2597.05127835 0.991867237139
2597.07170991 0.993869475044
2597.09214157 0.999086493741
2597.11257302 0.999526329609
2597.13300458 1.00489185282
2597.15343624 0.990283711031
2597.1738677 1.01505636518
2597.19429925 0.999646040146
2597.21473091 0.991185780054
2597.23516237 0.982364364275
2597.25559393 1.01791020515
2597.27602558 0.991128265322
2597.29645704 1.01438954497
2597.35775181 1.02677681271
2597.37818326 1.00345755687
2597.39861492 0.999952654041
2597.41904648 0.99740552797
2597.43947803 0.993223731163
2597.45990959 1.01265207416
2597.48034114 0.989440924864
2597.5007728 0.985186773745
2597.54163581 0.993588135121
2597.56206736 1.02676761866
2597.58249892 0.997538609732
2597.60293037 0.986859407739
2597.62336203 0.989459875086
2597.64379358 0.986236302214
2597.66422503 1.02223658019
2597.68465669 1.0097853381
2597.70508824 1.00355822369
2597.72551979 1.00369266188
2597.74595135 0.998832296049
2597.7663829 1.01732054404
2597.78681445 0.987265017366
2597.80724601 0.992845846434
2597.82767756 0.996012341109
2597.84810921 0.995193754772
2597.86854077 0.994130081855
2597.88897222 0.989009916196
2597.90940387 1.00713216216
2597.92983542 0.998855368452
2597.95026687 1.0002907357
2597.97069853 1.00669506601
2598.01156153 1.0130003004
2598.03199318 1.00980016869
2598.05242473 1.000545256
2598.07285618 0.995862862259
2598.09328783 1.01517270486
2598.11371939 0.998861355288
2598.13415084 1.00964698751
2598.15458249 0.99640769805
2598.17501404 1.00104767018
2598.19544569 0.982108836642
2598.21587714 1.00360270934
2598.25674034 1.03170787948
2598.27717179 1.01893717402
2598.29760334 0.992704520879
2598.31803489 0.984744434505
2598.33846644 0.994975221721
2598.35889799 0.985020432164
2598.39976108 1.00894710568
2598.42019263 0.993202231943
2598.44062428 1.00770467727
2598.46105573 1.01618706999
2598.48148728 0.987276198038
2598.50191893 0.993173125402
2598.52235038 1.00845787695
2598.54278202 0.99829658222
2598.56321357 0.972355356607
2598.58364502 1.00001525233
2598.60407667 0.994376589171
2598.62450821 0.990884064259
2598.64493966 0.970443470321
2598.66537131 0.994216095953
2598.68580286 0.995337454091
2598.7062344 1.01597466835
2598.72666595 0.983903671775
2598.7470975 1.01016477757
2598.76752904 1.01296144999
2598.78796059 1.00219071794
2598.80839214 0.991877203248
2598.82882368 1.01056814284
2598.84925533 0.999083956683
2598.86968678 1.0011630843
2598.89011832 0.988175690948
2598.91054997 1.00361862407
2598.93098141 0.999377827711
2598.95141306 1.00427065462
2598.9718446 1.00164314343
2598.99227605 1.0046078224
2599.01270769 0.996853176446
2599.03313924 0.997673929485
2599.05357068 0.990324802719
2599.07400233 0.999671189223
2599.09443377 1.01068038745
2599.11486532 0.988064596366
2599.13529696 0.995812033869
2599.15572841 1.01677781796
2599.17615995 0.999838028019
2599.19659159 1.00575802465
2599.21702304 1.0221390224
2599.23745458 1.00095198893
2599.25788623 0.989494536857
2599.27831777 0.979784299996
2599.29874931 0.991127600996
2599.31918086 0.979963467985
2599.3396124 1.00738597759
2599.36004394 0.982152938851
2599.38047548 1.00137672278
2599.40090703 0.982021706278
2599.42133867 1.01622130462
2599.44177011 0.984743870708
2599.46220166 1.01076533607
2599.4826333 0.989701001287
2599.50306474 1.01774194003
2599.52349628 0.996044816191
2599.54392792 0.993842400906
2599.56435937 1.0064073107
2599.58479091 0.995720218385
2599.60522255 0.991665110546
2599.62565399 1.0100742973
2599.64608563 0.999028451932
2599.66651717 0.987137532712
2599.74824334 0.997947936653
2599.76867488 1.01035342594
2599.78910642 0.999631399613
2599.80953786 1.00458703296
2599.8299695 1.00442551611
2599.85040104 0.984145234645
2599.87083248 1.02811250403
2599.89126412 0.99864554963
2599.91169566 1.03061694351
2599.9321271 1.01437701682
2599.95255874 1.01073390659
2599.97299028 1.00705583995
2599.99342172 1.00739053868
2600.01385336 0.999151228449
2600.05471654 1.02997257836
2600.07514797 1.01311310951
2600.09557951 0.995750462584
2600.11601115 0.995774409559
2600.13644259 0.995686762204
2600.15687413 1.01539900899
2600.17730577 1.01809267624
2600.23860038 0.989273124164
2600.25903192 1.01624412258
2600.27946336 0.999121621179
2600.299895 0.991277974989
2600.32032653 1.01355817421
2600.34075797 1.00160426855
2600.38162115 1.01605063842
2600.40205278 1.03158617684
2600.42248422 1.00711873419
2600.44291576 0.986299937882
2600.46334729 1.00440159504
2600.48377883 1.00337594072
2600.50421037 1.00577752522
2600.5246419 0.998305670184
2600.54507344 1.00310318353
2600.58593651 1.01401284978
2600.60636805 0.999902652273
2600.62679959 0.993849240337
2600.64723112 0.998032221652
2600.66766266 1.01018212477
2600.68809419 0.990443413597
2600.70852573 0.98766928546
2600.72895726 1.00024141389
2600.7493889 0.973021526584
2600.76982044 0.99652993119
2600.79025187 0.991702571055
2600.81068351 0.993359490967
2600.83111504 0.989436475059
2600.85154648 0.998005163904
2600.87197811 0.992833296417
2600.89240965 1.00588551314
2600.91284108 1.00350332572
2600.93327271 0.982941825979
2600.95370425 1.00271422741
2600.97413568 0.993387542541
2600.99456732 0.987325877378
2601.01499885 1.01421549372
2601.03543029 0.997318804609
2601.07629345 1.01691861112
2601.09672509 1.01125550823
2601.11715652 1.00881881707
2601.13758805 1.01005977322
2601.15801969 0.999737036648
2601.17845122 1.00295936742
2601.19888266 0.983524413366
2601.21931419 0.975705831667
2601.23974582 0.980675422764
2601.26017725 0.99178531244
2601.34190349 0.9942053453
2601.36233492 1.00809994674
2601.38276645 0.996813958056
2601.40319808 0.997363572797
2601.42362951 0.998538136764
2601.44406115 0.993275093625
2601.46449268 1.00675132253
2601.48492411 1.00483615779
2601.50535574 1.02173252908
2601.52578727 0.993135893253
2601.54621871 0.998024716277
2601.56665034 0.991059401556
2601.58708187 1.00032662897
2601.6075134 0.983682779039
2601.62794493 1.0115096595
2601.64837646 1.00451630426
2601.68923953 1.00659050259
2601.70967106 0.995767216483
2601.73010259 1.01691624259
2601.75053422 1.01130194856
2601.8731234 1.01944966058
2601.89355483 0.987190463313
2601.91398646 0.990463584953
2601.93441799 1.01251313823
2601.95484942 1.0130489972
2601.97528105 0.983110066709
2601.99571258 0.998204399546
2602.03657564 1.00061626259
2602.05700707 0.994273397308
2602.0774386 1.00443616945
2602.09787023 0.978564571913
2602.11830176 1.01665218748
2602.13873329 0.982225186596
2602.17959634 0.995206328256
2602.20002787 0.986035879644
2602.2204594 0.994620297229
2602.24089093 0.991269865935
2602.26132256 1.01847381913
2602.28175399 0.997127244941
2602.30218552 1.01885371493
2602.32261715 1.00558093886
2602.34304857 1.02912779846
2602.3634801 1.03388760196
2602.38391173 0.98435684868
2602.40434316 0.979349467377
2602.42477469 1.01426017529
2602.44520631 1.01613063373
2602.46563774 0.993004749523
2602.48606937 0.995615119008
2602.5065009 1.01123470379
2602.52693233 0.997168931472
2602.56779548 0.995667709564
2602.58822701 0.990654183868
2602.60865853 1.01106689807
2602.62909006 0.989462233282
2602.64952159 0.988596685377
2602.69038464 0.992353936922
2602.71081617 0.98396091691
2602.7312477 1.00005737041
2602.75167922 1.00101492391
2602.77211085 0.995939527794
2602.79254228 1.00406627142
2602.8129738 1.00256638961
2602.83340543 0.990609919778
2602.85383686 1.01325943929
2602.87426838 1.01291184278
2602.89470001 1.0050792903
2602.91513144 1.00374780154
2602.93556296 1.00818373171
2602.95599459 1.02070620796
2602.97642601 0.993044705071
2602.99685754 0.997589929409
2603.01728917 0.981617592278
2603.03772059 0.994866893277
2603.05815212 0.990975933023
2603.07858374 0.976554073114
2603.09901527 0.97902219615
2603.11944679 0.971235232283
2603.16030984 0.991490012084
2603.18074137 0.997469277294
2603.20117289 1.0080728681
2603.22160442 0.989596476867
2603.24203604 0.983419972644
2603.26246747 0.992139584039
2603.28289899 0.998463890657
2603.30333062 0.991648432546
2603.32376204 1.01243164161
2603.34419357 1.00343863245
2603.36462519 1.0094064996
2603.38505662 1.02520343722
2603.40548814 1.01286960159
2603.42591967 0.991522948935
2603.44635119 1.00485858766
2603.46678282 1.00691087675
2603.48721424 1.00416927425
2603.50764576 1.01034740445
2603.52807739 0.996487961925
2603.54850881 0.998434908415
2603.56894034 1.00570728812
2603.58937196 1.00298451751
2603.60980348 1.01836495183
2603.65066653 1.00663002742
2603.67109806 1.02091181894
2603.69152948 1.00647114358
2603.7119611 1.01487348434
2603.73239263 1.01414340103
2603.75282415 0.981229548957
2603.77325567 0.995544282425
2603.7936872 1.01239027651
2603.81411882 0.993931695227
2603.83455024 1.00062537213
2603.85498177 1.00222634371
2603.89584481 1.00146317262
2603.91627633 1.0005073253
2603.93670796 0.991138160524
2603.95713938 0.986642805889
2603.9775709 0.990018096373
2603.99800253 1.00582024868
2604.01843395 1.00002568105
2604.03886557 0.967636187446
2604.05929709 1.01184563413
2604.07972862 1.01930450686
2604.10016014 1.01394304702
2604.14102308 1.00079058104
2604.16145471 1.00490482174
2604.20231765 1.00701961484
2604.26361222 1.01506928078
2604.28404384 0.990537098796
2604.30447536 0.999816647809
2604.32490678 1.00439192384
2604.3453384 0.999530430375
2604.36576992 0.979464316903
2604.38620155 1.00072880575
2604.40663297 0.997462412367
2604.42706449 1.0223855978
2604.44749611 0.995934924617
2604.46792753 0.989984501142
2604.48835905 1.00252204558
2604.50879068 1.00065343606
2604.5292221 0.996428471682
2604.54965362 0.987630643274
2604.57008524 0.996491345844
2604.59051666 1.01092726676
2604.6313798 0.988151557277
2604.65181132 0.973816353792
2604.67224284 0.997916452269
2604.69267436 0.996954502161
2604.71310589 0.994666551795
2604.73353751 1.02402134636
2604.75396893 1.00707631747
2604.77440045 1.00339641189
2604.79483207 1.00581683493
2604.81526349 0.997274474408
2604.83569501 1.01580852402
2604.85612663 0.993915888164
2604.87655805 1.00205861892
2604.89698957 1.01442889348
2604.91742109 0.999528429391
2604.93785261 0.997907650907
2604.95828423 0.994783590564
2604.97871565 0.999031616211
2604.99914717 0.98295303904
2605.01957879 0.976814706352
2605.04001021 0.995560031738
2605.06044173 0.98209998434
2605.08087335 0.993571325491
2605.12173629 0.980877918058
2605.14216791 1.00010738564
2605.16259943 1.00039527947
2605.18303085 0.987478873145
2605.20346247 1.00387772277
2605.22389399 1.00081186152
2605.24432541 1.02734263971
2605.26475703 0.982913322993
2605.28518855 0.982025734321
2605.30562017 1.01021363892
2605.32605159 1.00246128742
2605.36691473 0.999943171804
2605.38734615 0.995216209448
2605.40777767 1.01000202229
2605.42820929 1.00693652924
2605.48950384 1.00332160237
2605.50993526 0.99879440773
2605.53036678 1.03231952751
2605.5507983 1.01904149535
2605.61209296 0.998674223712
2605.63252438 0.989893335121
2605.652956 0.990054598743
2605.67338751 0.986663301468
2605.69381893 0.990966081307
2605.71425055 1.00066706533
2605.73468207 1.01063943888
2605.75511349 0.993642691052
2605.77554511 0.98774185632
2605.89813422 0.995418667478
2605.91856574 0.998329092141
2605.93899736 1.00691622191
2605.95942877 1.00460224103
2605.97986029 0.991991743866
2606.00029191 0.990906611748
2606.02072333 0.999987907561
2606.16374406 0.99552904782
2606.18417557 1.00601839805
2606.20460709 1.00676371494
2606.22503861 1.0116781759
2606.24547013 0.997260835334
2606.26590165 0.993186906025
2606.28633316 0.994417710359
2606.30676468 1.01031955627
2606.3271962 0.995947017257
2606.34762772 1.01870237395
2606.36805924 1.01289448949
2606.38849065 1.00248088528
2606.40892227 1.02126080104
2606.42935379 0.999208142966
2606.44978541 0.999759547848
2606.47021682 0.994901229606
2606.49064834 0.981684331345
2606.51107996 0.992994743187
2606.53151138 0.991186220327
2606.55194289 1.00594251234
2606.59280593 0.994064931283
2606.61323745 1.00320087765
2606.63366906 1.02268926071
2606.65410058 0.999487887374
2606.674532 0.999619889884
2606.69496362 1.00429301481
2606.71539513 0.997370271565
2606.73582665 1.03071597832
2606.75625817 1.00151086557
2606.77668969 1.0208825431
2606.7971213 0.998608567175
2606.83798424 0.996141726971
2606.85841585 1.0071312583
2606.87884727 0.988068089335
2606.89927879 0.998347772663
2606.91971041 0.989695829843
2606.94014182 1.00868757888
2606.96057334 0.986447991251
2606.98100496 0.997359699157
2607.00143637 0.987242249685
2607.02186799 0.966678968581
2607.04229941 0.997482284763
2607.08316254 1.025829225
2607.10359396 1.01372579092
2607.12402548 1.01229192117
2607.14445709 1.00284705924
2607.18532003 1.02475835836
2607.20575164 0.996954555139
2607.22618316 1.00069864576
2607.24661458 0.981329889119
2607.2670462 0.984809900437
2607.28747771 0.984960815826
2607.34877226 1.00556896004
2607.36920388 0.99573265665
2607.3896353 0.99012022353
2607.41006681 1.01732884489
2607.43049843 0.988832892775
2607.45092985 0.999949740952
2607.47136136 1.00427598999
2607.49179298 0.995077260817
2607.5122244 1.00866904623
2607.59395056 0.988126936454
2607.61438208 1.00352915197
2607.6348136 1.00774549555
2607.65524511 1.02879175343
2607.67567663 1.00357387674
2607.69610815 0.993214379877
2607.71653966 0.979735662908
2607.8799919 1.00163009437
2607.90042331 1.00456551971
2607.92085483 0.999279939751
2607.94128645 1.01109792897
2607.96171786 1.01010193793
2607.98214938 0.999943735566
2608.002581 0.99288817827
2608.02301241 1.00835310175
2608.08430696 1.00869805723
2608.10473858 0.989573277921
2608.12517009 0.985242075542
2608.14560161 0.984258228265
2608.16603313 0.999515653462
2608.18646464 1.00514778991
2608.20689616 0.990657960488
2608.22732768 1.01811692051
2608.24775919 1.01677598383
2608.26819071 0.998311740633
2608.30905374 0.986751117325
2608.34991688 0.999260381985
2608.37034829 0.966577661976
2608.39077991 0.997801388445
2608.41121143 0.992584893411
2608.43164284 0.981785257135
2608.45207446 0.985025430134
2608.47250598 1.00596489379
2608.49293739 1.01542002315
2608.51336901 0.999996591353
2608.55423194 0.984269423047
2608.57466356 0.997238400493
2608.59509497 1.00447627102
2608.61552659 0.99026141116
2608.63595811 1.0123201152
2608.65638962 0.994242098666
2608.67682114 1.0054958224
2608.69725266 0.988581456574
2608.71768417 0.993582247183
2608.73811569 0.992556147411
2608.75854721 0.993405782269
2608.81984176 0.998525193117
2608.84027327 0.985941024063
2608.86070489 0.998495910359
2608.88113631 0.983013660817
2608.90156792 1.00408518825
2608.92199944 1.00971596496
2608.94243086 1.00017119364
2608.96286247 0.992584009846
2608.98329399 0.999581432514
2609.00372541 1.00072912212
2609.04458854 0.994150579656
2609.06501996 0.997973462508
2609.08545157 1.00257581441
2609.10588309 0.996650702734
2609.12631461 1.01129159161
2609.14674612 1.00378869026
2609.16717764 1.014249739
2609.18760916 1.00266030259
2609.24890371 0.988568021251
2609.28976674 0.992327848418
2609.31019826 0.997414407689
2609.33062977 1.02491863852
2609.35106129 1.00154942234
2609.37149291 1.02027439453
2609.39192432 1.02972516225
2609.41235594 0.996663858892
2609.43278746 1.00099143166
2609.45321888 0.999339081554
2609.61667111 1.0063183085
2609.63710263 1.00280266878
2609.65753415 1.01967468192
2609.67796566 0.994344312578
2609.69839728 1.0001287155
2609.7188287 0.990094518779
2609.73926021 0.986424014035
2609.78012335 0.990969801963
2609.80055477 1.0158217057
2609.82098638 0.984714833887
2609.8414179 1.00394935989
2609.86184932 0.999113768867
2609.88228093 1.00589668087
2609.90271235 0.984379199383
2609.92314397 0.997587128904
2609.94357549 1.00015827001
2609.9640069 1.00689438611
2610.06616459 0.98493246639
2610.08659601 1.00272306649
2610.10702763 1.01031172497
2610.12745914 0.989066365863
2610.14789056 0.985053919189
2610.16832218 0.980036294805
2610.1887537 1.01620716793
2610.20918531 0.998328687774
2610.22961673 1.02163643031
2610.27047987 0.993449818425
2610.29091129 1.00753157256
2610.3113428 1.00780585971
2610.33177442 0.998549539456
2610.35220594 1.00668469531
2610.37263736 1.00189280391
2610.39306897 0.977373011608
2610.41350049 1.00336597932
2610.43393211 1.00573964416
2610.45436353 0.99089872064
2610.59738415 0.992832483584
2610.61781567 1.02227295889
2610.63824719 1.0030514522
2610.65867881 0.982919879117
2610.67911023 1.00958318444
2610.69954175 0.990575808255
2610.71997336 0.996353100722
2610.7608363 0.980354248157
2610.78126792 0.999684052946
2610.80169934 0.999943945704
2610.82213086 1.02288669916
2610.84256248 1.00662972706
2610.86299399 0.994708975861
2610.88342541 1.01263403627
2610.90385703 0.979552319566
2611.06730928 0.989444268695
2611.0877407 1.0085216459
2611.10817222 0.995415287515
2611.12860384 0.990732953104
2611.14903526 1.00791157208
2611.16946688 0.985732492308
2611.1898984 0.993895231217
2611.21032982 1.01082904179
2611.25119295 0.983533929358
2611.27162447 0.974367199856
2611.29205599 0.972449988029
2611.31248741 0.990278857439
2611.33291903 1.01757644628
2611.35335055 1.00791388737
2611.37378207 1.00409998855
2611.39421359 0.988859344083
2611.43507663 1.02152006305
2611.51680281 0.989784818104
2611.53723423 0.999317432932
2611.55766575 0.998298079439
2611.57809737 1.01365802824
2611.59852879 0.982400368613
2611.61896041 0.983622687708
2611.63939193 1.01717009666
2611.65982335 0.994491744888
2611.68025497 1.02225967451
2611.76198105 1.01957618756
2611.78241247 0.972212705157
2611.80284409 1.01650181749
2611.82327561 1.01300390416
2611.84370713 1.01248465409
2611.86413865 1.0022990097
2611.88457017 1.02131010194
2611.90500179 0.996864719032
2611.92543322 0.98721748154
2611.94586474 1.00308507955
2612.0071593 1.0154232844
2612.02759092 0.99054439921
2612.08888548 0.986331949805
2612.1093169 0.984416861929
2612.12974853 0.995573806843
2612.15018005 0.961183404784
2612.17061147 0.997677124604
2612.19104309 0.979037387017
2612.23190603 0.997001920173
2612.25233765 1.0100009994
2612.27276918 0.994405189452
2612.2932006 1.01497405752
2612.31363222 1.002659608
2612.33406374 1.01815041035
2612.35449536 0.995315338495
2612.37492678 0.994078052394
2612.39535831 0.993561175766
2612.41578993 1.00140422776
2612.43622135 0.991652531146
2612.47708449 0.999583422953
2612.49751602 1.01418332745
2612.51794744 0.997585434083
2612.53837906 1.01544630238
2612.55881058 1.00876094294
2612.57924211 0.993792430927
2612.59967363 1.00786162529
2612.62010515 0.983267821325
2612.78355733 1.02217623786
2612.80398896 1.01877796831
2612.82442038 1.00527789338
2612.8448519 1.00139407829
2612.86528353 1.01857459982
2612.88571495 1.0179490513
2612.90614647 1.01798039692
2612.9265781 0.999627994188
2612.96744104 0.989394197369
2612.98787267 1.00264363374
2613.00830409 1.01224769864
2613.02873571 1.00974681033
2613.04916724 0.997812693976
2613.06959876 0.999929283845
2613.09003029 1.0252352354
2613.11046181 1.01327244094
2613.13089333 0.999628392627
2613.15132496 1.00417722484
2613.17175638 1.02346230383
2613.19218791 1.01507546166
2613.21261953 0.999831943561
2613.23305096 1.00950543585
2613.25348258 1.03087698734
2613.2739141 0.997463752884
2613.29434553 0.995857279766
2613.31477715 0.970786539704
2613.33520868 0.988205824332
2613.3556401 0.977887330328
2613.5190924 0.981666102588
2613.53952393 1.01909750918
2613.55995545 0.986684692389
2613.58038698 0.993254915267
2613.60081851 1.01268854554
2613.62125003 0.990034128327
2613.64168156 0.99260323077
2613.66211318 1.01250654214
2613.70297624 1.00223888462
2613.72340776 0.996144138277
2613.74383919 1.00964154045
2613.76427081 0.989023471131
2613.78470234 0.980592303929
2613.80513377 0.982533095456
2613.82556539 1.01396857264
2613.84599692 0.997949320802
2613.86642835 0.983302538736
2613.98901771 0.999165412734
2614.00944913 0.999199221501
2614.02988066 1.01510448474
2614.05031219 1.02447839122
2614.07074372 0.982143283412
2614.09117524 0.99873573582
2614.11160687 1.00563413053
2614.1320383 1.00308500978
2614.21376451 0.99644529689
2614.23419604 1.00639153135
2614.25462746 0.982128910903
2614.27505909 1.01149135078
2614.29549062 0.995668059802
2614.31592205 1.00325336979
2614.33635368 1.01623749738
2614.35678521 0.999802651488
2614.37721683 0.977274538771
2614.39764826 0.976963875392
2614.43851142 0.981961304658
2614.45894285 1.0121779759
2614.47937438 1.01573121855
2614.49980601 0.996561695075
2614.52023744 0.989053442917
2614.54066896 0.992389459927
2614.56110059 0.998775976624
2614.58153202 0.967190059806
2614.60196365 1.02067032328
2614.62239518 1.01113998529
2614.64282661 1.00133022194
2614.68368977 1.00570829661
2614.7041213 0.996679085832
2614.72455283 0.978514033239
2614.74498436 0.974309499643
2614.76541589 0.990935067468
2614.80627895 1.00394500882
2614.82671048 1.00468052942
2614.84714201 0.999374126469
2614.88800517 0.998480535641
2614.92886813 0.981563911902
2614.94929977 1.00770629321
2614.9697312 1.02706237499
2614.99016273 1.02301943363
2615.01059436 1.00597385309
2615.03102579 1.00005989108
2615.05145742 0.993937020914
2615.07188895 1.02188618891
2615.09232038 0.987133405946
2615.11275202 0.998865380696
2615.13318355 1.00758156715
2615.17404661 1.00041656712
2615.19447814 1.01510562388
2615.21490967 1.00668238175
2615.23534121 0.995477846946
2615.25577274 1.01486694257
2615.27620437 1.00450414355
2615.2966358 0.978458988648
2615.31706734 1.00125673891
2615.33749897 0.975497232792
2615.3579305 0.998927074709
2615.37836193 1.00209108537
2615.4192251 1.0179893761
2615.43965653 1.0098092814
2615.4805197 1.01723754524
2615.50095123 1.02760949798
2615.52138277 0.986961568449
2615.5418142 1.00800646104
2615.56224583 0.981444283442
2615.58267737 0.98487346761
2615.6031088 0.911627991086
2615.68483504 0.977493604031
2615.70526657 0.993203075967
2615.72569821 1.00891279103
2615.74612964 0.982898130949
2615.76656118 0.997973778542
2615.78699281 0.989540201822
2615.80742424 0.976226834288
2615.82785578 0.978506780478
2615.97087663 1.01842712987
2615.99130816 0.987064040259
2616.0117398 1.01155070241
2616.03217123 0.97596292573
2616.05260277 0.994535503688
2616.09346584 0.996905656237
2616.11389738 1.00432013749
2616.15476045 0.98029786818
2616.17519209 1.00608745333
2616.19562353 1.00769601762
2616.21605506 1.02350505407
2616.2364867 0.998206352
2616.25691814 0.99562053201
2616.27734967 1.00836417333
2616.29778131 1.01254821385
2616.31821275 0.980357939721
2616.33864439 0.983238215716
2616.35907592 0.993626477568
2616.44080207 1.00737480456
2616.46123361 1.01677226312
2616.48166515 1.0072654547
2616.50209669 1.01157761456
2616.52252833 0.9984668258
2616.54295977 0.984083060402
2616.70641218 1.01868456954
2616.72684362 1.01832507345
2616.74727526 1.02535273118
2616.7677068 1.0022221467
2616.78813834 0.987281997774
2616.80856988 0.991085422194
2616.82900142 1.01290664086
2616.84943306 0.967619535483
2616.89029604 1.01157816589
2616.91072758 1.01254535277
2616.93115912 0.992887926807
2616.95159066 0.993570424391
2616.9720222 0.993628885243
2616.99245374 0.976303912154
2617.01288538 1.00646367281
2617.03331683 1.0007316126
2617.05374837 0.990483463684
2617.07418001 0.976221373936
2617.09461155 1.02144198776
2617.13547463 1.00806299587
2617.15590618 0.985568496297
2617.17633762 1.00179866097
2617.19676926 1.01555411021
2617.2172008 0.998551528636
2617.23763245 0.971631133383
2617.25806389 0.938483432172
2617.27849543 1.02247822885
2617.44194778 1.00577490098
2617.46237942 1.00762232544
2617.48281096 1.00096586739
2617.50324241 1.00378490863
2617.52367405 0.988778762136
2617.5441056 0.99111824245
2617.56453714 0.996271234891
2617.64626332 1.00253742306
2617.66669486 1.00904463216
2617.68712641 1.01215145971
2617.70755796 0.999916781504
2617.7279895 0.99890478174
2617.74842115 0.99499263931
2617.76885259 0.985278407121
2617.78928414 1.01991357868
2617.91187351 1.00032949533
2617.93230506 0.988802098163
2617.95273651 1.01413773593
2617.97316815 0.968595340409
2617.9935997 1.01005606752
2618.01403125 1.00156612964
2618.0344628 1.0210587358
2618.05489434 1.0098677985
2618.07532599 0.976237426609
2618.09575744 0.988088737569
2618.11618899 1.00414180223
2618.13662063 0.99077212559
2618.15705218 0.995386619492
2618.17748363 0.991611526193
2618.19791528 1.01711688661
2618.21834683 0.988557544215
2618.23877828 1.00420344615
2618.25920992 0.975566949283
2618.27964137 1.01859817699
2618.30007302 0.97664347262
2618.32050457 0.973969130756
2618.36136767 0.995615669913
2618.38179922 1.01382166692
2618.40223067 0.985935909567
2618.42266232 0.980478380847
2618.46352532 1.0017415816
2618.48395697 1.02949532171
2618.50438852 0.95270593122
2618.66784093 0.993481281296
2618.68827248 0.968668131523
2618.70870413 0.992527402258
2618.72913568 0.993758666165
2618.74956723 0.983045022214
2618.76999879 1.01456450343
2618.79043034 0.977615009897
2618.87215665 1.00727146267
2618.8925881 1.01331224168
2618.91301965 0.971777859293
2618.93345121 1.02620563481
2618.95388276 1.02458190882
2618.97431441 1.01400009995
2618.99474587 0.997477593198
2619.01517742 0.989836024096
2619.03560908 1.00362824361
2619.05604053 1.01830052644
2619.09690374 1.00145626219
2619.11733519 0.996374431008
2619.13776685 1.02016029679
2619.1581984 1.02422134502
2619.17862986 1.00348327868
2619.19906151 1.00465524004
2619.21949307 1.00458045738
2619.23992462 0.99851239357
2619.26035618 0.977059863496
2619.38294561 1.01242072663
2619.40337707 0.996857364567
2619.42380873 1.00792480824
2619.44424028 0.988611482207
2619.46467174 1.0294423804
2619.4851034 1.00650798185
2619.50553496 0.999322648466
2619.52596641 1.00933406187
2619.54639807 0.973861059034
2619.58726129 0.983580354404
2619.6281243 1.00478407185
2619.64855586 1.01471314327
2619.66898742 1.0145372082
2619.68941888 0.998590516462
2619.70985054 0.977064621968
2619.7302821 0.978593676286
2619.75071356 0.963559031004
2619.89373467 1.01176308245
2619.91416613 1.03278720679
2619.93459779 1.0002446549
2619.95502935 0.998331935337
2619.97546081 0.982316188818
2619.99589248 1.00246255972
2620.11848184 1.00252097533
2620.13891341 0.979474938985
2620.15934507 0.977612637164
2620.17977653 0.99453743937
2620.20020819 0.99930498172
2620.22063976 1.01821723104
2620.24107122 0.99296302958
2620.26150288 0.999707298113
2620.30236591 0.985098579636
2620.32279757 0.996589799698
2620.38409226 1.00971769529
2620.40452383 0.981579484803
2620.42495539 0.966200024476
2620.44538695 0.948475330958
2620.46581852 1.00857328629
2620.62927104 0.984877232698
2620.64970271 1.00654217281
2620.67013427 1.00104509713
2620.69056574 1.01998105667
2620.73142897 1.02524132572
2620.81315514 0.991128505724
2620.83358681 0.998049451253
2620.85401838 1.02812322258
2620.87445004 1.02097378918
2620.89488151 1.0229630092
2620.91531308 1.02307514084
2620.93574475 1.01680858293
2620.95617622 1.01677980837
2620.97660778 1.02514536551
2620.99703945 1.01010219857
2621.01747092 0.970075595294
2621.05833406 1.006983457
2621.07876563 1.01696963929
2621.0991973 0.990423910651
2621.11962887 1.00424216031
2621.14006034 0.99366266727
2621.16049201 0.988796478008
2621.18092358 0.998377194822
2621.20135505 1.00460591271
2621.22178672 1.00069426268
2621.26264996 0.979460524961
2621.30351301 0.987307101371
2621.32394468 0.973061286218
2621.34437615 0.981579442003
2621.36480772 1.0116341835
2621.38523939 0.990002791875
2621.40567086 0.990118384324
2621.42610244 1.00062481287
2621.44653411 0.984817118326
2621.46696558 0.981883093385
2621.48739725 0.995541627785
2621.56912355 1.00139897231
2621.58955512 0.965203379259
2621.6099867 0.979928480546
2621.63041827 0.998669805348
2621.65084984 0.977763915173
2621.67128152 0.989051656153
2621.69171299 0.96096508167
2621.71214457 1.00594377747
2621.73257624 0.987039124308
2621.81430244 1.01906501324
2621.83473412 0.97091478362
2621.8551656 0.998597793249
2621.87559727 0.98705541278
2621.89602885 0.979482648839
2621.91646033 0.982277972253
2621.936892 0.981807355708
2621.95732358 1.00999734978
2621.97775506 1.01740916369
2621.99818673 0.988712173841
2622.03904979 1.02193080293
2622.05948147 0.982619860975
2622.07991304 0.998789261486
2622.18207094 1.01605284513
2622.2229342 1.02164366768
2622.24336578 0.986979694613
2622.26379735 1.01959111731
2622.28422893 1.0088901421
2622.32509209 1.00004917386
2622.34552368 1.01266509904
2622.36595526 0.997500287272
2622.38638684 1.01511949567
2622.40681842 0.994579194616
2622.4272499 0.993575242109
2622.44768158 1.00174737149
2622.46811316 1.01069005633
2622.48854484 0.983934905393
2622.52940791 1.01770586657
2622.54983959 1.00965288504
2622.57027107 1.00348482618
2622.59070265 0.989738766277
2622.61113434 1.00828187712
2622.63156582 1.01735353507
2622.6519974 1.00939999319
2622.67242909 1.01013884651
2622.69286057 0.998202212496
2622.71329225 0.990555501218
2622.79501859 1.02849061568
2622.81545018 1.02668852535
2622.83588176 1.02203953147
2622.87674503 1.02368182431
2622.89717662 1.01097649622
2622.9176081 0.972693456022
2622.93803979 0.988098151096
2622.95847137 1.00004832814
2623.04019762 1.01344887609
2623.06062931 1.00446353478
2623.08106089 1.02500805352
2623.10149248 1.01232384025
2623.12192407 0.993752883586
2623.14235566 1.00378701633
2623.16278724 0.9617068417
2623.18321883 1.00002865587
2623.20365032 0.9547028731
2623.28537678 1.02433509579
2623.30580837 0.996099864372
2623.32624006 0.981943995472
2623.34667155 1.02181134553
2623.36710314 0.987328154687
2623.38753483 0.978331498679
2623.40796632 0.974571427804
2623.42839791 0.98581187249
2623.4488296 0.974411799724
2623.46926119 0.958589681911
2623.51012437 0.978415817148
2623.53055596 0.994953284076
2623.55098765 0.979521505429
2623.57141915 0.975054205106
2623.59185074 1.00098352289
2623.61228243 0.995811421313
2623.63271392 1.00644652145
2623.65314552 0.99871957282
2623.67357721 0.949072050593
2623.79616667 1.01368287591
2623.83702996 0.99683573086
2623.85746145 0.996793293175
2623.87789305 1.00936056184
2623.89832474 0.9665855611
2623.91875634 0.993451437904
2623.93918793 1.00731546544
2623.95961953 1.01335595526
2624.00048272 0.995887595992
2624.02091432 0.988188217383
2624.04134592 0.979912795925
2624.06177761 0.984589350428
2624.08220911 1.0113196206
2624.10264081 1.00261337881
2624.1230724 0.978039775458
2624.1435039 1.00518632397
2624.1843672 1.01346500341
2624.2047987 1.00512033363
2624.24566199 1.01560525223
2624.26609349 0.983951373995
2624.28652519 1.00992777866
2624.30695679 1.02297373395
2624.32738849 1.01056714319
2624.34781999 0.996016065013
2624.36825159 0.982870368211
2624.38868329 1.00528050834
2624.40911479 0.987326630151
2624.42954639 1.02057993309
2624.44997799 1.00527463657
2624.51127279 0.992372421999
2624.5317044 0.987384925949
2624.5521361 1.00347147026
2624.5929992 0.982727776318
2624.6134309 1.00445052057
2624.63386251 0.991297368173
2624.65429401 0.987743825675
2624.77688383 0.984009061692
2624.79731534 1.02017776985
2624.81774694 0.975755030332
2624.83817865 1.02696487146
2624.85861015 0.994521040664
2624.87904176 1.00040960713
2624.91990497 1.00723846187
2624.94033667 1.00725903369
2624.98119979 1.0019768122
2625.00163149 1.01016492024
2625.0220631 1.0054487976
2625.04249461 0.991368863004
2625.06292631 0.999028916304
2625.08335792 1.02730868244
2625.10378963 1.00834539955
2625.12422114 1.02380137232
2625.14465274 1.00829526811
2625.16508435 1.02962263401
2625.18551596 0.990300500712
2625.22637918 1.02109456112
2625.24681079 1.0004533748
2625.2672424 0.991891857545
2625.30810562 0.988795866919
2625.32853733 0.99800673386
2625.34896894 1.00973043277
2625.36940045 0.987511011409
2625.38983216 0.989577586981
2625.41026377 0.95755604567
2625.43069528 0.973297797857
2625.49199032 0.986633108972
2625.51242183 1.01100846451
2625.53285344 0.974315068407
2625.55328515 0.96601945752
2625.57371667 0.981195209811
2625.59414828 0.95888693729
2625.61457999 0.948767479078
2625.79846452 0.960101297936
2625.81889614 1.00200235872
2625.85975937 0.966887091368
2625.88019098 0.977647863341
2625.9006226 0.991528977892
2625.92105422 0.970995238894
2625.96191745 1.00230481809
2625.98234907 1.01263644451
2626.00278079 0.967981604928
2626.0232123 0.994463244027
2626.04364392 1.01260763292
2626.06407564 0.993910191375
2626.08450716 1.01547357492
2626.10493888 1.03154841833
2626.1253705 1.02714542607
2626.14580202 1.0010689449
2626.16623373 1.00394909962
2626.20709687 1.00444669631
2626.22752859 1.02052582972
2626.24796021 1.00183584523
2626.26839184 1.01191636866
2626.28882346 1.00667722436
2626.30925508 0.996174802652
2626.3296868 0.991879883128
2626.35011832 0.98207043734
2626.37054994 1.01337722221
2626.39098166 1.01258835351
2626.41141329 0.966648598946
2626.45227653 1.01441098118
2626.47270815 0.99870450914
2626.49313978 1.01058094115
2626.5135714 1.00853726089
2626.53400302 1.01442913798
2626.57486627 1.00563462512
2626.5952978 1.03099087564
2626.63616115 1.01702044522
2626.65659267 1.01804570493
2626.69745602 1.02985049595
2626.73831927 1.01590380685
2626.77918263 1.02413886306
2626.79961415 1.01868726656
2626.82004578 0.999417841096
2626.84047751 0.989001642061
2626.86090903 1.01946830086
2626.88134076 1.02884476472
2626.90177239 0.973949534329
2626.94263565 0.999029514588
2626.96306728 1.00133721227
2626.9834989 0.994351485864
2627.00393053 1.00030199776
2627.02436216 1.00142817263
2627.04479379 0.983054859028
2627.06522542 0.996608676351
2627.08565705 1.00593878352
2627.10608878 0.964255946333
2627.12652041 0.97528651324
2627.14695194 0.965238892904
2627.20824684 1.00636268796
2627.22867857 1.00084733837
2627.2491102 0.976528804496
2627.26954183 0.995474929148
2627.28997347 0.983804300396
2627.310405 0.989169342237
2627.33083673 0.966127033506
2627.49428991 1.00691165985
2627.51472144 1.01641230017
2627.53515308 1.01991324599
2627.55558481 0.990646591085
2627.57601645 1.01418257122
2627.59644798 0.999354617158
2627.61687972 0.989285264003
2627.69860627 1.01496159762
2627.71903801 0.99649713692
2627.73946955 0.99861375779
2627.75990118 0.987111274601
2627.78033292 0.992208131052
2627.80076446 0.985991625221
2627.8211961 1.02160610427
2627.84162784 0.984733455802
2627.86205938 0.976034663606
2627.88249112 1.00573649665
2627.90292276 0.991678603238
2627.9233543 0.983918761915
2627.94378604 1.00840576775
2627.96421758 1.00457539296
2627.98464922 1.00664489352
2628.00508096 0.979886962746
2628.0255125 0.984452982884
2628.04594425 0.982313839374
2628.06637589 1.00464853788
2628.08680743 0.978657386905
2628.10723917 1.0088948534
2628.20939739 1.00609519159
2628.22982903 0.99926913559
2628.25026068 1.02869298267
2628.27069242 1.02904135605
2628.29112407 1.00689998371
2628.33198736 1.01177339298
2628.35241901 1.00212884905
2628.43414569 1.01591864798
2628.45457724 1.0026408662
2628.49544063 0.994476999473
2628.51587218 1.0024887499
2628.53630383 1.01939491958
2628.55673548 1.02040719963
2628.57716713 0.980701350102
2628.59759877 0.996461147603
2628.67932537 0.98205165039
2628.69975702 0.978879259402
2628.72018877 1.00770381194
2628.74062032 0.97966579448
2628.76105197 1.03306111257
2628.78148373 0.987643051689
2628.80191538 1.01379582818
2628.94493704 1.0150790177
2628.9653686 1.02656558128
2628.98580025 1.0079560874
2629.00623201 0.986520959804
2629.02666356 0.986565386241
2629.04709532 1.01928722296
2629.06752697 1.00769331766
2629.08795853 1.00207259263
2629.10839028 1.00467961598
2629.16968525 0.995097000726
2629.19011691 0.972627118187
2629.21054846 1.01651633138
2629.23098022 0.98195821532
2629.25141188 0.978894674083
2629.27184363 1.00069064473
2629.29227519 0.965583061293
2629.31270685 0.983940555683
2629.33313851 0.986461231615
2629.41486514 1.00323153776
2629.4352969 0.982676337778
2629.45572856 0.998810929707
2629.47616013 0.978612161181
2629.49659189 1.01688716597
2629.51702355 1.01062998566
2629.53745511 0.990532274257
2629.55788687 0.97656622144
2629.57831853 0.927624488885
2629.66004528 1.01534042245
2629.68047684 0.997337452343
2629.70090851 1.01525886034
2629.72134027 1.01826246788
2629.74177183 1.03195781405
2629.7622035 1.01452303906
2629.78263526 1.00238481839
2629.80306683 0.978185706948
2629.82349859 0.999130279561
2629.84393026 0.998550629188
2629.88479359 1.0036356734
2629.90522526 1.03083759893
2629.92565692 1.01094796241
2629.96652026 1.01175024259
2630.04824693 1.00889453205
2630.06867859 1.03221127899
2630.08911026 0.997991904739
2630.1299736 0.998874463334
2630.15040527 1.00085164394
2630.17083704 1.01656690672
2630.19126861 1.03291532511
2630.21170038 0.996724071586
2630.23213205 0.989163943189
2630.25256362 1.02019435736
2630.27299539 0.998012271313
2630.29342706 0.998037118049
2630.31385864 0.98406164118
2630.33429041 0.999808593061
2630.37515365 1.01555715614
2630.39558543 0.995563208958
2630.4160171 1.01535779891
2630.43644887 1.00572157723
2630.45688045 1.01784032802
2630.47731212 0.998967963001
2630.49774389 1.02099627408
2630.51817547 0.992466698142
2630.53860714 0.982628880565
2630.55903892 0.991503857394
