# #0 time, 1 flux
2559.109219 0.984361061901
2559.12965121 1.01428510737
2559.15008341 0.99642676492
2559.17051561 0.992991639449
2559.19094781 1.00073922363
2559.27267671 0.997091237766
2559.2931088 1.00793192895
2559.3135411 1.0013640108
2559.3339733 0.995117517956
2559.35440539 0.972729628811
2559.37483769 1.02511283775
2559.39526988 1.01565160332
2559.41570198 0.9914864536
2559.43613427 0.953932829087
2559.45656647 0.978134979503
2559.53829524 0.965390017524
2559.55872743 0.992198401811
2559.57915962 1.01064795849
2559.59959181 1.01779824868
2559.62002399 1.04082908203
2559.64045618 1.00224014853
2559.66088837 1.0070476042
2559.68132056 0.992438922795
2559.70175275 1.01752779327
2559.72218503 0.998451696443
2559.7630493 0.988370078641
2559.78348159 1.00604197049
2559.80391367 1.00118727854
2559.82434585 0.995490787266
2559.84477814 1.00429524811
2559.86521022 0.974574576774
2559.8856424 1.01852522137
2559.90607468 0.988715193006
2560.06953211 0.996442343762
2560.08996429 0.985310916455
2560.11039647 0.994597861844
2560.13082864 1.01132026933
2560.15126082 1.00422932772
2560.17169299 1.00520723386
2560.19212526 0.989018460657
2560.27385385 1.00635087542
2560.29428612 1.01089694774
2560.31471829 0.999932664584
2560.33515036 1.00187394487
2560.35558263 0.99452118688
2560.3760148 1.00247305766
2560.39644687 0.986638589131
2560.41687914 0.966875292179
2560.4373112 1.00096141944
2560.45774337 1.00181954834
2560.4986077 0.999618235902
2560.51903987 0.987970395341
2560.53947213 0.991488391125
2560.55990429 0.993434100654
2560.60076862 1.00026451544
2560.62120078 0.970009100793
2560.64163284 0.960474406162
2560.82552247 1.00611924804
2560.84595453 1.00826371419
2560.86638669 0.984677271138
2560.88681894 1.00280324019
2560.907251 0.999397090318
2561.05027606 1.01652555148
2561.07070831 0.990037390541
2561.09114046 0.996193505135
2561.11157251 1.00420647115
2561.13200476 1.00563243815
2561.15243681 0.983589747313
2561.17286906 0.987880897738
2561.1933012 1.01239098923
2561.2341655 1.01097727425
2561.25459764 1.00703828078
2561.27502969 1.00256459661
2561.29546193 1.01811662137
2561.31589407 0.993625565497
2561.35675836 1.00489253688
2561.3771905 1.00237473195
2561.39762264 1.00911933556
2561.41805478 1.00060516113
2561.49978334 1.00046967482
2561.52021548 1.0211431441
2561.56107976 0.985975297307
2561.58151189 0.992895329217
2561.60194413 1.00069703859
2561.6428083 0.991269272694
2561.66324054 1.03106241589
2561.68367257 0.958791775252
2561.72453694 1.00536860221
2561.74496897 1.02125092195
2561.7654012 1.00573174932
2561.78583333 0.98195949071
2561.80626536 0.982216478386
2561.82669759 1.01552229945
2561.84712972 1.01179689415
2561.86756185 0.979814559526
2562.03101887 0.995148522453
2562.05145089 1.0025502126
2562.07188312 1.01937203984
2562.09231524 0.997922833572
2562.11274726 1.0027533499
2562.13317949 0.996786433244
2562.15361161 1.01021524362
2562.17404363 0.995356909691
2562.21490797 0.975933983219
2562.23534009 0.991215694864
2562.25577221 1.00050996054
2562.27620433 0.985088445005
2562.29663645 0.995090746434
2562.31706856 1.00967156854
2562.33750068 0.996871174403
2562.3579328 0.981214012748
2562.37836501 1.01780427302
2562.41922914 0.997486643958
2562.46009337 1.00133630783
2562.48052559 0.996276752275
2562.5009577 1.00680029188
2562.52138971 0.987204068432
2562.54182192 0.991073584094
2562.56225403 0.989353653357
2562.58268605 1.01243901036
2562.60311826 0.972471840647
2562.62355037 0.996735820753
2562.64398237 0.995385577354
2562.72571091 0.988410198104
2562.74614301 1.00166697408
2562.76657502 1.01445562497
2562.78700722 1.00384802136
2562.82787133 1.00162218158
2562.84830354 1.01550791468
2563.01176025 0.989977934003
2563.03219245 0.998484880754
2563.05262455 0.996802574711
2563.07305665 1.004725211
2563.09348875 0.991752846256
2563.11392084 1.0016589292
2563.13435294 1.00099196826
2563.19564933 0.952155644085
2563.21608142 0.961871760398
2563.23651341 0.999973195815
2563.25694561 0.996746974217
2563.2773777 1.00327842505
2563.29780969 1.0034987889
2563.31824189 0.997561810713
2563.33867398 0.997784511136
2563.37953816 1.00136848728
2563.39997015 1.00158052906
2563.44083443 0.998436257754
2563.46126641 0.994423546148
2563.4816985 1.00611751885
2563.50213069 1.02709927549
2563.52256268 1.01548242109
2563.54299476 0.99216393186
2563.56342695 0.99930144231
2563.58385903 1.00109802865
2563.60429102 0.998894936149
2563.6247232 0.997467368381
2563.64515529 0.990648268585
2563.68601945 1.00540907599
2563.70645153 1.01018668498
2563.72688352 0.989705515696
2563.7473157 1.00001612221
2563.76774778 0.994458683973
2563.78817976 0.993001462142
2563.80861194 1.00045501363
2563.849476 1.01826032373
2563.86990817 0.995515471166
2563.89034025 0.975287220064
2563.9312044 1.00074501902
2563.95163648 0.989676380098
2563.97206856 1.0038799311
2563.99250063 0.991421499208
2564.0129327 1.00631367956
2564.03336488 1.00117826545
2564.05379695 0.990700269442
2564.07422893 0.986700467304
2564.0946611 0.996184441637
2564.21725352 0.997346451991
2564.23768549 1.00115941508
2564.25811756 1.00526894663
2564.27854973 1.0010851914
2564.29898169 1.00811229652
2564.31941376 0.999640693034
2564.33984593 1.01004622601
2564.36027789 1.01282101545
2564.38070996 0.984686494731
2564.42157419 0.995902243844
2564.44200615 1.00987036765
2564.46243831 1.03207816937
2564.48287038 0.998096079086
2564.50330234 1.0105001768
2564.5237345 1.01013202368
2564.54416656 1.00818543131
2564.56459852 0.988563176811
2564.58503068 0.98564390896
2564.70762303 0.991707936928
2564.72805509 1.0035805178
2564.74848714 1.00736536616
2564.7689192 1.00437014508
2564.78935125 1.00058222187
2564.80978331 0.993643244603
2564.83021536 1.01537876169
2564.85064742 0.998935968436
2564.95280768 1.00919826604
2564.97323973 1.01809412264
2564.99367188 1.00451413142
2565.01410383 1.00013626993
2565.03453588 0.985541685528
2565.05496802 1.00206026588
2565.07539997 0.998517434326
2565.09583202 0.997320278704
2565.11626417 0.986978347165
2565.15712816 1.00203458263
2565.1775603 0.999878229419
2565.19799225 1.00002757594
2565.21842429 0.999617695008
2565.23885644 1.0119515362
2565.25928848 1.02549508487
2565.27972043 0.982854506613
2565.30015257 0.994769285296
2565.32058461 0.997585337572
2565.34101655 1.00228943153
2565.36144869 0.995088853282
2565.40231267 0.999420362725
2565.42274481 1.00056614841
2565.44317685 1.00418810725
2565.46360879 1.00547565229
2565.48404093 1.00919948875
2565.50447296 0.995845577594
2565.5249049 1.02614066443
2565.54533704 0.998046362205
2565.56576907 0.999019539375
2565.58620111 1.00496437754
2565.60663314 0.986870989212
2565.64749721 1.00211487563
2565.66792925 1.00080591694
2565.68836128 1.02924423628
2565.70879341 0.996044948041
2565.72922534 0.999869218786
2565.74965738 0.996948105843
2565.77008941 1.00224646198
2565.79052144 0.984459465761
2565.81095347 0.991632395018
2565.93354564 1.0077007116
2565.95397776 1.000310709
2565.97440969 1.00345612979
2565.99484171 1.02593684248
2566.01527384 0.989937284445
2566.03570576 1.0057235968
2566.05613779 1.01086012073
2566.07656991 0.985766707765
2566.09700194 0.996622451901
2566.13786598 1.00662410211
2566.158298 1.02039966066
2566.17872992 0.995634990529
2566.19916204 0.99783104366
2566.21959406 0.990986250936
2566.24002598 1.01435410136
2566.2604581 0.999779043
2566.28089012 0.998429424306
2566.30132204 1.01268857399
2566.32175416 1.02066093065
2566.34218617 0.992773382781
2566.38305021 1.00276416448
2566.40348222 0.996903523707
2566.42391424 1.00204556857
2566.44434625 0.998610429287
2566.46477827 1.01713181752
2566.48521018 1.02205852814
2566.50564229 0.995484149021
2566.52607431 1.00227563223
2566.54650632 1.0003352072
2566.56693833 0.982820142532
2566.64866637 1.00398539439
2566.66909848 0.999562157134
2566.68953039 1.01227047776
2566.7099624 1.00763000784
2566.73039451 0.990851247572
2566.75082642 1.0068110438
2566.77125842 0.98591034746
2566.81212243 0.983406810814
2566.83255444 0.96372944295
2566.89385045 0.989228040518
2566.91428256 1.00825874534
2566.93471456 1.01054697617
2566.95514646 0.995567458484
2566.97557856 1.00094998137
2566.99601057 0.993404805413
2567.01644247 1.00385026329
2567.03687457 0.992865147761
2567.05730657 0.998840812229
2567.07773847 1.00048953776
2567.11860257 0.98923297653
2567.13903446 0.99059012668
2567.15946656 1.00681457756
2567.17989856 0.999272905521
2567.20033046 0.995308440452
2567.22076255 1.00013080313
2567.24119445 0.990790315939
2567.26162654 0.996717563809
2567.28205854 1.00366491552
2567.30249043 1.00921431298
2567.3842184 0.989920345525
2567.4046505 0.998808542005
2567.42508249 1.00906398265
2567.44551448 1.00532417778
2567.46594647 1.00391824079
2567.48637846 1.01279886618
2567.50681055 1.01493152221
2567.52724244 0.998575617086
2567.54767443 1.01539545497
2567.56810651 0.992036149161
2567.60897039 0.978623178687
2567.62940248 1.00258953387
2567.64983436 1.01195565282
2567.67026635 1.00414253816
2567.69069843 1.00842507818
2567.71113032 1.0003619481
2567.7315623 1.00108388019
2567.75199439 1.00617601692
2567.77242637 1.0170570727
2567.79285825 0.985824069263
2567.81329033 1.00620745765
2567.83372232 0.998519843959
2567.8541542 1.00919391002
2567.87458628 1.01320365535
2567.89501826 0.991177325662
2567.91545014 1.01683649516
2567.93588222 0.986305979468
2567.9563142 0.997102693077
2567.97674608 0.984835366218
2567.99717815 0.992516243469
2568.01761013 0.978830782057
2568.03804201 0.995682172737
2568.05847409 0.948585256048
2568.09933794 0.99712533638
2568.11977001 1.01214519394
2568.14020189 1.01086279741
2568.16063386 0.996196247617
2568.18106594 0.9997050333
2568.20149791 1.01736030308
2568.22192978 1.01170441015
2568.24236185 0.983563960026
2568.26279383 1.02067585934
2568.2832257 0.986033891825
2568.30365777 0.980981026699
2568.34452181 1.00600965479
2568.36495368 0.996560373843
2568.38538565 1.02802366877
2568.40581772 0.993032306217
2568.42624959 1.02521823102
2568.44668155 0.991555616248
2568.46711362 1.01285243002
2568.48754549 1.01104539303
2568.50797745 0.999272501265
2568.52840952 0.980090387011
2568.54884138 0.983242413016
2568.58970541 0.995363591116
2568.61013738 0.994827695158
2568.63056924 1.01406655598
2568.6510013 0.98078947493
2568.67143327 1.00066486978
2568.69186513 0.997236615411
2568.73272915 1.02352128326
2568.75316101 1.00655191228
2568.77359307 0.994995451881
2568.85532081 0.992674809039
2568.87575277 1.00010407089
2568.89618482 0.994089195471
2568.91661668 1.0165830289
2568.93704864 1.00824661198
2568.95748069 1.00249593987
2568.97791255 0.990647218011
2568.9983445 1.01318412254
2569.01877656 1.01395252194
2569.12093622 0.996801190172
2569.14136828 0.997908990691
2569.16180023 1.00002152541
2569.18223228 1.00437365835
2569.20266413 1.00796572048
2569.22309608 1.00293236136
2569.24352813 1.00530240764
2569.26395998 0.975618121171
2569.28439193 0.984418621767
2569.32525582 0.998155523938
2569.40698361 0.983852782007
2569.42741565 1.01116923842
2569.4478476 0.998521367815
2569.46827944 0.999950849369
2569.48871149 1.00851595051
2569.50914343 0.985175060086
2569.52957527 1.00106137116
2569.55000732 1.00622375353
2569.57043916 1.0062551842
2569.5908711 1.00044280237
2569.61130314 0.995389904561
2569.63173498 0.996438518926
2569.65216692 1.00108239693
2569.67259896 0.997473522451
2569.6930308 0.999263704933
2569.71346274 1.00034968327
2569.73389478 0.988277063197
2569.75432662 0.997589843855
2569.77475855 0.998057249789
2569.81562243 1.00291520343
2569.83605436 0.994564643375
2569.8564864 1.00851922219
2569.87691834 1.00657068264
2569.89735017 0.993151406823
2569.91778221 0.984680811769
2569.93821414 1.00824133041
2569.95864597 1.00389528698
2569.97907801 0.985601784268
2569.99950994 0.970610488859
2570.08123776 1.00338913471
2570.10166959 1.0095649554
2570.12210152 1.0329134913
2570.14253355 0.9978280557
2570.16296538 1.00678504492
2570.18339731 0.99458406652
2570.20382934 0.999121570593
2570.22426117 1.00165774938
2570.34685272 0.992369262884
2570.36728465 1.02761596026
2570.38771667 1.00404229674
2570.4081485 1.01718481521
2570.42858042 0.991677303489
2570.44901244 1.03001419049
2570.46944426 1.0241460836
2570.48987619 1.00301160612
2570.51030821 0.997514958938
2570.53074003 0.996411167523
2570.55117195 0.999433708656
2570.57160397 1.01405557681
2570.59203579 1.02173749468
2570.61246771 1.0075491911
2570.63289972 1.00920317894
2570.65333154 1.00994491822
2570.67376346 0.998665130581
2570.73505921 1.00832399405
2570.75549123 0.989436018077
2570.79635496 1.03103164796
2570.81678697 0.994474082616
2570.83721889 0.996011706327
2570.8576507 0.976711206299
2570.87808271 0.982915104629
2570.89851463 1.00412395881
2570.91894664 0.991063145722
2570.93937845 1.01920049795
2570.95981036 0.992669371789
2570.98024237 1.00306003879
2571.00067418 0.994771568266
2571.02110609 1.01785372808
2571.0415381 1.0105021066
2571.06196991 1.00599031464
2571.08240182 0.986870030236
2571.10283373 0.995625089087
2571.12326564 0.998254535586
2571.14369755 1.0150325112
2571.16412945 1.02016495905
2571.18456136 1.00644759876
2571.20499327 0.990174718503
2571.22542527 0.97883194972
2571.24585708 0.996990898121
2571.28672099 0.996973447176
2571.30715279 0.979319938823
2571.32758469 0.976518949116
2571.3480167 1.01162252038
2571.3684485 1.02101001658
2571.3888804 1.00087675229
2571.4093124 0.993997721026
2571.4297442 1.00088304957
2571.45017611 1.00179642397
2571.47060811 1.01188065465
2571.49103991 0.982422212374
2571.51147181 1.01464232981
2571.5319038 1.00687625618
2571.5523357 0.982414048205
2571.5727675 1.0051992767
2571.5931995 0.996940099914
2571.6136314 0.983371104794
2571.63406319 0.991711148347
2571.65449519 0.998740682007
2571.67492709 1.03480403874
2571.69535888 0.990986467263
2571.71579088 0.987207067147
2571.79751845 1.00444041112
2571.81795035 1.00894060401
2571.83838224 1.00391510932
2571.85881413 0.990571676234
2571.87924602 0.984638941759
2571.89967791 0.997884343281
2571.92010981 0.996061203155
2571.9405417 1.01311890754
2571.96097359 1.01131378584
2571.98140548 0.998621360694
2572.00183736 1.00706043795
2572.02226925 1.0205565955
2572.04270114 1.01024830285
2572.06313313 1.00207956854
2572.08356492 1.02724932905
2572.1039968 0.988266080177
2572.12442879 0.994764777346
2572.14486058 1.01009842245
2572.16529246 0.986770352329
2572.18572445 0.991845739509
2572.20615623 1.00674574986
2572.22658812 0.981319249682
2572.26745188 0.996169916475
2572.28788377 1.00006288128
2572.30831575 1.00454510514
2572.32874753 0.999858743132
2572.34917941 1.00132717548
2572.3696114 0.993959306201
2572.39004328 1.00499160874
2572.41047506 1.00606595071
2572.43090704 1.00782568454
2572.45133892 1.00168046723
2572.53306633 1.00267260531
2572.55349831 1.00908722545
2572.57393019 0.996691461698
2572.59436196 0.994799283774
2572.61479394 0.984420219105
2572.63522581 1.0161689069
2572.65565759 1.00556929147
2572.67608956 1.00121913768
2572.81911268 0.984058969954
2572.83954455 0.990821535622
2572.88040829 0.983716137539
2572.90084026 0.997789386845
2572.92127203 0.991551908052
2572.9417039 1.01588112362
2572.96213587 1.00325664263
2572.98256764 1.00761677652
2573.00299951 1.02205734577
2573.02343147 1.00908509183
2573.04386324 1.00042596644
2573.06429511 0.998936444555
2573.08472708 0.996181365668
2573.10515884 0.998289416789
2573.12559071 0.992987675135
2573.14602267 0.999789534961
2573.16645444 1.00681608495
2573.1868863 0.999633871475
2573.20731827 1.00397373775
2573.22775013 0.99226701902
2573.24818189 0.988782553264
2573.32990944 1.01644625549
2573.3503413 0.985155725562
2573.37077306 0.999503635033
2573.39120502 0.992829854989
2573.41163678 1.0002086872
2573.53422793 0.984131708704
2573.55465989 0.993819212439
2573.57509175 0.983555973954
2573.5955236 1.00960966097
2573.61595546 0.978925556143
2573.63638731 1.00641042481
2573.67725102 0.992363471688
2573.69768288 0.999778929864
2573.71811473 1.01252355873
2573.73854668 0.994788741906
2573.75897843 1.00038914634
2573.77941029 1.00719033292
2573.79984224 0.9990149939
2573.82027399 0.976996011339
2573.84070584 1.00539731916
2573.86113779 0.994576939809
2573.88156954 1.00158680452
2573.90200139 0.998168150936
2573.92243334 1.00546587944
2573.94286509 1.00171386332
2573.96329694 0.997129256606
2573.98372889 1.0142058691
2574.00416064 0.994118555807
2574.02459248 0.995817684949
2574.04502443 1.0134173193
2574.06545628 0.995591055308
2574.08588802 1.00620863282
2574.10631997 1.001314812
2574.12675181 1.00732495324
2574.14718356 0.996604940151
2574.26977462 1.00242237089
2574.29020656 0.974899244732
2574.3106383 0.981014717063
2574.33107014 0.988245616789
2574.35150209 1.02918701552
2574.37193383 0.986346578673
2574.39236567 1.01559765634
2574.41279761 0.991209341872
2574.43322944 0.994640488245
2574.45366128 1.00587329942
2574.47409312 0.992897586318
2574.57625241 1.00346785253
2574.59668414 1.01970732227
2574.61711598 1.01693816579
2574.63754791 1.01157520105
2574.65797965 0.998964781376
2574.78057065 0.994252685808
2574.80100248 0.980956747966
2574.82143441 0.995812072071
2574.84186614 0.992277183762
2574.86229797 1.01118596893
2574.88272991 1.01578372262
2574.90316174 1.00209440827
2574.92359346 1.00297748993
2574.94402539 1.00945338284
2574.96445722 1.00147778215
2574.98488895 0.993233202707
2575.00532088 0.998304781183
2575.02575261 1.00178202075
2575.04618443 1.02353013049
2575.06661636 0.996034081433
2575.08704809 1.01472867562
2575.12791184 1.02127507396
2575.14834356 1.00286911364
2575.16877539 0.995944943339
2575.20963904 1.00177440989
2575.23007086 0.982199337552
2575.25050278 0.995993156888
2575.27093461 0.986609373698
2575.29136643 1.00081527368
2575.31179825 0.988088300734
2575.33223007 1.00825084174
2575.35266189 0.999013409305
2575.37309371 1.00613281346
2575.39352553 0.995290881031
2575.41395745 0.992018976399
2575.43438917 0.99847867166
2575.45482099 1.0096211952
2575.47525291 0.999928207687
2575.49568463 1.00863962295
2575.51611645 1.00269804203
2575.53654837 1.00559927633
2575.55698008 0.999869682883
2575.5774119 0.99417685551
2575.59784382 1.01067144271
2575.61827553 1.00585601077
2575.63870735 0.990506759292
2575.65913926 0.992478963278
2575.67957098 1.00391549228
2575.70000279 1.00879266934
2575.72043471 1.00154605585
2575.74086642 1.00215555532
2575.76129823 1.0096275508
2575.78173015 1.00412275639
2575.80216186 0.995190868385
2575.82259367 0.993806726574
2575.86345729 0.989073762232
2575.8838891 0.992232842782
2575.96561644 0.989624797488
2575.98604815 0.996333821433
2576.00647996 1.0030923921
2576.02691187 1.00150819341
2576.04734358 1.01451646883
2576.06777539 1.01396857707
2576.08820729 0.998187448672
2576.1086391 0.995271249122
2576.12907091 0.997344949736
2576.14950271 0.995901642296
2576.16993452 0.999540376517
2576.19036632 1.00849686945
2576.21079813 1.0047122199
2576.23122993 0.996386851326
2576.25166184 1.01105344981
2576.27209354 0.996860004414
2576.29252534 0.978895441744
2576.31295724 1.0008379472
2576.33338895 0.997158644414
2576.35382075 0.999292162146
2576.37425265 0.998398826091
2576.39468435 0.997029467184
2576.41511615 1.0098121033
2576.43554805 0.995497681133
2576.45597975 1.01995848869
2576.47641155 0.998372959115
2576.49684335 0.992748836085
2576.51727515 0.996367693118
2576.53770695 0.996304022819
2576.55813875 0.992566029686
2576.57857055 1.00473652983
2576.59900234 1.00260892462
2576.61943424 0.986801051787
2576.63986594 0.993713895391
2576.70116133 1.00968326594
2576.72159312 0.993448014185
2576.74202502 1.00869729993
2576.76245671 0.994025445713
2576.7828885 1.02594831146
2576.8033204 0.991999426615
2576.82375209 1.01077873775
2576.84418388 0.993581506713
2576.86461578 1.00386465071
2576.88504747 1.01492745484
2576.90547926 0.988325373282
2576.92591115 1.00344212784
2576.94634294 1.00422958249
2576.96677473 0.996205376421
2577.00763831 1.00078220259
2577.0280701 1.00251448409
2577.04850189 0.991625859208
2577.06893368 1.00956029025
2577.08936557 0.991280966291
2577.10979726 0.999394788988
2577.13022904 1.00798354045
2577.15066093 0.999832265841
2577.17109262 0.980365710831
2577.19152441 1.0074361498
2577.23238798 1.00181403839
2577.25281976 1.00523919699
2577.27325155 0.990441533819
2577.29368333 1.00194215187
2577.31411512 1.00915804585
2577.3345469 0.995774205903
2577.35497868 0.998802574498
2577.37541047 0.989220419454
2577.41627403 1.00297165286
2577.43670581 0.986965799558
2577.4571377 0.983229384681
2577.47756938 1.01102981926
2577.49800116 0.998702693397
2577.51843304 0.988907062283
2577.53886472 0.986351813526
2577.5592965 0.989946590603
2577.57972838 0.998149942469
2577.60016006 0.988986484005
2577.62059184 0.995803672157
2577.64102371 0.990483244119
2577.66145539 1.00856777615
2577.68188717 1.0418999681
2577.70231905 1.00384573946
2577.72275072 0.98742076408
2577.7431825 0.993654289542
2577.76361438 1.00101256953
2577.78404615 0.988078612711
2577.80447793 1.0104993812
2577.84534148 1.01377110302
2577.86577325 1.01042164326
2577.88620502 0.98511919132
2577.9066368 0.984519569224
2577.92706867 0.99111324948
2577.94750034 1.00473656034
2577.96793212 0.995966579267
2577.98836389 0.994814389492
2578.00879566 1.00952604376
2578.02922743 1.00394989168
2578.0496592 0.999349566572
2578.07009097 0.995916454405
2578.19268159 0.982926154339
2578.23354512 0.996811136362
2578.25397689 0.973800285317
2578.29484052 1.00336349642
2578.31527219 0.990752692332
2578.33570396 1.0019186246
2578.35613582 0.982708888395
2578.37656749 0.979730223129
2578.39699925 0.992984775671
2578.41743112 0.993170844531
2578.43786278 1.00268325197
2578.45829454 0.991123052599
2578.47872641 1.00212725067
2578.49915807 1.00222933706
2578.51958983 1.00613174934
2578.5400217 0.992157279699
2578.56045336 0.991622651998
2578.58088522 1.00666510873
2578.60131698 1.01270614651
2578.6421805 0.994139791212
2578.66261226 1.00571089532
2578.68304402 1.00723486974
2578.70347578 1.01177067772
2578.72390754 1.01784472935
2578.76477116 0.997108857122
2578.78520282 0.996039377593
2578.82606633 0.99579963091
2578.84649809 1.00091041718
2578.86692974 1.00853318273
2578.8873616 1.00396266757
2578.90779336 1.01552468225
2578.92822501 1.00531214073
2578.94865687 1.00425632473
2579.03038388 1.00596391953
2579.05081564 0.982339291731
2579.07124739 1.00138259114
2579.09167914 0.974995436109
2579.11211089 0.992855261842
2579.13254275 0.990578267673
2579.1529744 1.00118751009
2579.17340615 0.980351559302
2579.193838 0.984066259519
2579.21426965 0.989371961434
2579.2347014 0.962672515417
2579.25513325 0.985978280845
2579.2755649 1.00422574986
2579.29599665 0.97816563886
2579.3164285 1.00245378287
2579.39815539 1.01242985537
2579.41858724 1.01749274181
2579.43901898 1.01642508319
2579.45945073 1.01202347587
2579.47988248 1.0025413042
2579.50031422 1.0233839777
2579.52074597 1.01160945744
2579.54117771 1.01943225871
2579.56160946 1.00255671575
2579.5820411 1.00864389016
2579.60247294 0.994302805235
2579.62290469 1.00507159057
2579.64333633 1.019024131
2579.66376817 1.01085347867
2579.68419992 1.00811466463
2579.70463156 1.014029273
2579.7250634 0.98841532427
2579.74549514 1.01886355809
2579.76592678 1.00273644294
2579.78635862 0.992107113261
2579.80679036 1.01092371753
2579.8272221 0.993381005384
2579.86808558 1.03030040208
2579.88851732 1.02562414226
2579.90894906 1.02749778483
2579.9293808 1.01683270321
2579.94981254 0.986547176386
2579.97024438 1.02084803555
2579.99067601 0.980005502687
2580.01110785 0.97717331116
2580.03153959 1.00538329577
2580.05197122 0.998064164336
2580.07240306 1.01748808573
2580.09283479 1.008493274
2580.11326643 1.02771436883
2580.13369826 0.972968863775
2580.15413 0.962872256386
2580.17456163 1.0018236995
2580.19499347 1.02154254469
2580.2154252 1.0069796215
2580.23585683 0.981288141059
2580.25628867 0.959197535803
2580.2767204 0.961270704346
2580.39931079 0.99812012502
2580.41974242 1.00017011196
2580.44017425 1.01107239344
2580.46060598 0.996245470226
2580.48103761 1.01614011063
2580.52190117 0.994225598535
2580.54233279 1.00516903912
2580.56276462 0.994319372123
2580.60362798 0.990567421339
2580.6240598 0.996207242537
2580.64449153 0.988547747975
2580.66492326 1.0026348065
2580.68535498 1.02066050567
2580.70578671 0.998562107542
2580.72621853 0.991288382725
2580.74665016 1.00019217214
2580.76708188 0.996770407007
2580.78751371 0.999189869052
2580.80794543 0.98564203471
2580.82837705 0.99866351626
2580.84880888 1.0266637497
2580.8692406 0.97167036244
2580.88967222 1.02366328389
2580.91010404 0.986879411808
2580.93053577 1.00002686795
2580.95096739 0.996060208284
2580.97139921 0.998903452984
2580.99183093 0.998902570334
2581.01226255 0.992671314827
2581.03269437 0.975247334296
2581.11442115 0.987365126919
2581.13485297 0.994699055705
2581.15528469 1.01748259598
2581.1757164 0.997716292608
2581.19614802 0.997977691031
2581.21657984 1.01285944831
2581.23701156 1.00879083933
2581.25744317 0.989394370715
2581.27787499 1.00037344057
2581.2983067 1.0005259223
2581.31873832 0.986338613093
2581.33917013 1.03944047461
2581.35960185 0.996289714245
2581.38003366 1.01554248777
2581.40046528 1.00692633495
2581.42089699 0.987934753301
2581.44132881 1.01497044216
2581.46176042 1.00010279844
2581.48219213 0.982309760151
2581.6047824 1.00168821739
2581.62521422 1.00805498862
2581.64564593 1.01550554585
2581.66607754 0.995957711924
2581.68650935 0.999655655276
2581.70694106 1.00274655054
2581.72737266 1.01124249156
2581.74780447 1.01074541363
2581.76823618 0.996914390437
2581.78866779 0.994956456265
2581.8090996 1.00908973205
2581.82953121 0.992376691658
2581.84996291 0.997717474168
2581.87039472 0.988614176796
2581.89082643 0.998596915424
2581.91125803 0.976550928344
2581.93168984 1.02236666234
2581.95212144 1.0034778328
2581.97255325 0.983813386088
2581.99298495 1.00183392459
2582.01341666 0.983772621475
2582.03384836 0.961980447233
2582.07471177 1.00053333871
2582.09514348 1.01544691849
2582.11557518 0.996317924514
2582.13600688 1.02268881009
2582.15643858 0.995310949133
2582.19730199 1.03336239226
2582.21773379 1.013601809
2582.23816539 1.0195338007
2582.25859709 1.01881483892
2582.27902889 1.01476982549
2582.31989219 0.98504303229
2582.34032399 1.00279960685
2582.36075559 0.998699145936
2582.38118729 0.999148649481
2582.40161909 0.981491701278
2582.42205069 0.995643262061
2582.44248239 1.00673253419
2582.46291418 0.988705442818
2582.48334588 0.977070698643
2582.50377748 0.939540039054
2582.52420927 0.859509226401
2582.56507267 1.0056333487
2582.58550436 0.999225763896
2582.60593606 0.999976499072
2582.62636775 0.989366128563
2582.64679945 1.02700616382
2582.66723104 1.01416371254
2582.68766284 1.00192733231
2582.70809453 1.00872181952
2582.72852613 1.01500387049
2582.74895792 1.00454343144
2582.76938961 0.973406711065
2582.810253 1.00849601349
2582.83068469 0.991549923333
2582.85111638 1.00587714681
2582.87154807 1.00727846972
2582.89197977 1.0100047858
2582.91241146 1.0014629036
2582.93284315 1.01855583622
2582.95327484 1.02604529229
2582.97370653 0.994274011499
2582.99413822 1.0036359438
2583.01456991 0.989076587228
2583.0350016 0.990877927549
2583.05543338 0.995335437844
2583.07586497 0.999392984494
2583.11672845 0.998805695106
2583.13716004 0.984273043892
2583.15759182 1.01335262156
2583.17802351 0.98736257816
2583.21888688 0.992712512301
2583.23931857 0.991838266073
2583.32104531 0.994416550169
2583.341477 0.996045219286
2583.36190868 0.998016881839
2583.38234026 0.992697524896
2583.40277205 0.992837553639
2583.42320373 1.01004643659
2583.44363532 1.00458459443
2583.4640671 0.99614836181
2583.48449878 0.991079664266
2583.50493036 0.996491456305
2583.52536214 1.0060684711
2583.58665719 0.982093958709
2583.62752045 0.98677748022
2583.64795223 0.994323955823
2583.66838391 1.00857113688
2583.68881559 0.984679912598
2583.70924727 1.00492581411
2583.83183734 1.01604042644
2583.85226901 1.01304574418
2583.87270079 1.00058810771
2583.89313247 0.986489382132
2583.91356404 0.998709276858
2583.93399582 1.01127414525
2583.9544275 1.00872058816
2583.97485907 0.985221243599
2583.99529085 0.997141767736
2584.01572252 0.985155620566
2584.0361541 1.00143372929
2584.05658587 1.02825669931
2584.07701754 1.00063260557
2584.09744912 1.0097981723
2584.11788089 0.99903988961
2584.13831256 1.01042226556
2584.15874414 0.978799998298
2584.17917591 0.977072180578
2584.19960748 0.986590931876
2584.32219761 1.00204769632
2584.34262928 0.992196272439
2584.36306095 0.998475443211
2584.38349262 0.983636711071
2584.40392439 1.0201556445
2584.42435596 1.02749238308
2584.44478762 0.992302614985
2584.46521939 0.990301119409
2584.48565096 0.989052628782
2584.5265144 0.985546536273
2584.54694596 1.01091413604
2584.56737763 1.00734687728
2584.5878094 0.998462390404
2584.60824096 0.991664405709
2584.62867263 1.01309728305
2584.6491044 0.989029615705
2584.66953596 0.985550288737
2584.68996763 0.995031325137
2584.71039939 1.00290054672
2584.73083106 0.99955011564
2584.75126262 0.997158853535
2584.77169438 1.01286929024
2584.79212605 0.999455951965
2584.81255761 1.00987824545
2584.83298938 1.00995805204
2584.85342104 0.998652314495
2584.8738526 0.996247249925
2584.89428436 0.985628769881
2584.91471593 1.00775303461
2584.93514769 0.991457171191
2584.95557935 1.02096177759
2584.97601091 1.03177149391
2584.99644267 1.01664899448
2585.01687433 1.04130341917
2585.03730589 0.982927358014
2585.05773765 1.01523556044
2585.07816931 0.98768928077
2585.09860097 0.967785445043
2585.11903263 1.00223261363
2585.13946429 0.997723623032
2585.15989595 0.985607438203
2585.18032761 0.998116327932
2585.20075927 0.972181435157
2585.2824859 1.0035361741
2585.30291765 0.943937127241
2585.32334921 0.995929718362
2585.34378087 1.00584056871
2585.36421262 1.00228433856
2585.38464418 0.989087151635
2585.40507583 0.988002859801
2585.42550759 1.00928268646
2585.44593914 0.980812021725
2585.52766586 1.01264028806
2585.54809751 1.00742013385
2585.56852917 1.00569580892
2585.58896082 0.997986253011
2585.60939247 1.00288999082
2585.62982403 0.990169829875
2585.65025578 1.01709074596
2585.67068743 1.01598666689
2585.69111898 1.00036431604
2585.71155073 0.985956995233
2585.73198238 1.00712873482
2585.75241393 1.00099182511
2585.77284568 1.01136241516
2585.79327733 0.989568304486
2585.81370888 1.00921338769
2585.83414063 0.994927032297
2585.85457228 0.995983324538
2585.87500383 0.998013330054
2585.89543558 1.01365290037
2585.91586723 1.00830958285
2585.93629888 1.00369508576
2585.95673053 1.0099859698
2585.97716218 0.991130417616
2585.99759382 1.02155409033
2586.01802547 0.986006948137
2586.03845712 0.988793097315
2586.05888886 0.981680765065
2586.07932051 0.995815987123
2586.09975206 0.977599906591
2586.1201838 0.985345881714
2586.14061545 0.971011831593
2586.16104699 0.982556804197
2586.18147874 0.996527072586
2586.26320532 1.01133932271
2586.28363686 0.986229031755
2586.3040686 1.00130081015
2586.32450025 1.00755363563
2586.34493179 1.02089200135
2586.38579518 1.00476574533
2586.40622682 0.999630532902
2586.42665846 0.9992558253
2586.4470901 0.989786582336
2586.48795338 1.00899748296
2586.50838503 0.998372028514
2586.52881657 1.00856816103
2586.54924831 1.01139324889
2586.56967995 1.0007426461
2586.59011169 0.993278960859
2586.61054323 1.00327088594
2586.63097487 1.00264476542
2586.6514066 0.994190959676
2586.67183814 1.00722605731
2586.69226978 1.0014982789
2586.71270152 1.00197596013
2586.73313306 1.00368105571
2586.7535647 0.981414967346
2586.77399643 1.00302261891
2586.79442797 0.98790428044
2586.81485961 1.00346579024
2586.85572288 1.00578580221
2586.87615452 1.00492826007
2586.89658625 0.991910575034
2586.91701789 0.993224029121
2586.93744943 0.993239557902
2586.95788116 0.99899702559
2586.9783128 0.951141086016
2586.99874433 0.999224649622
2587.01917607 0.993548860792
2587.06003923 0.998395408504
2587.08047097 1.0035830066
2587.1009026 0.983355985349
2587.12133423 0.975268508331
2587.14176587 0.947475795112
2588.49025329 1.00282769495
2588.57197976 1.00743931512
2588.59241137 1.01292491456
2588.61284299 1.01137688551
2588.63327461 0.99613593709
2588.65370622 1.00958399233
2588.67413783 1.00133645792
2588.69456945 1.00594347073
2588.71500106 1.02318316873
2588.73543268 0.991351071678
2588.75586429 1.00881599138
2588.776296 1.014957344
2588.79672752 1.01107657545
2588.81715913 1.0024454929
2588.83759084 0.997595723199
2588.85802236 0.985795363652
2588.87845397 0.990889695725
2588.89888568 1.02048275239
2588.91931719 1.01266228695
2588.9397488 0.977760090208
2588.96018052 0.998728935587
2588.98061203 1.00134972461
2589.00104364 1.01093412823
2589.02147535 0.988384824371
2589.04190686 0.981310602797
2589.06233847 0.986572730713
2589.10320179 1.00397045332
2589.1236333 0.964836826547
2589.20535984 0.994505933141
2589.22579144 1.01516376491
2589.24622315 0.993509531673
2589.26665466 0.982584608387
2589.28708627 0.993011927386
2589.30751798 1.00705712723
2589.32794948 1.00053817043
2589.34838109 1.00044092337
2589.3688127 0.995858788993
2589.45053912 1.00353458224
2589.47097073 0.998940916679
2589.49140233 1.0022271437
2589.51183394 0.996162660302
2589.53226554 0.993730287181
2589.55269715 0.986294821028
2589.57312875 0.993016193723
2589.59356036 0.993347220915
2589.61399206 0.993192781893
2589.63442357 1.00944342981
2589.65485517 0.995953932508
2589.67528687 0.98869269844
2589.69571838 0.986953701329
2589.71615008 0.981260070632
2589.73658168 1.0136750343
2589.75701318 0.997556172259
2589.77744489 0.989588126441
2589.79787649 1.00755522881
2589.81830799 1.00539464611
2589.83873969 1.01370195709
2589.85917129 1.01853349151
2589.8796028 1.01141037298
2589.9000345 0.992759452807
2589.9204661 0.987332940643
2589.9408977 0.998598090821
2589.9613293 1.00469032615
2589.9817609 1.01135523827
2590.0021925 0.980639640626
2590.0226241 0.974691798132
2590.0430557 0.970137065157
2590.0634873 0.977076647435
2590.083919 0.995410031945
2590.20650849 1.01153730409
2590.22694008 1.01154794428
2590.24737178 1.01511561374
2590.26780328 0.994156520045
2590.28823488 0.995885306542
2590.30866657 1.01665427342
2590.32909807 1.00034861528
2590.34952967 1.01179568009
2590.36996136 1.01147952087
2590.41082445 1.01048376943
2590.43125615 1.01733143577
2590.45168774 1.01248791105
2590.47211924 0.996480656366
2590.49255093 0.999356432581
2590.51298253 0.99720381629
2590.53341402 1.00836537908
2590.55384572 1.00503437552
2590.57427731 1.00221696007
2590.59470881 1.00429095968
2590.6151405 1.0194388772
2590.63557209 1.00735182545
2590.65600379 0.992969594674
2590.67643528 1.01300992692
2590.69686687 0.993557041073
2590.73773006 1.01724837957
2590.75816165 1.02337198878
2590.77859334 1.01035340722
2590.79902483 1.01120936871
2590.81945642 1.00948395251
2590.83988812 0.997205116985
2590.86031961 1.02382459371
2590.8807512 1.00083714527
2590.90118279 0.999580442255
2590.92161448 1.03453915653
2591.00334074 0.994063243724
2591.02377243 1.00043463021
2591.04420392 1.0021259143
2591.20765673 0.97868375168
2591.22808821 1.00126649959
2591.2485199 1.02894050983
2591.26895149 0.944403053086
2591.28938307 0.972697552479
2591.45283576 1.00310184273
2591.47326735 1.01116527634
2591.49369903 0.976816637492
2591.51413052 0.999250734003
2591.5345621 0.986870462525
2591.55499379 0.992679708409
2591.57542527 0.993715160856
2591.59585695 1.00440342674
2591.61628844 0.993479176354
2591.63672002 1.02213387939
2591.67758329 0.973315273209
2591.69801477 0.9996166977
2591.71844645 0.984925197309
2591.73887794 0.972447647541
2591.75930952 0.981798398471
2591.80017278 0.979985191841
2591.82060426 0.996996235284
2591.90233069 1.02185204939
2591.92276227 0.998081287342
2591.94319375 1.00606659668
2591.96362543 0.991567390923
2591.98405701 0.994768240107
2592.00448849 0.98871631997
2592.02492017 1.00690081685
2592.04535175 1.01002571038
2592.06578343 1.00309024964
2592.08621491 0.985771413634
2592.10664649 1.00171428285
2592.12707817 1.01113106441
2592.14750965 0.992639460115
2592.16794122 1.01572112092
2592.1883729 1.01579590319
2592.20880438 0.996066141187
2592.22923596 0.998065888715
2592.24966764 1.01829962295
2592.27009921 1.02026586281
2592.29053069 1.00938675218
2592.31096237 0.992901397993
2592.33139395 1.00100893133
2592.3722571 1.01072547124
2592.39268868 0.995465522219
2592.41312015 0.996723119426
2592.43355183 1.00009075198
2592.4539833 0.981697334882
2592.47441498 0.996319006115
2592.49484655 1.00508291019
2592.51527803 1.0102853818
2592.53570971 0.973327257518
2592.55614128 0.989942264358
2592.57657276 1.00485067919
2592.617436 1.00175346472
2592.63786758 1.001213303
2592.65829915 1.00481563486
2592.67873073 1.00406793396
2592.6991623 1.0101210959
2592.71959387 1.00295847847
2592.74002545 0.986027692619
2592.76045702 0.994869018553
2592.78088859 1.00051687041
2592.80132017 0.98331515995
2592.82175174 1.00347926635
2592.84218341 0.992434566159
2592.86261488 0.997351308241
2592.88304646 0.985479860386
2592.90347813 0.982024835615
2592.9239096 1.007403114
2592.98520431 0.999851440519
2593.00563598 1.00755067497
2593.02606755 1.01195007247
2593.04649903 1.00929615311
2593.0669307 0.99436717284
2593.08736227 0.995987227849
2593.10779384 1.01855881332
2593.12822541 1.01809413142
2593.14865688 1.01116811179
2593.16908845 0.99925530572
2593.18952011 1.00402920958
2593.20995168 0.994323368547
2593.23038315 1.00413328062
2593.25081482 0.986378775526
2593.27124639 0.986883277492
2593.29167786 0.989695115904
2593.31210953 0.994550982281
2593.3325411 0.989521517365
2593.35297276 0.986069139747
2593.37340423 1.017041047
2593.3938358 1.026424726
2593.41426747 1.01248284998
2593.43469893 1.0230420339
2593.4551305 0.969512905955
2593.47556217 0.996293614235
2593.49599364 1.01270680757
2593.5164252 1.01105163311
2593.53685687 1.01166756318
2593.55728833 1.00824550811
2593.5777199 1.01103823676
2593.59815157 1.03929008365
2593.61858303 0.982244808856
2593.6390146 0.998748990099
2593.65944626 0.99696074101
2593.67987783 0.989558989365
2593.70030929 0.986099821276
2593.72074096 1.00507154423
2593.74117252 0.985690491667
2593.76160409 1.01690537123
2593.78203565 0.995804259253
2593.80246722 1.00896680593
2593.82289878 1.00071217681
2593.84333035 1.00397641561
2593.86376191 0.977012109633
2593.88419347 0.98615827065
2593.90462504 0.973075534189
2593.9250566 1.01392954071
2593.94548816 0.989092276476
2593.96591973 1.00635364858
2593.98635119 0.986746314919
2594.12937222 1.009124481
2594.21109847 0.986045608467
2594.23153013 0.990275990636
2594.25196169 0.98923792818
2594.27239315 1.00269059148
2594.29282481 1.01355046095
2594.35411949 0.98562477419
2594.37455105 0.995018921568
2594.39498251 0.994074873237
2594.41541417 1.00083298473
2594.43584573 0.994546752579
2594.49714041 1.03537996703
2594.51757196 1.01447435754
2594.53800352 0.987028190222
2594.55843508 0.976543427334
2594.57886664 0.990884171046
2594.5992982 0.996257232367
2594.61972976 1.00171975655
2594.64016131 1.00176961545
2594.66059287 0.982557010847
2594.68102443 1.01032484049
2594.7423191 0.995862745424
2594.76275076 1.00810492088
2594.80361377 0.987817230603
2594.82404542 0.995230521181
2594.86490844 0.978210840046
2594.88534009 1.01133766562
2594.90577155 0.979243002307
2594.9262031 1.01483357713
2594.94663476 1.00979520999
2594.96706621 1.02021369194
2594.98749777 1.01474176802
2595.00792942 1.0074210927
2595.02836098 0.987136391031
2595.04879253 1.03549778922
2595.06922409 1.00091071335
2595.08965564 1.00586192967
2595.1100872 0.990380185326
2595.13051875 0.998018674624
2595.1509503 1.00763466654
2595.17138196 0.994101224245
2595.19181341 1.02098549538
2595.21224497 1.01332929096
2595.23267662 1.00616377093
2595.25310807 1.00247737349
2595.27353962 1.00515731086
2595.31440273 1.0094248989
2595.33483428 1.0096176499
2595.35526583 0.984494835442
2595.37569739 0.995730615788
2595.39612894 1.02799743956
2595.41656049 1.00463007487
2595.43699204 0.999500046279
2595.45742369 1.00639292201
2595.47785515 1.00797406613
2595.4982867 1.00276276625
2595.51871835 0.97812719198
2595.5391499 1.00059261888
2595.55958135 0.996092008879
2595.580013 1.00632983878
2595.60044455 1.01723543516
2595.620876 0.995686419574
2595.64130765 0.993956359663
2595.6617392 1.02070523332
2595.68217065 0.988481799111
2595.7026023 1.00018413475
2595.72303385 1.02342370684
2595.7434653 1.01582691192
2595.76389695 0.998029290511
2595.7843285 1.00485443654
2595.80475995 1.009700322
2595.8251916 0.994404901951
2595.84562315 0.996078722441
2595.8660548 0.969865599103
2595.88648625 0.991583470986
2595.90691779 0.975895250117
2595.92734944 0.997592404303
2595.94778089 0.988759196305
2595.96821244 1.00484020149
2595.98864409 0.96686837918
2596.07037018 1.01480541772
2596.09080172 1.00824590474
2596.11123337 1.01432379228
2596.13166492 1.00657228823
2596.15209637 1.00277632753
2596.17252801 1.01704238774
2596.19295946 1.01423606566
2596.21339101 1.00811627262
2596.23382265 1.0041190049
2596.2542541 1.00016775327
2596.29511729 0.99288595442
2596.31554874 0.994771238683
2596.33598038 0.974624374734
2596.35641193 0.991241145744
2596.37684347 0.991901430029
2596.39727502 0.995869561791
2596.41770656 0.987526546095
2596.43813811 0.983603977431
2596.45856965 1.00911796155
2596.4790012 0.991292443863
2596.49943274 0.96363057655
2596.54029583 0.999234790068
2596.56072737 1.01114151206
2596.60159046 1.0173984946
2596.62202211 1.00514270024
2596.64245365 0.998879964475
2596.66288509 1.01307687247
2596.68331674 0.996726862579
2596.70374828 1.00906056565
2596.72417972 1.01716214271
2596.74461137 0.996512938231
2596.76504291 0.999543294911
2596.78547435 0.983602722292
2596.80590599 0.995253829417
2596.82633744 0.988329857186
2596.84676908 1.00126695623
2596.86720062 1.00918123978
2596.88763216 0.99958827612
2596.90806361 0.996369647007
2596.92849525 1.00936202278
2596.94892679 1.01810554115
2596.96935823 1.00258054888
2596.98978987 1.00926412687
2597.01022141 0.997478555904
2597.03065306 1.00169564855
2597.0510845 1.01805624937
2597.07151604 1.00050535031
2597.09194768 0.993201111814
2597.11237912 1.00416632614
2597.13281066 1.00457070222
2597.1532423 0.995339118211
2597.17367374 0.996056731392
2597.19410528 1.01399476474
2597.21453692 1.00322189713
2597.23496836 1.01581521573
2597.2553999 1.01081230196
2597.27583154 1.01232647505
2597.29626298 1.00392244007
2597.31669452 1.03591383224
2597.33712616 1.02566855135
2597.3575577 1.01210212339
2597.37798914 0.997917522923
2597.39842078 1.00812193142
2597.41885232 1.0073668549
2597.43928386 0.994457833959
2597.45971539 1.00994725607
2597.48014693 0.989578273689
2597.50057857 1.00473378913
2597.52101001 1.01596703448
2597.54144155 0.997798324257
2597.56187309 1.00419972079
2597.58230462 0.995623700616
2597.6231677 1.00878435801
2597.66403068 0.981799186794
2597.74575692 0.978044250947
2597.76618846 0.982712332511
2597.78662 0.986808838582
2597.80705153 0.997638655572
2597.82748307 0.98419425216
2597.84791471 0.979137314641
2597.86834624 1.01701447003
2597.88877768 1.01363315824
2597.90920932 0.964981358139
2597.92964085 0.97323697312
2597.95007229 0.9869945173
2597.97050392 0.969732131331
2598.0113669 1.00838748874
2598.03179853 1.00121539844
2598.05223007 1.01377545242
2598.0726615 0.989209083939
2598.09309314 0.99104662609
2598.11352467 0.981969304354
2598.13395611 0.988192442362
2598.15438774 0.970549210313
2598.17481928 0.976935739724
2598.19525091 0.986512378639
2598.21568235 0.971901135155
2598.25654551 1.0102597729
2598.27697695 1.00296080206
2598.29740848 1.00378110267
2598.31784002 1.00434507644
2598.33827155 1.00075009574
2598.35870308 1.00872493683
2598.37913462 1.00280491774
2598.39956615 0.995841641997
2598.41999769 0.999847105577
2598.44042932 0.984252583949
2598.46086075 1.00015866918
2598.48129229 0.990735032513
2598.50172392 0.994792824154
2598.52215535 0.998860383988
2598.54258698 1.00296700499
2598.56301852 1.00053789283
2598.58344995 1.00792136942
2598.60388158 1.00270189823
2598.62431311 0.984572208412
2598.64474455 0.99601289716
2598.66517618 0.998500348356
2598.68560771 1.00580461516
2598.70603924 1.01242775137
2598.72647078 0.995013411127
2598.74690231 0.999738577692
2598.76733384 0.994503092924
2598.78776537 0.994540346811
2598.8081969 0.984124656335
2598.82862843 0.980662972977
2598.84906006 0.988003909136
2598.8694915 0.995414561497
2598.88992303 0.996482583326
2598.91035466 0.989266577687
2598.93078609 0.990784348318
2598.95121772 0.998235351327
2598.97164925 0.996889075979
2598.99208068 0.996042986907
2599.01251231 1.00010347338
2599.03294384 1.00606308229
2599.05337527 0.998463775257
2599.0738069 1.0074439188
2599.09423833 1.00593963741
2599.11466986 1.0077868994
2599.13510149 1.0114998929
2599.15553292 0.992513327252
2599.17596445 1.00237958021
2599.19639608 1.00741299933
2599.21682751 0.994409583056
2599.23725904 1.00003050519
2599.25769067 1.010633218
2599.2781222 0.992864833466
2599.29855373 1.0075811196
2599.31898526 0.990004970036
2599.33941679 1.01058326544
2599.35984832 1.01010553731
2599.38027984 0.996307540065
2599.40071137 1.00996855342
2599.421143 1.01324183364
2599.44157443 1.02227132456
2599.46200596 1.02525435788
2599.48243759 0.995011844081
2599.50286901 0.999710472919
2599.52330054 0.999828400125
2599.60502675 0.996630585966
2599.64588981 0.98523714354
2599.66632134 1.0343006826
2599.74804745 0.99437886358
2599.76847897 0.995569531211
2599.7889105 0.994656783684
2599.80934193 1.01235067179
2599.82977355 0.993750144116
2599.85020508 0.997261865139
2599.87063651 1.00365146519
2599.89106813 0.984948971537
2599.91149966 0.992196519043
2599.93193109 1.00332789683
2599.95236271 0.988867816293
2599.97279424 1.02230545135
2600.01365729 0.988931652398
2600.03408882 0.995570703497
2600.05452044 0.998150762332
2600.07495187 0.986198252399
2600.0953834 1.00119283214
2600.11581502 1.00562977096
2600.13624645 1.00298156713
2600.15667797 1.01184830934
2600.1771096 1.01374940103
2600.23840417 0.98728510674
2600.2588357 0.998471993395
2600.27926712 1.00219809697
2600.29969875 1.00482209201
2600.32013027 0.99915953634
2600.3405617 1.00268341558
2600.36099332 1.02084550426
2600.38142485 1.00462057327
2600.40185647 1.00526284959
2600.4222879 0.989839066141
2600.44271942 1.00209222571
2600.46315095 0.999831833408
2600.48358247 0.989094331807
2600.50401399 1.02177885554
2600.52444552 0.989837188256
2600.54487704 1.01533774895
2600.56530847 1.02159693662
2600.58574009 1.00411576389
2600.60617161 0.991409803305
2600.62660314 0.995494600964
2600.64703466 0.989719967071
2600.66746618 0.999460941742
2600.68789771 0.992538337932
2600.70832923 0.99293920008
2600.72876075 1.01255516916
2600.74919238 1.00175241315
2600.7696239 0.992041313294
2600.79005532 0.996638802201
2600.81048695 1.0074785824
2600.83091847 0.990661156697
2600.85134989 1.00151320642
2600.87178151 0.997172916399
2600.89221304 1.00962407274
2600.91264446 1.02055635141
2600.93307608 1.01331996843
2600.95350761 1.00523082237
2600.97393903 0.998873568651
2600.99437065 0.98934754215
2601.01480217 1.00169400868
2601.03523359 0.992447668926
2601.05566522 0.989364699989
2601.07609674 1.00711249224
2601.09652836 0.995704277473
2601.11695978 0.995932575067
2601.1373913 1.00549446655
2601.15782293 1.01492079489
2601.17825445 0.998976442265
2601.19868587 1.00134452679
2601.21911739 0.994242490594
2601.23954901 1.01320311391
2601.25998043 0.999047282534
2601.30084348 0.981780155374
2601.321275 0.997825423656
2601.34170662 1.00435749241
2601.36213804 1.00318466598
2601.38256956 0.996891517074
2601.40300118 0.998490409038
2601.4234326 1.00695098843
2601.44386422 1.01330888724
2601.46429574 0.999162709902
2601.48472717 1.01406290469
2601.52559031 1.00324145818
2601.54602173 0.993534705525
2601.56645335 0.983230697901
2601.58688487 1.00058546268
2601.60731639 0.97326853961
2601.72990551 1.01025547134
2601.75033713 0.995240240505
2601.77076855 1.00019039067
2601.79120017 0.998503174818
2601.81163169 0.993369229683
2601.83206311 1.0023940767
2601.85249473 0.995875825778
2601.87292625 1.0054401431
2601.89335767 0.999593098347
2601.97508384 1.01140506855
2601.99551536 0.993104590963
2602.01594678 0.991422122561
2602.0363784 1.01175820735
2602.05680982 1.01005519485
2602.07724134 0.995711342295
2602.09767296 0.996538086719
2602.11810448 0.995604038979
2602.138536 1.0104752238
2602.17939903 0.990299647126
2602.19983055 1.00387858037
2602.22026207 0.988613257822
2602.24069359 1.00021331578
2602.26112521 1.01165396362
2602.28155663 0.990422503788
2602.30198814 1.02312680054
2602.34285118 1.00005739903
2602.3632827 1.00041905465
2602.38371432 0.995348839028
2602.40414574 1.00638314024
2602.42457725 0.99785834822
2602.44500887 1.00291564019
2602.46544029 0.9918544961
2602.48587191 0.993274820339
2602.50630343 0.999151403047
2602.52673484 0.988099898042
2602.56759798 1.00790670845
2602.5880295 0.981328361594
2602.60846101 1.00315613898
2602.62889253 1.00251958242
2602.64932405 1.00654506249
2602.66975557 0.989109430331
2602.69018708 1.0129193804
2602.7106186 0.99488190779
2602.79234467 0.992533158989
2602.81277619 1.01067156076
2602.8332078 0.99378790692
2602.85363922 1.00397588087
2602.87407074 1.00065566678
2602.89450236 0.990996143403
2602.91493377 1.00168156071
2602.93536529 0.990730317189
2602.95579691 1.0070933048
2602.97622832 1.01159204448
2602.99665984 0.993297287846
2603.01709146 1.00994178169
2603.03752287 1.00664722094
2603.05795439 0.997273054141
2603.07838601 0.995289447679
2603.09881752 1.00392466236
2603.11924904 0.999003106107
2603.16011207 0.985149858745
2603.18054359 0.986583871772
2603.2009751 1.00394928457
2603.22140662 1.00438600505
2603.24183824 0.995870996108
2603.26226965 0.997978305843
2603.28270117 1.00443599501
2603.30313279 1.00617352988
2603.3235642 1.00079204491
2603.34399572 0.981536566058
2603.36442733 1.00270608558
2603.38485875 1.01441553707
2603.40529027 1.01198894604
2603.4461533 1.01536250169
2603.46658491 0.994759588725
2603.48701633 1.04055724723
2603.50744784 1.00045878102
2603.52787946 1.02537164174
2603.54831088 1.00054613328
2603.56874239 0.991578658671
2603.58917401 1.0249112646
2603.60960552 0.994421173004
2603.65046855 0.995382085931
2603.67090007 0.99055861425
2603.69133148 1.00313826073
2603.7117631 0.999106739751
2603.73219461 0.994646981157
2603.75262613 0.990565250759
2603.77305765 1.0013516923
2603.79348916 1.01082566523
2603.81392078 1.00451192052
2603.83435219 0.99887927865
2603.85478371 0.981409533665
2603.89564674 0.983811329242
2603.91607825 0.988228988047
2603.93650987 0.984922018657
2603.95694128 0.993342071916
2603.9773728 0.990829982122
2603.99780441 0.989314141571
2604.01823583 1.00516244823
2604.03866744 0.99127635907
2604.05909896 1.00666520158
2604.07953047 0.998892538314
2604.09996199 1.00333939375
2604.14082491 1.01511574794
2604.16125653 0.98987183413
2604.18168804 1.00388441368
2604.20211946 0.993659967545
2604.22255107 1.00433613748
2604.24298259 1.00226005042
2604.263414 0.986992231986
2604.28384562 1.01217115896
2604.30427713 1.00963733137
2604.32470855 0.988391164721
2604.34514016 0.987749127586
2604.36557167 0.99246945235
2604.38600329 1.00657691978
2604.4064347 0.996750636682
2604.42686622 1.01182553888
2604.44729783 1.0036727559
2604.46772925 0.993204076607
2604.48816076 0.995433541689
2604.50859237 0.998554613808
2604.52902379 1.00057299246
2604.5494553 1.01596846033
2604.56988692 0.998024345089
2604.59031833 0.989508715913
2604.65161297 1.0027723687
2604.692476 0.991576436708
2604.71290752 0.986773220891
2604.73333913 1.01626991259
2604.75377054 1.01074833673
2604.77420206 0.99216564142
2604.79463367 0.98934438613
2604.81506509 0.99529182136
2604.8354966 0.997746475625
2604.85592821 1.00010561467
2604.87635963 1.00100182715
2604.89679114 0.990519030152
2604.91722265 1.00215673262
2604.93765417 1.02837436016
2604.95808578 1.00333411642
2604.9785172 1.00100118909
2604.99894871 1.00437080856
2605.01938032 1.00346275388
2605.03981174 0.995349710356
2605.06024325 0.996341887817
2605.08067486 0.996497627222
2605.12153779 0.999256381092
2605.14196941 0.998768082011
2605.16240092 0.986077444092
2605.18283233 1.00670317656
2605.20326395 1.0071365306
2605.22369546 1.00797456225
2605.24412687 1.02483791819
2605.26455849 0.990349428264
2605.28499 1.0170691661
2605.30542161 0.991383688659
2605.32585303 0.989945687802
2605.36671615 0.998428380908
2605.38714757 1.00594834406
2605.40757908 0.999073153961
2605.4280107 1.01144188032
2605.44844211 0.99781642122
2605.46887362 0.997714325687
2605.48930524 1.00994825092
2605.50973665 1.01014905649
2605.53016816 1.00077046618
2605.55059968 0.9901227152
2605.57103129 0.982715209838
2605.61189432 1.009219525
2605.63232573 0.987389555741
2605.65275734 1.00166527989
2605.67318886 0.994858517201
2605.75491481 1.01717114498
2605.79577794 1.00608792088
2605.87750409 0.993085144033
2605.8979355 0.986387817944
2605.91836702 1.0153812402
2605.93879863 1.00665768534
2605.95923004 1.00147002375
2605.97966156 0.990194970981
2606.00009317 1.01025097379
2606.18397679 0.979945830237
2606.2044083 0.984714559557
2606.26570284 1.00196932146
2606.28613435 0.997735299384
2606.30656587 1.0000935792
2606.32699738 0.997525681623
2606.34742889 0.988100790963
2606.36786041 0.999743952245
2606.38829182 0.990640902041
2606.40872343 1.01165760692
2606.42915495 0.991833479271
2606.44958656 1.00168518945
2606.47001797 0.995478843047
2606.49044949 1.00193986754
2606.5108811 0.986296465602
2606.53131251 0.998888353206
2606.55174403 1.00617047066
2606.59260705 1.006020066
2606.63347018 1.00516129186
2606.65390169 1.00469544256
2606.67433311 0.987433877438
2606.69476472 0.99684100947
2606.71519623 0.989222908185
2606.73562775 0.99832201577
2606.75605926 1.02186902653
2606.77649077 0.994923849142
2606.79692239 0.975100962917
2606.89907985 1.00401732288
2606.91951147 1.00995166336
2606.93994288 1.01464638175
2606.96037439 1.02175571647
2606.98080601 1.00551635969
2607.00123742 1.01614842187
2607.02166903 0.97545290596
2607.04210045 0.950420221346
2607.08296357 1.00218249439
2607.10339499 1.00662225787
2607.1238265 1.0074299364
2607.14425811 1.00116643677
2607.16468963 1.02579561622
2607.18512104 0.994366966707
2607.20555265 0.999661217046
2607.22598417 0.992889267994
2607.24641558 0.990651894708
2607.2668472 1.01197397601
2607.28727871 0.964166330092
2607.32814174 0.99721091273
2607.34857325 0.998618888788
2607.36900486 1.00844578497
2607.38943628 0.993909662269
2607.40986779 1.0024294991
2607.4302994 0.999868765626
2607.45073082 0.993553539052
2607.47116233 1.0000690033
2607.49159395 0.973380691959
2607.51202536 0.973313718102
2607.53245687 1.00113503753
2607.5733199 1.00807220754
2607.59375151 0.989193636329
2607.61418303 1.01118219908
2607.63461454 1.02033611902
2607.65504606 0.991434206405
2607.69590908 0.990321977514
2607.7163406 0.994403314006
2607.73677211 0.968750763364
2607.92065574 1.01580396509
2607.94108735 1.02175877253
2607.96151877 1.00968372226
2607.98195028 1.00801025627
2608.0023819 1.02481838674
2608.02281331 1.00053277304
2608.08410785 0.990780131258
2608.10453947 0.98874566901
2608.12497098 1.01580931588
2608.1454025 1.01251493551
2608.16583401 0.990565715059
2608.18626553 1.02402909166
2608.20669704 0.985803943576
2608.22712855 0.997224373371
2608.24756007 0.995703724378
2608.26799158 1.01558094792
2608.30885461 0.992542374039
2608.34971774 1.00247812952
2608.37014916 0.998879006264
2608.39058077 0.983460256901
2608.41101229 1.00107024485
2608.4314437 0.989163946161
2608.47230683 0.995513640331
2608.49273825 1.00382673569
2608.51316986 0.991233146958
2608.55403279 0.99763393952
2608.57446441 0.990902641464
2608.59489582 1.00271153181
2608.61532744 1.00621152592
2608.67662198 0.988500478546
2608.6970535 1.0108053755
2608.71748501 1.00357482783
2608.73791653 1.00587630666
2608.81964259 0.99803510472
2608.8400741 0.997001541775
2608.86050572 1.01430004768
2608.88093714 0.990327951686
2608.90136875 1.00149179165
2608.92180027 1.00629517957
2608.94223168 1.00052464861
2608.9626633 1.01094438972
2608.98309481 0.99582447515
2609.06482078 0.997217667067
2609.08525239 1.01574026527
2609.10568391 1.0011649072
2609.12611542 0.99922904124
2609.14654694 0.993702570611
2609.16697846 1.00006728681
2609.18740997 1.03991643786
2609.20784149 1.00633057045
2609.228273 1.01979565555
2609.24870452 1.00370731645
2609.28956755 0.983633355849
2609.30999907 0.987875437617
2609.33043059 0.991393684426
2609.3508621 0.993010222374
2609.37129372 0.994272631887
2609.39172514 1.01460027409
2609.41215675 1.01032400904
2609.43258827 1.02358596869
2609.45301969 0.999495720147
2609.4734513 0.976395195413
2609.55517737 0.985671010179
2609.57560879 0.996725048256
2609.5960404 0.983266375124
2609.61647192 1.00570438053
2609.63690344 1.00573122118
2609.65733495 1.00038321691
2609.67776647 0.994544077667
2609.69819809 1.00244777527
2609.71862951 1.0213722077
2609.82078719 0.990185231679
2609.84121871 0.993572769712
2609.86165013 1.00917058157
2609.88208175 0.997829291323
2609.90251316 0.995520654412
2609.92294478 1.01218960848
2609.9433763 0.988034878288
2610.06596541 1.00284045995
2610.08639682 1.00810094645
2610.10682844 1.00064132215
2610.12725996 1.03622426408
2610.14769138 0.995246089251
2610.168123 0.993069337923
2610.18855452 0.991427745207
2610.20898613 0.995477484443
2610.27028069 1.00746234441
2610.29071211 0.998601258406
2610.31114363 0.99879834401
2610.33157525 1.00241460051
2610.35200676 0.999760396004
2610.37243818 0.976857222106
2610.3928698 0.99821680593
2610.41330132 1.02103113617
2610.43373294 1.01101221967
2610.45416436 1.00390709609
2610.47459588 0.996373240795
2610.51545892 1.00218515579
2610.59718499 1.02310874723
2610.61761651 1.00680551568
2610.63804803 1.00478863761
2610.67891107 1.0004284017
2610.69934259 0.990425250722
2610.71977421 0.9928332642
2610.76063715 0.994621376587
2610.78106877 1.00052868293
2610.80150019 1.00505702334
2610.82193171 0.990716228284
2610.84236333 0.957280916636
2610.86279485 0.999826921733
2610.88322627 0.990388410241
2610.90365789 0.977945917781
2611.06711016 1.00024417966
2611.08754158 0.989541860255
2611.1079731 0.992471692014
2611.12840472 1.00207623848
2611.14883614 1.02028789452
2611.16926776 0.994875814185
2611.18969929 0.994727193441
2611.27142537 1.0134607433
2611.29185689 1.00659753415
2611.31228832 1.00095871223
2611.33271994 1.00661393405
2611.35315146 0.999478541532
2611.37358298 0.999630131321
2611.3940145 1.00370237576
2611.41444602 0.995321868347
2611.43487755 0.979574693781
2611.51660374 0.993459348732
2611.53703516 0.996183044399
2611.55746668 0.982929091418
2611.5778983 1.00653549953
2611.59832973 1.01028600976
2611.61876135 1.00594168278
2611.63919287 1.01376053383
2611.65962429 1.0112224029
2611.78221343 1.01570975866
2611.80264506 1.00023458047
2611.82307658 1.02238151465
2611.90480278 1.00120073097
2611.9252342 1.00092162412
2611.94566572 1.00067617191
2612.0069603 1.00001251706
2612.02739192 0.991105810284
2612.06825487 1.00138579441
2612.08868649 0.988241907916
2612.10911792 0.990946897901
2612.12954954 1.02065244155
2612.14998107 0.993749968285
2612.17041249 1.00905827031
2612.19084412 1.02480073453
2612.23170707 0.99949562143
2612.25213869 1.01464390387
2612.27257022 1.00144045124
2612.29300164 0.987631797737
2612.31343327 0.98963926058
2612.33386479 0.989002424237
2612.35429642 0.991200770129
2612.37472784 0.998332656791
2612.39515937 0.996838998626
2612.415591 0.978385640491
2612.43602242 0.962880353503
2612.47688557 1.02804895593
2612.4973171 0.989306500358
2612.51774853 1.02227837516
2612.53818015 1.02798453267
2612.55861168 0.9891329923
2612.5790432 0.979974639939
2612.59947473 0.993122715575
2612.61990626 0.976531722935
2612.8037901 0.981271347086
2612.82422153 1.0137285309
2612.84465306 0.993681999372
2612.86508468 1.03348225216
2612.88551611 1.01330396362
2613.00810528 0.994457152651
2613.02853691 1.00324456361
2613.04896844 1.00401668405
2613.06939997 1.00189507475
2613.08983149 1.00669382624
2613.11026302 1.00811054074
2613.13069455 1.00414335571
2613.15112618 1.00027232923
2613.17155761 1.00056257021
2613.19198914 0.987908299688
2613.21242077 1.02538472934
2613.25328383 0.993813103076
2613.27371536 1.00753297022
2613.29414679 0.986167589488
2613.31457842 0.948923921735
2613.33500994 0.949301500137
2613.35544137 0.946592791648
2613.51889372 1.00215962212
2613.53932525 0.988978514346
2613.55975678 1.00110436403
2613.58018831 1.02694795065
2613.60061984 0.994811505263
2613.62105137 0.976976611563
2613.6414829 0.985940119178
2613.66191453 0.971255156772
2613.7027776 0.995729156063
2613.72320913 1.00250259391
2613.74364056 1.01844833881
2613.76407219 0.998352087964
2613.78450372 0.992611311607
2613.80493516 0.941590531309
2613.82536679 0.966492911306
2613.84579832 0.949206221039
2614.05011365 0.998517557577
2614.07054518 0.989012001502
2614.09097672 0.98303150432
2614.11140835 1.01085624188
2614.13183978 0.999247619542
2614.15227142 0.987955190273
2614.19313438 0.992003545599
2614.21356602 0.98547266108
2614.23399755 0.999776102521
2614.25442899 0.998755435616
2614.27486062 0.991895519618
2614.29529216 1.02998178063
2614.31572359 1.0055010694
2614.33615523 0.995176677068
2614.35658676 1.00566438419
2614.3770184 0.997835528471
2614.39744983 1.00336858937
2614.438313 0.996393367686
2614.52003904 1.00582696895
2614.54047058 1.00254765533
2614.56090222 1.01062596279
2614.58133365 1.00649674791
2614.60176529 1.03235825951
2614.72435451 1.00718567137
2614.74478604 1.00612730726
2614.76521758 1.01079230069
2614.78564912 1.02220533728
2614.80608066 1.00842149741
2614.82651219 1.00036524262
2614.84694373 1.00203430579
2614.94910152 0.998243612062
2614.96953296 0.991729971498
2614.9899645 1.00204365627
2615.01039613 0.99515907262
2615.03082757 1.01130162645
2615.05125921 0.991670423239
2615.07169075 1.00860664562
2615.09212219 1.00275347889
2615.11255383 1.02084036699
2615.13298537 1.00146949236
2615.17384845 1.00619286551
2615.19427999 0.995003135646
2615.21471153 1.01427869268
2615.23514307 1.00674117717
2615.25557461 0.995036103134
2615.27600625 1.02865629796
2615.29643769 0.985337734085
2615.31686923 1.00837955638
2615.33730087 0.987881629953
2615.35773241 0.988684041474
2615.37816385 0.96466755666
2615.41902703 1.03075302288
2615.43945847 0.994889416545
2615.45989011 0.9944998812
2615.48032165 0.993236873436
2615.50075319 0.965145202188
2615.52118474 1.03370844193
2615.54161618 0.945519111195
2615.56204782 0.863334451218
2615.58247936 0.861256616088
2615.70506861 1.02256642903
2615.72550026 1.02521297828
2615.7459317 0.995215528828
2615.76636324 0.983012172631
2615.78679489 0.963901250654
2615.80722633 0.968818410751
2615.97067878 0.991141653719
2615.99111032 0.997837222628
2616.01154197 1.00493626349
2616.03197341 1.02094932119
2616.05240496 1.00808223427
2616.0728366 0.998822657866
2616.09326805 1.00364045899
2616.17499433 1.00327936195
2616.19542578 1.01421896099
2616.21585732 1.00808295669
2616.25672041 1.02155276127
2616.27715196 1.003738654
2616.29758361 1.01058812588
2616.31801505 0.985668198134
2616.3384467 1.00674988628
2616.35887825 0.965613596498
2616.39974134 1.02513068658
2616.42017289 0.984947409239
2616.44060443 0.988908718026
2616.46103598 0.998221689342
2616.48146753 0.988054998299
2616.50189908 1.00084785627
2616.52233073 0.976775293343
2616.56319382 1.00404099507
2616.68578311 1.00282638049
2616.70621466 0.996193240057
2616.72664611 1.01222593154
2616.74707776 0.992810484683
2616.76750931 1.02153448343
2616.78794086 0.990906335255
2616.80837241 1.01846280577
2616.82880396 1.01257021755
2616.91053016 0.997857105791
2616.93096171 0.999151590507
2616.95139326 0.982781867304
2616.97182481 1.01323378854
2616.99225636 1.00058633364
2617.01268802 0.982869971893
2617.03311947 1.00398649103
2617.05355102 0.99474310575
2617.07398267 1.00205868595
2617.09441422 0.973735454038
2617.13527733 1.01173542042
2617.15570888 1.01280756329
2617.17614033 0.999040609544
2617.19657198 0.9917075589
2617.21700354 0.979776799292
2617.23743519 1.02457948853
2617.25786664 0.940092135678
2617.2782982 0.943677409031
2617.44175063 0.995089317909
2617.46218228 1.00603215274
2617.48261383 0.991572242137
2617.50304529 0.995890315102
2617.52347694 1.01262509426
2617.5439085 1.02425832307
2617.66649783 1.00096122154
2617.68692939 0.993002297062
2617.70736095 0.993535719983
2617.7277925 1.01097046895
2617.74822416 0.997286081476
2617.76865562 1.03675275319
2617.93210817 0.982362910039
2617.95253963 1.00409551688
2617.97297129 1.00213035933
2617.99340285 0.992935872881
2618.01383441 1.00566484221
2618.03426597 1.0188449399
2618.05469753 1.00976626237
2618.07512918 0.999718476872
2618.09556064 0.997207351742
2618.1159922 1.00040407137
2618.13642386 1.01011681421
2618.15685542 1.01150669779
2618.17728688 0.993956558092
2618.19771854 1.00808375419
2618.2181501 0.99534722973
2618.23858156 1.01855240333
2618.25901322 0.99744886954
2618.27944468 1.00625164691
2618.29987634 1.02612009693
2618.36117103 1.00011976525
2618.38160259 1.00096892118
2618.40203405 0.989339498833
2618.42246571 0.981795307157
2618.44289727 1.00788648447
2618.46332874 0.967550003116
2618.4837604 1.01899005339
2618.50419196 0.987562842956
2618.52462362 0.948516328703
2618.647213 1.00296033043
2618.66764447 0.997281389229
2618.68807603 0.998743883814
2618.70850769 0.998132634843
2618.72893926 1.02016378524
2618.74937082 1.00028479418
2618.76980239 1.00322671412
2618.91282334 1.00071652585
2618.93325491 1.01462281228
2618.95368648 0.998941076064
2618.97411814 1.00192258303
2618.99454961 0.999076288655
2619.01498118 1.023589722
2619.03541284 0.997302664735
2619.05584431 0.980356974205
2619.09670754 1.01745478086
2619.11713901 0.996472948295
2619.13757068 1.03986090317
2619.15800225 1.03002342296
2619.17843371 1.01332939599
2619.19886538 1.0412322866
2619.21929695 0.974168954957
2619.23972852 0.983241902939
2619.26016009 1.01078786911
2619.3827496 1.02007348272
2619.40318107 0.996398643312
2619.42361274 1.00332035909
2619.44404431 0.994396616138
2619.46447578 1.01927324914
2619.48490745 0.991413347501
2619.50533902 1.01507701219
2619.54620217 0.974001403494
2619.58706541 0.994328916763
2619.60749688 1.00328354308
2619.62792845 1.00408094675
2619.64836002 1.00161256229
2619.6687916 0.994400482963
2619.68922307 1.00735419115
2619.70965474 0.976467272606
2619.73008631 0.992458721139
2619.75051779 0.995288798904
2619.77094946 0.931119635551
2619.85267575 0.995904529047
2619.87310743 1.01016295124
2619.893539 1.02034116798
2619.91397048 0.998060470206
2619.93440215 1.00937083818
2619.95483372 0.988732560581
2619.9752652 0.996244619995
2620.1387179 0.982418522953
2620.15914958 1.01342075565
2620.17958106 1.0104582313
2620.20001273 1.01449495157
2620.22044431 1.00566589159
2620.24087579 0.988135811074
2620.26130747 1.01791966601
2620.28173904 1.01718454201
2620.30217052 0.981667894196
2620.3226022 0.996465789916
2620.34303378 0.991195964559
2620.36346536 1.0081007747
2620.38389693 0.995863638717
2620.40432851 0.971664562833
2620.42476009 1.00062963809
2620.44519167 0.99721014788
2620.46562325 0.981303582895
2620.62907589 1.00875679154
2620.64950757 0.99203291489
2620.66993915 1.01076471716
2620.69037063 1.03932912081
2620.71080232 1.00149998033
2620.7312339 1.0093670919
2620.85382339 0.997476472541
2620.87425507 1.01099260863
2620.89468656 1.016583587
2620.91511814 0.98758124347
2620.93554983 0.99049204521
2620.95598131 1.00006620675
2620.97641289 1.0099635781
2620.99684458 0.990900306057
2621.07857082 0.991315111341
2621.0990025 1.00154539778
2621.11943409 0.983417567873
2621.13986557 0.986635943803
2621.16029726 1.00157733978
2621.18072884 0.990884172913
2621.20116033 0.998457174762
2621.22159202 1.00490607637
2621.32375005 0.984866623949
2621.34418154 0.996917046805
2621.36461313 1.00412370588
2621.38504481 0.999481876901
2621.4054763 1.01046518455
2621.42590789 1.00855830629
2621.44633958 1.01311161553
2621.46677107 1.00583231766
2621.48720276 1.01700481707
2621.50763435 0.978455261175
2621.54849753 0.978586717525
2621.56892912 1.01148638526
2621.58936071 1.00012012022
2621.6097923 0.991982870188
2621.63022389 1.01528884811
2621.65065548 1.00040660874
2621.67108717 0.999995442355
2621.69151866 1.00632675777
2621.71195025 1.00311313253
2621.73238194 0.987332088551
2621.79367662 1.01092710475
2621.81410821 0.985586775657
2621.8345399 0.982999075089
2621.85497139 0.974864178152
2621.87540309 1.00658625202
2621.89583468 1.00561263726
2621.91626617 0.996737030697
2621.93669787 0.986170467856
2621.95712946 1.00966267792
2622.07971903 0.991018984518
2622.10015072 0.998407817625
2622.12058222 1.00808943283
2622.14101381 0.98932078376
2622.16144551 1.00140188196
2622.181877 0.993581202709
2622.2023086 0.97985577968
2622.2227403 1.00748436994
2622.24317189 1.00923014866
2622.26360349 0.996171987565
2622.28403509 0.988413470487
2622.30446668 0.988437438413
2622.32489828 1.0020090448
2622.34532988 1.01025279441
2622.36576148 0.99677033639
2622.38619307 1.00209120196
2622.40662467 1.03874189341
2622.42705617 1.00871073121
2622.44748787 0.955830194684
2622.46791947 0.998995375731
2622.48835117 0.967149669158
2622.52921427 0.992275213042
2622.54964597 1.00846023395
2622.57007747 1.00789452949
2622.61094077 0.986431236821
2622.63137227 1.03307186064
2622.65180387 1.03545393159
2622.67223557 1.0012656105
2622.69266707 1.02352582164
2622.71309877 0.991325188631
2622.79482518 1.0026251763
2622.81525678 0.993064191951
2622.83568839 0.993514200765
2622.85611999 0.997005439312
2622.87655169 1.03445342913
2622.8969833 1.00474635529
2622.9174148 1.02328780942
2622.9378465 0.97287941644
2622.95827811 0.985300749405
2623.04000443 0.992165014491
2623.06043613 0.992542134613
2623.08086774 1.00178485829
2623.10129934 1.00742379396
2623.12173095 0.99819671031
2623.14216255 1.00815577928
2623.16259416 1.04156926509
2623.18302577 1.02413840957
2623.30561541 0.982213482386
2623.32604712 1.01428913496
2623.34647863 0.98040629464
2623.36691024 0.994110370079
2623.38734194 1.00110883365
2623.40777345 0.999810121125
2623.42820506 1.01689456855
2623.44863677 0.97828164774
2623.46906838 1.00018973006
2623.5099316 0.986924143529
2623.53036321 0.986646539244
2623.55079492 1.00281690014
2623.57122643 0.994694979135
2623.59165804 1.00055915869
2623.61208976 1.0119820084
2623.63252127 1.02625304545
2623.67338459 1.03140980501
2623.6938161 1.01357998475
2623.71424782 0.993731728532
2623.75511094 0.974865180976
2623.77554265 1.01307179104
2623.79597417 0.991355522837
2623.81640578 0.990118360919
2623.83683749 1.00906211612
2623.85726901 0.997751497776
2623.87770062 1.01194784706
2623.89813234 1.03570448429
2623.91856395 1.02821911101
2623.93899557 0.994392138722
2623.95942718 1.02246649209
2624.00029041 0.987521365294
2624.02072203 0.995113775956
2624.04115364 0.99719911113
2624.06158536 0.9945576403
2624.08201688 1.01775828568
2624.10244859 0.994653184047
2624.12288021 1.01677469096
2624.14331173 1.01334663762
2624.16374345 1.01371430666
2624.18417506 0.981815756452
2624.26590144 0.984217404996
2624.28633316 0.994464200386
2624.30676478 1.02470475174
2624.32719649 0.986998758932
2624.34762801 1.00869057498
2624.36805963 1.00550860204
2624.38849135 1.01633254672
2624.40892287 0.998483271326
2624.42935449 1.00127248036
2624.44978612 0.992599512093
2624.49064946 1.01598898112
2624.51108098 1.01657063424
2624.5315126 1.00754505842
2624.55194432 1.02890822975
2624.59280747 1.00133072094
2624.61323919 1.01673989809
2624.79712381 0.989295048506
2624.81755543 0.984936748102
2624.83798716 0.987628447488
2624.89928203 0.990534879708
2624.91971356 0.978639863836
2624.98100844 0.987039123987
2625.00144017 1.03255519325
2625.0218718 0.995780931355
2625.04230332 1.01660458357
2625.06273505 1.00401568096
2625.08316668 1.02882069195
2625.10359841 1.01160779829
2625.12402994 1.01682627767
2625.14446157 0.977902355973
2625.1648932 1.00988812838
2625.18532482 1.00864665751
2625.22618808 1.01611774291
2625.24661971 1.00925555529
2625.26705135 0.981077404071
2625.28748308 1.00571197647
2625.30791461 0.966804763279
2625.34877797 0.957277954591
2625.3692095 0.987711766784
2625.38964123 0.961321815556
2625.41007287 0.925019304603
2625.4305044 0.910564228229
2625.47136776 1.03744337722
2625.4917995 1.03115877311
2625.51223103 1.03328683064
2625.53266266 0.998595499231
2625.5530944 0.977463448729
2625.57352593 0.983013837143
2625.59395757 0.972633550474
2625.6143893 0.947640583236
2625.79827403 1.00771741061
2625.81870566 1.01130568523
2625.8391373 1.00008745985
2625.85956894 1.00077270229
2625.88000058 1.02853473886
2625.90043222 1.01580887623
2625.92086385 0.999613164324
2625.98215877 0.992388295811
2626.00259051 0.995540609574
2626.02302205 1.00349634575
2626.04345369 1.00559780016
2626.06388543 0.993259278782
2626.08431697 1.00235717462
2626.10474871 0.980128233778
2626.12518035 0.997089794466
2626.1456119 1.00075179271
2626.16604364 0.989259005521
2626.20690682 0.994620330373
2626.22733856 0.990520030717
2626.24777021 1.00452832947
2626.26820185 1.0086809825
2626.28863349 1.00863856953
2626.30906514 1.01057052163
2626.32949688 1.00882699628
2626.34992842 1.00093058704
2626.37036007 1.00037527298
2626.39079181 1.00707368777
2626.41122346 0.993379529968
2626.45208675 0.987436756336
2626.53381333 1.00781137802
2626.55424498 1.00901525435
2626.57467662 1.00263914572
2626.59510817 1.0136984094
2626.61553992 1.00244924589
2626.63597157 1.01064880008
2626.65640312 0.991140035691
2626.69726651 0.993914320721
2626.71769826 0.984612247276
2626.73812981 0.994097697366
2626.75856146 1.00824656599
2626.77899321 1.00961957557
2626.79942476 1.00220282047
2626.81985641 1.00698027496
2626.84028816 0.981531595802
2626.86071971 1.0005752304
2626.88115146 0.995358853976
2626.90158311 1.00924745078
2626.94244641 0.999930687793
2626.96287807 1.00249501747
2626.98330972 1.00306852839
2627.00374137 1.01462719872
2627.02417302 1.0149338968
2627.04460468 0.982253923086
2627.06503633 1.01359934683
2627.08546798 0.993391651843
2627.10589974 0.960518887915
2627.12633139 0.957020256647
2627.14676295 0.991693083315
2627.18762626 0.98738381906
2627.20805791 1.00364000848
2627.24892132 1.01289883512
2627.26935298 1.00423771962
2627.28978463 0.95764082682
2627.31021619 0.9475599605
2627.33064795 0.905896314066
2627.49410131 0.996409591869
2627.51453287 1.00233062273
2627.53496453 0.988271705221
2627.55539629 1.00857186737
2627.57582795 1.00445699726
2627.59625951 1.01210836383
2627.61669127 1.00416498985
2627.63712293 1.01334652969
2627.67798626 0.983359575539
2627.69841792 0.935059332485
2627.71884968 0.998765961651
2627.73928124 0.998386512805
2627.7597129 0.997069335336
2627.78014467 1.00269560003
2627.80057623 0.988570483891
2627.82100789 1.00123386816
2627.84143966 1.00718651319
2627.86187122 1.00750533993
2627.92316622 0.996721007782
2627.94359798 1.00161468311
2627.96402955 1.00267381885
2627.98446121 1.01246265477
2628.00489298 0.997741611694
2628.02532454 1.00185345492
2628.04575631 1.02727501929
2628.06618798 0.995848292161
2628.08661954 0.996025975339
2628.10705131 1.01444704442
2628.12748298 0.971525010254
2628.16834632 1.02375661719
2628.18877798 1.02319268049
2628.20920965 1.00135981781
2628.22964132 1.01380432895
2628.25007299 1.00451061501
2628.27050476 0.98411789482
2628.29093643 1.00262968494
2628.311368 0.993287257639
2628.33179977 0.994576149303
2628.35223144 0.982431801737
2628.37266301 0.994736149708
2628.41352646 1.02094760817
2628.43395823 1.00200734121
2628.4543898 1.01736739661
2628.47482147 0.987385189926
2628.49525325 1.02871784318
2628.51568482 1.02186894376
2628.53611649 1.02879757959
2628.55654817 0.972520632868
2628.57697984 1.00260376927
2628.59741151 0.994811257257
2628.61784319 0.964201430707
2628.65870664 1.00054672034
2628.67913821 1.01594374495
2628.69956989 1.00602632249
2628.72000167 0.999526942705
2628.74043324 0.982108944924
2628.76086492 0.991628555597
2628.7812967 0.970572336989
2628.80172837 0.965297751819
2628.82216005 0.977708733078
2628.84259173 0.965035784079
2628.92431844 1.02162060321
2628.94475022 1.01748599048
2628.9651818 1.00400448889
2628.98561348 1.01430232572
2629.00604526 1.02659668304
2629.02647684 1.01889001361
2629.04690862 0.987038512804
2629.0673403 1.00029223859
2629.08777188 0.975733004635
2629.10820366 1.00564833579
2629.14906693 1.02201896761
2629.16949871 0.994229824564
2629.18993039 1.00299118768
2629.21036198 1.00741165698
2629.23079376 0.995964568431
2629.25122544 1.01578332892
2629.27165723 1.01026977753
2629.29208881 0.976090645939
2629.3125205 0.969896842129
2629.33295218 0.978813908973
2629.41467892 1.00489141948
2629.43511071 1.003498989
2629.4555424 0.999396076747
2629.47597398 1.0150923461
2629.49640577 0.97916377006
2629.51683746 0.988109427984
2629.53726904 0.981918696007
2629.55770083 0.960019797852
2629.57813252 0.979620028563
2629.65985938 0.996946305662
2629.68029097 1.01244268095
2629.70072266 1.00868685696
2629.72115445 1.00488580072
2629.74158604 1.00469794225
2629.76201773 0.999309125667
2629.78244952 1.01565497547
2629.80288111 0.996090549628
2629.8233129 0.992155038026
2629.8437446 1.00816283871
2629.88460798 0.983552460328
2629.90503968 1.01862909754
2629.92547137 1.00828977224
2629.94590306 1.01027911055
2629.96633476 1.00806294003
2630.00719815 1.00284360919
2630.02762984 1.01844676603
2630.04806154 0.986826865921
2630.06849323 0.983266533232
2630.08892493 0.979864283083
2630.12978832 0.999301429832
2630.15022002 0.990487611413
2630.17065181 1.01027973567
2630.19108341 1.00126156705
2630.21151521 1.01362992481
2630.23194691 0.986117398575
2630.25237851 1.0019048568
2630.27281031 0.980523123514
2630.293242 0.99241349261
2630.3136736 0.972483324462
2630.3341054 0.973392350103
2630.3749687 1.01847895699
2630.3954005 0.993259447575
2630.4158322 1.0036335425
2630.43626401 1.00700975495
2630.45669561 0.998202448574
2630.47712731 0.99382098635
2630.49755911 1.02330041121
2630.51799071 1.00507480832
2630.53842242 1.00517816594
2630.55885422 0.988007556966
2630.57928592 1.0025287533
2630.62014933 1.01188929217
2630.64058103 1.02717805795
2630.66101274 1.00243249491
2630.68144444 1.01837096293
2630.70187605 1.0030808197
2630.72230785 1.01527393428
2630.74273956 0.983319092085
2630.76317117 0.984353397344
2630.78360297 0.94458384283
2630.80403468 0.944222917103
2630.82446649 0.925164754812
2630.8653298 1.00680665309
2630.88576161 1.02535875595
2630.90619322 1.01128050823
2630.92662493 1.01432753146
2630.94705674 1.01259242069
2630.96748835 0.98975186767
2630.98792015 0.975608563384
2631.00835186 0.979222638611
2631.02878347 0.969130531706
2631.04921529 0.970836588203
2631.13094213 1.02011478202
2631.15137394 1.01850366636
2631.17180556 1.01400193242
2631.19223727 1.00349695513
2631.23310079 0.98363321556
2631.25353241 0.971324631827
2631.27396422 0.973194507821
2631.31482755 0.921334294684
2631.35569098 1.02069173412
2631.3761228 1.00803858621
2631.39655451 1.02548643579
2631.41698613 0.999248667824
2631.43741795 1.00246258681
2631.45784966 0.975677574725
2631.47828128 0.957186963977
2631.4987131 0.940532282172
2631.66216695 0.998081805722
2631.68259857 1.0078662353
2631.70303029 0.985637364819
2631.72346211 1.00684812388
2631.74389373 1.00980292502
2631.76432556 1.00312831421
2631.78475728 0.999897093392
2631.805189 1.01651576729
2631.82562072 1.02236961499
2631.84605245 1.00665250048
2631.86648417 1.00664878568
2631.88691589 0.991804753231
2631.90734762 0.990142358568
2631.92777944 1.00574551225
2631.94821117 0.989229047225
2631.96864279 1.00028447215
2631.98907462 0.998321247035
2632.00950634 0.994256441171
2632.02993797 0.999529913448
2632.0503698 0.984229558665
2632.09123315 1.01385006535
2632.11166498 1.00250070822
2632.1320966 0.98499899007
2632.15252843 1.00614722374
2632.17296016 0.990194718312
2632.19339179 0.983087039237
2632.21382362 0.994509656604
2632.23425535 0.987883041941
2632.25468698 0.997381707414
2632.37727756 0.978214336754
2632.39770919 1.00248502274
2632.41814093 0.995910472429
2632.43857276 0.995424910063
2632.45900449 1.01919789907
2632.47943613 0.997709407955
2632.49986796 1.00651216526
2632.52029969 1.01410405476
2632.54073143 1.03743637302
2632.5815949 0.998400925673
2632.60202673 1.00012669201
2632.62245837 1.01192200399
2632.6428901 1.02757237384
2632.66332194 0.9979078172
2632.68375358 1.00502079614
2632.70418541 1.01472991715
2632.72461705 0.995867939833
2632.74504879 1.00149991347
2632.76548063 0.99168963573
2632.78591227 1.00571535694
2632.82677584 1.01187573611
2632.84720748 0.990404654802
2632.86763922 0.993349915199
2632.88807106 0.985623717663
2632.9085027 0.98669845285
2632.92893454 0.95296171095
2632.94936628 0.945958855539
2632.96979793 0.916459179863
2632.99022977 0.897813361718
2633.11282033 1.03078289507
2633.13325197 1.00724961255
2633.15368381 1.00966072843
2633.17411556 1.00298164758
2633.1945472 0.990020063099
2633.21497905 0.992847088977
2633.31713778 0.994621180807
2633.33756953 1.01110717855
2633.35800128 1.01255662992
2633.37843303 0.990113226464
2633.39886477 0.979296255059
2633.41929652 0.984283580264
2633.43972827 0.979706747781
2633.46016002 0.955666918873
2633.48059187 0.920896859802
2633.60318238 1.00630074339
2633.62361413 1.0120045653
2633.64404578 1.00981121975
2633.68490939 1.01981022619
2633.70534114 1.01071694582
2633.7257729 0.993703705033
2633.76663641 0.994689167949
2633.80749992 0.997994624068
2633.82793177 1.00335379914
2633.84836343 1.00918732379
2633.86879529 1.00702185803
2633.88922704 1.01168377591
2633.9096587 0.989472675514
2633.93009056 1.01676049348
2633.95052232 1.00024205056
2633.97095397 0.999959372608
2633.99138583 1.00543689919
2634.01181759 0.997481427225
2634.05268111 0.989026109567
2634.07311287 1.01564746065
2634.09354463 0.993080357827
2634.11397639 1.00291429779
2634.13440805 1.00257427244
2634.15483991 0.991291912145
2634.17527168 1.00123692147
2634.19570344 1.0048748832
2634.2161352 1.00602902747
2634.23656696 1.00322841265
2634.25699883 0.985519663637
2634.29786225 0.98488486161
2634.31829412 0.992189040816
2634.33872588 0.997918667649
2634.35915755 0.994647286388
2634.37958941 0.997942975158
2634.40002118 1.00761701353
2634.42045295 0.986535471957
2634.44088471 1.01407030382
2634.46131648 1.03352698193
2634.48174835 0.992201502308
2634.50218001 1.02441678839
2634.54304365 1.00229426335
2634.56347532 1.01126042973
2634.58390709 0.987514905849
2634.60433896 0.995802622748
2634.62477062 1.00163551756
2634.64520249 1.00741015503
2634.66563427 0.993347292654
2634.68606594 0.987029315925
2634.70649781 0.989489698488
2634.72692948 0.965301528562
2634.74736125 0.950987870231
2634.78822479 1.00216780839
2634.80865667 1.01489485015
2634.82908844 1.01849677836
2634.84952021 1.00496465941
2634.86995199 1.00596782312
2634.91081554 0.999051123852
2634.93124731 0.978186511564
2634.95167909 0.958944204057
2634.97211086 0.943589458634
2634.99254274 0.924641889761
2635.03340629 1.01411870847
2635.05383807 1.01875843109
2635.07426975 1.0316286978
2635.09470162 1.00352244139
2635.1151334 0.972359504141
2635.13556508 0.978737812673
2635.15599696 0.964613801312
2635.17642874 0.945599861516
2635.19686062 0.925781689719
2635.2172923 0.90136722724
2635.23772408 0.885994211002
2635.27858764 1.01546439136
2635.29901942 1.00489954794
2635.31945131 1.01807552872
2635.33988299 1.00818592982
2635.36031477 1.00312855858
2635.38074665 0.991455892548
2635.40117834 0.989317332826
2635.42161022 0.959866417467
2635.442042 0.983157057851
2635.56463272 0.986682028769
2635.60549629 1.02416393686
2635.62592808 1.003214163
2635.64635997 1.00949583153
2635.66679165 1.03466880619
2635.68722344 1.00244813906
2635.70765533 1.01837628397
2635.72808702 1.01975815986
2635.7689507 1.00480910193
2635.78938239 0.996819852082
2635.80981428 1.02950949102
2635.83024607 1.00260466347
2635.85067776 1.02226648644
2635.87110965 1.02208268894
2635.89154145 1.0183127377
2635.91197314 1.01624686972
2635.93240503 1.01268858436
2635.95283683 1.01144801513
2635.97326872 1.0061873373
2636.01413221 1.00655005104
2636.0345641 1.01049341906
2636.0549958 1.00889867758
2636.07542759 1.0101989507
2636.09585949 0.997635485406
2636.11629119 0.986845560473
2636.13672308 0.97720740616
2636.15715478 0.979817353238
2636.17758658 0.983118426175
2636.19801847 0.968244097622
2636.27974567 0.993919398274
2636.30017737 1.00293235243
2636.32060927 1.00210385341
2636.34104107 1.03819075108
2636.36147297 0.986446985786
2636.38190467 1.01575298417
2636.40233647 1.0138717117
2636.42276837 0.985531390442
2636.44320008 1.01291849721
2636.46363188 0.993738507543
2636.50449549 0.989242896364
2636.52492739 0.996380246058
2636.54535919 1.00735918651
2636.5657909 1.0000596338
2636.5862228 1.00173779418
2636.60665461 0.995208220226
2636.62708631 1.01147102391
2636.64751822 1.0068483413
2636.66795003 1.00317798065
2636.68838193 1.01706715049
2636.70881364 0.992003582536
2636.72924545 0.987582930556
2636.74967726 0.986564049667
2636.77010917 0.996324446353
2636.79054087 0.985383615444
2636.81097268 0.983075190504
2636.83140449 0.966598716063
2636.8518363 0.979445864112
2636.87226821 0.956277655345
2637.0152908 1.03144070505
2637.03572271 1.03139019976
2637.05615452 1.01071555491
2637.07658644 1.01690679688
2637.09701815 1.01958410645
2637.11744997 1.00770359477
2637.13788188 1.02656371419
2637.1583136 1.01986176533
2637.17874541 0.984626836976
2637.19917733 0.98621648136
2637.24004086 1.01866042726
2637.26047278 1.03468562354
2637.2809046 1.0028954111
2637.30133642 1.01661845582
2637.32176824 1.00717410024
2637.34220005 0.980972314465
2637.38306369 0.954207949673
2637.40349551 0.969335334297
2637.42392734 0.929248507439
2637.44435916 0.880501415493
2637.54651827 1.03785968628
2637.56695009 1.02572342317
2637.58738201 1.01673305223
2637.60781374 1.00605724556
2637.62824566 0.966524809003
2637.64867749 0.925943041712
