# #0 time, 1 flux
2749.6315649 0.96348897913
2749.65199691 0.948525176362
2749.67242911 0.954959000485
2749.69286121 1.02277287878
2749.71329322 0.99263378958
2749.73372542 0.97911157052
2749.75415752 0.978812125125
2749.77458953 1.00034810348
2749.79502173 1.00319240135
2749.81545383 0.974933036735
2749.83588583 0.987291721034
2749.95847843 0.977078782936
2749.97891063 0.999842089117
2749.99934273 0.980702289506
2750.01977472 0.999757730895
2750.04020692 1.00118648236
2750.06063902 1.0141271554
2750.08107111 1.02456150162
2750.10150321 1.01608606086
2750.12193531 1.0135753732
2750.1423674 1.02997952036
2750.1627995 1.02602601299
2750.18323159 1.03223008601
2750.20366378 1.02212312805
2750.24452787 0.986224892295
2750.26496006 1.00130366657
2750.28539206 0.992754164233
2750.30582415 0.982909627898
2750.34668833 1.00322831751
2750.36712042 1.02318267775
2750.38755261 1.00432872902
2750.4079846 0.99986303893
2750.42841669 0.990339878109
2750.44884888 1.01779140524
2750.46928097 0.964617424302
2750.48971296 0.988785418897
2750.51014514 0.987195674878
2750.55100932 0.961770755203
2750.714466 0.992968111475
2750.73489808 1.00539863053
2750.75533017 0.997548030506
2750.77576215 1.00009550675
2750.79619433 0.997996697606
2750.81662641 0.987740784245
2750.8370584 1.00742151401
2750.85749058 1.00904087003
2750.87792266 1.00821983764
2750.89835474 0.991854112313
2750.91878682 1.01182896357
2750.9392189 0.988834846497
2750.95965098 0.996445036771
2750.98008305 1.02127965819
2751.00051513 1.02370079777
2751.02094731 1.00141061835
2751.04137939 1.00012204276
2751.06181136 0.995046174609
2751.08224354 0.993513150998
2751.10267562 0.98973883902
2751.14353977 0.985655426049
2751.16397184 0.999068137492
2751.18440382 0.991196822881
2751.20483599 1.00715189325
2751.22526807 1.01066843306
2751.24570004 0.997355402139
2751.26613221 1.00973798651
2751.28656429 0.986799998496
2751.30699636 1.00582911357
2751.32742843 1.00275011917
2751.3478605 0.99490775408
2751.36829257 0.996174333615
2751.45002085 0.997917020712
2751.47045292 1.00101331815
2751.49088489 0.995749007733
2751.51131706 0.995748210337
2751.53174913 1.01849589424
2751.55218129 1.00238635909
2751.57261326 0.998483007483
2751.59304533 0.992384732367
2751.61347749 1.00779112471
2751.63390946 1.00684132471
2751.65434153 0.988314587081
2751.67477369 1.0278249926
2751.69520566 0.987126846995
2751.71563772 0.997677314942
2751.73606988 0.995743639591
2751.75650185 1.00525457762
2751.77693391 1.00085432562
2751.79736607 0.996092894412
2751.81779804 1.00214803404
2751.8382301 0.974047327223
2751.85866226 1.00310611888
2751.87909432 0.989389090645
2751.89952628 1.01743311507
2751.91995844 1.01042515884
2751.9403905 1.00135896037
2751.96082246 1.00884044343
2751.98125462 0.97648291203
2752.00168668 0.982316545019
2752.02211884 0.999384422357
2752.14471118 0.99780907264
2752.16514314 0.997370573862
2752.18557519 1.00506341037
2752.20600735 0.996646647781
2752.2264393 0.990872060261
2752.24687136 0.994418573223
2752.26730341 1.02524316356
2752.28773546 0.992186375248
2752.30816752 1.00456364076
2752.32859957 0.987515988486
2752.34903162 1.00282773036
2752.36946367 1.00679490786
2752.41032778 0.99540135043
2752.45119198 1.01080895929
2752.47162393 1.01478437142
2752.49205608 0.970990845912
2752.51248812 0.979547891384
2752.53292007 1.0085125317
2752.6759445 0.994844244376
2752.69637655 1.01377847057
2752.7168086 0.997706927259
2752.73724064 0.993854181546
2752.75767268 0.995081266524
2752.77810473 0.983332026318
2752.79853677 0.994585099607
2752.83940086 1.03414633334
2752.859833 0.991389827219
2752.88026494 1.0108010917
2752.90069699 0.982354804208
2752.92112913 0.999418842916
2752.94156107 0.981523583346
2752.96199321 0.980108569147
2752.98242515 0.964776122149
2753.00285719 1.00847292521
2753.18674553 1.02983274257
2753.20717767 1.02143662785
2753.2276097 1.00996933345
2753.24804164 0.993049725731
2753.26847377 0.992452384394
2753.28890581 0.990778141503
2753.30933774 1.00023676044
2753.32976988 0.997690229968
2753.35020191 1.00173630221
2753.37063404 1.0077697842
2753.39106598 0.997276169357
2753.41149801 0.987432239798
2753.43193014 0.989437220432
2753.4727941 1.00462979598
2753.49322623 1.01493356098
2753.51365816 1.00630950276
2753.69754642 0.988591382549
2753.71797845 1.00267645298
2753.73841057 1.0028507909
2753.7588425 0.988940804574
2753.77927453 0.990799450111
2753.79970665 1.01090736629
2753.82013858 0.980789184507
2753.8405707 1.0025660607
2753.86100272 0.989548887587
2753.88143465 0.997589804112
2753.90186677 1.00158931866
2753.92229879 1.01962844251
2753.94273072 1.00390457724
2753.96316284 0.992848261835
2753.98359486 1.00845580988
2754.00402678 0.986833331181
2754.126619 0.997721643186
2754.14705102 0.982932795105
2754.16748304 1.01527123442
2754.18791506 0.968336585328
2754.20834718 0.99115830286
2754.22877909 0.999362640251
2754.24921111 0.995484334324
2754.26964323 0.993469960065
2754.29007514 1.01562801993
2754.31050726 0.993780400681
2754.33093927 0.996701814944
2754.35137119 0.976609686881
2754.3718033 1.00643352925
2754.39223532 0.988859794594
2754.41266723 1.00874108202
2754.45353136 0.986708469737
2754.47396327 0.982883414259
2754.49439538 1.01105996334
2754.61698745 0.995069684928
2754.63741946 0.996495606096
2754.65785137 0.97747449609
2754.69871549 1.00139688026
2754.7191475 0.992019755163
2754.73957951 1.03023646342
2754.76001151 1.01059895933
2754.78044362 0.987881098916
2754.80087553 1.01681243379
2754.82130753 1.00020312666
2754.84173964 1.01464005684
2754.86217155 0.996532417107
2754.88260355 0.979024798117
2754.90303566 0.985707302333
2754.92346756 0.98718115568
2754.94389957 1.00501900967
2754.96433167 0.99600775767
2754.98476357 0.985569629803
2755.10735569 1.00299620269
2755.12778759 0.997090040878
2755.14821969 0.995782070236
2755.16865169 1.00631898537
2755.18908369 0.997527171666
2755.20951569 1.00674826576
2755.22994759 0.987484380695
2755.25037969 0.993200279264
2755.27081169 1.0111220401
2755.29124359 1.01407695667
2755.31167568 1.02761757207
2755.33210768 1.00630553112
2755.35253958 1.00521413631
2755.37297168 1.01505663227
2755.39340367 0.999492621953
2755.41383567 0.984854754314
2755.43426766 0.99943023144
2756.14938739 1.01120317334
2756.16981937 0.986365429544
2756.19025145 1.00072589458
2756.21068333 0.996405168636
2756.23111532 1.00649775116
2756.2515474 1.02286065257
2756.27197928 1.01748245239
2756.31284334 0.99522786027
2756.33327522 1.0114024387
2756.3537072 0.98486156727
2756.39457116 1.00025305682
2756.41500314 1.0053427935
2756.43543521 0.9776296887
2756.45586719 1.02060539232
2756.47629907 0.982697669232
2756.49673115 1.00865067914
2756.5375952 0.992378448066
2756.55802708 1.01141424897
2756.57845905 1.0045776411
2756.59889113 0.987036358521
2756.619323 0.982526007069
2756.63975498 0.991763606134
2756.66018705 0.980522273133
2756.68061893 0.957321310593
2756.7010509 0.977395793788
2756.72148287 0.973103920973
