# #0 time, 1 flux
2306.65157968 0.98660257806
2306.67201179 0.988625984607
2306.69244399 0.986192310247
2306.712876 0.982478491838
2306.73330821 0.985925135587
2306.75374021 0.986229557381
2306.77417232 0.983374437905
2306.79460453 0.991140567805
2306.81503653 0.996115411526
2306.83546863 0.995737891137
2306.85590084 0.995444179496
2306.87633284 0.992638451085
2306.89676495 0.990519821204
2306.91719715 0.9908729451
2306.93762925 0.99213938556
2306.95806135 0.997020777637
2306.97849345 1.00080524233
2306.99892555 0.997863718224
2307.01935766 0.999209985896
2307.03978976 1.00012873544
2307.06022185 1.0037525655
2307.08065405 0.998643125755
2307.10108605 1.00030308497
2307.14195035 0.998605601129
2307.16238235 1.00351312778
2307.18281454 1.00482799478
2307.20324664 1.00119910205
2307.22367864 1.00001975669
2307.24411083 1.001193815
2307.26454293 1.0024262022
2307.28497492 1.00251025512
2307.30540712 0.999005780954
2307.3462712 1.00307054567
2307.3667034 1.00478537521
2307.38713549 1.00103006992
2307.40756758 1.00236059637
2307.42799967 0.999991532285
2307.44843176 1.00076326437
2307.46886385 1.00049344297
2307.61188848 0.997405744705
2307.63232056 0.999849576587
2307.65275275 0.998880606828
2307.67318474 0.998337132785
2307.69361682 0.998308489333
2307.71404901 1.00335558474
2307.73448099 1.00081932938
2307.75491318 0.996783036066
2307.77534526 0.997466359234
2307.79577724 0.99968923512
2307.81620943 1.0003195082
2307.83664151 1.00426074439
2307.85707349 0.997589550936
2307.87750567 1.00252799592
2307.89793776 1.00093494321
2307.91836984 1.00467187865
2307.93880192 1.00469911751
2307.959234 1.00307671827
2307.97966608 0.998372127225
2308.00009816 1.00165096352
2308.02053024 0.996863157444
2308.04096231 0.99889002152
2308.06139449 0.999168588892
2308.08182647 0.997479236227
2308.10225865 1.00077275634
2308.1431227 0.995101621771
2308.16355487 1.00119302462
2308.18398685 0.99662173834
2308.20441892 0.999734333599
2308.2248511 0.999040307
2308.24528307 1.00081745828
2308.26571515 1.00304498741
2308.28614732 0.998982462342
2308.30657929 0.995788195808
2308.32701136 1.00025588659
2308.34744354 1.00068836304
2308.36787551 0.998116782457
2308.38830758 1.00141698851
2308.40873975 0.999498014842
2308.42917182 1.00216421299
2308.44960379 0.999316628631
2308.47003596 0.998483600186
2308.49046803 0.999744387592
2308.53133216 0.997822227225
2308.55176423 1.00585678442
2308.59262836 1.00208358498
2308.61306043 0.991586854596
2308.65392456 0.997637530111
2308.67435663 0.997898235629
2308.69478879 1.0008278654
2308.71522076 1.0023004635
2308.73565282 0.998196399187
2308.75608498 0.999826709895
2308.77651694 1.00305313716
2308.79694901 1.00454378813
2308.81738117 0.999305956536
2308.83781313 0.999713437843
2308.85824519 1.00129147951
2308.87867735 0.997257528892
2308.89910931 1.00361683213
2308.91954147 1.00517262368
2308.93997343 1.00543010802
2308.96040549 0.99961705883
2308.98083765 1.0041248341
2309.08299783 1.00378666938
2309.10342999 1.00596954843
2309.12386205 0.994981806083
2309.144294 0.988417807519
2309.16472615 0.981551765653
2309.18515821 0.986671848354
2309.20559016 0.987971963752
2309.22602232 0.992771942407
2309.24645437 0.9947882583
2309.26688642 1.00029071781
2309.28731847 0.999223736585
2309.30775053 0.994272791559
2309.32818258 0.999736865752
2309.34861463 0.994091422462
2309.36904668 0.990114491113
2309.38947883 0.994913161492
2309.40991078 0.99935262744
2309.43034283 1.0012760372
2309.53250317 0.998319550494
2309.55293511 1.00216846679
2309.57336726 1.00105558927
2309.5937993 1.0053025372
2309.61423125 0.997695811656
2309.63466339 0.999581801362
2309.65509534 0.996809889238
2309.67552738 1.00051811188
2309.69595952 0.996572076043
2309.71639147 1.00169072717
2309.73682351 0.995789335452
2309.75725565 0.998850377069
2309.7776876 1.00252231945
2309.79811964 1.00188609048
2309.81855178 1.00403063504
2309.83898382 0.997592317525
2309.85941586 1.00201710162
2309.8798479 1.00095572771
2309.90027994 0.998489908451
2309.92071208 1.00012007351
2309.94114402 1.00295735235
2309.96157605 1.00303500741
2309.98200819 1.00080381168
2310.00244013 0.998753462226
2310.02287216 0.99746541401
2310.0433043 1.00063381614
2310.06373624 1.0001967331
2310.08416827 0.997548035131
2310.10460041 0.998681106667
2310.12503234 0.994461561766
2310.14546438 1.00025012754
2310.16589651 0.997859741138
2310.18632844 0.998023871161
2310.20676048 1.00119239166
2310.22719261 0.996880154183
2310.26805657 0.997355301208
2310.28848871 1.00084268712
2310.30892074 0.998572762891
2310.32935277 1.00156329896
2310.41108089 0.999782794191
2310.43151281 1.00250466139
2310.45194494 0.998053214532
2310.51324102 1.00311283357
2310.53367305 0.999978781323
2310.55410498 1.00160854064
2310.5745371 1.00312183513
2310.59496913 0.999662970584
2310.61540105 1.00147622257
2310.63583318 1.00511043058
2310.6562652 1.00147355249
2310.67669722 1.00227786582
2310.69712925 0.997855169018
2310.73799329 0.998267953089
2310.75842541 0.996276097519
2310.77885734 0.995186290511
2310.79928936 0.998757143997
2310.81972148 1.00067866109
2310.8401534 1.00221158435
2310.86058552 1.00036160411
2310.88101754 0.999244067932
2310.90144946 1.00316063102
2310.92188157 1.00214275223
2310.94231359 1.00013981493
2310.96274551 0.997440805954
2310.98317763 0.999190675338
2311.00360964 0.99934378611
2311.02404156 1.0015658742
2311.04447368 0.997013671871
2311.06490569 1.00226688413
2311.10576972 0.997937952719
2311.12620174 0.995448654872
2311.14663365 1.00044895036
2311.16706577 1.00179569236
2311.18749778 0.998547509957
2311.2283618 0.999588229302
2311.24879382 0.998441064739
2311.26922573 0.996495811935
2311.28965784 0.99857603825
2311.31008985 0.999461061215
2311.33052176 0.997978136258
2311.35095387 0.997671409857
2311.39181799 0.997033535835
2311.4122499 0.998319986618
2311.43268191 0.997018797163
2311.45311401 0.998745974513
2311.47354592 1.00205746292
2311.49397793 0.999753758525
2311.51441004 1.0040099948
2311.53484194 0.998765275533
2311.55527395 0.998386855279
2311.57570605 1.00115231401
2311.59613806 1.00104278867
2311.61656996 1.00001159627
2311.63700207 0.999768265621
2311.65743407 0.999754474766
2311.73916198 1.0061457084
2311.75959409 1.00034487985
2311.78002609 0.99597429751
2311.80045799 0.99749361011
2311.82089009 0.99881970404
2311.84132209 1.00323174943
2311.86175409 1.00126677553
2311.88218609 0.999822898304
2311.90261799 1.00109823488
2311.92305009 1.00371285118
2311.94348209 1.00316602684
2311.96391398 1.00405844111
2311.98434608 1.00095142197
2312.00477808 1.00039360283
2312.02521008 0.997914074591
2312.06607407 0.998007823375
2312.08650606 0.999575450421
2312.10693806 1.00024816242
2312.12737005 1.00045965306
2312.14780205 0.997809218176
2312.22953012 0.999872770466
2312.24996201 1.00345426556
2312.27039401 1.00479392001
2312.2908261 1.0007176444
2312.31125799 1.00419830798
2312.33168998 0.9997041158
2312.35212207 0.999359889608
2312.37255396 0.998487546166
2312.39298605 1.00144724436
2312.41341804 0.99744839918
2312.45428202 0.996385967567
2312.474714 0.99951559166
2312.49514599 1.003568707
2312.51557798 1.00103496434
2312.53600997 1.00411704945
2312.55644195 0.997149908811
2312.57687394 1.00217908302
2312.59730593 1.00110490632
2312.61773781 1.0023515371
2312.6381699 1.00243155222
2312.65860188 0.998593057218
2312.67903376 0.998774270994
2312.69946585 0.999037777185
2312.71989783 1.00331792922
2312.74032971 0.998056661106
2312.7607618 0.998303964845
2312.78119378 1.00089052923
2312.80162566 0.998645415647
2312.82205774 1.00403603209
2312.84248972 1.00233494965
2312.8629217 0.994453552248
2312.88335368 1.00363804359
2312.90378566 0.999113764774
2312.92421774 0.998828674773
2312.9650816 0.995311567027
2312.98551368 0.998302446539
2313.00594566 1.00027388173
2313.02637753 1.00351294342
2313.04680961 0.99735052504
2313.06724159 0.998009499505
2313.08767346 1.00051045663
2313.10810554 1.00385446338
2313.12853752 1.0013844961
2313.14896939 0.995170711043
2313.18983344 1.00609865347
2313.21026531 0.995231884862
2313.23069739 1.00277268391
2313.25112936 0.996031003765
2313.27156133 0.994908983444
2313.29199331 1.00352312498
2313.31242528 1.00436194976
2313.33285725 0.999602418048
2313.35328922 1.0029787236
2313.37372119 1.00142488554
2313.53717695 0.998329553447
2313.55760891 1.00427005401
2313.57804098 1.00218214424
2313.59847285 0.994436997887
2313.61890481 0.996788446088
2313.63933688 0.997012860087
2313.65976875 0.996289055189
2313.70063277 1.00109768268
2313.72106464 0.998154119858
2313.7414966 1.00126722136
2313.76192867 1.0029414209
2313.78236053 1.00083729391
2313.80279249 1.00005108504
2313.82322456 1.00026194227
2313.84365652 0.996350966664
2313.86408838 0.996578783896
2313.88452044 1.00042065382
2313.9049524 0.999067113901
2313.92538436 1.00085860328
2313.94581632 1.00090792629
2313.96624828 0.998564094517
2313.98668024 0.996059253073
2314.0071122 1.00061118168
2314.02754416 0.99951636919
2314.04797612 0.997523659315
2314.06840808 1.00268698527
2314.08884003 1.00015292153
2314.21143177 1.00007984908
2314.23186373 0.999939301126
2314.25229568 1.00115717212
2314.27272764 0.995983498622
2314.29315959 0.999156665933
2314.31359154 1.00155006533
2314.3340235 0.998413498044
2314.35445555 1.00061899592
2314.3748874 1.0006161758
2314.4157514 0.998031188437
2314.43618326 0.993603299994
2314.45661531 1.00306470554
2314.47704726 0.998331255481
2314.49747911 0.996421329346
2314.51791116 0.998099493213
2314.53834311 0.998677101981
2314.55877495 0.997073724391
2314.579207 1.00086977596
2314.59963895 1.00033925366
2314.6200708 1.00278701018
2314.64050285 1.0007427927
2314.66093479 0.99543875181
2314.68136674 0.999629468433
2314.70179869 0.994305190441
2314.72223063 1.00359517439
2314.74266258 1.00089055581
2314.76309452 1.0000579965
2314.78352647 1.00119259763
2314.80395841 1.00291339209
2314.82439036 0.994551136409
2314.86525414 1.00170072102
2314.90611813 0.99728477201
2314.92655017 1.00192902852
2314.94698201 0.997191334914
2314.96741396 0.998142361537
2314.987846 1.00206696387
2315.00827784 0.99826347847
2315.02870978 1.00043976486
2315.04914182 0.996666342099
2315.06957366 1.002302719
2315.0900056 1.00155091165
2315.11043764 1.00399798271
2315.13086947 0.994754384889
2315.15130141 0.996256729239
2315.17173345 1.00352251601
2315.19216539 0.997286357388
2315.23302926 1.00311332217
2315.2534612 0.997761023423
2315.27389303 1.00508401801
2315.29432507 0.999419707435
2315.314757 0.999549005663
2315.33518884 1.00263595977
2315.35562087 1.00002158733
2315.39648484 0.999599607977
2315.41691668 0.998194877378
2315.43734861 0.997654081021
2315.45778064 1.0029324764
2315.47821247 1.00200633575
2315.51907634 1.00432125521
2315.53950827 1.00150734544
2315.5599402 0.995926018577
2315.58037213 0.998851547581
2315.60080406 1.0024071182
2315.62123599 0.995907653847
2315.64166792 0.997165784924
2315.66209985 0.999300418305
2315.68253178 1.00082903575
2315.70296381 0.998869153893
2315.72339563 1.0016250976
2315.74382756 1.00368935178
2315.76425959 1.00021191686
2315.78469142 0.998955011802
2315.80512334 1.0045953914
2315.92771499 0.995106053628
2315.94814692 1.00534088862
2315.96857874 0.996378534021
2315.98901077 0.995936192841
2316.00944269 0.998607011959
2316.02987461 1.00019527909
2316.07073846 1.0017112418
2316.09117038 1.00232257765
2316.1116023 1.00151957997
2316.13203422 1.00299992051
2316.15246614 0.997894341466
2316.17289816 1.00363794265
2316.19332998 0.997936652815
2316.2137619 1.00188490022
2316.23419382 0.999579727001
2316.25462574 0.997494640727
2316.27505755 1.00273451919
2316.29548957 0.997008586479
2316.31592149 1.00254261038
2316.33635351 1.00001546796
2316.37721724 0.998366144504
2316.39764926 0.998481877735
2316.41808107 1.00103034272
2316.43851299 1.00385349592
2316.458945 0.997788386152
2316.47937682 0.998540421456
2316.49980873 0.999306081557
2316.52024075 0.998517678199
2316.54067266 0.999338445933
2316.56110447 0.996475233156
2316.58153649 1.0038892623
2316.6019684 0.998142547806
2316.62240021 0.999811832055
2316.64283222 1.00173180921
2316.66326414 1.00372805031
2316.68369595 1.00289024873
2316.70412796 1.00642822956
2316.72455987 0.999065045329
2316.76542369 1.00136165297
2316.7858556 0.998354311618
2316.80628761 1.00217938648
2316.94931086 1.00234150037
2316.96974277 1.00356046617
2316.99017477 0.999097925071
2317.01060658 0.996890987209
2317.03103849 1.00514615147
2317.05147039 1.00193100118
2317.0719023 1.00303345943
2317.0923342 1.00173806368
2317.1127662 1.00251824591
2317.13319801 0.998209056068
2317.15362991 1.00063910048
2317.17406191 0.997820903159
2317.19449372 0.998850886008
2317.21492572 0.996388394769
2317.23535762 0.999216348529
2317.25578942 1.00197463738
2317.27622142 0.995798246261
2317.29665332 1.00305191703
2317.37838092 0.999676900011
2317.39881282 0.999867687646
2317.41924472 0.999334168964
2317.43967662 1.00329489501
2317.46010852 0.999811146159
2317.48054042 0.994312848914
2317.50097231 0.999368089359
2317.52140421 1.00374242256
2317.54183611 1.00265642929
2317.562268 1.00009019568
2317.5827 0.999909205382
2317.60313179 0.996395454556
2317.62356369 1.00471649392
2317.64399568 0.999532025644
2317.66442748 1.00155189279
2317.68485947 1.00070456336
2317.70529137 1.0037322465
2317.72572316 0.998824485447
2317.74615515 0.995931580244
2317.76658695 1.00002127872
2317.78701884 0.997570886291
2317.80745083 0.998735125581
2317.84831452 1.00213155487
2317.86874651 0.998205706158
2317.8891783 1.0005495552
2317.90961019 0.997509145555
2317.93004218 0.996391462272
2317.95047407 0.997860243608
2317.97090586 0.992353495448
2317.99133785 0.997365411255
2318.01176974 0.996167240325
2318.03220153 0.999841054205
2318.11392918 1.00005008499
2318.13436106 0.99980448659
2318.15479305 0.997863951612
2318.17522484 0.998481110203
2318.19565672 1.00064970825
2318.21608871 1.00149918133
2318.23652049 0.998633920021
2318.25695238 0.995547401513
2318.27738436 1.00131981137
2318.29781615 1.00087915877
2318.3591118 1.00059857965
2318.37954368 0.997575241687
2318.39997566 1.00291277015
2318.42040754 1.00566803927
2318.44083933 1.00524143249
2318.46127131 1.00180770723
2318.48170309 1.00341662107
2318.50213497 1.00127522744
2318.52256695 0.999903250028
2318.54299873 1.0009931685
2318.58386259 1.00174428692
2318.60429437 1.0010217991
2318.62472635 1.00199363026
2318.64515823 1.00170283226
2318.66559 1.00243862589
2318.68602198 0.998962538703
2318.70645386 0.997971101749
2318.72688564 0.998962051908
2318.74731761 0.994202951151
2318.76774949 0.995306696152
2318.78818137 0.997816489925
2318.82904512 1.00297551178
2318.84947699 0.997978793717
2318.86990897 0.997893047965
2318.89034074 1.00529307433
2318.91077262 1.00076821332
2318.93120459 1.00098092871
2318.95163636 0.996508147071
2318.97206824 1.00027015838
2318.99250021 1.00222041349
2319.01293198 0.997837982704
2319.09465957 0.993999909764
2319.11509144 0.996978938555
2319.13552321 0.998505905922
2319.15595518 1.00033747204
2319.17638695 1.00415443102
2319.19681882 0.999800859944
2319.21725079 1.00016850744
2319.23768256 1.00168461564
2319.25811443 1.00271402835
2319.2785464 1.00295230568
2319.31941003 1.00555615109
2319.339842 1.00304091143
2319.36027387 0.999562471418
2319.38070564 1.00339838758
2319.4011376 0.998412129463
2319.42156947 1.00162072967
2319.44200143 1.00108146324
2319.4624332 1.00260800312
2319.48286506 0.998746369186
2319.50329703 0.997365125018
2319.58502439 0.996850175637
2319.60545625 0.995922835511
2319.62588821 0.999146741735
2319.64631997 0.994846499739
2319.66675184 0.997870186066
2319.6871838 1.00507923114
2319.70761566 0.997401666038
2319.72804742 1.00071761504
2319.74847938 1.00038721791
2319.83020682 1.00021383166
2319.85063868 0.99764513187
2319.87107054 0.994889987016
2319.95279797 1.0051807618
2319.97322983 1.00136939075
2319.99366169 1.0013252682
2320.01409345 1.0032345221
2320.05495726 1.00675484233
2320.13668468 1.00491009721
2320.17754839 1.00506261035
2320.38186702 0.996894701334
2320.40229887 0.997552210569
2320.42273062 0.999322400737
2320.44316257 0.999448722382
2320.46359442 0.996700469292
2320.48402617 0.998758716177
2320.50445812 0.999596925423
2320.52488996 0.995614475852
2320.54532181 0.991295873262
2320.56575366 0.987197056341
2320.58618551 0.995871100537
2320.60661736 0.993423995865
2320.62704921 0.989859352145
2320.64748105 0.994327101475
2320.6679129 0.987068072092
2320.68834475 0.99852523089
2320.70877659 0.992223549024
2320.72920844 0.993353390202
2320.74964028 0.997452007224
2320.79050407 0.993658846506
2320.81093582 0.995634992804
2320.83136766 0.993825470356
2320.93352688 0.996902149062
2320.95395872 0.995236289378
2320.97439066 0.994180060939
2320.99482241 0.995586434527
2321.01525425 0.998994248971
2321.03568619 0.992922817322
2321.05611793 0.99403234222
2321.07654987 0.996865775229
2321.09698171 0.994004842441
2321.11741355 0.98957855126
2321.13784539 0.993919931421
2321.15827723 0.997263742156
2321.17870907 1.00269256763
2321.32173204 1.00525638554
2321.34216377 0.999871625123
2321.36259561 1.00610489036
2321.38302744 1.00162810048
2321.40345928 1.00346578175
2321.42389102 1.00435691882
2321.44432295 1.00275239108
2321.46475479 1.00333683082
2321.48518672 1.00169351086
2321.50561846 1.00453173209
2321.52605029 1.00439826104
2321.58734579 1.00290292202
2321.60777772 1.005646392
2321.62820955 1.00068071603
2321.64864129 1.00428552743
2321.66907322 1.00006260601
2321.68950505 1.00180972656
2321.70993678 1.00008765541
2321.7916642 0.998898585362
2321.81209603 0.996251889612
2321.83252776 0.996493457483
2321.85295969 0.99624917244
2321.87339152 0.995511960985
2321.89382345 1.00348895134
2321.91425518 0.999009459878
2321.93468701 1.00193629551
2321.95511893 0.995264510836
2321.97555066 0.996284966124
2321.99598249 1.00101754695
2322.01641442 0.998425748179
2322.03684614 0.999001329354
2322.05727797 0.998602570543
2322.0777098 1.00342184714
2322.09814162 0.997194108444
2322.11857345 1.00586362478
2322.20030085 0.99927689424
2322.22073257 1.00007987874
2322.26159632 0.996670310212
2322.28202804 1.00402806845
2322.30245996 0.999787417095
2322.34332351 1.00194763307
2322.36375543 1.00181597161
2322.38418725 0.999798425758
2322.40461897 1.00217158207
2322.42505089 0.999625122424
2322.44548271 0.998295188704
2322.46591453 0.994700845579
2322.48634635 1.0032896563
2322.50677817 0.996712916201
2322.52720999 1.00149833361
2322.54764181 1.00284541802
2322.56807363 1.00378868812
2322.58850545 0.998813654058
2322.60893737 1.00113191342
2322.649801 0.997678351517
2322.67023282 0.996678056847
2322.79282362 0.995467621858
2322.81325544 0.998179085313
2322.83368735 0.996923027758
2322.85411907 1.00053505172
2322.87455088 1.00177165557
2322.91541451 1.0017396199
2322.93584632 1.00149548121
2322.95627824 0.997055662783
2322.99714176 0.997762487345
2323.01757368 1.00061628936
2323.0584373 1.00009265316
2323.07886911 1.00079016042
2323.09930092 1.00365962183
2323.11973273 0.999990920065
2323.14016455 1.00425622008
2323.18102827 1.00388763941
2323.26275541 0.998432183451
2323.28318721 1.00286903169
2323.30361912 0.999821073328
2323.32405083 1.0059813693
2323.34448264 0.999666217915
2323.36491455 1.00436810271
2323.38534626 1.00374147479
2323.40577806 1.00080471158
2323.44664178 1.00201951064
2323.46707358 1.00215362033
2323.48750539 0.998970844775
2323.50793709 1.00177865645
2323.528369 0.998634662375
2323.54880081 0.99548900579
2323.56923251 0.999441535742
2323.63052792 0.997852676881
2323.65095983 1.00429272
2323.77355065 0.998960628242
2323.79398245 0.997978412108
2323.81441435 0.999428151511
2323.83484605 0.996881584754
2323.85527785 0.997241151248
2323.87570975 0.999263081246
2323.89614145 0.999634908671
2323.91657325 0.99807665079
2323.93700515 0.99890246729
2323.95743685 1.0000588544
2323.97786865 1.00025462191
2323.99830055 0.997466794748
2324.01873235 0.999873332705
2324.03916405 0.997906556605
2324.05959595 0.999611840032
2324.08002775 0.99986820785
2324.10045944 1.00124652657
2324.12089134 1.00050020485
2324.14132314 1.00166006757
2324.16175484 0.999448518803
2324.18218673 0.996530271566
2324.24348212 1.00118689365
2324.26391392 1.00110891689
2324.28434571 0.998379810717
2324.30477751 0.998622425999
2324.3252092 1.0032942457
2324.3456411 0.996990315438
2324.36607289 0.999445860561
2324.38650469 1.00158569714
2324.40693648 0.999515854757
2324.42736827 1.00174682242
2324.44780007 0.99923163549
2324.46823196 1.000323306
2324.48866365 1.0002408496
2324.50909545 1.00097964302
2324.52952734 0.999549807968
2324.54995903 0.999106714314
2324.57039092 0.999268716444
2324.59082271 1.00535915945
2324.63168629 1.00509701147
2324.65211808 1.00251742936
2324.67254978 1.00090292058
2324.71341345 1.00368340366
2324.73384514 0.997981597259
2324.75427703 1.00017824663
2324.77470882 0.997342965959
2324.79514051 0.999065675757
2324.8155724 0.998228779285
2324.83600419 1.00381553496
2324.85643598 0.99726612103
2324.87686776 0.998812883875
2324.89729955 0.999125802428
2324.91773134 0.999323627576
2324.93816323 0.99877821256
2324.95859491 0.99265500953
2324.9790267 0.995491531298
2324.99945848 1.00277284685
2325.01989027 1.00455129278
2325.04032216 1.00443827543
2325.06075384 1.00360406229
2325.08118563 0.995843637238
2325.10161751 0.999511298885
2325.12204919 0.998351973253
2325.14248098 0.999620031784
2325.22420821 1.00550693923
2325.2446399 1.00230181835
2325.28550356 1.00020477609
2325.30593534 1.00011577158
2325.32636713 0.997610164373
2325.34679921 0.998556209158
2325.36723099 0.999922720417
2325.38766277 0.997937397562
2325.40809455 1.00287177669
2325.42852623 1.00254119351
2325.44895811 1.00467502135
2325.53068523 1.00664661866
2325.55111691 0.998623833092
2325.57154879 1.00001621016
2325.59198057 1.00440337891
2325.61241224 1.00402674391
2325.73500311 0.999240317305
2325.75543479 0.998469936365
2325.77586656 0.997609849278
2325.79629844 1.00191555777
2325.81673011 1.00322812555
2325.83716189 1.00149956064
2325.85759376 0.998779215827
2325.87802554 0.99987099874
2325.89845721 1.0005135805
2325.91888909 1.00120390122
2325.93932086 1.00038890118
2325.95975254 1.00376772001
2325.98018441 1.00031213376
2326.00061618 1.00354850567
2326.02104786 0.996455397135
2326.04147973 1.00155069411
2326.08234337 0.998710108443
2326.10277505 1.00255410677
2326.12320682 1.00084553268
2326.14363859 1.00049889516
2326.2049339 1.00239324533
2326.22536567 0.994598764954
2326.24579744 1.00088002807
2326.26622921 0.99957046997
2326.28666098 1.0009975609
2326.30709275 0.999483005625
2326.32752452 1.0047859326
2326.34795629 0.997521199278
2326.36838806 0.999192676633
2326.38881993 0.998435206518
2326.4092516 0.996582020876
2326.42968347 0.99618487265
2326.45011523 1.00356414188
2326.4705469 0.996369499993
2326.49097877 1.00093008505
2326.51141054 0.997849681176
2326.5318422 1.00000616038
2326.55227407 0.997993340563
2326.57270584 0.999456370963
2326.5931375 1.0024680026
2326.61356937 1.00699002218
2326.63400113 0.999402685475
2326.6544328 1.00195125058
2326.67486467 0.999277714391
2326.69529643 0.999156888631
2326.7157282 1.00009230141
2326.73615996 0.995924597862
2326.75659172 0.999554033484
2326.77702349 1.00112737881
2326.79745525 1.00012768452
2326.81788701 0.996333438259
2326.83831888 1.00066234314
2326.96090945 1.00153970108
2326.98134111 0.998725348662
2327.00177288 0.9958223727
2327.02220474 0.998867225446
2327.0426364 1.00097629425
2327.06306816 1.00026414019
2327.08350002 1.00085125542
2327.10393168 1.00068456429
2327.12436344 0.998986730111
2327.1447953 0.9990866674
2327.16522696 0.996282837615
2327.18565882 1.00065989788
2327.20609058 1.00112760756
2327.22652233 0.999482700755
2327.24695409 1.00047231378
2327.26738585 0.997555482125
2327.28781761 1.00480359885
2327.30824937 0.996058316616
2327.32868112 1.00074615788
2327.45127166 0.995272533391
2327.47170342 1.00277495
2327.49213527 0.994994199691
2327.51256693 1.00557998541
2327.53299878 0.995072823181
2327.55343054 1.00643305866
2327.57386219 1.0001980479
2327.59429405 1.00185970931
2327.6147258 0.996186896139
2327.63515746 0.999388511097
2327.65558931 0.998599413006
2327.67602096 0.995976155722
2327.69645272 0.996195331306
2327.71688457 1.00381433976
2327.73731632 1.0028495266
2327.75774798 1.00116444889
2327.94163394 0.997520756667
2327.96206559 1.00299058251
2327.98249734 0.994146353233
2328.00292919 0.995912983576
2328.02336084 0.998538457005
2328.04379259 0.997251636507
2328.08465608 0.998363885056
2328.10508783 0.999810986079
2328.14595133 0.996451019352
2328.16638308 1.00439163249
2328.18681492 1.00273370486
2328.20724667 0.998847357762
2328.22767832 1.00310448457
2328.24811017 0.999380362282
2328.26854191 0.99478589109
2328.28897366 1.00010977399
2328.30940541 1.00310902616
2328.32983715 0.997682362298
2328.41156413 1.00088635396
2328.43199588 1.00352169064
2328.45242752 1.00007826864
2328.47285937 1.00109394491
2328.49329111 1.00135298778
2328.51372276 0.999036186766
2328.5341546 0.999579882297
2328.55458634 1.00380267585
2328.57501809 0.9998459436
2328.59544983 1.00177906935
2328.61588157 0.996431876553
2328.63631341 1.00213341846
2328.65674506 1.00075711489
2328.6771768 0.998690603767
2328.69760864 0.996331453354
2328.71804028 1.0017869487
2328.73847202 1.00076249014
2328.75890387 1.00187931543
2328.77933561 0.998256952121
2328.79976725 1.00180500703
2328.82019909 1.00069648592
2328.84063083 0.999457292174
2328.88149431 0.999794368307
2328.90192605 1.00349057889
2328.92235769 1.00296474638
2328.94278953 0.997953430299
2328.96322127 0.994847458963
2328.98365311 1.00316268802
2329.00408474 0.998771116596
2329.02451648 1.0045600276
2329.04494822 1.00007772441
2329.06537996 0.998559463033
2329.0858117 0.998859591772
2329.10624343 1.00426890119
2329.12667517 0.997494949452
2329.14710691 0.999114164833
2329.16753865 0.999103980496
2329.18797038 1.00650082436
2329.20840212 1.00158360954
2329.22883395 0.995277445664
2329.24926559 0.995473780376
2329.26969733 0.996068145158
2329.29012916 0.999386811609
2329.3105608 0.997656391777
2329.33099263 0.996725682207
2329.371856 1.00200673116
2329.39228784 1.00043789448
2329.41271957 1.00121860185
2329.4331512 0.996023940021
2329.45358304 1.00270636387
2329.47401477 0.996676041915
2329.49444641 0.997569759719
2329.51487824 1.00115743676
2329.53530997 1.00187280528
2329.5557416 1.00130230914
2329.57617344 1.00679394577
2329.59660517 1.00283595188
2329.6170369 1.00219495355
2329.63746863 1.00139493371
2329.65790037 1.00018309889
2329.6783322 0.994775139785
2329.69876393 1.00284258622
2329.71919556 1.00236057627
2329.73962739 1.00041131006
2329.76005912 1.00037766905
2329.78049075 1.00342797723
2329.80092258 0.999090280059
2329.82135431 1.00294344106
2329.86221777 1.00219274095
2329.8826494 1.0038311219
2329.90308113 0.99656979476
2329.92351296 1.00161755174
2329.94394459 1.0037756314
2329.96437632 0.99654752673
2329.98480814 0.999835444111
2330.00523977 1.00042937318
2330.0256716 1.00239269097
2330.14826196 0.999020407532
2330.16869369 1.00215892097
2330.18912542 1.00192267192
2330.20955724 1.00285036228
2330.22998887 1.00177766624
2330.25042059 1.00293539638
2330.27085242 1.00071023098
2330.29128404 1.00000628674
2330.31171577 0.996792731324
2330.33214759 0.994703466292
2330.35257922 0.999762926556
2330.37301104 0.999719983536
2330.39344277 0.998134085261
2330.41387439 0.999312066972
2330.43430621 0.997483652946
2330.45473794 0.997931609564
2330.47516956 1.00327548553
2330.49560138 0.996549128303
2330.51603311 0.997979560193
2330.53646483 0.999874067694
2330.55689655 0.997780434825
2330.57732828 0.999831976059
2330.5977599 0.998502307524
2330.61819172 0.998812406223
2330.63862344 1.00087824326
2330.65905506 1.00304962164
2330.67948688 1.0024000836
2330.6999186 0.999159121186
2330.72035033 1.00164885379
2330.74078205 0.998010308202
2330.76121377 0.994794088604
2330.88380409 1.00018603059
2330.9042359 0.998609846963
2330.92466752 1.00278555346
2330.94509924 1.00299239856
2330.96553106 1.00002973428
2330.98596268 1.00118819636
2331.0063944 0.999081547284
2331.02682622 1.00283374793
2331.04725793 0.999884361821
2331.06768965 0.999221091132
2331.08812137 1.00271224612
2331.10855309 0.998472773805
2331.1289848 1.00563944643
2331.14941652 0.99692789306
2331.19027995 1.00547111562
2331.21071167 0.998815418506
2331.23114338 1.00219241073
2331.2515751 1.00044215742
2331.27200682 0.999828634108
2331.29243853 0.99802519767
2331.31287025 0.99638956122
2331.33330196 1.00195504622
2331.35373358 0.99518926974
2331.37416539 0.996591290968
2331.3945971 1.00088072836
2331.41502892 1.00060304955
2331.43546053 1.00199224674
2331.45589225 0.999740132223
2331.47632406 1.00631569094
2331.49675567 1.00036765165
2331.51718739 1.0045204666
2331.5376192 1.00229923948
2331.57848253 0.999594687977
2331.59891434 1.00147546339
2331.61934605 1.00085984473
2331.63977766 1.00118380691
2331.66020947 1.00002461574
2331.68064119 1.00463514805
2331.7010729 0.9974416966
2331.72150461 0.995292609472
2331.88495839 0.998917959264
2331.90539 0.998645231239
2331.92582171 1.00186890546
2331.94625352 0.996500962226
2331.96668513 0.995482069076
2331.98711684 0.997292886777
2332.00754855 1.00186480278
2332.02798025 0.998988035302
2332.06884367 0.997150643019
2332.08927538 1.0007331028
2332.10970719 0.993965141051
2332.13013889 0.997103165156
2332.1505705 1.00341155112
2332.17100231 1.00289528931
2332.19143402 0.999852567844
2332.21186562 0.998538752949
2332.23229743 1.00647370301
2332.25272914 1.00081702854
2332.27316074 1.00465984402
2332.29359255 1.00524618489
2332.31402425 0.998056642696
2332.33445586 0.999579514469
2332.35488766 0.997334888192
2332.37531937 1.00421729478
2332.39575118 1.00268089838
2332.41618278 1.00500553994
2332.43661449 0.996536675182
2332.45704629 0.99790222301
2332.47747789 1.00632039405
2332.4979096 1.00095379485
2332.5183414 1.00200418318
2332.53877301 1.00313783777
2332.55920471 0.998667340675
2332.57963651 1.00047151818
2332.60006822 1.0003393423
2332.62049982 0.998136622105
2332.66136333 1.00414663311
2332.68179493 0.999985620058
2332.70222673 1.0008465884
2332.72265843 1.00118832519
2332.74309013 0.999258763452
2332.76352184 0.995902211632
2332.78395354 0.999294371093
2332.80438524 1.00263482731
2332.82481694 1.00310346506
2332.84524854 1.00416737609
2332.86568034 0.996453313468
2332.88611204 1.00278881655
2332.90654364 1.00414200677
2332.92697544 0.998074336855
2332.94740714 1.0003203862
2333.11086084 0.998253459827
2333.13129244 1.00049660745
2333.15172424 0.996600966441
2333.17215594 1.00146704875
2333.19258753 1.00090874275
2333.21301933 1.0006068501
2333.23345103 1.00368992479
2333.25388263 0.99948711684
2333.27431443 0.995238153313
2333.29474612 1.00071991934
2333.31517772 1.00309396539
2333.33560952 0.999018077315
2333.35604121 0.997259724661
2333.37647301 0.999198255045
2333.39690461 0.996993012672
2333.4173363 0.998391819372
2333.4377681 0.994757022622
2333.45819969 0.99770351287
2333.47863139 1.00126406213
2333.49906309 0.998770348397
2333.51949478 1.00229213613
2333.53992648 0.999383769425
2333.56035817 0.99306796493
2333.58078987 1.00026120864
2333.60122156 1.00329324677
2333.62165336 1.00143132098
2333.64208495 1.00009940014
2333.66251674 0.997967270999
2333.68294844 1.00264447857
2333.70338003 1.00138288939
2333.72381183 1.00548395931
2333.74424352 1.00114888668
2333.76467511 1.00356445092
2333.78510691 1.00352617191
2333.8055386 0.999845926232
2333.82597019 0.997493859591
2333.84640198 0.999755510599
2333.86683368 1.00087114366
2333.88726527 0.996023256654
2333.90769706 1.00388288259
2334.0507189 0.99472118016
2334.07115069 1.0002818837
2334.09158238 0.992284334257
2334.11201397 1.00009516611
2334.13244576 0.998894821692
2334.15287745 0.996643209019
2334.17330904 0.999799502191
2334.19374083 0.999589903751
2334.21417242 1.00218383065
2334.23460411 0.999541045586
2334.2550359 1.00318675098
2334.27546749 1.00417492766
2334.29589928 0.999488091848
2334.31633097 0.996644955062
2334.33676256 1.0001680552
2334.35719435 1.00245371501
2334.37762603 1.00243888699
2334.39805762 1.00449216875
2334.41848941 1.00539188803
2334.4389211 0.999227826148
2334.45935279 0.997943933984
2334.47978447 1.00171852101
2334.50021616 1.00062547657
2334.52064785 1.00124954356
2334.54107954 1.00132589745
2334.56151122 1.00025910033
2334.58194301 1.00325813633
2334.6023747 0.998581663718
2334.62280628 0.998185728157
2334.64323807 1.00021759469
2334.66366975 1.00202642887
2334.70453313 1.00119369684
2334.72496481 0.999027941294
2334.7453964 0.999202010772
2334.76582818 1.0012627607
2334.78625987 1.00083276867
2334.80669145 1.00169503727
2334.82712324 0.994122140338
2334.84755492 1.00048450014
2334.86798651 1.00094617042
2334.88841829 0.998973618884
2334.90884998 0.996767691804
2335.09273513 0.997400516037
2335.11316681 0.998919879356
2335.13359849 0.999860467096
2335.15403017 0.999464456148
2335.17446196 0.998650483895
2335.19489354 0.996658773618
2335.21532532 0.996650440968
2335.235757 0.995333632694
2335.25618858 0.994955896229
2335.27662037 1.00062113239
2335.29705205 1.00107399783
2335.31748363 1.00327628849
2335.33791541 1.00001448382
2335.35834709 0.996852583855
2335.37877867 1.00083680506
2335.39921045 1.00527530773
2335.41964213 0.99583320047
2335.44007381 0.998814635301
2335.46050549 0.997744676547
2335.48093717 0.996379311126
2335.50136895 0.998087739735
2335.52180053 1.00031824886
2335.54223221 0.997531583373
2335.56266399 1.00322786903
2335.58309567 0.999670829673
2335.60352725 1.00102339315
2335.62395903 0.996451351425
2335.64439071 1.00068474026
2335.66482229 0.997334522472
2335.68525406 1.00023780141
2335.70568564 0.997752547906
2335.72611732 1.00173350753
2335.7465491 1.00186892984
2335.76698068 1.00096402984
2335.78741235 1.00020250595
2335.80784413 0.997209372109
2335.82827571 0.999776079949
2335.84870749 1.00044893081
2335.86913916 0.999283055822
2335.88957074 1.00301089467
2336.05302425 0.996340137154
2336.07345593 0.999350953123
2336.0938876 1.00093191707
2336.11431928 0.999608680389
2336.13475105 1.00272656924
2336.15518273 1.00037075708
2336.1756143 1.00142748186
2336.19604608 1.00558115529
2336.21647775 1.0043996375
2336.23690933 0.998065305466
2336.2573411 0.995436257199
2336.27777278 1.00208158647
2336.29820435 1.00255212691
2336.31863612 0.996654357743
2336.3390678 1.00052759103
2336.35949937 1.00000147407
2336.37993115 1.00003750572
2336.40036282 0.997608394867
2336.42079449 0.997080323275
2336.44122617 1.00028889887
2336.46165774 1.0014161506
2336.48208951 0.994785484681
2336.50252118 1.0003603106
2336.52295286 1.00017091157
2336.54338453 1.00007567974
2336.5638162 0.994340118148
2336.58424787 0.995147653067
2336.60467955 0.999449309866
2336.64554289 0.99742223518
2336.66597466 1.00112451049
2336.68640623 0.999362698193
2336.706838 1.00221995659
2336.72726967 0.994414569616
2336.74770125 1.00024743264
2336.76813302 0.998978508296
2336.78856469 1.00245418793
2336.80899626 0.998253815017
2336.82942803 1.00381412177
2336.8498597 1.00301832424
2336.87029127 1.0009873975
2336.89072304 1.00125252268
2336.91115471 0.995638496661
2336.93158628 0.998132125971
2336.97244972 1.0005263187
2336.99288149 0.998459089896
2337.01331306 1.00383240482
2337.03374473 1.00168022233
2337.0541765 1.00066831192
2337.07460817 0.993517197013
2337.09503973 1.00121454706
2337.1154714 1.00445689787
2337.13590317 1.00036962867
2337.15633474 1.00089283529
2337.17676651 0.996110275143
2337.19719808 1.000180639
2337.21762974 0.998390528462
2337.23806151 0.997077632737
2337.25849308 0.994905733803
2337.27892485 1.00453757881
2337.29935651 1.00306111768
2337.31978808 1.00033957646
2337.34021985 0.999651041952
2337.36065152 0.997707093393
2337.38108308 1.00443483628
2337.40151485 0.995595141112
2337.42194652 0.999850368686
2337.44237808 0.998384699107
2337.46280985 1.001238686
2337.48324152 1.00077218447
2337.50367318 0.995873925272
2337.52410485 0.998622366125
2337.54453651 0.999405422772
2337.56496818 1.00290358394
2337.58539985 0.996046444021
2337.60583151 1.00607714337
2337.76928493 1.00380277816
2337.7897165 0.995099796654
2337.81014826 0.996896056123
2337.83057983 1.0043866586
2337.85101149 1.00111971524
2337.97360157 1.00426833082
2337.99403323 1.00681930933
2338.0144649 0.998287970314
2338.03489656 1.00138358908
2338.05532822 0.997421794604
2338.07575989 1.00478637112
2338.09619155 0.996311727275
2338.11662321 0.998093450696
2338.13705487 1.00248084142
2338.15748664 0.997317190897
2338.1779182 0.997695510034
2338.19834996 0.99687729351
2338.21878162 0.993582988551
2338.23921318 0.998146833676
2338.28007661 1.00043650019
2338.30050817 1.00020535713
2338.32093993 0.998300950633
2338.34137159 1.00205872367
2338.36180315 0.998042344745
2338.38223491 0.997600935486
2338.46396155 0.999871275653
2338.48439332 1.00120889088
2338.52525654 0.997855535939
2338.5456883 0.995580509605
2338.56611986 1.00220843112
2338.58655152 1.00149864554
2338.60698317 1.00201223462
2338.62741483 1.00048160615
2338.64784649 1.00128149414
2338.66827825 1.00362501313
2338.68870981 0.998566282595
2338.70914147 0.996589261729
2338.72957323 1.0031520453
2338.75000479 0.997515166287
2338.77043655 1.00039702148
2338.79086821 1.00098914549
2338.81129976 0.999288238614
2338.83173152 0.998185605249
2338.85216318 0.997898332291
2338.87259474 1.00094771327
2338.8930265 1.00007395438
2338.91345816 0.997728414225
2338.93388971 1.0015937007
2338.95432147 1.00210353148
2338.97475313 1.00109165145
2338.99518489 0.996321177832
2339.01561644 0.997572900115
2339.0360481 0.998931484394
2339.05647986 0.999544168991
2339.07691142 1.00198560283
2339.24036477 0.99609748042
2339.26079642 0.997627516775
2339.28122808 0.999492289438
2339.30165974 0.995032548255
2339.32209129 1.00148147429
2339.34252305 0.999682400522
2339.3629547 1.00466402015
2339.38338626 1.00490544298
2339.40381801 1.00014334677
2339.42424967 0.994244787963
2339.44468122 0.996374568425
2339.46511298 0.997435139329
2339.48554463 0.999546285179
2339.50597629 1.00225477084
2339.52640794 1.00425707968
2339.5468396 0.997698120143
2339.56727135 0.996239391114
2339.58770291 0.998169211169
2339.60813456 1.00379634736
2339.62856631 0.997245605423
2339.64899787 0.99902453652
2339.66942952 1.00288468188
2339.68986128 1.00322002964
2339.71029293 0.997778278529
2339.73072448 1.00064848145
2339.75115624 0.998752668356
2339.77158789 0.998351762946
2339.79201944 1.00354951156
2339.8124512 1.00005869387
2339.83288285 1.00120738216
2339.8533146 1.00222716726
2339.87374616 1.00356635042
2339.91460956 0.999762435034
2339.93504111 0.995658531445
2339.95547277 0.997062377844
2339.97590452 1.00342817063
2339.99633607 0.998180758933
2340.01676772 1.00056105275
2340.03719938 1.00074445594
2340.05763103 0.999428611595
2340.07806268 1.00227151802
2340.20065269 0.999535902562
2340.22108434 1.00159056802
2340.24151589 1.00263981544
2340.26194764 0.999896208583
2340.28237929 0.999021569574
2340.30281084 0.999341233683
2340.32324259 1.00105613153
2340.34367424 1.00011336261
2340.364106 1.00349238693
2340.38453755 0.999658917379
2340.4049692 1.00231058149
2340.42540095 0.998988300161
2340.4458325 0.99750665551
2340.46626415 0.995478728584
2340.50712745 1.00144520019
2340.5275591 0.999765593717
2340.54799085 0.999009786746
2340.5684224 0.997531102878
2340.58885404 0.999041012181
2340.60928579 1.00062814597
2340.62971744 0.999071106686
2340.65014909 0.998848237393
2340.67058074 1.00306819542
2340.69101239 1.00157419754
2340.71144404 0.998348520643
2340.73187569 0.998551518923
2340.75230734 1.00523630453
2340.77273899 0.999112699985
2340.79317063 1.00230148592
2340.81360218 1.00074793914
2340.83403393 1.00346224895
2340.85446558 0.997767656392
2340.87489713 1.00107516153
2340.89532888 0.997722780159
2340.91576052 1.00407213722
2340.93619227 0.9945590278
2340.95662382 0.996528004099
2340.97705547 0.998928454587
2340.99748721 0.999854689573
2341.01791876 1.00214808504
2341.03835041 1.0023781735
2341.05878216 1.00181365778
2341.0792137 0.999356516397
2341.1200771 0.998980702986
2341.14050875 0.997021816542
2341.16094039 1.00111561826
2341.18137204 0.999216471936
2341.20180369 0.99985089461
2341.22223533 1.00384303641
2341.24266698 0.997205118479
2341.26309863 1.00482875723
2341.28353027 1.00240839528
2341.30396192 1.00293711666
2341.34482531 0.998431243058
2341.36525686 1.00445705015
2341.3856885 0.999931396462
2341.40612015 0.998251104205
2341.42655179 1.00254731981
2341.44698354 0.999006315758
2341.46741509 0.999526669245
2341.48784673 1.00370075972
2341.50827848 0.998132189245
2341.54914167 1.00193015951
2341.56957341 1.00000978586
2341.59000496 1.00244094122
2341.6104366 0.998432551649
2341.63086835 0.99877797365
2341.65129989 1.0045509727
2341.67173164 1.00353714572
2341.69216328 0.996417258235
2341.71259493 0.999043114322
2341.73302657 1.00433531815
2341.75345822 1.00265175299
2341.77388986 1.00053319543
2341.7943215 1.00427863711
2341.81475315 0.998878003854
2341.83518479 1.00121814765
2341.89647972 0.998983104789
2341.91691147 0.993434895573
2341.93734301 0.998946793696
2341.95777476 1.00242762963
2341.9782064 1.00000907634
2341.99863794 1.00186092329
2342.01906969 1.00135426187
2342.03950133 1.0029881396
2342.05993287 0.998201748417
2342.08036462 1.00287619736
2342.10079626 0.996847904527
2342.1212278 1.00027029298
2342.14165955 1.00067551066
2342.16209119 1.00207808361
2342.18252283 0.999740693289
2342.20295447 1.00152924366
2342.28468104 0.996405482953
2342.30511269 1.00078260437
2342.32554433 0.999097097947
2342.34597597 0.997986847776
2342.36640771 0.996930012521
2342.38683926 1.00154036103
2342.4072709 1.00564575403
2342.42770264 0.995661675979
2342.44813418 0.99824821375
2342.46856592 0.995702558929
2342.48899756 0.993205936047
2342.50942911 1.0032924431
2342.52986085 0.999640704803
2342.55029249 0.994671606583
2342.57072403 0.995586057941
2342.59115577 0.992374809729
2342.61158741 1.00088078883
2342.63201895 1.00401273564
2342.6524507 0.999493687999
2342.67288234 0.999848033026
2342.69331408 0.997324751904
2342.73417726 0.994342550801
2342.754609 0.997551008683
2342.77504054 0.997630013101
2342.79547218 1.00289066171
2342.81590382 0.999888062897
2342.83633556 1.00041393469
2342.8567671 1.00269177865
2342.87719884 1.00283464691
2342.89763038 1.0009436846
2342.91806212 0.99993601561
2342.93849376 0.993281004986
2342.9589253 1.00347370949
2342.97935704 0.996771223382
2342.99978868 1.00237926198
2343.02022022 1.00477451539
2343.04065196 0.998282409481
2343.0610836 1.00209377633
2343.08151514 1.00054008537
2343.10194688 0.999654216131
2343.12237852 0.995454817742
2343.14281006 0.99997845495
2343.1632418 0.995938589363
2343.18367344 0.997551736838
2343.20410518 0.996859499516
2343.22453672 0.997717512532
2343.24496836 0.995809726844
2343.2654001 1.00084712529
2343.28583163 1.00170490231
2343.30626327 0.9968037475
2343.32669501 1.00190502748
2343.34712665 0.99525406179
2343.36755819 1.00196791164
2343.38798993 1.00372307555
2343.40842157 1.00012527255
2343.42885321 0.998387319971
2343.46971648 0.997961437184
2343.49014822 1.0046149391
2343.51057976 1.00358468648
2343.5310114 1.00083388996
2343.55144304 1.00141225148
2343.57187467 0.995979368857
2343.59230631 1.00180633545
2343.61273795 1.00097345377
2343.63316959 1.00090476633
2343.65360133 0.99875478646
2343.67403286 1.00077695395
2343.6944645 1.00188286283
2343.71489624 1.00105425434
2343.73532778 1.00288780094
2343.75575941 1.00120934256
2343.77619115 1.00161980897
2343.79662269 0.996024039137
2343.83748606 0.994079977166
2343.8579177 1.00171002658
2343.87834924 0.999268956935
2343.89878098 0.996822443847
2343.91921261 1.0014718218
2343.93964425 0.998333380503
2343.96007589 0.998840067016
2343.98050752 1.00207288538
2344.00093926 0.996936416895
2344.0213708 0.999589618136
2344.04180243 0.999354218159
2344.06223417 0.993360714485
2344.08266571 0.996686651482
2344.10309734 0.99803866607
2344.12352908 0.998215585338
2344.14396062 0.99428681095
2344.16439235 1.00427279029
2344.20525553 1.00111395405
2344.22568726 0.999721906984
2344.2461189 1.00031324765
2344.26655043 1.00247909742
2344.28698217 0.996879544095
2344.30741371 0.993404313577
2344.32784544 0.995162220329
2344.34827708 1.00139792881
2344.36870861 1.00042755469
2344.38914035 0.991968286982
2344.40957199 0.999058409632
2344.43000362 0.996614795396
2344.45043526 1.00093523197
2344.47086689 1.00226242687
2344.49129853 0.996383169845
2344.51173016 1.00203872056
2344.5321618 1.00364713663
2344.55259343 1.00079695426
2344.57302517 0.996713643423
2344.59345671 1.00332795953
2344.61388834 0.994638117543
2344.63432008 1.00018888568
2344.65475161 1.00439279817
2344.67518335 1.00074521391
2344.69561498 1.00488872881
2344.71604652 0.996886927074
2344.73647825 0.999308942311
2344.75690989 1.00146723255
2344.83863643 0.997583116145
2344.85906806 1.00400577348
2344.87949969 0.99993905094
2344.89993143 1.00000470953
2344.92036296 1.00273949972
2344.9407946 1.00087903493
2344.96122623 0.999062506414
2345.12467941 1.00250658349
2345.14511104 1.00213649585
2345.18597431 0.997648769311
2345.20640594 0.999269069317
2345.22683748 1.00134709836
2345.24726921 1.0006370141
2345.26770084 0.998996174119
2345.28813238 0.998228174278
2345.30856411 1.00489043086
2345.34942748 1.0000439709
2345.36985901 1.00386835208
2345.39029065 1.00432805893
2345.41072238 1.00253055702
2345.45158555 0.999069433643
2345.47201728 0.999380522934
2345.49244891 1.00225296582
2345.51288045 0.997547427151
2345.53331218 0.992282489176
2345.55374381 1.00254183956
2345.57417544 0.999868602463
2345.59460708 0.998172676644
2345.61503871 1.00164403302
2345.63547034 0.998821701696
2345.65590198 0.997427255013
2345.67633361 0.999684824614
2345.69676524 1.00336686926
2345.8602184 1.00323186796
2345.88064994 1.00222807476
2345.90108157 0.997146298302
2345.9215133 0.998952304936
2345.94194483 0.999359252593
2345.96237647 1.00020370152
2345.9828082 1.00112608202
2346.00323973 1.00270024116
2346.06453473 1.00012895789
2346.08496636 0.998721848064
2346.10539799 1.00087633984
2346.12582962 1.00525817038
2346.14626126 1.00031857742
2346.16669289 0.998338455883
2346.18712452 0.997665299257
2346.20755625 1.00459694199
2346.22798779 1.00277556381
2346.24841942 1.00251999162
2346.28928268 0.999049038609
2346.30971441 1.00198329688
2346.33014604 1.00087914039
2346.35057758 1.00131833272
2346.37100931 1.00288870992
2346.41187247 1.00260140892
2346.4323042 0.99822831688
2346.45273573 0.998151601761
2346.47316737 0.995387062975
2346.4935991 0.997587171469
2346.53446236 1.00215112909
2346.55489399 1.00061104228
2346.57532562 0.996160410647
2346.59575726 1.00027883562
2346.61618889 0.997935699653
2346.63662052 0.998547016986
2346.65705215 0.999475879047
2346.67748378 1.00158815594
2346.84093693 0.999161709232
2346.86136846 1.00284302962
2346.90223182 0.999213278463
2346.96352672 1.00227801402
2346.98395845 1.00157125947
2347.00438998 0.995218238585
2347.02482161 0.997030394914
2347.04525324 0.99683744266
2347.06568487 1.0005055424
2347.0861165 0.997312697627
2347.10654823 1.00118037453
2347.12697976 1.00423292238
2347.14741139 1.00017035766
2347.16784302 1.00182049475
2347.18827465 0.999879556115
2347.31086444 0.996697493898
2347.3517278 0.995348454112
2347.37215933 0.996361645402
2347.39259106 0.994714763088
2347.41302269 1.00326178871
2347.57647573 0.999745319721
2347.59690736 1.00082580628
2347.61733909 1.00177783913
2347.63777062 1.00015491577
2347.65820235 1.00473640814
2347.67863398 0.996145565368
2347.69906561 0.997196421294
2347.7603605 1.00048739692
2347.78079214 1.0028001544
2347.80122377 1.00280187184
2347.8216554 1.00068029938
2347.84208703 1.00068220141
2347.86251866 0.998484578228
2347.88295039 1.00136613087
2347.90338192 1.00399805708
2347.92381355 0.999740868125
2347.94424528 0.998761062121
2347.96467681 0.999744834727
2348.00554017 0.993661512119
2348.0259717 0.998062724734
2348.04640333 1.00096024733
2348.06683506 1.00095905657
2348.08726659 1.00052433973
2348.10769831 0.998106725581
2348.12812994 0.997690761511
2348.14856147 0.99777527918
2348.1689932 1.0058661661
2348.18942483 0.996364537976
2348.27115135 1.00019541956
2348.29158298 0.996845440381
2348.31201461 1.00325979679
2348.33244634 0.997130874221
2348.35287797 1.0002624859
2348.3733095 1.00097478055
2348.39374123 1.00292379501
2348.41417286 1.00594077618
2348.43460439 1.0003426487
2348.45503612 0.994643728015
2348.49589928 1.0005248296
2348.51633101 1.00134079719
2348.53676254 1.00132340809
2348.55719427 0.995983317433
2348.5776259 1.00142056591
2348.59805743 0.990643574741
2348.61848916 0.997241629057
2348.63892079 0.997894141958
2348.65935232 1.00066184841
2348.67978405 1.00374013078
2348.76151057 0.999296487247
2348.7819423 0.998347670847
2348.80237382 0.998607015334
2348.82280545 0.997729165134
2348.84323718 0.997542014391
2348.86366871 1.00092254451
2348.88410034 1.00144586362
2348.90453207 1.00302718577
2349.00669022 1.00041790883
2349.02712185 1.00161116645
2349.04755348 1.00183808349
2349.06798521 0.999078655926
2349.08841674 0.998162060972
2349.10884837 0.998964565967
2349.1292801 1.00195245464
2349.14971163 0.998173181302
2349.17014336 0.994849654777
2349.25186977 1.00036317303
2349.2723014 1.00284100446
2349.29273313 0.994138331174
2349.31316466 1.00128492722
2349.33359629 0.996382275531
2349.35402802 1.00135323693
2349.37445955 1.00115816912
2349.53791269 0.997281957812
2349.55834432 1.00196149111
2349.57877605 0.993889366164
2349.59920758 1.00035132531
2349.61963931 0.999090466994
2349.64007094 0.997102145875
2349.66050247 0.996084696897
2349.6809342 0.998216738695
2349.74222908 1.00226615341
2349.78309244 1.00120023942
2349.80352397 1.00002940344
2349.8239556 0.995981970089
2349.84438733 1.00054656664
2349.86481886 1.00202695484
2349.88525049 1.00569389753
2349.90568212 1.00212206814
2349.92611375 0.9981226463
2349.94654538 1.0035046115
2349.96697701 1.00121720157
2349.98740864 1.00121887939
2350.00784037 1.00114588229
2350.0282719 1.00585912989
2350.04870353 0.99716159131
2350.06913526 0.99866188343
2350.08956689 0.998776392648
2350.10999842 0.998626291088
2350.27345156 0.997812001103
2350.29388329 1.00567048764
2350.31431482 1.00088263838
2350.33474644 0.996869775999
2350.35517817 0.996769240267
2350.51863121 0.999316100736
2350.53906284 1.00012513478
2350.5799261 0.998325871318
2350.60035773 0.995294642975
2350.62078936 1.00035604116
2350.64122099 1.00016018907
2350.66165262 1.00506778299
2350.68208425 0.998632665585
2350.70251588 1.00227222256
2350.72294751 1.00076182506
2350.74337924 1.00340528481
2350.76381077 0.998716478159
2350.7842425 1.00003210279
2350.80467413 0.999904295897
2350.82510566 1.00330596343
2350.84553739 1.00278818877
2350.86596902 0.994832175398
2350.88640056 0.998973326697
2350.94769545 0.999552067748
2350.96812718 0.999920759498
2350.98855881 0.995946049744
2351.00899054 1.00412110741
2351.02942207 1.00227143266
2351.0498537 1.00504905696
2351.07028543 0.998487271163
2351.09071696 0.999389378418
2351.11114859 0.996728568935
2351.23373847 1.00389002791
2351.2541701 1.00112744017
2351.27460163 1.00288088509
2351.29503336 0.996237156511
2351.31546499 0.994059456668
2351.35632826 1.00421855332
2351.47891804 0.995472200696
2351.49934967 1.00045374081
2351.5197814 0.999361593473
2351.54021293 1.00034503824
2351.56064456 1.00461954813
2351.58107629 0.996571506036
2351.76496097 1.00219930775
2351.7853927 0.999550732131
2351.80582424 1.00147121507
2351.82625587 1.0046716952
2351.8466876 1.0000015178
2351.86711923 0.993111694528
2351.88755076 0.995790339651
2351.90798249 1.00527509744
2351.92841412 0.999401523101
2351.94884565 0.997299331593
2351.96927739 0.995096690537
2351.98970902 0.999525796839
2352.01014065 1.00017777722
2352.03057228 1.00252015433
2352.05100381 0.998627517272
2352.07143554 1.00012934824
2352.09186718 1.00075952811
2352.21445697 1.0060122954
2352.2348887 1.00328591994
2352.25532023 0.997055113576
2352.27575186 1.00216944842
2352.29618359 0.999289853406
2352.31661513 0.99294829608
2352.33704676 1.00478026387
2352.35747849 0.996592951098
2352.37791012 1.0023149854
2352.41877339 1.00036088523
2352.43920502 0.999774546373
2352.45963665 1.00437903737
2352.48006828 1.00153631766
2352.50049991 1.00186829063
2352.52093155 1.00047673727
2352.54136318 0.999326280639
2352.56179491 1.00351492315
2352.58222654 1.00133106666
2352.60265808 0.995724780894
2352.62308981 1.00021871904
2352.66395297 0.998627561707
2352.70481624 1.00024799099
2352.72524797 0.99602698172
2352.7456796 0.999285892431
2352.76611114 0.997231782299
2352.78654287 0.999922539459
2352.8069745 1.00125315989
2352.9908592 0.99926444259
2353.03172247 0.999392797144
2353.0521541 1.0000013557
2353.07258583 0.999719414505
2353.09301747 1.00165288267
2353.1134491 1.00038449625
2353.13388073 1.0014315258
2353.15431237 0.998096662327
2353.174744 0.996343976192
2353.19517563 1.00518560176
2353.21560727 1.00323448876
2353.236039 1.00284235039
2353.25647053 1.0038309575
2353.27690217 0.995536633626
2353.2973339 1.00126151583
2353.31776543 1.00581536692
2353.33819717 1.00022309158
2353.3586288 0.998683673204
2353.39949207 1.0001769769
2353.44035524 1.00046871026
2353.46078697 1.00062205633
2353.48121851 1.00305968084
2353.50165024 0.997362974947
2353.52208188 0.998050745823
2353.54251341 0.999295382922
2353.78769322 0.999143612474
2353.80812486 1.00157640713
2353.82855639 1.0009866262
2353.84898813 1.00292807482
2353.86941976 1.00074658001
2353.8898515 0.998705380085
2353.91028303 0.994342684881
2353.93071467 0.994566051558
2353.95114641 0.999177555981
2353.97157794 0.999679973124
2353.99200958 0.997840326548
2354.01244131 0.996162262485
2354.03287285 0.995856066017
2354.05330458 0.998966422788
2354.07373612 0.994946690148
2354.09416775 0.99627886146
2354.13503102 1.00409154473
2354.15546266 0.998375060692
2354.1758944 0.999034201344
2354.19632593 1.0000290584
2354.21675757 0.999432935537
2354.2371893 1.00050844487
2354.25762094 1.00132596862
2354.27805258 0.994170538946
2354.29848421 1.00049551282
2354.42107403 1.00006152201
2354.44150577 1.0006849652
2354.4619374 0.995647986742
2354.50280068 1.00403083081
2354.52323231 0.99935612988
2354.54366385 1.00677750582
2354.56409559 1.00121545227
2354.58452722 0.997915264807
2354.60495896 1.00546287935
2354.6253905 0.996517742043
2354.64582213 0.998270066475
2354.66625377 1.00096855061
2354.68668541 1.00146735551
2354.70711705 1.00411450123
2354.72754868 1.00186021634
2354.74798032 1.00060825465
2354.76841196 0.995525563057
2354.7888436 1.00245385003
2354.80927523 0.999029147543
2354.89100188 1.00256965444
2354.91143342 0.995056818254
2354.93186506 1.00358550032
2354.9522968 1.00117981708
2354.97272844 1.00283035165
2354.99316007 1.00170216286
2355.01359171 1.00099541462
2355.17704492 1.00150777756
2355.19747646 1.00596834356
2355.2179082 1.00011231308
2355.23833983 1.00016476779
2355.25877137 1.00411503579
2355.27920311 1.0020848799
2355.29963475 0.999554623566
2355.32006629 0.994698413624
2355.36092967 1.00258395295
2355.38136141 0.99684000808
2355.40179295 1.00053215061
2355.42222459 0.997900811997
2355.44265623 0.999557043194
2355.46308787 1.00388928998
2355.48351951 0.998850656746
2355.50395115 0.996421043183
2355.66740436 0.999138353065
2355.68783601 1.00232932421
2355.70826765 1.00081378604
2355.72869929 0.996563403567
2355.74913093 0.997954855121
2355.91258405 0.997526119131
2355.93301579 1.00031048321
2355.95344743 0.999413312277
2355.97387898 1.00135971352
2355.99431072 0.998945035848
2356.01474236 0.999743361898
2356.035174 1.00030461205
2356.05560564 0.999042036873
2356.07603728 0.997102882086
2356.09646892 1.00061548054
2356.11690057 0.997756212551
2356.13733221 1.00075131391
2356.17819549 0.998680919442
2356.19862713 0.995538840238
2356.21905878 0.999716592263
2356.23949042 0.995010520268
2356.25992216 0.996633082848
2356.38251202 0.999185672275
2356.40294366 0.998548168491
2356.4233752 0.99690012355
2356.44380694 0.999469143082
2356.46423859 1.00418562989
2356.48467033 0.993547193181
2356.64812348 1.00198915911
2356.66855512 1.00337370459
2356.68898667 0.999414515979
2356.70941841 1.00047167524
2356.72985005 1.00096239654
2356.7502817 1.00091822531
2356.77071334 1.00489287748
2356.83200827 0.998855433201
2356.85243992 1.0046562803
2356.87287156 0.995709962519
2356.89330321 1.00285290911
2356.91373485 0.999166671454
2356.9341666 1.00167241412
2356.95459814 1.00150705682
2356.97502979 0.997168543784
2357.1589147 0.997423540785
2357.17934634 1.00028807805
2357.19977809 1.00073305337
2357.22020963 1.00515055382
2357.24064128 0.997201321512
2357.26107303 0.999753854576
2357.34279951 1.00328952056
2357.36323126 1.00551744069
2357.3836629 0.998599828394
2357.4245262 0.999585494076
2357.44495784 0.99828407681
2357.46538949 1.00468896333
2357.48582114 1.00027425311
2357.50625279 1.0022877192
2357.52668433 0.999137059982
2357.58797938 1.00142550877
2357.60841102 1.00004971604
2357.62884267 1.00400741542
2357.64927442 1.00206732662
2357.66970597 0.999682389183
2357.69013761 0.995703117368
2357.71056936 1.0016250409
2357.73100091 1.00438002558
2357.8535908 0.996287730935
2357.87402255 0.997914564103
2357.8944542 0.998597472317
2357.91488595 1.00286926958
2357.9353175 0.998264591262
2357.95574915 1.00028306245
2357.9761809 0.994854218297
2358.11920244 0.999763112584
2358.13963409 0.998781724348
2358.16006574 1.0003463566
2358.18049729 1.00326220642
2358.20092904 1.00115861138
2358.22136069 1.00391518375
2358.24179224 1.0012559164
2358.32351895 1.00098485901
2358.3439506 1.00031894894
2358.36438235 0.995708911087
2358.3848139 1.00018088113
2358.40524555 0.998081132088
2358.44610885 0.998337671647
2358.4665406 0.997820628462
2358.58913052 1.00295578509
2358.60956217 0.999336508592
2358.62999392 0.999200804029
2358.65042547 1.00022583236
2358.67085713 0.995251668225
2358.69128888 1.00211551517
2358.71172053 0.997383469362
2358.73215208 0.998501721708
2358.75258384 0.999939960559
2358.79344704 0.998984707231
2358.8138788 1.0005127127
2358.83431035 0.99736947672
2358.8547421 1.00386960493
2358.87517376 0.999276545949
2358.89560531 0.999254914307
2358.91603706 0.998545923208
2358.93646872 1.00372411759
2358.95690027 1.00298777179
2358.97733202 0.998969042691
2358.99776368 1.00001991724
2359.03862699 1.0029970342
2359.05905864 0.999038556144
2359.0794904 1.00179684848
2359.09992195 0.996847594848
2359.12035361 0.999193436682
2359.14078536 0.999735959003
2359.16121691 0.996527947409
2359.18164867 1.00196678287
2359.20208033 1.00091899919
2359.22251188 0.999096645038
2359.24294364 1.00249059824
2359.28380695 1.00397166755
2359.3042386 1.00031463354
2359.32467026 1.00312155095
2359.34510191 1.00493432463
2359.36553357 1.00094538566
2359.38596523 0.999883737679
2359.40639698 1.0004192211
2359.42682864 0.995130563646
2359.59028189 0.999075305909
2359.61071345 1.00011194838
2359.63114521 1.00101641525
2359.65157686 1.00030624113
2359.67200842 1.00076220469
2359.69244018 0.999726011972
2359.71287184 0.99821531047
2359.7333036 0.996195931182
2359.75373515 0.997782556727
2359.77416681 1.00112836489
2359.79459857 0.998371621272
2359.81503013 0.999749202392
2359.83546179 1.00181361977
2359.85589355 1.00165952296
2359.8763251 1.00067341596
2359.89675686 1.00188934605
2359.91718852 1.00003971118
2359.93762018 0.999731395215
2359.95805184 1.00549422544
2360.10107346 1.00387508695
2360.12150522 0.997025915313
2360.14193688 0.999198490121
2360.16236844 0.996175827739
2360.1828002 1.00118125349
2360.30539016 0.997279424403
2360.32582172 1.00351183805
2360.34625349 1.00516595192
2360.36668515 0.998836115278
2360.38711671 0.994901180248
2360.40754847 0.994946807572
2360.57100187 0.99919514704
2360.59143353 1.00188284712
2360.61186519 1.00020772204
2360.63229686 0.999222919055
2360.65272852 1.00297812447
2360.67316018 0.996244872822
2360.69359185 1.00343222208
2360.71402351 1.00058954842
2360.73445527 1.00191144712
2360.7753185 1.00049757251
2360.79575016 1.00140454633
2360.81618183 0.997798201878
2360.83661359 1.00656308393
2360.85704526 1.00575518859
2360.87747682 1.00194385719
2360.89790859 0.997758762193
2361.06136191 1.00358870985
2361.08179357 1.0007857581
2361.10222524 1.00108967343
2361.1226569 1.00300928184
2361.14308857 0.999366595523
2361.16352034 1.00314199868
2361.1839519 1.00047944656
2361.20438357 0.999845250451
2361.2452469 0.995991722484
2361.26567857 1.00195618926
2361.28611034 1.00535281874
2361.306542 1.00054520603
2361.32697367 1.0000308961
2361.34740534 0.995214065337
2361.367837 1.00028541264
2361.57215369 0.99861233271
2361.59258535 1.00030270261
2361.61301712 1.00220889017
2361.63344869 0.99994686547
2361.65388036 0.995719937696
2361.67431213 0.999481106083
2361.6947437 0.997157163191
2361.73560714 1.00488713826
2361.75603871 0.999029097227
2361.77647048 0.997312348235
2361.79690215 0.999551864947
2361.81733382 0.993616963753
2361.83776549 0.996411348006
2361.85819716 1.00127910125
2361.93992394 0.991498050451
2361.98078719 1.00057390661
2362.00121896 1.00513315011
2362.02165063 1.00404581827
2362.06251397 0.99819388105
2362.08294565 1.00280513663
2362.10337742 0.999066384073
2362.12380899 0.999917974786
2362.16467243 0.999812975226
2362.24639903 1.00201263369
2362.2668308 0.998860376626
2362.28726237 0.999258062773
2362.30769405 1.00356301132
2362.32812582 0.996272663245
2362.34855739 0.996121642187
2362.36898917 1.00153203856
2362.38942084 0.999196286956
2362.51201089 1.0010844786
2362.53244256 0.999029135934
2362.55287424 1.00018857748
2362.57330591 0.999444942724
2362.59373769 1.00003404873
2362.61416937 0.99899806103
2362.77762277 1.00617648834
2362.79805445 1.00247561706
2362.81848623 0.99818316942
2362.83891781 0.997525520993
2362.85934948 0.999849797849
2362.87978126 1.00223428404
2362.90021284 1.00093023293
2362.92064462 1.00386984149
2362.94107619 1.00051073207
2362.96150787 1.00083760625
2362.98193965 0.996920203727
2363.02280291 0.99666451975
2363.04323468 0.994137033749
2363.06366626 0.994440658716
2363.08409804 1.00089524039
2363.10452972 0.994514339905
2363.26798316 1.00141828606
2363.28841484 0.99854100969
2363.30884662 0.998181380362
2363.3292783 0.999908055195
2363.34970988 0.999123513284
2363.37014166 0.994544839414
2363.51316343 1.00031117561
2363.53359521 0.995152557897
2363.55402679 0.998352877187
2363.59489016 1.00101267648
2363.61532184 1.00075694527
2363.63575363 0.998436574871
2363.67661689 1.0015333592
2363.69704867 0.999635179574
2363.71748026 1.00084551804
2363.73791194 1.00122129601
2363.75834373 0.998766289366
2363.77877541 1.00335491382
2363.79920709 0.997157957972
2363.81963878 0.995814865632
2363.84007046 1.00524722518
2363.86050215 0.997883876413
2363.98309236 1.00058128022
2364.02395573 1.00064337978
2364.04438741 1.00332785131
2364.064819 1.00304147306
2364.08525078 1.00047546803
2364.10568247 0.997812490203
2364.12611426 1.00270777301
2364.14654584 0.99961683272
2364.16697753 1.0012396041
2364.18740922 0.993333014119
2364.2078409 1.0014402642
2364.22827259 1.00464823863
2364.24870428 0.999008931583
2364.26913597 0.994519126951
2364.28956775 0.998418858945
2364.30999934 1.00049843879
2364.33043103 0.992261531104
2364.35086282 1.00377689777
2364.47345295 0.998513689396
2364.49388464 1.00175372327
2364.51431633 1.00443381104
2364.53474802 0.999300539006
2364.55517971 0.999623350231
2364.5756114 0.998160073035
2364.59604309 1.00168181028
2364.61647478 0.998163965121
2364.63690657 0.99615523897
2364.67776995 0.999994839381
2364.69820164 0.999998214452
2364.71863323 1.00386947088
2364.73906502 0.996188825534
2364.75949672 0.997721755065
2364.77992831 1.0033772003
2364.8003601 1.00119673262
2364.98424533 1.00001215325
2365.00467712 1.0020231162
2365.02510872 0.999059531898
2365.04554041 0.999468215121
2365.06597221 1.00229835446
2365.0864038 1.00043537336
2365.20899407 1.00117848492
2365.24985746 1.00230056018
2365.27028915 0.997576043144
2365.29072095 0.998202356966
2365.31115254 1.00020983324
2365.33158434 1.00588947702
2365.35201604 1.00542310189
2365.37244763 0.995672408816
2365.41331112 1.0007386355
2365.43374272 0.996807060405
2365.45417452 0.99868738046
2365.47460622 0.998506131446
2365.49503781 1.00125898748
2365.51546961 0.995191037491
2365.53590131 0.996957474679
2365.55633311 0.996688488457
2365.71978669 0.999476961737
2365.74021829 1.00227973724
2365.76064999 1.00039156693
2365.78108179 0.99890005332
2365.80151349 1.00045096203
2365.82194509 0.996423753872
2365.84237689 0.999670331636
2365.86280859 0.998198021962
2365.88324029 1.00202773793
2365.90367199 1.00149987748
2365.9241037 1.00184596379
2365.9445355 0.997478623216
2365.9649671 0.998546769288
2365.9853988 1.00434287891
2366.0058306 1.00063834206
2366.0262622 1.000729466
2366.046694 0.999244786113
2366.21014763 1.00037110085
2366.23057933 1.00235075156
2366.25101103 1.00046689793
2366.27144274 1.00106072441
2366.29187444 0.998675368933
2366.31230615 0.997344990807
2366.33273785 1.00125178725
2366.41446467 1.00579018651
2366.43489647 0.999634762888
2366.45532808 0.998467963003
2366.47575979 0.997233051768
2366.49619159 1.0004514035
2366.5166233 1.00151841942
2366.537055 0.998532954955
2366.55748671 0.999631105472
2366.57791842 0.998923055013
2366.59835022 1.0000604821
2366.61878183 1.00059508306
2366.63921354 0.994826813418
2366.65964534 0.99377894006
2366.68007695 1.00320891666
2366.70050876 0.999765370688
2366.72094047 0.996631602151
2366.74137207 0.999161802355
2366.76180388 1.00118748988
2366.78223559 0.995945383363
2366.8026672 1.0000352934
2366.92525765 1.00268755886
2366.94568926 1.0028454343
2366.96612097 0.999499418185
2366.98655268 1.00345091609
2367.00698439 1.001516527
2367.02741611 0.998114914941
2367.1908698 0.998342023978
2367.21130161 0.999412478107
2367.23173332 1.0022005332
2367.25216503 1.00619141709
2367.27259675 1.00068688224
2367.29302846 0.996495476239
2367.31346027 1.00063317891
2367.33389188 0.996982047367
2367.39518703 0.992767209373
2367.41561884 1.00458172875
2367.43605055 0.997671398861
2367.45648217 1.00665622378
2367.47691398 1.0015098951
2367.4973457 0.99540385098
2367.51777731 1.0008724613
2367.53820913 0.997790804738
2367.55864084 0.999103087527
2367.57907256 1.00106895216
2367.59950427 0.999925827988
2367.61993599 1.00120464548
2367.64036771 1.00049728993
2367.66079942 0.996514751437
2367.68123114 1.00627746287
2367.70166286 0.999890851772
2367.72209457 0.995498607298
2367.74252639 0.995598096991
2367.76295801 1.00468362368
2367.92641185 1.00243277162
2367.94684357 1.00063218963
2367.96727539 1.0020160148
2367.98770701 0.99633249762
2368.00813873 0.999179322874
2368.02857055 1.00009122024
2368.04900217 0.994210467564
2368.06943399 0.997094524185
2368.08986571 1.00245907721
2368.11029733 1.00339805924
2368.15116087 1.00069107141
2368.17159249 0.996249806411
2368.19202431 0.995884938208
2368.21245604 0.995013952828
2368.23288776 0.995520344181
2368.25331948 1.00146050313
2368.2737512 0.999698586
2368.29418292 1.00161028674
2368.37590982 0.998869583958
2368.39634164 0.998786646351
2368.41677326 1.00189094211
2368.43720499 1.00227057
2368.45763681 0.999030254605
2368.47806853 0.997075910783
2368.49850016 0.9976622631
2368.66195406 1.00591453292
2368.68238589 0.999322701289
2368.72324924 1.0049414929
2368.74368106 1.00233498143
2368.90713489 0.999167553675
2368.92756661 0.999255974234
2368.94799844 1.00003636451
2368.96843007 1.00183853019
2368.9888618 1.00014664796
2369.00929353 1.00361978018
2369.02972526 1.00118243177
2369.05015699 1.00492103621
2369.07058872 0.999596714648
2369.09102045 0.998283577923
2369.11145228 0.998487007074
2369.13188391 0.99636955431
2369.15231564 1.00204228557
2369.17274747 1.00031943993
2369.1931792 1.00078931473
2369.21361083 1.00134065246
2369.23404267 0.998458213472
2369.2544744 1.00006080203
2369.37706479 1.00504671407
2369.39749663 1.00386394844
2369.41792826 0.998084015433
2369.43836009 0.99982809893
2369.45879183 1.00098852918
2369.47922346 0.996057538471
2369.49965529 1.00508234307
2369.52008703 0.998554993064
2369.54051866 1.00342653605
2369.58138223 1.00084944574
2369.60181397 1.00408564007
2369.6222457 0.998662869141
2369.64267744 0.998293430387
2369.68354091 1.00075593689
2369.70397265 1.00312666309
2369.72440439 1.00098924614
2369.74483612 0.999342250609
2369.76526796 1.00013063016
2369.7856996 1.00472730331
2369.82656317 0.99836694974
2369.84699491 0.998795614612
2369.86742655 0.998635556612
2369.88785839 0.998828054119
2369.90829012 0.993844124373
2369.92872186 1.00317657432
2369.9491536 0.999006787465
2369.96958534 1.00424886815
2370.13303926 1.00221071762
2370.1534711 1.00298493091
2370.17390284 0.999931385709
2370.19433448 1.00127192959
2370.21476633 0.999167444626
2370.23519807 1.00228434304
2370.25562981 0.995389044266
2370.27606155 0.99493848295
2370.29649329 1.00225825707
2370.31692514 0.999402927114
2370.33735678 0.993952553296
2370.35778852 1.0028680983
2370.37822027 0.999964032512
2370.39865201 0.994339382379
2370.41908375 1.00167935796
2370.4395155 0.99703056441
2370.45994724 1.00094487578
2370.6234013 1.00032851049
2370.64383315 0.997514350558
2370.6642648 1.0017329711
2370.68469654 0.999554539578
2370.70512839 0.992630548986
2370.72556004 0.993211112761
2370.84815052 0.999591762321
2370.86858237 0.998567787606
2370.88901412 1.00131408598
2370.90944577 0.996567856291
2370.92987762 1.00338903224
2370.95030937 0.99862223156
2370.97074112 1.00138710301
2370.99117287 1.0021220282
2371.07289987 1.00372829843
2371.09333162 1.00269915571
2371.13419523 1.00003808857
2371.15462688 0.999350514853
2371.17505863 0.997008053856
2371.19549048 0.999687506827
2371.21592223 0.999107292592
2371.23635389 1.00185502112
2371.25678574 0.99941124374
2371.29764935 1.00068253995
2371.318081 1.00127683885
2371.33851275 1.00037773404
2371.35894461 0.996515680855
2371.37937626 1.00219171553
2371.39980802 0.999893949787
2371.44067153 0.995204851461
2371.46110338 1.00201637065
2371.48153514 0.995362536884
2371.50197255 1.00387796558
2371.52239862 1.00148436854
2371.54283038 0.995018833929
2371.56326203 1.00605744867
2371.58369389 0.997517296684
2371.60412565 0.996965622655
2371.6245575 1.00022243014
2371.64498916 1.00046163764
2371.66542092 0.991147755395
2371.68585278 1.00330813599
2371.70628443 1.00070453352
2371.82887509 0.998059222971
2371.84930685 1.00209111157
2371.86973861 1.00005196463
2371.89017037 0.995928352168
2371.91060223 1.00273623752
2371.93103389 1.0000184678
2371.95146565 0.998184686937
2371.97189751 1.0020747333
2371.99232917 1.00518062156
2372.03319279 0.999333628258
2372.05362445 0.99886535553
2372.07405632 1.00017580277
2372.09448798 0.995166173834
2372.11491974 0.999383292435
2372.1353516 0.999031514272
2372.15578327 1.00437335822
2372.17621513 0.998668705286
2372.19664689 0.999036201734
2372.31923748 1.00625646476
2372.33966934 1.00169283357
2372.36010101 1.00227996568
2372.38053277 0.997955026981
2372.40096464 1.00044382752
2372.42139641 0.996183752826
2372.44182807 1.00130402275
2372.46225994 1.00081372966
2372.48269171 1.0010512085
2372.50312347 0.995362377761
2372.52355524 1.00293641041
2372.54398701 0.999608071309
2372.56441877 1.0013057625
2372.58485054 0.996965188584
2372.60528231 1.00077385263
2372.64614585 0.998121900829
2372.66657772 1.00449321486
2372.83003188 1.00027604334
2372.85046365 1.00529346514
2372.87089532 0.999502517328
2372.89132719 0.997909473383
2372.91175896 0.999967025183
2372.93219063 0.998465244497
2372.95262251 1.00291650036
2372.97305428 0.998370708637
2372.99348615 1.0026970082
2373.01391782 0.996784260912
2373.0343496 0.998414568617
2373.05478147 1.00099019572
2373.07521324 0.995389058764
2373.09564492 1.00220834643
2373.13650857 0.993784713648
2373.15694034 1.00341688638
2373.34082632 1.00326998701
2373.3612581 0.998610021088
2373.38168998 0.996990982785
2373.40212166 0.998084199032
2373.42255343 0.997887809783
2373.44298531 1.00014617138
2373.46341699 1.00256879438
2373.48384887 0.998913266614
2373.50428065 0.999306505699
2373.52471233 0.996300047028
2373.54514421 0.999974317829
2373.56557599 1.00020893554
2373.58600767 0.999741689069
2373.60643955 1.0040116433
2373.62687133 1.00418083186
2373.64730321 0.998279113575
2373.66773489 1.0005820563
2373.68816667 1.00271350431
2373.70859855 1.00116057988
2373.72903023 1.00150929984
2373.7698939 1.00319711785
2373.79032568 1.00492424578
2373.81075736 1.00344973201
2373.83118924 1.00161207437
2373.85162103 1.00638304861
2373.87205281 0.995974082716
2373.89248459 0.997895793779
2373.91291638 0.998997128292
2373.93334826 1.00198887254
2373.95377994 0.994426419782
2373.99464361 1.00165673663
2374.0150753 0.999891536257
2374.03550718 0.998344241036
2374.05593887 1.00382970324
2374.07637066 0.997223765203
2374.09680254 0.99551477523
2374.11723423 0.99738258489
2374.13766601 0.999841293707
2374.30112042 1.00358740286
2374.3215522 0.998775303031
2374.34198399 1.00009168391
2374.38284757 1.00034641275
2374.40327936 1.00315043551
2374.42371125 1.00365135169
2374.44414304 0.999970257618
2374.46457473 0.999213498401
2374.48500662 1.00506110429
2374.50543842 1.00661094727
2374.52587021 1.0027381769
2374.546302 0.997407972184
2374.56673379 1.00000866982
2374.58716568 1.00109935644
2374.60759738 0.998424115672
2374.62802917 0.99748098611
2374.64846106 1.00316418805
2374.66889275 1.00236975619
2374.68932465 0.996090550307
2374.73018814 1.00112752352
2374.75062003 0.998141785319
2374.77105172 1.00026167161
2374.79148352 0.994757991051
2374.81191541 1.00140868261
2374.83234711 1.00455737716
2374.852779 0.999407510364
2374.8732108 1.00177813508
2374.8936425 0.996666036204
2374.91407439 0.997798158163
2374.93450619 0.999480527941
2374.97536978 1.00148514642
2374.99580158 0.996491701828
2375.01623348 0.991412217496
2375.03666518 1.00275799058
2375.05709697 0.998381497445
2375.07752887 1.00056030356
2375.09796067 1.00296109336
2375.11839247 0.994892312996
2375.30227877 0.998882537229
2375.32271047 0.996612434265
2375.34314238 0.997751738691
2375.36357408 0.994543321204
2375.38400588 0.997019850196
2375.40443778 0.998450750386
2375.42486958 0.997028618505
2375.44530139 0.991900953682
2375.46573319 0.998342254836
2375.4861649 1.00320551069
2375.5065968 1.00033482238
2375.5270286 1.00102482326
2375.54746031 1.0020767306
2375.56789221 0.998008489088
2375.58832402 1.00069143271
2375.60875592 0.99584086564
2375.62918763 0.997819815867
2375.75177847 0.998608127631
2375.77221037 0.997775381228
2375.79264218 1.00039925378
2375.81307399 1.00031523092
2375.8335058 1.00150914662
2375.85393761 1.00411652483
2375.87436941 1.00435797685
2375.89480132 1.0016542475
2375.91523303 1.00100458483
2375.95609675 1.00043872467
2375.97652846 0.999171715045
2375.99696037 0.999392025026
2376.01739218 0.995483195952
2376.03782389 1.00164719305
2376.07868752 1.00106521476
2376.09911933 1.00173571148
2376.11955124 1.00065343063
2376.24214212 1.00408686608
2376.26257383 1.00099319253
2376.28300575 1.00157241149
2376.30343756 0.998352604724
2376.32386947 1.00008459319
2376.34430119 0.99779925259
2376.364733 0.995608068941
2376.38516492 1.00368865011
2376.40559664 0.998767946923
2376.44646037 0.998974255532
2376.46689219 0.995077811389
2376.487324 0.994350303249
2376.50775582 1.00361702808
2376.52818764 1.00087358008
2376.54861945 1.00272262583
2376.56905127 1.00348163105
2376.60991501 0.997472492713
2376.73250583 0.999018433338
2376.75293765 0.997912741779
2376.77336957 1.00103469544
2376.79380129 1.00345327097
2376.81423321 1.00602979033
2376.83466503 1.00017014274
2376.85509675 0.997957284191
2376.87552867 1.00387482384
2376.8959605 0.999270027461
2376.93682414 1.00055214788
2376.95725597 0.998071693075
2376.97768789 1.00208175568
2376.99811961 1.00000330789
2377.01855144 1.00468940169
2377.03898336 0.995469981919
2377.05941509 1.00206340643
2377.07984691 1.0022724443
2377.24330162 1.00260228791
2377.26373355 1.00026039477
2377.28416528 1.00357259241
2377.32502903 0.998468645296
2377.38632452 0.998977274503
2377.40675625 0.997804942245
2377.42718818 1.00284178771
2377.44761991 0.998481835487
2377.46805184 0.994015847914
2377.48848367 1.00014391226
2377.5089154 0.996961920259
2377.52934733 0.998500038598
2377.54977916 0.999352834995
2377.57021089 0.9973117877
2377.59064282 1.00036438895
2377.71323382 1.00651888621
2377.73366566 0.996503865725
2377.75409759 1.00127135422
2377.79496126 1.00115388721
2377.81539309 1.00308629139
2377.83582493 1.00024526159
2377.95841605 0.998300033868
2377.97884789 0.99514518485
2377.99927962 0.996095614911
2378.01971156 1.00276723204
2378.0401434 1.00090617159
2378.08100708 0.992019614506
2378.10143882 0.998889717179
2378.12187076 1.00189627393
2378.1423026 1.00095602304
2378.16273434 1.00055074224
2378.18316628 1.00087393945
2378.20359812 1.00050983279
2378.2444618 1.00013277712
2378.26489364 0.999715307095
2378.28532558 1.0017419455
2378.30575732 0.999399436716
2378.32618917 0.998604373216
2378.44878033 1.00094236208
2378.46921217 1.00300269695
2378.48964401 1.00119692342
2378.51007586 0.995577321241
2378.5305077 1.00010562007
2378.55093955 1.00411986291
2378.5713714 0.99861646845
2378.65309878 0.999807455848
2378.67353073 0.995543657891
2378.69396258 0.995031811323
2378.71439432 0.997210602074
2378.73482627 0.999217952411
2378.75525802 0.99628666874
2378.77568997 1.00178672433
2378.79612182 0.996151789524
2378.81655357 1.00041159477
2378.93914487 1.00346846819
2378.95957662 1.00086889663
2378.98000847 0.998254735881
2379.00044043 0.998286347355
2379.02087218 1.00067212597
2379.04130403 0.997422607785
2379.06173598 0.999140196206
2379.18432711 0.998396778476
2379.20475896 1.00161009051
2379.22519082 1.00121964068
2379.24562267 1.0003601874
2379.26605463 1.00278780596
2379.28648649 1.00166132868
2379.30691824 1.00171019494
2379.3273502 1.00354369339
2379.34778206 1.00066013616
2379.36821381 0.99630843721
2379.38864577 0.995850631376
2379.40907763 1.00174253541
2379.42950939 1.00045922648
2379.44994135 1.00137080215
2379.47037311 1.00256727726
2379.51123692 0.99814777502
2379.53166868 0.997587302867
2379.55210064 0.998962722603
2379.5725325 0.996694155397
2379.63382809 1.00345414972
2379.67469181 1.00027712245
2379.69512367 1.00479572686
2379.71555564 1.00387311338
2379.7359874 1.00353228252
2379.75641926 0.996806665142
2379.77685123 0.995494069906
2379.79728309 1.00318405412
2379.81771495 1.00271603333
2379.83814682 1.00023194849
2379.87901055 0.999218733848
2379.89944241 1.00512601589
2379.91987428 1.00026173202
2379.94030624 0.995672082425
2379.96073801 1.00014452064
2379.98116998 1.00065846141
2380.00160184 1.00221960429
2380.02203361 0.996535192449
2380.04246558 1.00052207534
2380.06289745 1.00046036736
2380.08332921 1.00025678985
2380.12419295 0.998394036179
2380.14462492 1.00159753705
2380.16505679 1.00036232954
2380.18548856 1.00028709157
2380.20592053 1.00096887107
2380.2263524 0.998299409107
2380.24678417 0.999299969685
2380.26721614 0.996327357382
2380.28764801 1.00241780126
2380.30807998 0.997048131295
2380.32851175 1.00003897575
2380.3693756 1.00101817022
2380.38980737 1.0012453006
2380.41023924 1.00030963643
2380.43067122 1.00658178869
2380.45110299 1.00400786712
2380.47153496 1.0055145291
2380.49196684 1.00495358179
2380.51239871 0.997078669792
2380.53283059 0.999888396069
2380.55326246 1.00211282596
2380.57369434 0.999257353152
2380.61455809 0.998641450321
2380.63499007 1.0013166934
2380.65542194 0.995583593434
2380.67585372 1.00158929793
2380.6962857 1.00029323021
2380.71671758 0.99712049638
2380.73714935 1.0054790943
2380.75758133 0.996891420598
2380.77801311 0.997216980241
2380.79844509 0.999814181593
2380.81887697 0.999591139436
2380.88017261 1.00076198894
2380.90060439 1.00109605719
2380.92103637 0.999965190243
2380.94146825 1.00238294011
2380.98233201 1.00031525777
2381.0027639 0.995105464082
2381.02319588 1.00405460466
2381.04362766 1.00147718331
2381.06405954 1.00292946396
2381.10492341 0.998027240212
2381.12535529 0.996780135491
2381.14578718 1.00397696894
2381.16621906 0.99562154395
2381.18665095 1.00231186588
2381.20708283 0.998858769528
2381.22751472 0.992412807025
2381.2479466 0.99973066395
2381.4114018 1.00143326349
