# #0 time, 1 flux
2306.67170466 0.981620589213
2306.69213678 0.982669049995
2306.71256871 1.00009032873
2306.73300084 1.02204540777
2306.75343276 0.950467681431
2306.77386479 1.00280086565
2306.79429691 1.00260653179
2306.81472883 0.97044267151
2306.83516086 1.01647784966
2306.85559298 0.971750731141
2306.8760249 0.979187464327
2306.89645693 0.9776352696
2306.91688905 0.984190805178
2306.93732107 0.975637640984
2306.95775309 0.979052916498
2306.97818511 1.04234275273
2306.99861713 1.03998407523
2307.01904915 0.965850968601
2307.03948117 1.01049580329
2307.05991319 0.986274491614
2307.08034531 1.036553953
2307.10077723 1.00745122222
2307.12120924 1.00663693558
2307.14164136 1.06060122015
2307.16207328 1.00886773798
2307.20293741 1.02108314987
2307.22336933 0.996788828827
2307.24380144 1.04561993763
2307.26423346 0.972500251103
2307.28466537 0.978628136984
2307.30509749 1.0078304645
2307.3255295 0.986047543378
2307.34596141 0.980382379952
2307.36639353 1.0044690914
2307.38682554 0.962680508342
2307.40725755 1.02372899938
2307.42768956 1.01498948485
2307.44812157 1.03694362389
2307.46855358 0.974648536234
2307.4889856 0.97379013317
2307.57071363 1.01826864539
2307.59114574 0.997705814953
2307.61157765 0.975166091237
2307.63200966 1.02604626536
2307.65244176 0.984450703724
2307.67287367 0.992404117987
2307.69330568 0.999312842429
2307.71373778 1.00141701625
2307.73416969 0.993251999179
2307.75460179 0.99453220698
2307.7750338 1.01422088561
2307.7954657 1.01243511679
2307.81589781 1.02776804183
2307.83632981 0.985086821195
2307.85676171 1.00569664619
2307.87719382 1.02126026878
2307.89762582 1.01496108021
2307.91805782 0.995075296636
2307.95892182 0.972973962626
2307.97935383 1.00344118628
2307.99978583 1.0062835703
2308.02021783 1.02191679558
2308.04064983 1.00463475951
2308.06108192 0.98723296361
2308.08151382 0.992755031803
2308.10194592 0.952024671541
2308.12237782 0.996566626197
2308.14280982 1.0067763596
2308.18367381 0.974634069143
2308.20410581 1.00638286929
2308.2245379 0.997705396611
2308.2449698 1.0025358103
2308.26540179 1.02039637128
2308.28583389 0.97502759807
2308.30626578 1.0018726816
2308.32669778 1.02551801345
2308.34712987 0.993909596759
2308.36756176 0.988836676116
2308.38799376 1.00698201111
2308.40842585 0.998649859001
2308.42885784 1.00079072368
2308.44928973 0.993549482722
2308.49015382 1.03817760169
2308.5310178 1.01427607725
2308.55144979 0.969722993073
2308.57188177 0.985672775337
2308.61274575 0.996832406579
2308.63317784 1.04420425601
2308.65360973 1.00658155883
2308.67404172 1.01220164202
2308.6944738 0.99132097731
2308.71490569 0.962769079743
2308.73533767 1.0295218862
2308.75576976 1.01183511968
2308.77620165 1.01237700162
2308.79663363 0.966099569874
2308.81706571 0.984201959109
2308.8374976 1.00088521527
2308.85792958 1.01464497138
2308.87836167 0.982124753735
2308.89879355 1.02585435561
2308.91922563 0.952498736196
2308.93965751 1.00907323457
2308.9600895 0.997870703667
2308.98052158 0.992503150482
2309.00095356 0.986879820192
2309.02138544 1.03050715334
2309.04181752 1.04060178162
2309.12354544 1.01493902256
2309.14397731 0.989541899113
2309.16440939 1.01771510984
2309.18484137 0.987906539443
2309.20527325 1.01064745508
2309.22570532 0.954771893037
2309.2461373 1.01326879827
2309.26656928 1.02647685867
2309.28700125 1.00856307451
2309.30743323 1.00654885797
2309.3278652 0.980100293771
2309.34829718 0.978394903427
2309.36872915 0.979839672511
2309.38916122 0.986174030772
2309.4095931 1.00563825426
2309.43002507 0.97405777192
2309.45045714 0.974967925664
2309.53218503 1.00930897046
2309.57304897 1.00115492568
2309.59348094 1.03179048858
2309.61391281 0.974109237634
2309.63434488 0.979921596108
2309.65477674 0.999095720962
2309.67520871 1.04322223661
2309.69564078 0.969764983491
2309.71607265 1.03520942593
2309.73650462 0.989411052872
2309.75693668 0.997515795605
2309.77736855 0.98307641229
2309.79780051 1.0175402602
2309.81823258 1.00974259475
2309.83866454 1.03065870295
2309.85909651 0.989148142213
2309.87952847 1.00164568438
2309.89996044 1.00930404521
2309.9203925 1.01407257596
2309.94082437 0.998375055748
2309.96125633 1.05084675341
2309.98168839 1.01578299518
2310.00212025 0.997323377532
2310.06341614 0.984451482698
2310.0838481 1.02162994519
2310.10428016 0.984129101621
2310.12471202 0.950903452626
2310.14514398 1.03794257845
2310.16557604 1.02097926696
2310.18600789 0.992619982064
2310.20643985 0.982597898119
2310.22687191 1.01078689413
2310.24730377 0.987608691454
2310.26773573 0.959403922638
2310.28816778 1.04561766186
2310.32903169 1.03011425479
2310.34946365 0.973812562013
2310.36989551 1.01114854146
2310.39032756 0.969814962702
2310.41075951 1.02054799706
2310.43119137 0.964914017565
2310.45162342 1.00047965534
2310.49248723 0.974412813995
2310.51291928 0.99230780858
2310.59464709 0.974286412064
2310.61507894 1.01558352051
2310.63551099 1.00704495366
2310.65594294 0.977110899494
2310.67637489 1.01453823948
2310.75810278 1.01863372234
2310.77853463 0.988292940933
2310.79896658 1.00687376913
2310.81939863 0.995453527506
2310.83983047 0.972789705022
2310.86026252 1.02832675448
2310.88069447 1.0116825838
2310.90112631 0.983345313821
2310.92155836 1.02792564828
2310.9419903 0.969039687826
2310.96242215 1.00081156349
2310.98285419 1.06108167268
2311.00328613 1.03700933573
2311.04415002 1.02229381263
2311.06458196 0.96588495804
2311.0850138 0.951950181835
2311.10544585 1.01342484846
2311.12587779 1.03180375638
2311.14630963 0.973134686873
2311.16674167 1.01791441786
2311.18717361 0.995471941937
2311.22803749 0.999867343864
2311.24846943 1.04552707264
2311.26890127 1.00286788127
2311.28933331 0.964086454783
2311.30976524 1.0049670857
2311.33019708 1.02832521496
2311.35062912 0.968715831203
2311.37106106 1.01903349391
2311.39149309 0.963078502093
2311.41192493 1.01497132456
2311.43235687 1.03135196997
2311.4527889 1.03296077915
2311.49365267 0.978390293444
2311.51408471 1.00103724938
2311.53451654 1.01892015041
2311.55494847 0.982582254494
2311.57538051 1.00579212399
2311.59581244 1.00289330392
2311.61624427 1.00060431992
2311.63667631 0.987824271986
2311.65710824 1.02549565995
2311.73883586 1.02976539314
2311.75926789 1.01918900169
2311.77969982 1.01262822192
2311.80013165 0.994166837194
2311.82056368 0.982153356421
2311.84099561 0.984556834078
2311.86142754 1.03468146387
2311.88185946 1.06235645986
2311.90229129 1.01739720641
2311.92272332 1.02799045446
2311.94315525 1.01990417406
2311.96358707 0.968469859646
2311.9840191 0.961204576573
2312.00445103 1.03309378004
2312.02488295 0.961702213097
2312.04531488 0.973384173926
2312.0657468 1.06489191899
2312.08617872 0.977886535321
2312.10661065 0.977897863291
2312.12704257 1.016255726
2312.1474745 0.964066964511
2312.22920229 1.00004439342
2312.24963411 0.96449773386
2312.27006603 0.991635545755
2312.29049805 0.977053730651
2312.31092987 1.05391523084
2312.33136179 0.985886894961
2312.35179381 0.995542813155
2312.37222563 1.0007807818
2312.39265765 1.01792160068
2312.41308957 0.991696240626
2312.4539534 1.00223849596
2312.47438532 1.04354896854
2312.49481724 0.987927309882
2312.51524915 0.980547363164
2312.53568107 0.988848978722
2312.55611299 1.00519384161
2312.5765449 0.965907519807
2312.59697682 1.02101775912
2312.61740863 0.966677817625
2312.63784065 1.02086249863
2312.65827256 1.01222233514
2312.67870438 1.01806023996
2312.69913639 0.986478216852
2312.7195683 1.00235535869
2312.74000012 0.996078218108
2312.78086404 1.01288530206
2312.80129585 0.991779881118
2312.82172786 0.975683321797
2312.84215978 1.04794776165
2312.86259169 0.989060341475
2312.8830236 1.00687401881
2312.90345551 0.967340495466
2312.92388752 0.995167736362
2312.94431933 1.00062953581
2312.96475124 1.01504841167
2312.98518324 1.00808997209
2313.00561515 0.998937653607
2313.02604696 0.979022789386
2313.04647897 0.983729962075
2313.06691088 1.02023472673
2313.08734268 0.953026095575
2313.20993412 0.994898998078
2313.23036612 0.999532303758
2313.25079803 1.00220495022
2313.27122993 1.00856313739
2313.29166183 0.981151293226
2313.31209374 0.98411500276
2313.33252564 1.02719992942
2313.35295754 1.05726528364
2313.37338944 0.977274645494
2313.45511705 0.977035452101
2313.47554895 1.02184284658
2313.49598085 1.00671891839
2313.51641285 0.966377545547
2313.53684465 0.960228896647
2313.55727655 1.04496801552
2313.57770855 0.977373001867
2313.59814035 1.02389236341
2313.61857224 0.983423837025
2313.63900424 0.989188243295
2313.65943604 0.984182935466
2313.67986794 0.990371303974
2313.70029993 1.02850048311
2313.72073173 1.0038965779
2313.74116362 1.0116787172
2313.76159562 0.96750514148
2313.78202742 1.01731963499
2313.80245931 0.999112306518
2313.8228913 1.03906215503
2313.8433232 1.03486039167
2313.86375499 0.998078594417
2313.88418699 0.999061543421
2313.90461888 0.983182910952
2313.92505077 0.977776106599
2313.94548267 1.00361647229
2313.96591456 1.04197897002
2313.98634645 0.938928045329
2314.00677834 1.00265420797
2314.02721023 0.964434605985
2314.04764212 1.00753626285
2314.06807401 0.942443422788
2314.0885059 0.963907069535
2314.10893779 0.984072225625
2314.21109724 1.01613649748
2314.23152913 1.00515273166
2314.25196101 1.03074427682
2314.2723929 1.03841826658
2314.29282479 0.98850894202
2314.31325667 0.988502061226
2314.33368856 1.03331706299
2314.35412055 1.00344080447
2314.37455233 0.982950789712
2314.4154162 1.02304096226
2314.43584799 1.02540106926
2314.45627997 1.01410152047
2314.47671185 1.02019534234
2314.49714364 1.03395485029
2314.51757562 0.995708073508
2314.5380075 0.972600280297
2314.55843928 0.981961071548
2314.57887127 1.03751340556
2314.59930315 0.984760764549
2314.61973493 1.01316428652
2314.64016691 0.998500129544
2314.66059879 1.00814053062
2314.68103067 1.02840627792
2314.70146255 1.04023324496
2314.72189443 1.00014918477
2314.74232631 1.01161738221
2314.76275819 0.961074740227
2314.78319007 0.96047932909
2314.80362195 0.969868226816
2314.82405383 1.01044584776
2314.8444857 0.970066364219
2314.86491748 1.02333964194
2314.90578134 0.982366205323
2314.92621331 0.970972133155
2314.94664509 1.0240415372
2314.98750894 0.997951529212
2315.02837259 1.03076434182
2315.04880456 1.01616447475
2315.06923634 0.982280731114
2315.08966821 0.980923654361
2315.11010019 0.938059537162
2315.13053196 0.984846915035
2315.15096383 0.992100225483
2315.1713958 1.01959374295
2315.19182768 0.973744495004
2315.21225945 0.993062214339
2315.23269142 0.990187499298
2315.25312329 0.998809112246
2315.27355506 0.996754222552
2315.29398703 0.961656398397
2315.3144189 0.969875576074
2315.33485067 0.975634726581
2315.35528264 0.99866074492
2315.39614648 1.01134832429
2315.41657825 1.02383978365
2315.43701012 0.985167219079
2315.45744209 0.985147927473
2315.47787385 1.02936235731
2315.49830572 1.00633868744
2315.51873759 1.01723888684
2315.53916946 0.985881799523
2315.55960132 0.97118930931
2315.58003319 1.01461075875
2315.60046505 1.02288534271
2315.62089692 1.01806016868
2315.64132878 1.0062544148
2315.66176065 1.00264085202
2315.68219251 0.977270379425
2315.70262448 1.0171544361
2315.72305624 0.962000612317
2315.7434881 0.988438076391
2315.76392007 1.01896332833
2315.78435183 1.00940748203
2315.80478369 0.94309729335
2315.92737496 0.983232412552
2315.94780682 0.987304908513
2315.96823858 1.01459705477
2315.98867054 1.0560990987
2316.0091024 1.03780550441
2316.07039798 0.96295370839
2316.09082983 1.00286526476
2316.11126169 1.0014750169
2316.13169355 0.984699142581
2316.15212541 0.973209821879
2316.17255736 0.981093073257
2316.19298912 1.01135809336
2316.21342098 0.987314405114
2316.23385283 1.00099512482
2316.25428469 0.97713399232
2316.27471644 1.03139986307
2316.2951484 0.955349104092
2316.31558025 1.03246968073
2316.33601221 0.974154253403
2316.37687581 0.997602280656
2316.39730777 1.01462591156
2316.41773952 0.968704508027
2316.43817137 1.0154293792
2316.45860333 0.986789017609
2316.47903508 1.03128787863
2316.49946693 1.00270021608
2316.51989888 1.03624952214
2316.54033073 0.997780896989
2316.56076248 0.98322052305
2316.58119443 0.996486101655
2316.60162628 1.02630545699
2316.62205803 0.997916627973
2316.64248998 0.983636279504
2316.66292183 0.987825117882
2316.68335358 1.00824901832
2316.70378553 1.01592245596
2316.72421738 0.993063048233
2316.74464913 1.02003484242
2316.76508107 1.0000243063
2316.78551292 0.994518514915
2316.80594487 1.00803213393
2316.86724041 0.957973051942
2316.94896769 0.974852365979
2316.96939953 0.996311363344
2316.98983148 1.01534261116
2317.01026322 0.973398757065
2317.03069507 1.02920904108
2317.05112691 0.991836244339
2317.07155875 1.06211332743
2317.0919906 1.01327165422
2317.11242254 1.01424741144
2317.13285428 0.983383325582
2317.15328612 1.04376968386
2317.17371806 1.00191406653
2317.19414981 0.996341314886
2317.21458175 0.995397359916
2317.23501359 0.955855081316
2317.25544533 1.00895025893
2317.27587727 1.06981812134
2317.29630911 0.978048124582
2317.31674085 0.970321931867
2317.35760462 1.02670385188
2317.37803646 0.982256484094
2317.3984683 0.99010779772
2317.41890014 0.984106642969
2317.43933198 0.989725191387
2317.45976381 1.00295030231
2317.48019565 0.998311668305
2317.50062749 1.01877939797
2317.52105932 0.98670737336
2317.54149116 1.0098236627
2317.58235493 1.03559621024
2317.60278667 1.01279672076
2317.6232185 0.990849837191
2317.64365044 1.01615778112
2317.66408217 1.03379553144
2317.6845141 0.989466686524
2317.70494594 1.00988007117
2317.72537767 0.967170896036
2317.7458096 0.995535430926
2317.76624134 1.04913231615
2317.78667317 1.01849930257
2317.8684006 0.999031791608
2317.88883233 0.979462049237
2317.90926416 0.991273198296
2317.92969609 0.985874364629
2318.01142341 1.01348102518
2318.03185514 0.940199393485
2318.05228706 1.01732933421
2318.09315062 1.04948299815
2318.11358255 1.03802202094
2318.13401438 0.988192785172
2318.1544463 1.06816390769
2318.17487803 1.03594982537
2318.19530986 1.02890941807
2318.21574178 1.00806818069
2318.23617351 1.03054090723
2318.25660533 0.955598552204
2318.27703726 0.950710148083
2318.29746898 1.0258185404
2318.35876446 1.0277686617
2318.37919628 0.987790309753
2318.39962821 1.01894472272
2318.42006003 1.00824362278
2318.44049175 0.9777937166
2318.46092367 1.01045575513
2318.4813554 0.970242790994
2318.50178722 0.997418198987
2318.52221914 0.955527090083
2318.54265086 0.985800386834
2318.5835146 0.966806257731
2318.60394633 0.971288910868
2318.62437825 0.994415366365
2318.64481007 0.999163349607
2318.66524179 1.03046825263
2318.68567371 1.04820033777
2318.70610552 1.00569276587
2318.72653724 1.0390646618
2318.74696916 1.01103382769
2318.76740098 1.04936665679
2318.7878328 1.02391224953
2318.82869643 0.99433430158
2318.84912825 0.998434219362
2318.86956017 0.972932892455
2318.88999188 1.0314641943
2318.9104237 1.03530164955
2318.93085562 0.986860704312
2318.95128733 1.01624805547
2318.97171915 1.03033105414
2318.99215106 0.97619657856
2319.01258278 0.978211490174
2319.09431014 0.998827855008
2319.11474195 0.965715805082
2319.13517366 0.995076813508
2319.15560557 1.01914400674
2319.17603729 0.946751346002
2319.1964691 0.972626102109
2319.21690101 0.988678103951
2319.23733272 1.05255136873
2319.25776454 1.01166360712
2319.27819645 0.973192834999
2319.29862826 1.00127148334
2319.31905997 1.02192621717
2319.33949188 1.00859423879
2319.35992369 1.0299029939
2319.3803554 1.00059633661
2319.40078731 0.945965695721
2319.42121912 0.991096670327
2319.46208273 1.00076470477
2319.48251454 0.96025854359
2319.50294645 0.977869908919
2319.52337816 0.915895537141
2319.56424187 0.998642193008
2319.58467358 1.01110665175
2319.62553729 0.991526840642
2319.645969 0.967318525947
2319.66640081 0.995758687587
2319.68683271 0.99208171022
2319.70726452 1.01203922999
2319.72769622 1.00972448179
2319.85028715 0.996689411798
2319.87071895 1.00934673407
2319.89115065 1.00515328383
2319.91158255 1.01446743965
2319.93201436 0.977906210114
2319.95244616 1.01315614829
2319.97287796 1.01827166562
2319.99330976 1.01250724723
2320.01374146 1.06251482099
2320.03417336 0.97498746111
2320.05460516 1.00901651444
2320.07503687 1.06988489942
2320.13633236 0.997098197176
2320.15676416 1.01690573238
2320.17719596 0.982034893359
2320.19762776 0.964049067832
2320.21805956 0.883324944742
2320.23849136 1.00316004863
2320.25892326 0.983361665014
2320.29978675 1.03118790056
2320.32021865 0.973182176524
2320.36108214 1.03675710946
2320.38151404 0.998031279277
2320.40194583 1.01632473955
2320.42237753 0.985052050458
2320.44280942 1.01388839456
2320.46324122 1.01472361652
2320.48367291 1.00128362218
2320.50410481 0.979273730621
2320.5245366 1.02996387267
2320.5449684 1.02733345999
2320.56540019 0.975770743446
2320.58583199 1.019126794
2320.60626378 1.01826337312
2320.62669557 0.968901232016
2320.64712736 1.0040205778
2320.66755916 0.995047904938
2320.68799095 1.00472986076
2320.70842274 0.966681670239
2320.72885453 1.03483930857
2320.74928632 0.993261233557
2320.79015001 0.971788356652
2320.8105817 1.01768404023
2320.83101349 0.976316570099
2320.85144538 1.015366865
2320.87187707 1.01550399353
2320.89230886 0.985454863075
2320.91274075 0.991311249207
2320.93317243 1.01941971731
2320.95360422 0.99126828793
2320.97403611 1.01661154522
2320.9944678 1.00795396277
2321.01489959 0.986370914787
2321.03533148 0.967292266981
2321.05576316 0.992371731441
2321.07619505 1.01589303275
2321.09662684 1.01027513126
2321.11705862 0.987059255713
2321.13749041 1.06398035343
2321.1579222 0.992510193582
2321.17835398 0.961244599239
2321.19878577 1.00949903841
2321.21921755 0.962460902966
2321.23964934 0.953569265701
2321.28051291 1.03184450484
2321.30094469 1.0326698616
2321.32137658 1.00141596454
2321.34180826 1.03141086733
2321.36224004 0.980998861101
2321.38267183 0.991919222239
2321.40310361 0.985421032507
2321.42353529 1.02250868905
2321.44396717 1.02457118914
2321.46439896 1.00740766829
2321.48483084 1.04527066537
2321.50526252 0.989587900912
2321.5256943 1.00008289022
2321.54612618 0.992759301757
2321.56655786 0.952857649347
2321.58698964 1.01249241535
2321.60742152 0.988233437941
2321.6278533 1.00268911308
2321.64828498 1.0227727956
2321.66871686 1.02940215755
2321.68914864 1.00763116092
2321.70958032 0.994596154131
2321.7300122 0.937664882864
2321.77087566 1.00251976942
2321.79130754 0.996536045725
2321.81173931 1.00012751616
2321.83217099 0.985579547065
2321.85260287 1.00476005745
2321.87303464 0.998230381208
2321.89346652 0.966712875559
2321.9138982 0.994446378102
2321.93432997 1.01989448942
2321.95476185 0.965687511581
2321.97519353 1.03724786359
2321.9956253 1.0244085562
2322.01605718 0.981976209652
2322.03648885 1.00067229125
2322.05692063 1.00917939325
2322.0773524 0.971230409809
2322.09778418 0.980605681184
2322.11821595 0.987946186415
2322.13864782 0.98482410645
2322.1590795 0.965264868581
2322.17951127 0.979144440379
2322.19994314 1.00432038706
2322.28167013 0.961306191586
2322.302102 1.01961070527
2322.32253378 1.00807642714
2322.34296545 0.982522425294
2322.36339732 0.991385204903
2322.38382909 1.02507192763
2322.40426076 0.997723954717
2322.42469263 1.03982110157
2322.4451244 1.0158927041
2322.46555617 1.02717112402
2322.48598794 1.03779312868
2322.50641971 0.977743460106
2322.52685148 1.00380692573
2322.56771501 0.979313359007
2322.58814678 1.00343019102
2322.60857865 1.01043359789
2322.62901032 0.958077271144
2322.64944218 0.980635132555
2322.66987395 0.996716217938
2322.79246445 1.00342741826
2322.81289622 1.00713294312
2322.83332808 1.01759304043
2322.85375975 1.00344661844
2322.87419151 0.996092948484
2322.89462338 1.02193777639
2322.91505504 1.03012139968
2322.9354868 0.985182938635
2322.95591867 1.02678399187
2322.97635043 1.00314697506
2322.99678209 1.01243520575
2323.01721396 0.963676239947
2323.03764572 0.981449325427
2323.05807748 1.02688929546
2323.07850925 1.00621326772
2323.09894101 0.969550288858
2323.11937277 0.983090737416
2323.13980453 1.02043497546
2323.16023629 0.98983746222
2323.18066815 1.00794532064
2323.20109981 0.99354703742
2323.24196344 1.00623106444
2323.2623951 0.986306142575
2323.28282686 0.985788563587
2323.30325872 0.986599827589
2323.32369037 0.983118779644
2323.34412213 1.013331922
2323.36455399 0.939977525253
2323.38498565 1.01165557358
2323.40541741 1.01432489715
2323.42584927 1.00823110604
2323.44628103 1.00076536335
2323.46671278 0.973805432506
2323.48714454 1.02931447797
2323.5075762 1.01354888349
2323.52800806 1.02402803669
2323.54843981 1.03406196428
2323.56887147 0.995186130425
2323.58930333 1.00513950291
2323.60973508 0.991556198203
2323.63016674 1.01627219059
2323.65059859 0.984291569567
2323.67103035 1.01481087229
2323.75275727 1.01949813014
2323.77318912 0.975417780062
2323.79362088 1.03422082164
2323.81405273 1.00267183792
2323.83448438 0.986894873922
2323.85491614 0.973261860035
2323.87534799 0.983621630495
2323.89577964 1.04653591165
2323.9162114 0.988765143486
2323.93664325 0.988077794933
2323.97750665 1.02003019001
2323.9979385 1.04192597675
2324.01837025 0.998524057521
2324.03880191 1.03206635843
2324.05923376 1.00207840993
2324.07966551 1.01240314328
2324.10009716 1.03320864523
2324.12052901 0.98132477486
2324.14096076 0.972155767893
2324.16139241 0.981960938311
2324.18182426 1.0005993152
2324.24311951 0.999525382279
2324.26355125 0.987317900761
2324.30441475 0.98022350912
2324.3248464 0.961899179712
2324.34527825 1.00182846006
2324.36570999 0.98848705299
2324.38614174 0.994766852328
2324.40657349 1.00438814639
2324.42700524 1.02259842081
2324.44743698 1.00452885804
2324.46786883 1.00381053839
2324.48830047 1.02104114788
2324.50873222 0.952112542316
2324.52916407 1.00065947089
2324.54959571 1.01774286897
2324.57002756 0.98161169022
2324.75391325 0.97183578894
2324.774345 1.03001131657
2324.79477664 0.975463356707
2324.81520848 0.974404769549
2324.83564022 1.00998379187
2324.85607197 1.00194645209
2324.87650371 1.02347237292
2324.89693545 0.986428153618
2324.91736719 1.00407565163
2324.93779903 1.00516890268
2324.95823067 1.01990182276
2324.97866241 0.962037927264
2325.06038938 0.969638671333
2325.10125295 1.02932913689
2325.12168459 0.988715913804
2325.14211633 1.02187690437
2325.22384339 0.973844160732
2325.24427502 1.03296264508
2325.26470676 1.02128787408
2325.2851386 1.02508940793
2325.30557034 1.00099288515
2325.32600207 0.993797481367
2325.34643411 1.01447521643
2325.36686585 0.979353347317
2325.38729758 0.960413841712
2325.40772932 0.997139935802
2325.42816096 1.0149400919
2325.44859279 1.00460540106
2325.46902453 0.987955103606
2325.48945616 0.953936810198
2325.509888 0.987958220051
2325.53031973 1.01855488691
2325.55075137 0.979619605903
2325.5711832 1.00912151384
2325.59161494 0.957489014718
2325.61204657 1.00500039709
2325.6324784 0.954703499067
2325.71420534 1.01310123652
2325.73463717 1.01892147563
2325.7550688 1.02105006345
2325.77550053 0.979725532545
2325.79593237 1.03070632675
2325.816364 0.994538241521
2325.83679573 0.967598572498
2325.85722756 0.996563085063
2325.87765929 0.965995687737
2325.91852276 0.990852642783
2325.93895449 0.972795310399
2325.95938612 1.038120485
2325.97981795 0.997574064746
2326.00024968 0.99966659541
2326.02068131 1.00969000272
2326.04111314 1.00493663919
2326.06154486 1.00311891193
2326.08197669 1.02090975375
2326.10240832 0.976838769264
2326.12284005 1.00971743952
2326.24543042 0.970470622319
2326.26586215 0.979624574691
2326.28629387 1.01125758725
2326.3067256 0.980305502701
2326.32715733 1.04091788329
2326.34758905 0.981196064589
2326.36802078 0.995870116931
2326.38845261 0.996274375866
2326.40888423 0.997688277231
2326.42931606 0.982164412493
2326.44974778 0.990195396442
2326.47017941 1.01248331728
2326.49061123 1.06139148345
2326.51104296 1.01849851544
2326.53147458 0.952042663273
2326.55190641 0.983879745183
2326.57233813 1.00766912061
2326.59276976 1.01906216083
2326.61320158 1.01506197999
2326.6336333 0.997993411837
2326.65406493 0.979260553533
2326.67449675 1.01026780227
2326.69492847 1.00659152465
2326.71536019 1.00212499474
2326.75622364 0.985978750845
2326.77665536 1.00475322842
2326.85838225 1.00372282064
2326.87881397 0.96220980971
2326.91967741 1.0003144672
2326.94010913 0.980641329363
2326.96054095 1.02367481491
2326.98097257 0.993069986302
2327.00140429 0.971867427291
2327.02183611 1.02443647917
2327.04226773 1.02043439715
2327.06269945 0.995792734491
2327.08313127 0.975033124087
2327.10356289 1.02620639617
2327.12399461 0.96140294631
2327.14442643 1.02699690541
2327.16485804 1.01746309573
2327.18528986 1.0707844294
2327.20572158 0.989810646308
2327.2261533 0.975223851197
2327.24658502 1.02369870433
2327.26701673 0.971166739557
2327.28744845 0.997759708595
2327.30788017 0.9826376739
2327.32831188 0.998755741634
2327.3487436 0.97642576416
2327.45090218 1.03273560232
2327.4713339 0.983535047352
2327.49176571 1.01945895454
2327.51219733 1.01166573607
2327.53262914 0.998712689186
2327.55306086 1.00206284959
2327.57349247 1.01769319941
2327.59392428 0.999555720325
2327.614356 1.00457460865
2327.63478761 1.01503905953
2327.65521943 0.997699684738
2327.67565104 1.00559986381
2327.69608275 0.98888064058
2327.71651457 0.991465760895
2327.73694628 1.02139243685
2327.75737789 1.00808351597
2327.7778097 1.00040813486
2327.79824142 0.955828208999
2327.81867303 0.967999920097
2327.83910484 1.02556891775
2327.85953655 0.95790035674
2327.90039998 1.03012996098
2327.92083169 1.00783248972
2327.9412635 1.01316926337
2327.96169511 0.975538418274
2327.98212682 1.04162872188
2328.00255863 1.01379311253
2328.02299024 1.00187308251
2328.04342195 0.968588001006
2328.06385376 0.986047858044
2328.08428537 0.979172403638
2328.10471708 1.00419399059
2328.1455805 1.00153449245
2328.16601221 1.03588038767
2328.18644402 0.984782749132
2328.20687572 1.01714113706
2328.22730733 1.00557391548
2328.24773914 0.95541719819
2328.26817085 0.981881097083
2328.28860256 0.990221568581
2328.30903426 0.982106899001
2328.32946597 0.967148926697
2328.34989768 0.966960356647
2328.39076099 1.00204420506
2328.4111928 1.01129096531
2328.43162451 1.00915770918
2328.45205611 1.00151671883
2328.47248792 1.03779717357
2328.49291962 0.987839633575
2328.51335123 1.01784588737
2328.53378304 0.971395276473
2328.55421474 1.06310951399
2328.57464645 1.02010893018
2328.59507815 1.01785608812
2328.61550986 1.03181725989
2328.63594166 0.99980095666
2328.65637327 0.999067946308
2328.67680497 1.02465825185
2328.69723677 1.02177365201
2328.71766838 0.983553856556
2328.73810008 0.985440060516
2328.75853189 0.958042109124
2328.77896359 0.956101424561
2328.79939519 1.03326670561
2328.819827 1.00271428365
2328.8402587 0.987897078141
2328.8811221 1.04969434671
2328.90155381 0.978444110687
2328.92198541 1.0334655124
2328.94241721 0.998745878185
2328.96284891 1.02534453405
2328.98328071 1.01662854621
2329.00371231 0.990160091007
2329.02414402 0.993581098796
2329.04457572 0.974212274462
2329.06500742 1.01201778529
2329.08543912 1.00556775017
2329.10587082 0.993327366088
2329.12630252 0.99880355244
2329.14673422 1.03162075663
2329.16716592 1.00698038762
2329.18759762 1.01852005233
2329.20802932 1.01310849985
2329.22846112 0.992147802375
2329.24889272 0.985346967954
2329.26932442 0.942227557456
2329.28975622 1.02666149015
2329.31018782 0.994809775946
2329.33061961 0.998000881284
2329.37148291 0.996621142347
2329.41234641 1.00336062378
2329.43277801 0.95361604558
2329.4532098 1.05084632944
2329.4736415 1.01446253133
2329.4940731 0.976166804413
2329.51450489 1.0241590384
2329.53493659 1.05516039749
2329.55536819 1.03266399462
2329.59623168 1.00144033365
2329.61666338 0.985981385881
2329.63709507 0.991745190811
2329.65752677 1.02900323042
2329.67795857 0.999663672175
2329.69839026 0.977599439711
2329.71882186 1.00978159296
2329.73925365 0.971665071929
2329.75968535 0.999631507506
2329.78011694 1.01066126497
2329.80054874 1.00899190915
2329.82098043 1.00661393844
2329.86184382 0.971737498036
2329.88227541 0.993864248775
2329.90270711 1.01253343792
2329.9231389 1.0098431369
2329.94357049 0.998316298047
2329.96400219 0.964936818981
2329.98443398 0.972435969761
2330.00486557 0.972817924777
2330.02529737 1.00610528813
2330.04572906 0.965164522218
2330.12745583 0.986759632643
2330.14788752 1.03083379378
2330.16831921 1.01107432462
2330.1887509 1.00822253669
2330.2091827 0.985682769759
2330.22961429 0.999456823864
2330.25004598 1.00487438995
2330.27047777 1.00036485709
2330.29090936 1.00858153182
2330.31134105 1.01050296388
2330.33177284 1.0072212938
2330.35220443 1.01425299131
2330.37263622 0.988657845792
2330.39306791 1.00877075744
2330.4134995 0.957810547401
2330.43393129 1.00398503227
2330.45436298 1.01823245343
2330.49522636 1.0058493845
2330.51565805 0.988734805544
2330.53608974 0.948466207075
2330.55652142 0.987113010692
2330.57695311 0.999188416663
2330.5973847 1.04354054648
2330.61781649 0.97478915546
2330.63824818 0.980000321973
2330.65867977 0.966758362508
2330.67911155 0.997863417885
2330.69954324 1.00299261491
2330.71997493 1.00897491739
2330.74040662 0.996020672038
2330.7608383 0.99020564113
2330.78127009 1.01224666337
2330.86299673 0.968843896023
2330.88342842 1.00417772344
2330.90386021 0.966499878786
2330.92429179 0.987219118716
2330.94472348 1.00081911608
2330.96515526 0.986418359945
2331.18990379 1.00061194945
2331.21033548 1.04147268801
2331.23076716 1.01234241125
2331.25119884 0.993034189881
2331.27163053 1.03686235635
2331.29206221 1.05055741554
2331.31249389 0.966804957105
2331.33292558 0.970575989655
2331.35335716 1.02838866591
2331.37378894 1.0525808652
2331.39422062 1.02744253517
2331.41465241 0.998690576141
2331.43508399 0.987956015039
2331.45551567 0.9776228126
2331.47594745 1.01906702444
2331.49637903 0.98755204633
2331.51681071 0.980210361056
2331.57810576 1.00629932852
2331.59853754 0.984048907492
2331.61896922 1.02805414925
2331.6394008 1.02672328881
2331.65983258 1.01002284975
2331.68026426 0.992996272293
2331.70069594 0.981881445291
2331.72112762 1.01349250829
2331.7415593 1.00201265873
2331.78242266 0.92673605313
2331.82328612 0.98785192653
2331.84371769 0.983753464273
2331.86414937 0.997207754748
2331.88458115 0.991217986667
2331.90501273 0.995202937214
2331.92544441 0.98830382478
2331.94587619 1.00085119443
2331.96630777 1.00465950203
2331.98673944 0.987149165762
2332.00717112 0.970419958434
2332.0276028 1.02365944051
2332.06846615 0.989497685831
2332.08889783 0.988891089396
2332.10932961 1.00086548319
2332.12976128 1.01001547789
2332.15019286 1.01219140369
2332.17062464 1.03691816262
2332.19105631 1.02161409405
2332.21148789 0.986971858797
2332.23191967 0.989121173211
2332.25235134 0.967974125336
2332.27278292 0.986875691196
2332.2932147 0.999941033879
2332.31364637 1.01011904339
2332.33407795 0.992772929701
2332.35450972 1.05185474109
2332.3749414 1.02732382897
2332.39537317 1.03974856452
2332.41580475 1.01211870102
2332.43623642 1.01922526471
2332.4566682 1.01044138421
2332.47709977 0.98615799576
2332.49753145 0.980572379275
2332.51796322 1.04150594139
2332.53839479 0.971371028461
2332.55882647 1.02622545232
2332.57925824 1.01262324294
2332.59968992 0.965093455338
2332.62012149 1.00081661317
2332.64055326 0.987918027293
2332.66098494 0.99879502394
2332.70184828 1.02830399316
2332.72227996 0.99559578157
2332.74271163 1.0180227942
2332.7631433 1.05636077562
2332.78357497 0.984778721376
2332.80400665 1.00075651055
2332.82443832 0.999091685964
2332.84486989 1.00253413389
2332.86530166 1.02680127433
2332.88573333 0.988941990676
2332.90616491 0.956614949729
2332.92659668 0.968179159415
2332.94702835 1.02323682148
2332.96746002 1.01052549583
2333.11048181 0.988820156088
2333.13091338 0.976257538485
2333.15134515 1.00122115043
2333.17177682 0.945987600124
2333.19220839 0.991108939629
2333.21264016 0.976562885095
2333.23307183 0.975928809005
2333.2535034 0.965468452765
2333.27393517 0.998461267378
2333.29436684 1.00550305185
2333.31479841 0.983857280766
2333.33523018 1.01287985628
2333.35566185 0.989401069148
2333.37609362 0.989359309834
2333.39652519 1.00813398764
2333.41695685 1.02404854988
2333.43738862 1.03458731781
2333.47825186 1.0024139148
2333.49868353 1.03392523519
2333.51911519 1.00096589234
2333.53954686 0.995319479299
2333.55997853 1.01876590083
2333.5804102 0.980710476003
2333.60084186 0.98546577176
2333.62127363 0.999324695945
2333.6417052 1.01900028423
2333.66213696 1.02565432367
2333.68256863 0.985363488166
2333.7030002 1.00106661251
2333.72343196 1.00409098
2333.74386363 0.981412561245
2333.7642952 0.979722208719
2333.78472696 1.01753666909
2333.80515863 1.01046450625
2333.82559019 1.0211306132
2333.84602196 0.99283858776
2333.86645363 0.97798097792
2333.88688519 1.03593461429
2333.90731696 1.0465439494
2333.92774862 1.02254917161
2333.96861195 1.00297784442
2333.98904362 0.941943511075
2334.02990695 0.986886131786
2334.05033861 1.01154616014
2334.07077037 0.955899492719
2334.09120204 1.02207075941
2334.1116336 0.96937536336
2334.13206537 0.969521795463
2334.15249703 1.03020377004
2334.17292859 0.951457963375
2334.21379192 0.940536445226
2334.23422359 0.974448161422
2334.25465535 0.99908845455
2334.27508691 0.98993029212
2334.29551867 0.984550561234
2334.31595034 0.988684740584
2334.3363819 1.01496376678
2334.35681366 1.01764549848
2334.37724533 1.01523600727
2334.39767689 1.03001281891
2334.41810865 1.02445759221
2334.43854031 0.975043782714
2334.45897197 0.985821883094
2334.47940364 0.958722446551
2334.4998353 1.0114482262
2334.52026696 0.967771314691
2334.54069862 0.973389208109
2334.56113028 1.00660076292
2334.58156204 1.00075571155
2334.60199371 1.04874360712
2334.62242527 0.981959178006
2334.64285703 0.983950839612
2334.66328869 0.99620459542
2334.68372025 0.98153186099
2334.70415201 0.981586356076
2334.72458367 0.975431977455
2334.74501523 0.992129232521
2334.76544699 0.979252692728
2334.78587865 1.00906084623
2334.80631021 1.01059552642
2334.82674197 0.981436530384
2334.84717363 0.971720174136
2334.86760519 1.03107391632
2334.88803695 1.01113973734
2334.90846861 1.02192484678
2334.92890037 0.971549778341
2335.05149023 1.03146547791
2335.09235354 1.0494276675
2335.1127852 0.950504912073
2335.13321686 0.991907740796
2335.15364852 0.999121351393
2335.17408028 1.00346761505
2335.19451183 0.993200656165
2335.23537525 1.05469267445
2335.25580681 1.01045105587
2335.27623856 1.01377953351
2335.29667022 0.995997129476
2335.31710178 1.04203005413
2335.33753354 1.02123092927
2335.35796519 1.03056037617
2335.37839675 1.0292404925
2335.39882851 0.964116288862
2335.41926016 0.990896202982
2335.43969182 0.969005317995
2335.46012348 1.02338721717
2335.48055513 1.05737794178
2335.50098689 0.981680274619
2335.52141845 1.02129981388
2335.5418501 1.02812808452
2335.56228186 0.986885605515
2335.58271352 0.985105537554
2335.60314507 1.0147990473
2335.62357683 1.0623522777
2335.70530335 1.03784353922
2335.725735 1.02974673726
2335.74616676 0.992768240718
2335.78702997 1.03835310029
2335.80746172 0.993016310841
2335.82789328 1.02550450415
2335.84832503 1.00512799548
2335.86875669 0.98971680713
2335.88918824 0.974594465598
2335.90962 1.02616837904
2336.03220992 0.995387856803
2336.05264157 0.968075276088
2336.07307323 1.03095966933
2336.09350488 0.997417422482
2336.11393653 0.992937393382
2336.13436829 1.04045831409
2336.15479994 0.997262198562
2336.17523149 0.999138907813
2336.19566325 0.993298987895
2336.2160949 1.01020519423
2336.23652645 1.00947518661
2336.2569582 1.00556751624
2336.33868481 0.97475527444
2336.35911637 0.980536850118
2336.39997977 1.00723076577
2336.42041142 0.99315989261
2336.44084307 0.968773911815
2336.46127462 0.996488211322
2336.48170638 0.998077460182
2336.50213803 0.980220124108
2336.52256968 1.04694376514
2336.54300133 1.01682034122
2336.56343298 0.986252115899
2336.58386463 0.973253807031
2336.60429628 1.00032112482
2336.62472793 0.998983907825
2336.64515959 1.00116418527
2336.66559134 1.00075878198
2336.68602289 1.04273331508
2336.70645464 1.0287154163
2336.72688629 1.01370659212
2336.74731784 0.956421979756
2336.76774959 1.01322610257
2336.78818124 0.992284860535
2336.80861279 1.01902043715
2336.82904454 0.961899756243
2336.84947619 0.980424038405
2336.86990774 0.909330335413
2336.89033949 0.9519208082
2336.91077114 0.98309956781
2336.93120269 1.00115832269
2336.97206609 1.01497706349
2336.99249783 1.00560827662
2337.01292938 1.0284971166
2337.03336103 1.0034234625
2337.05379278 1.00516557896
2337.07422443 0.987352255849
2337.09465598 0.988589928217
2337.11508763 0.993456951038
2337.13551938 1.02026783676
2337.15595093 0.997311240381
2337.17638267 1.05209712765
2337.19681422 1.00144553812
2337.21724587 1.00826036785
2337.23767762 0.987766115106
2337.25810917 1.00997520766
2337.27854091 0.985316051913
2337.29897256 0.961212146958
2337.31940411 1.00547007052
2337.33983586 1.01262515852
2337.36026751 1.00484723466
2337.38069905 0.988312362733
2337.4011308 1.01271267799
2337.42156245 0.986194370937
2337.441994 0.976523416554
2337.46242574 0.983071999711
2337.48285739 0.97991489772
2337.50328904 0.950144097501
2337.52372068 0.978956988574
2337.54415233 0.949907890304
2337.56458398 0.927402958785
2337.58501562 1.00401706819
2337.60544727 0.975104489377
2337.62587902 0.977238878404
2337.7484689 1.0120625781
2337.76890054 0.970861561654
2337.78933209 1.03541271655
2337.80976383 1.0097368882
2337.83019538 1.01050517328
2337.85062702 1.00095750375
2337.89149042 1.00375594837
2337.91192206 0.978970109738
2337.973217 0.972970475775
2337.99364864 1.00776060453
2338.01408029 1.03638664585
2338.03451193 1.03986762677
2338.05494358 0.984421522537
2338.07537522 0.997812438344
2338.09580687 1.01976464928
2338.13667016 1.03371932215
2338.1571019 1.00596501984
2338.17753344 0.987496193351
2338.19796519 0.996381238821
2338.21839683 0.986554011425
2338.23882838 0.952509017199
2338.25926012 1.00485639594
2338.27969177 1.02674736998
2338.30012331 0.959991441981
2338.32055505 0.983158030757
2338.3409867 1.00029583974
2338.36141824 0.956390895392
2338.38184998 1.00983810551
2338.40228163 0.983856042444
2338.44314491 0.978775306515
2338.46357656 1.00042440538
2338.4840083 1.02215287193
2338.50443984 0.966583826693
2338.52487149 1.00604637357
2338.54530323 0.999365151309
2338.56573477 1.02082904583
2338.58616642 0.969968515197
2338.60659806 1.01515645251
2338.6270297 1.01616991228
2338.64746134 1.00344787495
2338.66789309 1.00090133182
2338.68832463 0.986233037215
2338.70875627 1.01923051923
2338.72918801 1.03835028533
2338.74961956 1.01400889352
2338.7700513 1.01232977095
2338.79048294 0.999195701814
2338.81091448 1.02984533057
2338.83134623 1.00744041023
2338.85177787 1.00212871664
2338.87220941 0.964672215834
2338.89264115 1.01883380533
2338.91307279 0.96997077853
2338.93350434 0.951845709155
2338.95393608 1.0039462729
2338.97436772 1.00338761226
2338.99479946 0.992612085001
2339.015231 0.974588915991
2339.03566264 0.981954724049
2339.05609438 0.981660264538
2339.07652593 0.978355853877
2339.09695757 0.934767217953
2339.21954741 1.02058223163
2339.23997915 1.0170645309
2339.26041079 0.995624702882
2339.28084243 1.01274803901
2339.30127407 0.972836720662
2339.32170562 0.981626608127
2339.34213736 1.00099818123
2339.362569 0.97249766427
2339.38300054 1.0049771677
2339.40343228 1.00529300797
2339.42386392 0.985325056011
2339.44429546 0.971003373835
2339.4647272 0.986588472681
2339.48515884 0.983915953414
2339.50559048 1.04234000345
2339.52602212 1.00902267802
2339.54645376 1.01018599448
2339.5668855 0.987121776083
2339.58731704 1.04913926617
2339.60774867 1.01343673162
2339.62818041 0.987678435567
2339.64861195 1.00024528145
2339.66904359 0.985133290894
2339.68947533 0.988128124203
2339.70990697 1.0294583026
2339.73033851 0.988642158248
2339.75077025 1.02469163274
2339.77120189 1.02440398906
2339.79163343 0.98541399546
2339.81206517 0.996828507492
2339.83249681 1.01267977543
2339.85292855 1.01099985822
2339.87336008 1.01795056537
2339.91422346 1.01186316461
2339.934655 0.998893590863
2339.97551838 1.0419266016
2339.99594992 1.00125302958
2340.01638155 0.950451156936
2340.03681319 0.985678758638
2340.05724483 0.986367013861
2340.07767647 1.01699805939
2340.09810811 1.00781643162
2340.11853975 0.955547856225
2340.15940312 0.971704690407
2340.17983466 0.972724420648
2340.2002664 0.954331422597
2340.22069803 1.03221320155
2340.24112957 0.98826868238
2340.26156131 1.01287537014
2340.28199295 0.97674987338
2340.30242449 1.00088409971
2340.32285622 0.998621029458
2340.34328786 1.02682630681
2340.3637196 1.00149410444
2340.38415114 1.0102914887
2340.40458277 0.99070392157
2340.42501451 1.03011629396
2340.44544605 0.967651069614
2340.46587768 0.971691492755
2340.48630942 0.99325334388
2340.50674096 0.991015042336
2340.5271726 1.00285797849
2340.54760433 1.0041496853
2340.56803587 0.988761254705
2340.58846751 1.02292771594
2340.60889924 1.02530748128
2340.62933088 1.00294440191
2340.64976252 0.984292704282
2340.67019415 0.976089497368
2340.69062579 1.01870818456
2340.71105743 0.951569709002
2340.73148906 0.993760202627
2340.7519207 1.00870809495
2340.77235234 0.975604782344
2340.79278397 0.999089222243
2340.81321551 0.979104185176
2340.83364725 1.04218670108
2340.85407888 1.01056257196
2340.87451042 1.02813435484
2340.89494215 1.01952625191
2340.91537379 1.00655019656
2340.93580553 0.981492890908
2340.95623706 0.978531474805
2340.9766687 1.01495629857
2340.99710043 0.995674132012
2341.01753197 1.00867337494
2341.03796361 1.01313711772
2341.05839534 1.01481178918
2341.07882688 1.02843227475
2341.09925851 1.04960741808
2341.11969025 1.0013876395
2341.14012189 0.998429949731
2341.16055352 0.992955534378
2341.18098516 1.0083098906
2341.20141679 1.03397866406
2341.22184843 0.973263685596
2341.24228006 0.996025842779
2341.2627117 0.971058038672
2341.28314333 1.00312650351
2341.30357497 1.00541748411
2341.3240066 1.00446497949
2341.34443834 0.981555926418
2341.38530151 0.998335939064
2341.40573314 1.00338912915
2341.44659651 0.992290510566
2341.46702805 1.00970412008
2341.48745968 1.02248094268
2341.50789142 1.02113141009
2341.52832295 0.988810624465
2341.54875459 0.976791452171
2341.56918632 1.01128587741
2341.58961786 1.01972490622
2341.61004949 0.992938606319
2341.63048123 1.00549091537
2341.6713445 1.00118660189
2341.69177613 1.02495084162
2341.71220777 0.971149509638
2341.7326394 1.01979807448
2341.75307103 0.995383994356
2341.77350267 0.994042763711
2341.7939343 0.99453939933
2341.81436594 1.00351321026
2341.89609247 0.956151328156
2341.91652421 0.990467301578
2341.93695574 0.991845080786
2341.95738748 0.99868301536
2341.97781911 0.990840914032
2341.99825064 0.989703231143
2342.01868238 1.0307905392
2342.03911401 1.00657302185
2342.05954555 0.993604745461
2342.07997728 1.00476551377
2342.10040891 1.0263022924
2342.12084045 1.00723651311
2342.14127218 1.00344479452
2342.16170381 1.04184916262
2342.18213545 1.00419497591
2342.20256708 0.982754552694
2342.22299872 0.988250454979
2342.24343035 0.992860168531
2342.26386198 0.976239533822
2342.28429362 1.00354643096
2342.30472525 0.998832660306
2342.32515688 0.999357682255
2342.34558852 1.02729385049
2342.36602025 1.00285235115
2342.38645178 1.03854287428
2342.40688342 0.993884751623
2342.42731515 1.01581517924
2342.44774668 1.05804690882
2342.48861005 0.995259650841
2342.50904158 0.987349207718
2342.52947332 1.00353997093
2342.54990495 1.00620584177
2342.57033648 1.03761103746
2342.59076821 0.997078017906
2342.61119985 1.00573208764
2342.63163138 1.03275740932
2342.65206311 1.04945815412
2342.67249475 1.01077979717
2342.69292648 1.02271012602
2342.71335801 0.992038853128
2342.73378964 1.00559359645
2342.75422138 0.970002044958
2342.77465291 1.03548296948
2342.81551618 1.02718351059
2342.83594791 0.982730378509
2342.85637944 1.02044453719
2342.87681117 1.00470870007
2342.89724271 1.01078789646
2342.91767444 0.967499648841
2342.93810607 0.979918598924
2342.9585376 0.971626550049
2342.97896934 0.974552985062
2342.99940097 0.973607528566
2343.0198325 0.966260503702
2343.04026423 0.980757614908
2343.06069587 1.00642183794
2343.0811274 1.02618515693
2343.10155913 1.03974919128
2343.12199076 0.995451764209
2343.1424223 0.97505786427
2343.16285403 1.01224058974
2343.18328566 0.958192867774
2343.20371739 1.00036136123
2343.22414893 0.997730014583
2343.24458056 1.02009119848
2343.26501229 1.00144224627
2343.28544382 0.959785552995
2343.30587545 1.01819344729
2343.32630719 1.01149044551
2343.34673882 1.00897711571
2343.36717035 0.988861307278
2343.38760208 1.00620120246
2343.40803371 1.01191489315
2343.42846535 1.01270719824
2343.44889698 0.975386998895
2343.46932861 0.991878752168
2343.48976034 0.998811293394
2343.51019187 0.984868126471
2343.53062351 0.995137627416
2343.55105514 0.984313941736
2343.57148677 0.991283382129
2343.5919184 0.980965269659
2343.61235003 1.00510840623
2343.63278167 0.990774902339
2343.6532134 1.00408941676
2343.67364493 0.988877782058
2343.69407656 1.0246962879
2343.71450829 1.041072902
2343.75537146 0.997882766931
2343.77580319 1.02103352339
2343.79623472 1.03522578332
2343.83709808 1.01739998303
2343.85752972 1.01012396892
2343.87796125 1.01249385525
2343.89839298 0.999800448702
2343.91882461 1.00810776188
2343.93925624 0.988660524296
2343.95968787 0.951605671914
2343.98011951 1.01870351676
2344.00055124 1.01451496379
2344.02098277 1.02032176099
2344.0414144 1.01728475639
2344.06184613 0.957674266275
2344.08227766 0.969993195303
2344.10270929 0.986965460745
2344.12314103 1.02188582317
2344.14357256 0.988440852487
2344.16400429 1.02087140591
2344.18443592 1.01386307864
2344.20486745 0.966487048491
2344.22529918 1.01875060185
2344.24573081 0.975096020624
2344.26616235 1.01452961367
2344.28659408 1.01698194416
2344.30702561 0.96239989007
2344.32745734 0.971097579006
2344.34788897 0.982894881707
2344.3683205 0.992716594741
2344.38875223 1.00077621663
2344.40918387 0.99419666607
2344.4296155 0.986252406169
2344.45004713 0.972192914996
2344.47047876 1.00131231108
2344.49091039 1.02366249633
2344.51134202 0.989661390224
2344.53177365 1.02046637236
2344.55220529 0.970474664365
2344.57263702 1.03119520905
2344.59306855 1.0034988782
2344.61350018 1.02067702502
2344.63393191 1.0391905896
2344.65436344 1.00429963125
2344.67479517 0.979015411062
2344.6952268 1.02977907772
2344.71565834 0.948593258559
2344.73609007 0.980400801947
2344.7565217 0.994297838705
2344.77695323 1.00403445863
2344.81781659 0.961718330576
2344.83824822 0.991825379343
2344.85867985 1.02661507641
2344.87911149 0.98407718208
2344.89954322 0.963246384892
2344.91997475 1.0002130606
2344.94040638 1.0240212028
2344.96083801 0.99458441413
2344.98126964 0.987112034089
2345.10385943 0.991442164444
2345.12429116 1.01411197203
2345.14472279 1.02522167534
2345.16515432 0.991042640281
2345.18558605 1.03035304106
2345.20601768 1.00419030111
2345.22644922 1.02139351557
2345.24688095 1.0449196161
2345.26731258 0.966006929056
2345.28774411 0.986166892399
2345.30817584 0.966122572013
2345.32860747 1.00438430208
2345.3490392 1.02271043079
2345.36947073 1.00955479967
2345.38990236 1.00359132472
2345.4103341 0.985294842674
2345.43076563 1.00032527337
2345.45119726 0.998553917458
2345.47162899 0.99752251407
2345.49206062 0.992868789397
2345.51249215 0.997225545954
2345.53292388 0.972062385137
2345.55335551 0.966505839584
2345.57378715 1.04808031965
2345.59421878 0.984943083185
2345.61465041 1.01868761735
2345.65551367 1.05196119825
2345.6759453 0.978854931478
2345.69637693 0.993729460954
2345.71680856 1.00991767634
2345.85983008 1.0336342661
2345.88026161 1.05463955375
2345.90069325 0.994810331941
2345.92112498 1.02617505279
2345.94155651 1.00524008043
2345.96198814 0.976701809231
2345.98241987 1.00986960361
2346.0028514 0.956781952451
2346.04371476 1.01003611708
2346.0641464 0.981764182479
2346.08457803 0.972382246775
2346.10500966 0.993071405376
2346.12544129 0.969996970665
2346.14587292 1.01376897352
2346.16630455 1.01151187296
2346.18673618 1.02238660702
2346.20716792 1.00126254648
2346.22759945 0.99863220588
2346.24803108 0.981756812666
2346.28889434 0.997461661387
2346.30932607 0.978714504751
2346.3297577 0.987812838945
2346.35018924 1.03129386816
2346.37062097 1.0013236123
2346.3910526 1.00532627187
2346.41148413 0.933121028342
2346.43191586 0.993876413657
2346.45234739 0.961051256634
2346.47277903 1.03763993181
2346.57493728 0.985358928934
2346.59536892 1.0061111257
2346.61580055 1.00583880094
2346.63623218 0.984224771112
2346.65666381 0.964403690854
2346.67709544 1.00492025179
2346.69752707 0.985492730387
2346.71795881 0.979294206405
2346.73839034 0.981239557488
2346.7792537 1.01913840178
2346.79968523 0.969348910492
2346.82011696 1.00455471992
2346.8405486 0.983081816364
2346.86098013 1.02157340437
2346.88141186 1.0267812457
2346.90184349 1.04526921348
2346.92227502 0.982851656376
2346.94270676 1.00752197146
2346.96313839 1.00576596715
2346.98357012 0.991472712448
2347.00400165 0.983459957764
2347.02443328 0.993773882015
2347.04486492 1.01740824343
2347.06529655 1.00953066696
2347.08572818 1.01052982643
2347.10615991 1.00609703429
2347.12659144 1.03639927123
2347.14702308 0.986170430083
2347.16745471 1.0027928806
2347.18788634 0.994437465979
2347.20831807 1.00001774952
2347.22874961 0.997389170134
2347.26961297 0.985286734643
2347.2900446 0.967534722452
2347.31047613 1.01241724816
2347.33090787 1.04432925479
2347.3513395 1.05597777581
2347.37177103 1.011832177
2347.39220276 0.982404491704
2347.4126344 1.00748649946
2347.43306613 1.02962855905
2347.45349766 0.992745522902
2347.53522419 0.975753707183
2347.55565592 0.953950665852
2347.57608746 0.985836757603
2347.59651909 0.992474014399
2347.61695082 0.969754290736
2347.63738235 0.956575465215
2347.65781409 1.01242335232
2347.67824572 0.992424505915
2347.69867735 0.976632223122
2347.71910899 0.959413008612
2347.75997225 0.986706294815
2347.84169878 0.944548671404
2347.86213042 1.04588597525
2347.88256215 0.999060963883
2347.90299368 1.04989937745
2347.92342532 1.01874221664
2347.94385705 0.959253300648
2347.96428858 0.984937390958
2348.00515195 0.963485333828
2348.02558348 1.01018454949
2348.04601511 0.972952921987
2348.06644685 0.996944806867
2348.08687838 0.983874368451
2348.10731011 1.00414197702
2348.12774175 0.997578966269
2348.14817328 0.97784500066
2348.16860501 1.00323925509
2348.18903665 1.00277115421
2348.20946828 1.00976323402
2348.25033155 1.0111094019
2348.27076318 0.972015388224
2348.31162645 0.984276074143
2348.33205818 1.02960280963
2348.35248982 1.01044965263
2348.37292135 0.996633383238
2348.39335308 1.01613423239
2348.43421625 1.03672163192
2348.45464799 0.98388250692
2348.57723779 0.988560013176
2348.59766932 1.02610568227
2348.67939596 1.0502813506
2348.6998276 0.988801033475
2348.74069086 0.962874360285
2348.7611225 0.977375444609
2348.78155423 0.964410704113
2348.80198577 1.00060817773
2348.8224174 0.97600601509
2348.84284914 0.996039104423
2348.86328067 1.03698563508
2348.88371231 1.0280889542
2348.90414404 0.985676771279
2348.92457568 0.983163275464
2348.94500731 0.970855161469
2348.98587058 0.999896254093
2349.00630222 1.03788036349
2349.02673385 1.00884657478
2349.04716549 0.989264117306
2349.06759722 1.02222549499
2349.10846039 0.991050267735
2349.12889213 0.963871887014
2349.2310503 1.01409150197
2349.25148184 0.983538846697
2349.27191347 0.981894474645
2349.29234521 1.03175612517
2349.31277674 1.03128162796
2349.33320838 0.996922534088
2349.35364012 0.954514951072
2349.37407165 0.988200737059
2349.53752484 0.991712945874
2349.55795647 1.02234801636
2349.57838821 1.06971100039
2349.59881975 1.02803123562
2349.76227294 0.988191934679
2349.78270467 1.03599630362
2349.80313621 0.979386066168
2349.82356785 1.00947914584
2349.84399958 0.946357411751
2349.86443112 0.955034303258
2349.88486276 0.986610310637
2349.92572603 0.986197858313
2349.94615767 0.991716204393
2349.96658931 1.00916882307
2349.98702094 0.997566263869
2350.00745268 1.03256056907
2350.02788422 1.00016774934
2350.04831586 1.05182447989
2350.06874759 1.03089588907
2350.10961077 1.04179995814
2350.27306397 0.996108478107
2350.29349571 0.970662558277
2350.31392724 1.0131560119
2350.35479062 1.03484267868
2350.37522216 1.0057564145
2350.3956539 0.99583837096
2350.41608553 0.981205986592
2350.45694881 0.993842284106
2350.47738045 0.997141950644
2350.49781199 0.987757166596
2350.51824373 0.965368018652
2350.59997028 0.978045642298
2350.62040192 1.00543678473
2350.64083356 1.01473304839
2350.6612652 1.01650363964
2350.68169684 0.998666914367
2350.70212848 0.956154261216
2350.72256011 0.996085434596
2350.74299185 1.01611589657
2350.76342339 0.997968615622
2350.78385513 0.978927119234
2350.80428677 0.956290347275
2350.82471831 0.993485440275
2350.84515005 1.01949609131
2350.86558169 0.982632535053
2350.88601323 1.01445688337
2350.90644497 0.991536638145
2350.94730815 1.00995924226
2350.96773989 1.05107053668
2350.98817153 1.04071963929
2351.00860327 0.962651234984
2351.02903481 0.997296322485
2351.04946645 1.03770293247
2351.06989819 1.04219389624
2351.09032973 0.994201989089
2351.11076137 0.989907847727
2351.13119311 0.962368804477
2351.23335131 1.01791400599
2351.25378295 1.05543223956
2351.27421449 0.979158146382
2351.29464623 1.03389688934
2351.31507787 0.986350943008
2351.33550952 1.02495671859
2351.43766772 1.02347294954
2351.45809946 1.01053943186
2351.478531 0.990315763325
2351.49896265 0.976107048049
2351.53982593 1.01253998401
2351.56025757 0.994259294597
2351.58068931 1.00367624373
2351.60112085 1.01375129851
2351.74414245 0.979401724618
2351.76457409 0.943839052052
2351.78500583 0.942203223729
2351.80543738 1.00739054731
2351.82586902 0.97731214928
2351.84630076 1.00514305033
2351.8667324 1.03157379306
2351.88716395 1.02154464296
2351.90759569 1.01061689931
2351.92802733 1.04950123718
2351.94845887 0.944836062133
2351.96889062 1.00832943969
2351.98932226 0.994704769126
2352.0097539 1.01063240372
2352.03018555 0.971844901731
2352.05061709 0.975180306918
2352.07104883 0.975923776496
2352.09148048 0.997459658582
2352.11191202 0.992747334906
2352.1936387 0.964587719243
2352.21407034 1.01497327434
2352.25493363 0.950493253519
2352.27536527 0.991065633864
2352.29579702 0.998989069852
2352.31622856 0.993422094156
2352.33666021 0.958767797215
2352.35709195 1.03824668624
2352.41838688 1.03333185841
2352.43881853 0.982572779519
2352.45925017 1.0592829178
2352.47968182 1.00518522772
2352.50011346 1.01661114257
2352.52054511 0.998574619316
2352.54097675 1.02814515792
2352.5614085 1.02813525348
2352.58184014 0.992255382287
2352.60227169 1.00597259242
2352.62270343 1.02605228509
2352.66356663 0.985027832696
2352.68399837 0.970071433795
2352.70442992 1.03984504306
2352.72486166 0.964908601992
2352.74529331 1.03290785555
2352.76572486 0.994248112369
2352.7861566 1.01259943005
2352.97004142 1.01912682232
2352.99047307 0.966281943869
2353.01090481 0.956504048972
2353.03133636 1.00117199681
2353.05176801 0.990182148146
2353.07219976 0.96754491797
2353.0926314 0.955908249873
2353.11306305 0.97887597317
2353.1334947 1.02451068611
2353.15392634 1.01989572001
2353.17435799 0.996837772842
2353.19478964 0.99085882186
2353.21522129 0.986979825184
2353.23565304 0.977533574918
2353.25608458 1.00059531606
2353.27651623 0.987451562112
2353.29694798 1.00921170184
2353.33781128 0.999390079963
2353.35824293 0.962793388051
2353.39910622 1.03286204044
2353.41953777 0.988517244327
2353.43996942 1.02723627896
2353.46040117 1.02378154674
2353.48083272 0.999942188107
2353.50126447 0.990498951286
2353.52169612 0.994979577998
2353.54212767 1.0179215217
2353.72601271 1.01663438884
2353.74644436 0.943932741613
2353.76687591 0.991652814177
2353.78730766 0.987422804487
2353.80773931 0.99491942975
2353.82817086 1.00152381799
2353.84860261 1.02248133596
2353.86903426 1.00618772212
2353.88946602 0.985880880151
2353.90989757 1.04771531527
2353.93032922 1.00911388229
2353.95076097 0.991335185323
2353.97119252 1.01145737863
2353.99162417 0.983931948183
2354.01205592 1.01182760646
2354.03248747 1.00078015539
2354.05291923 1.01230070446
2354.07335078 0.992842661928
2354.09378243 1.04716930176
2354.13464573 0.98482895314
2354.15507738 0.97981851804
2354.17550914 1.01272817136
2354.19594069 0.993514045412
2354.21637234 0.991493006119
2354.23680409 1.01741723787
2354.25723575 0.981524074852
2354.2776674 0.988470112315
2354.29809905 0.991276673225
2354.3185307 1.02226557876
2354.40025741 1.02460308253
2354.42068897 0.963555744814
2354.44112072 1.03784414783
2354.46155237 1.01488667407
2354.48198393 0.994845463515
2354.50241568 1.04271148609
2354.52284734 0.984941198623
2354.54327889 1.01595219085
2354.56371064 0.988884001232
2354.5841423 0.997355310365
2354.60457405 1.02689297424
2354.62500561 0.999903744311
2354.64543726 1.01584474108
2354.66586891 1.0068443731
2354.68630057 0.989324876107
2354.70673222 1.0143906086
2354.72716388 0.964999234513
2354.74759553 0.962031470249
2354.76802719 1.03199057821
2354.78845884 1.01612771017
2354.8088905 0.959306860636
2354.82932225 0.978555597608
2354.87018546 0.977683102316
2354.89061722 0.981881816005
2354.91104877 0.997741174391
2354.93148043 1.01615115789
2354.95191219 1.00288547323
2354.97234384 0.994337683171
2354.9927755 1.0423387063
2355.01320715 0.991202265544
2355.03363881 0.970925041067
2355.05407057 0.97496313677
2355.13579709 1.01231177845
2355.15622885 0.970050052043
2355.17666051 1.02025574302
2355.21752382 0.990084527865
2355.23795548 1.02365475395
2355.25838704 0.977075969868
2355.27881879 1.03531497412
2355.40140874 0.995406184929
2355.4218404 1.00365878421
2355.44227206 1.01337359369
2355.46270372 1.02661680743
2355.48313537 1.03237612197
2355.50356703 0.977769376376
2355.52399869 1.00564387111
2355.64658865 0.984912514104
2355.66702041 0.974146363881
2355.68745207 0.991330698377
2355.70788373 1.0409389816
2355.72831539 1.00971646106
2355.74874705 0.986111904718
2355.76917881 0.998158234948
2355.78961037 1.01122941533
2355.87133701 0.983194442776
2355.89176877 1.02746218015
2355.91220033 1.00607295723
2355.93263209 0.982268482836
2355.95306375 1.00593480103
2355.97349531 1.05033079808
2355.99392707 0.97099159518
2356.01435874 0.971307632054
2356.0347904 0.980769525114
2356.05522206 0.999018180432
2356.07565372 1.01740361005
2356.09608538 1.00112727481
2356.11651704 1.02932771623
2356.13694871 0.988824413093
2356.15738037 0.997289789738
2356.17781203 0.9956358487
2356.19824369 1.02486402157
2356.21867536 0.986190096366
2356.23910702 0.984174544605
2356.25953878 0.99557708536
2356.27997045 0.99239388057
2356.30040201 1.02744699319
2356.34126543 1.00172945471
2356.361697 0.994408860752
2356.38212876 0.994061432292
2356.40256043 1.03339236075
2356.42299199 1.00984770819
2356.44342375 0.992253575204
2356.46385542 1.0087400025
2356.48428718 0.998602262215
2356.50471875 1.05941874854
2356.62730873 1.0193497067
2356.6477405 0.946378742002
2356.68860373 1.02866593056
2356.70903549 0.98634901289
2356.72946716 1.00730754725
2356.74989883 0.976451463191
2356.77033049 0.990055251348
2356.79076216 0.984762858269
2356.83162549 1.02887373912
2356.85205716 0.999535884632
2356.87248882 1.00307014415
2356.89292049 0.983835290966
2356.91335216 0.99511296386
2356.93378392 0.963213733341
2356.95421549 1.01444751437
2356.97464716 1.01103361964
2356.99507892 1.00214709596
2357.11766893 1.00644314012
2357.15853227 0.948118930437
2357.17896393 0.936592981861
2357.1993957 1.0052663133
2357.21982727 0.987740553598
2357.24025894 1.02880766012
2357.26069071 0.99733705538
2357.34241729 1.03974302097
2357.38328072 0.975290334736
2357.40371239 1.00965022126
2357.42414406 1.00919270546
2357.44457573 0.968974104131
2357.4650074 0.969162111689
2357.48543907 1.01230323256
2357.50587074 0.975572158218
2357.52630231 0.9684554554
2357.58759743 0.988073102783
2357.6080291 1.03489440236
2357.62846077 1.00650983161
2357.64889254 0.99116436307
2357.66932411 0.975275554502
2357.68975578 0.995027055107
2357.71018755 1.0013873565
2357.73061913 1.00119810306
2357.85320916 0.992033335035
2357.87364093 1.0166377208
2357.89407261 1.00269760116
2357.91450438 0.98720343178
2357.93493595 1.01568893789
2357.95536762 1.01633312967
2357.99623097 0.972160689632
2358.07795777 0.982611636219
2358.09838944 1.00906507876
2358.11882112 0.962856072739
2358.13925279 0.992799086587
2358.15968446 1.00772741478
2358.18011604 0.999050074367
2358.20054781 1.01112537847
2358.22097949 0.988643103046
2358.24141106 0.979906302679
2358.32313787 0.982888996373
2358.34356954 0.99864297773
2358.36400132 0.983752930396
2358.38443289 0.990036640284
2358.40486457 0.994117643302
2358.42529635 0.965253245871
2358.44572792 1.02916229431
2358.4661597 1.03864783726
2358.48659138 0.974966412643
2358.50702295 1.02693272953
2358.54788641 1.05413760919
2358.56831798 0.984430965597
2358.58874976 1.01979341507
2358.60918144 0.993665106353
2358.62961322 0.977371932624
2358.6500448 1.0106200966
2358.67047647 1.01157644036
2358.69090825 1.03211546087
2358.71133993 0.99930404605
2358.73177151 0.998232736553
2358.75220329 1.00198401885
2358.79306654 1.0345792404
2358.81349832 0.976498107471
2358.8339299 0.976350689066
2358.85436168 0.957009231681
2358.87479336 1.01999477221
2358.89522494 1.02439802272
2358.91565672 0.989433613701
2358.9360884 0.98873563901
2358.95651998 1.03136380225
2359.07911026 1.01039111467
2359.09954185 0.955818022806
2359.11997353 1.01925964326
2359.14040531 0.998372207717
2359.16083689 1.00310303627
2359.18126867 1.01449493146
2359.20170035 1.02785318229
2359.22213193 0.968541818912
2359.24256372 0.986133818743
2359.28342708 0.996805860916
2359.30385876 1.03742183084
2359.32429045 0.956402184658
2359.34472213 0.981292545284
2359.36515381 1.01101282556
2359.3855855 0.995703762955
2359.40601728 0.961571153307
2359.42644896 1.01532468136
2359.58990244 1.01616433347
2359.61033402 1.00568946565
2359.6307658 1.01497423188
2359.65119749 0.991218775646
2359.67162907 1.02379473943
2359.69206086 1.01716280688
2359.71249255 0.972345035381
2359.73292433 0.995513121772
2359.75335592 1.00862182336
2359.7737876 1.03055078372
2359.79421939 1.02342661916
2359.81465098 1.01026065316
2359.83508266 1.02357484318
2359.85551445 1.04087239301
2359.87594604 1.01327452515
2359.89637782 0.977036804344
2359.91680951 0.982441810861
2359.9372412 0.960517117255
2359.95767288 0.971672407294
2360.1006947 1.00196072625
2360.12112649 0.971820390364
2360.14155818 0.973855595881
2360.16198977 0.960218056929
2360.18242156 0.999913018517
2360.30501169 0.986454230721
2360.32544328 0.974064412388
2360.34587507 1.0015128002
2360.36630676 1.02211611261
2360.38673835 1.00030474622
2360.40717015 1.04403871339
2360.42760184 1.0179543654
2360.55019199 1.02463247305
2360.57062378 1.03407392219
2360.59105547 1.06604668919
2360.61148716 0.99525596509
2360.63191885 1.03543713814
2360.65235055 0.954008474817
2360.67278224 1.01814342145
2360.69321393 1.05004375347
2360.71364563 1.05156160925
2360.73407742 0.999958888843
2360.75450901 0.995186201801
2360.77494071 0.974106812107
2360.7953724 0.988573732569
2360.81580409 0.994999294217
2360.83623589 0.984831130104
2360.85666758 0.993320800427
2360.87709918 0.989158856652
2360.89753097 1.03759224937
2360.91796257 1.0030920825
2360.93839426 0.911287868229
2360.95882606 0.960644783032
2360.99968945 0.998264461703
2361.02012114 0.996055567262
2361.04055274 1.02770726256
2361.06098454 0.977420910045
2361.08141623 1.00035166281
2361.10184793 0.994656185276
2361.12227962 1.04378343349
2361.14271132 1.02145993972
2361.16314312 1.00157741511
2361.18357471 1.0129862382
2361.20400641 0.980743065199
2361.24486981 1.01766027897
2361.2653015 1.00162592097
2361.2857333 1.03667987345
2361.306165 1.02462623152
2361.3265967 1.00048547191
2361.3470284 1.02692344554
2361.3674601 0.978003536681
2361.38789179 0.970858837421
2361.59220879 1.00563122426
2361.61264059 0.982802673944
2361.63307219 1.01968047243
2361.65350389 0.944553868202
2361.7760942 1.0434005851
2361.7965259 1.01730469451
2361.83738931 1.0088906029
2361.85782101 1.01819559045
2361.87825281 0.968225686948
2361.89868442 0.959950986003
2361.91911612 0.966117514365
2362.06213815 0.971037988708
2362.08256985 1.00418830181
2362.18472837 1.01336877863
2362.22559179 1.00160098075
2362.24602349 1.01095902983
2362.2664553 0.991733569819
2362.2868869 0.947328622866
2362.30731861 1.00701970188
2362.32775042 1.00598403492
2362.34818202 1.00944885604
2362.36861383 1.01200362995
2362.38904554 1.0108466703
2362.40947715 1.03197838373
2362.42990895 0.986713462543
2362.47077237 0.991639911604
2362.49120408 0.97924126594
2362.51163578 0.959205019056
2362.53206749 1.00924320766
2362.5524992 0.97881063416
2362.57293091 0.995581854563
2362.59336272 0.994778206127
2362.61379443 0.937333042638
2362.63422604 1.01124023959
2362.7568165 0.991450011128
2362.77724811 0.960021204
2362.79767982 0.976936308208
2362.81811163 1.01882279807
2362.83854324 1.00568510326
2362.85897495 1.01166523929
2362.87940676 1.02981566187
2362.89983838 1.02470399705
2362.92027019 1.00383888473
2362.9407018 0.998812548395
2362.96113351 1.01182493162
2362.98156532 1.06075245925
2363.00199694 0.995781559299
2363.02242865 0.993970690818
2363.04286046 0.986379131954
2363.06329208 0.956643368646
2363.08372389 1.01437398608
2363.1041556 0.997065811809
2363.12458732 1.02114069554
2363.2471777 1.04105517736
2363.26760932 1.0024998876
2363.28804103 0.974544221454
2363.30847285 1.00573672461
2363.32890456 1.0127703777
2363.34933618 0.989045779155
2363.51279001 1.01351292754
2363.53322183 0.986598601796
2363.55365345 0.996108710616
2363.57408517 0.980775136487
2363.59451688 1.01710603548
2363.6149486 0.972356958918
2363.63538042 0.981633609105
2363.65581204 1.00966602281
2363.67624376 0.9752631501
2363.69667558 0.991332173421
2363.7171072 0.971567110922
2363.73753892 1.03785473032
2363.75797074 1.0159183113
2363.77840246 1.02585562393
2363.79883418 0.989345358325
2363.8192659 1.00004444586
2363.83969762 0.958971899793
2364.00315139 0.984757026877
2364.02358321 1.02352109071
2364.04401493 0.988439166519
2364.06444655 1.03645299798
2364.08487837 0.982284271883
2364.1053101 0.998633355375
2364.12574192 0.992265801975
2364.14617354 0.968462635732
2364.16660527 1.00950001293
2364.18703699 0.982203544078
2364.20746872 1.03526054231
2364.22790044 0.996922825782
2364.24833216 1.01104576593
2364.26876389 1.00210293254
2364.28919571 1.02837193695
2364.30962734 1.04117776209
2364.33005906 1.00312616114
2364.35049089 0.975982577778
2364.37092251 1.00683850964
2364.39135424 0.976126632174
2364.43221769 0.941304371456
2364.45264942 0.974377606704
2364.47308124 1.03743420505
2364.49351297 1.00254867745
2364.5139447 1.03113429936
2364.57523988 0.980835498115
2364.59567161 1.01993288074
2364.61610333 1.00382953014
2364.63653516 0.99452608465
2364.67739862 0.980622171406
2364.69783035 1.022770717
2364.71826198 1.0446252557
2364.7386938 0.997868118727
2364.75912553 1.00948466873
2364.77955716 1.00114908184
2364.79998899 0.978548159232
2364.82042072 1.00281110963
2364.84085255 0.993246917121
2364.96344284 1.00450091721
2364.98387457 0.989329705521
2365.0043064 1.00652739521
2365.02473803 0.989941090613
2365.04516976 1.00004272526
2365.0656016 1.02744799244
2365.08603323 1.02228023922
2365.10646496 0.994564965904
2365.1268968 0.999003294481
2365.16776026 1.00233008497
2365.18819199 1.00000320218
2365.20862373 1.02517359834
2365.22905546 0.936664087126
2365.2494872 1.0004350805
2365.26991893 0.949310867859
2365.29035077 1.02341878413
2365.3107824 0.949639593812
2365.33121424 1.0028294186
2365.35164597 1.0096918021
2365.37207761 0.963620791847
2365.41294118 1.02419832745
2365.43337281 1.02004853368
2365.45380465 1.00955631075
2365.47423639 1.00386169956
2365.49466802 0.945269315018
2365.51509986 1.00887120464
2365.5355316 0.968650780209
2365.55596343 1.05835259863
2365.6989855 0.975840728334
2365.71941734 1.01202721043
2365.73984898 0.987665606307
2365.76028072 0.982131860573
2365.78071256 0.965066395464
2365.8011443 1.01891309302
2365.82157594 1.0073252762
2365.84200778 0.956025817358
2365.86243952 1.00927573918
2365.88287126 0.997493609813
2365.903303 1.01770546336
2365.92373474 0.9871545642
2365.94416658 0.990973515525
2365.96459822 1.01640510773
2365.98502997 1.00845351573
2366.04632529 0.986621073313
2366.06675703 0.992008626118
2366.18934749 1.03654239436
2366.20977924 0.97303107366
2366.23021098 0.985704874728
2366.25064273 1.00135645222
2366.27107447 1.02190957766
2366.29150622 0.993035156627
2366.31193796 0.991014793633
2366.33236971 1.01535808672
2366.35280145 0.99599332986
2366.39366494 1.01821527922
2366.41409669 0.965031072817
2366.43452854 0.959311359593
2366.45496018 0.99153664973
2366.47539193 0.980653293656
2366.49582378 1.01052292262
2366.51625553 1.02343164685
2366.53668727 1.02430815665
2366.55711902 0.981946538602
2366.57755077 0.977634004727
2366.59798262 1.02917227848
2366.61841427 1.00839473062
2366.63884601 0.993974604402
2366.65927786 0.986059805865
2366.67970951 0.98209540419
2366.70014136 1.00399564069
2366.72057311 1.00271573882
2366.74100476 1.00105791016
2366.80230001 1.01290038711
2366.82273186 1.01929344391
2366.90445887 1.01014029664
2366.92489072 0.963547757996
2366.94532237 1.01926325474
2366.96575412 1.00344876101
2366.98618587 0.98380494882
2367.19050341 1.01191360795
2367.21093527 1.00188939785
2367.25179878 0.994650565966
2367.27223053 1.02097390704
2367.29266229 0.977498497651
2367.31309414 1.00395186795
2367.39482107 1.01535932731
2367.41525293 0.955379921412
2367.43568469 1.04723644174
2367.45611634 1.0340425005
2367.4765482 1.00400273657
2367.49697996 0.98642371451
2367.51741162 0.989376374432
2367.53784348 1.00154787964
2367.55827523 1.0180552529
2367.57870699 0.947604816407
2367.59913875 0.959956187738
2367.61957051 0.986684158037
2367.64000227 1.01312095743
2367.66043403 0.933463149672
2367.68086579 0.991541817322
2367.70129755 0.992525087481
2367.72172931 1.01087223348
2367.74216117 1.00993445204
2367.76259283 0.99737676033
2367.7830246 0.998397711494
2367.90561527 1.00563484414
2367.92604703 1.0021825126
2367.94647879 0.971379636043
2367.96691066 0.947328745852
2367.98734232 1.02913104359
2368.00777409 0.97178937222
2368.02820595 1.02691323307
2368.04863761 1.02288532704
2368.06906948 0.951168025885
2368.08950124 1.01028775951
2368.10993291 1.00964956121
2368.13036477 1.03378475678
2368.15079654 0.989217389061
2368.1712282 0.965676254195
2368.19166007 1.00253727746
2368.21209184 1.02089175565
2368.2325236 0.950521377806
2368.25295537 1.03617603167
2368.27338714 0.931436173689
2368.2938189 1.01391925325
2368.31425067 1.00879730479
2368.35511421 0.987033753302
2368.37554597 0.966636901101
2368.39597784 1.02048090591
2368.41640951 0.960212629751
2368.45727315 1.00358782197
2368.47770492 1.00724377062
2368.49813659 1.01157203169
2368.53900023 1.00377728471
2368.5594319 0.959981605081
2368.60029554 1.03000094508
2368.62072741 0.983671559447
2368.64115908 0.978695057069
2368.66159085 1.01359419005
2368.68202272 1.00713001782
2368.7024544 0.965866880986
2368.72288617 1.03356334576
2368.74331804 0.97503965911
2368.76374971 0.930394018515
2368.88634035 1.02807751847
2368.90677223 0.990121290566
2368.927204 0.999496375439
2368.94763588 0.968507226875
2368.96806755 1.02731678054
2368.98849933 1.03704754852
2369.0089311 1.00853233142
2369.02936288 0.972685470156
2369.04979466 0.984094934578
2369.07022643 0.954453459613
2369.09065821 1.04690016585
2369.11109009 0.986230924086
2369.13152176 1.00214745698
2369.15195354 0.951915686941
2369.17238542 0.99688450336
2369.19281719 1.0165393806
2369.21324887 0.968879479019
2369.23368075 1.002780245
2369.25411253 0.963150862802
2369.27454431 0.943914860138
2369.37670321 1.00150735253
2369.39713509 0.971390225628
2369.41756677 0.991419420791
2369.43799865 1.01252703975
2369.45843043 0.981453933786
2369.47886211 1.0367696354
2369.49929399 1.01547059003
2369.51972577 1.03114611265
2369.54015745 1.00028991337
2369.58102112 1.02490829231
2369.6014529 0.977513528082
2369.62188468 1.04400335588
2369.64231647 0.982600178271
2369.66274825 0.981150314205
2369.68318003 1.04205693393
2369.70361182 1.01477298061
2369.7240436 1.00004259678
2369.74447539 1.02710938393
2369.82620263 1.03919121271
2369.84663441 1.01761931887
2369.8670661 1.01959889609
2369.88749798 1.00819567162
2369.90792977 0.95917568326
2369.92836156 1.00500740353
2369.94879334 0.974034942601
2369.96922513 1.03700112174
2369.98965702 1.00841626984
2370.01008871 0.985025759988
2370.09181586 0.985506911706
2370.11224775 0.978725954334
2370.13267944 0.951240015819
2370.15311133 1.03205930483
2370.17354312 0.997122684715
2370.19397481 0.975324307776
2370.2144067 1.00029598901
2370.23483849 1.05666488712
2370.35742923 1.02175883291
2370.37786103 1.01821896273
2370.39829282 1.00030195526
2370.41872461 0.995324690442
2370.43915641 0.956548834716
2370.4595882 1.00356668086
2370.48002009 1.00380244135
2370.50045189 0.953758076605
2370.62304265 0.984218987786
2370.64347455 1.03575576525
2370.66390625 0.986572120917
2370.68433804 1.01558758763
2370.70476994 1.00116362909
2370.72520163 0.979197377872
2370.74563343 1.02924824328
2370.76606533 0.967814522554
2370.80692892 1.00864297607
2370.82736072 1.00334026728
2370.84779242 0.959389126791
2370.86822432 1.01191313591
2370.88865612 0.987343763169
2370.90908782 1.00302242433
2370.92951971 1.03528376291
2370.94995151 1.00180614421
2370.97038331 0.963175072327
2370.99081511 1.00068451402
2371.01124691 0.988889085671
2371.05211052 0.985190240072
2371.07254232 1.04217236181
2371.09297412 1.00310011952
2371.11340592 0.989397223871
2371.13383782 1.0359891525
2371.15426952 0.992051045758
2371.17470133 0.991178183032
2371.19513323 1.01489726871
2371.23599673 1.03952491401
2371.25642864 0.994122094709
2371.29729234 1.00799209386
2371.31772405 0.996060298266
2371.33815585 0.997911576376
2371.35858776 0.960930315041
2371.37901946 1.00169683384
2371.39945127 0.9949973936
2371.41988317 1.0035360476
2371.44031488 1.03716476762
2371.46074679 1.03284563883
2371.48117859 1.02392996015
2371.50161606 0.995510412147
2371.52204218 1.04110064188
2371.56290569 1.00072214996
2371.5833376 0.986724076669
2371.60376941 1.03388187568
2371.62420132 0.964461289924
2371.64463303 0.983481679399
2371.66506484 1.02853160825
2371.68549674 0.988677450715
2371.70592845 0.982208257456
2371.72636026 0.990897913633
2371.74679217 1.01149173977
2371.78765569 0.982576227406
2371.8080876 0.979217768231
2371.82851941 1.01710157346
2371.84895123 1.00426706018
2371.86938304 1.00633352584
2371.88981485 1.0144499191
2371.93067847 1.0245655607
2371.95111029 1.0075474398
2371.9715422 0.988144769023
2371.99197391 0.974929166457
2372.03283764 1.02178529851
2372.05326935 0.995197455735
2372.07370127 0.999399062246
2372.09413298 1.06219210059
2372.1145648 1.0412961665
2372.13499671 0.989551318456
2372.15542843 0.96790159734
2372.17586034 1.01070865284
2372.19629216 1.00497918929
2372.31888306 1.01361390538
2372.33931497 1.00219861108
2372.35974669 1.01087136991
2372.38017851 0.985625975165
2372.40061043 1.01499887078
2372.42104225 0.95822934528
2372.44147397 0.985553397859
2372.46190589 0.965087103729
2372.48233771 1.02215851808
2372.50276953 1.00526874805
2372.52320135 0.99293059812
2372.54363317 0.996975269105
2372.56406499 0.978490584001
2372.58449681 1.01423341456
2372.60492863 1.04282314885
2372.62536055 1.0104461605
2372.64579227 0.982556652802
2372.66622419 0.972359420344
2372.80924686 0.992880372672
2372.82967878 0.992458401125
2372.85011061 0.964422356674
2372.87054233 0.970171587314
2372.89097426 1.01330304742
2372.91140608 1.02516304929
2372.93183781 1.01127052154
2372.95226973 0.977926588971
2372.97270156 0.984190749932
2372.99313349 1.02024109262
2373.01356521 1.00078128069
2373.03399704 1.01824861327
2373.05442897 0.992527556916
2373.07486079 0.99685986193
2373.09529252 1.01809966053
2373.11572445 1.01332406861
2373.13615628 1.01499685628
2373.34047458 1.01273355518
2373.36090641 0.988566667435
2373.38133834 0.994723568927
2373.40177007 1.02347556434
2373.42220191 1.00190741499
2373.44263384 0.980051518203
2373.46306557 1.00730005799
2373.48349751 1.00900054186
2373.50392934 1.00898535832
2373.52436107 1.00352392245
2373.54479301 0.969193320352
2373.56522484 0.949056340886
2373.58565658 0.989800623993
2373.60608851 1.01899855323
2373.62652035 0.97508415962
2373.64695228 1.01251914917
2373.66738402 1.03526952456
2373.68781585 0.990659449726
2373.70824779 0.996042429857
2373.72867953 1.00818136177
2373.74911137 1.01001178315
2373.7695433 1.02639432355
2373.78997514 1.00371280075
2373.81040688 1.05198530921
2373.83083882 0.954595048513
2373.85127065 0.982383851689
2373.87170249 1.00183580661
2373.89213433 0.985780795122
2373.91256617 0.99323493054
2373.93299811 1.0062201333
2373.95342985 1.01584107394
2373.99429363 1.04965813502
2374.01472537 1.02408328635
2374.05558905 1.00230868417
2374.0760209 0.995928786953
2374.09645284 0.991384675842
2374.11688458 0.983106692583
2374.13731642 0.991370225262
2374.30077127 0.982024960163
2374.32120312 1.02451437898
2374.34163496 0.994222404432
2374.36206691 0.974056506161
2374.38249866 1.01617199676
2374.4029305 1.00984556516
2374.42336245 0.992036898184
2374.4437943 0.986927927102
2374.46422604 0.993029315989
2374.48465799 1.02966300595
2374.50508984 0.985012555286
2374.52552169 0.974365811789
2374.54595353 0.993512385952
2374.56638538 1.01953961631
2374.58681733 1.0212693905
2374.60724908 0.984935215309
2374.62768093 0.978729698254
2374.64811288 1.02805828159
2374.66854463 1.05028614
2374.68897658 0.975755588397
2374.72984018 0.985848832995
2374.75027213 0.993132433742
2374.77070389 0.978518278701
2374.79113574 0.99517910877
2374.81156769 0.996458783975
2374.83199944 1.00960669051
2374.85243139 1.00496786291
2374.87286325 1.01825454741
2374.893295 0.974280405724
2374.91372696 1.01890189402
2374.93415881 0.978703303183
2374.97502252 1.04752460769
2374.99545437 1.02569640206
2375.01588633 1.03305798718
2375.03631808 1.02596540137
2375.05674994 0.987401536456
2375.0771819 1.01960494018
2375.09761375 1.03108323816
2375.11804561 1.03608299591
2375.30193243 1.0219472191
2375.32236419 0.966339364715
2375.34279615 0.96027803591
2375.36322791 0.990495443898
2375.38365977 1.00753052538
2375.40409173 1.00278500107
2375.42452359 1.02105501232
2375.44495546 1.03236540711
2375.46538732 1.03709666182
2375.48581908 1.01605224279
2375.50625104 0.995843207626
2375.5266829 0.995423819862
2375.54711467 1.03478711948
2375.56754663 1.00150070043
2375.58797849 0.99587449454
2375.60841046 0.977301436198
2375.62884222 0.990416952475
2375.64927409 1.00206554071
2375.66970605 0.987116727277
2375.71056968 1.02437526346
2375.73100165 0.985509486294
2375.75143341 1.02268180924
2375.77186538 1.04560255641
2375.79229725 1.01360586412
2375.81272911 0.999647894899
2375.83316098 0.967765386259
2375.85359285 0.990112295745
2375.89445668 0.992566522217
2375.91488845 0.953795252395
2376.0170479 0.968127004743
2376.03747967 1.0146387469
2376.05791164 0.953589197859
2376.07834341 0.964437076345
2376.09877528 1.004891625
2376.11920725 1.00017664227
2376.13963903 1.03157274846
2376.160071 0.959450468133
2376.20093464 0.998047880912
2376.22136662 0.99281303917
2376.24179849 1.00202987539
2376.26223026 0.993341853341
2376.28266224 1.00915246016
2376.30309411 1.01295477006
2376.32352609 1.02210416443
2376.34395786 1.03855845438
2376.36438974 1.01195338275
2376.38482171 1.00609190764
2376.40525349 0.975010252101
2376.44611734 1.01165475371
2376.46654922 0.996433803806
2376.4869811 0.98066982667
2376.50741297 0.98591983576
2376.52784485 0.978722948392
2376.77302751 1.03284189098
2376.79345929 1.02346210455
2376.87518692 0.966879809742
2376.8956188 1.02850960169
2376.93648257 0.954998970093
2376.95691446 0.999569390041
2376.97734644 0.951970666684
2376.99777822 1.02805858163
2377.01821011 0.990397043557
2377.0386421 1.01315443742
2377.05907388 0.988684079889
2377.07950577 0.984380138471
2377.09993775 1.0025861037
2377.22252908 0.979523055609
2377.24296097 1.03738234221
2377.26339296 1.06052561781
2377.28382475 0.974945347957
2377.30425674 1.00192657152
2377.32468863 1.00394585014
2377.34512042 1.03279233679
2377.36555241 1.00918971886
2377.3859843 0.996934881807
2377.40641609 1.04094671083
2377.42684808 1.00752916596
2377.44727987 0.96327234322
2377.46771187 1.01609262032
2377.48814376 0.99311336888
2377.50857555 0.994418427734
2377.52900755 0.959258126104
2377.54943944 0.981203277045
2377.56987123 1.03779553617
2377.59030323 1.04952903654
2377.61073512 0.991271513096
2377.63116712 0.954883694986
2377.67203081 0.997572287424
2377.6924628 1.03288919145
2377.7128946 1.01645812986
2377.7333265 0.972426904269
2377.75375849 1.00844391894
2377.77419039 0.969821769096
2377.79462229 1.02605131968
2377.81505418 1.0071713442
2377.83548608 1.01274930136
2377.85591798 1.01738907711
2377.87634988 0.982516180857
2377.91721378 0.977838369146
2377.93764558 0.962866885876
2377.95807758 1.02254871001
2377.97850948 0.977491665374
2377.99894128 0.947052526593
2378.01937328 1.00605060646
2378.03980518 0.978925994255
2378.06023698 0.994568849575
2378.08066898 0.960129400965
2378.10110079 1.00424022732
2378.12153279 0.981034205066
2378.14196469 0.998467366158
2378.1623965 1.02262272828
2378.1828285 1.02705421567
2378.2032604 0.940299148816
2378.24412421 1.00106029887
2378.26455612 1.00637347971
2378.28498812 0.968758980519
2378.30541993 1.01493338484
2378.32585183 1.02261175377
2378.34628384 1.01052613311
2378.42801137 0.998747238043
2378.44844338 1.00628875992
2378.46887528 0.992640665944
2378.48930719 1.01405356527
2378.5097391 0.948093463506
2378.53017101 1.0137677206
2378.55060292 1.02803920301
2378.57103483 1.01656512923
2378.59146674 1.00807198982
2378.61189875 0.994291512459
2378.65276247 1.0282077996
2378.67319448 1.00026102104
2378.6936264 0.971925736351
2378.71405821 1.00213148615
2378.73449022 1.00844877178
2378.75492203 1.00320469053
2378.77535405 0.964768464147
2378.79578596 0.980360838528
2378.81621777 1.03238225444
2378.83664979 0.982315106843
2378.8570817 0.994382565615
2378.89794553 0.973716450799
2378.91837745 1.0074625608
2378.93880946 1.00942943723
2378.95924128 0.971396858445
2378.9796732 1.02405850213
2379.00010521 0.974051579247
2379.02053703 1.02019371469
2379.04096895 0.941241924814
2379.06140097 0.994341716718
2379.08183278 1.03860665551
2379.1022648 1.00665498055
2379.14312864 0.986156069567
2379.16356056 0.995331985781
2379.18399248 1.01025823701
2379.2044244 0.963769474062
2379.22485632 1.00825116274
2379.24528824 0.968439953591
2379.26572026 1.02418076748
2379.28615218 0.998309742326
2379.306584 0.995860419087
2379.32701603 0.935880479746
2379.34744795 1.00944807049
2379.36787977 1.00205568587
2379.3883118 0.962951351353
2379.40874372 0.994997091738
2379.42917554 0.98279664805
2379.44960757 0.970735552136
2379.47003939 1.03249337148
2379.49047142 1.03074603965
2379.51090334 1.00488036559
2379.53133517 0.994437064499
2379.55176719 1.01205736404
2379.57219912 1.01498073684
2379.59263095 0.977384627753
2379.6334949 0.978067446976
2379.65392693 1.04927926106
2379.67435876 0.95833119424
2379.69479068 1.00214889952
2379.71522271 0.966025230656
2379.73565454 0.976731231754
2379.75608647 1.00250592173
2379.7765185 0.980513033032
2379.79695043 0.981063849723
2379.81738236 1.02538554193
2379.83781429 0.993688335127
2379.87867815 1.01206581925
2379.89911008 0.988544693744
2379.91954202 0.995374897024
2379.93997405 1.01736084276
2379.96040588 1.01987683288
2379.98083791 1.01494612694
2380.00126985 0.992267401564
2380.02170168 0.999028738314
2380.04213372 0.965260976811
2380.06256565 1.02714724946
2380.18515716 0.984053760184
2380.22602114 1.00327141144
2380.24645297 0.99196624066
2380.28731695 1.01216677087
2380.30774899 1.00590411375
2380.36904481 1.04469931327
2380.38947665 0.991963328456
2380.40990859 1.02601072483
2380.43034063 1.0084929446
2380.45077247 1.00446242293
2380.47120451 1.01415355068
2380.49163645 0.997599245414
2380.51206839 1.00223178719
2380.55293228 1.00249088767
2380.57336422 1.01877021455
2380.61422811 1.02118673772
2380.63466015 0.982831859733
2380.6550921 1.03965767233
2380.67552394 0.975691385238
2380.69595599 1.02767320072
2380.71638793 0.993141496267
2380.73681978 1.030775548
2380.75725182 0.989701006979
2380.77768367 1.00923033555
2380.79811572 0.999947028636
2380.81854766 1.01986312706
2380.85941156 1.03055871661
2380.87984351 1.0193076967
2380.90027536 0.993932527279
2380.92070741 0.976489728933
2380.94113936 1.01780913155
2380.9615714 1.04303556227
2380.98200325 0.9968382127
2381.0024352 0.99215652676
2381.02286726 0.983532573066
2381.04329911 1.0122786261
2381.06373106 0.999030594446
2381.10459506 0.963378212596
2381.12502701 0.908395241999
2381.14545897 0.945988144783
2381.16589092 1.01716119699
2381.18632287 0.975343325822
2381.20675483 0.971193883845
2381.22718678 1.00686494563
2381.24761874 1.02389266633
2381.26805069 0.995409500135
2381.39064243 0.952875919731
2381.41107449 0.981197004532
