# #0 time, 1 flux
2749.6313788 0.980973290983
2749.65181075 0.961838235028
2749.67224291 0.979504214535
2749.69267496 0.955448185126
2749.71310691 0.979439524423
2749.73353906 0.981891927774
2749.75397112 1.01442318084
2749.77440307 0.993568655722
2749.79483522 0.985865279137
2749.81526727 0.982447548425
2749.83569922 0.983810366069
2749.85613137 0.986014439952
2749.87656342 0.983302727675
2749.91742751 1.01094877766
2749.93785956 0.99338463265
2749.95829151 1.00002165381
2749.97872366 0.968293949437
2749.99915571 0.992178590563
2750.01958765 1.02785090928
2750.0400198 1.01409481044
2750.06045184 1.00484297353
2750.08088389 1.00161465965
2750.10131593 1.01311311292
2750.12174798 1.03195096885
2750.14218002 1.01393129121
2750.16261207 1.00358641465
2750.18304411 1.01506624121
2750.20347626 0.995808522792
2750.2239082 1.02272039443
2750.26477238 1.02084265372
2750.28520432 1.0007821288
2750.30563637 1.00464213182
2750.32606851 1.01109875025
2750.34650045 1.00774888121
2750.36693249 1.02833303131
2750.38736463 1.01497434499
2750.40779657 1.0159769621
2750.42822861 1.01213970663
2750.44866074 1.00685724501
2750.46909278 0.992987105581
2750.48952472 1.00334755972
2750.50995686 0.994087479125
2750.53038889 0.998903577323
2750.55082093 1.00909270653
2750.591685 1.01178496852
2750.61211704 1.00090577629
2750.65298111 1.01590163165
2750.67341314 1.02122845702
2750.69384518 1.00589182946
2750.71427721 0.990630154579
2750.79600534 0.972555902613
2750.81643737 1.00821663073
2750.83686931 1.0111615848
2750.85730144 1.00309988596
2750.87773347 0.993921944933
2750.8981655 0.969761962285
2750.95946159 0.970390979407
2750.97989361 1.00871977838
2751.00032564 0.995397015465
2751.02075777 0.975388789875
2751.0411898 0.982349232015
2751.06162173 0.997987544946
2751.08205385 0.987946170061
2751.10248588 0.983222764415
2751.14334993 1.00063092433
2751.16378196 1.00057691788
2751.18421388 0.999394783795
2751.20464601 1.02669883677
2751.22507803 0.972461604719
2751.24550995 0.999008524711
2751.26594208 0.981403380492
2751.2863741 1.01013078135
2751.30680612 0.990917843974
2751.32723815 0.98371806859
2751.34767017 0.979948659411
2751.36810219 0.979703158967
2751.38853421 0.971895711451
2751.40896623 0.98101366276
2751.42939825 1.00170302808
2751.44983027 0.97989314381
2751.47026229 0.993743953454
2751.49069421 0.99730088573
2751.51112633 1.02089446303
2751.53155835 0.982121620777
2751.55199047 0.994750529611
2751.57242238 1.01815397469
2751.5928544 1.02796493958
2751.61328652 1.00542415575
2751.63371844 1.00870809747
2751.65415045 1.01551081154
2751.67458257 1.03632109877
2751.69501448 1.02786488964
2751.7154465 1.00898471426
2751.73587861 1.01616974567
2751.75631053 1.01962028212
2751.77674254 1.00834284206
2751.79717466 1.00370434305
2751.81760657 0.999736718104
2751.83803858 0.988089173289
2751.8584707 0.965408571128
2751.87890271 1.00294034498
2751.89933462 1.00400995214
2751.91976673 0.978394676831
2751.94019874 1.01481929035
2751.96063065 1.00068623082
2751.98106276 0.991707770825
2752.00149477 0.995104779989
2752.02192688 0.974388345583
2752.04235879 0.997917721529
2752.0627908 0.997408222634
2752.12408683 1.0205770696
2752.14451893 1.00597049501
2752.16495084 0.982765156997
2752.18538285 1.03218136645
2752.20581495 1.00561537876
2752.22624686 1.00946370316
2752.24667887 1.01292593312
2752.26711087 1.00150267807
2752.34883889 1.02029984803
2752.36927089 0.9954736441
2752.38970299 1.00272090522
2752.4101349 0.998160930706
2752.4305669 0.980889374199
2752.450999 1.00487171096
2752.4714309 0.998564638113
2752.491863 0.981427241145
2752.51229501 0.991460171347
2752.53272691 0.987253977221
2752.55315901 0.937426323167
2752.57359101 0.989061067392
2752.614455 1.0098632841
2752.634887 1.00823121861
2752.6553189 1.00106943501
2752.675751 1.00708603458
2752.696183 0.999476107999
2752.71661499 1.00976195743
2752.77791098 1.00519321766
2752.79834298 0.998650561
2752.81877498 0.994403085151
2752.83920697 1.00995881875
2752.85963907 0.991214513542
2752.88007096 1.02128563389
2752.90050295 1.01595474589
2752.98223093 0.994706294012
2753.00266292 1.00333876652
2753.02309501 0.962632202579
2753.0435269 0.983416401112
2753.14568695 0.988530326065
2753.16611884 1.00378898764
2753.18655083 0.991217448165
2753.20698292 0.999162834602
2753.22741491 1.00159649455
2753.2478468 0.991129602945
2753.26827888 1.00493147245
2753.28871087 1.00654148775
2753.30914276 1.01190856619
2753.32957484 0.994283972762
2753.35000683 1.0052162292
2753.37043892 1.00334095759
2753.3908708 1.0008166431
2753.47259874 0.989799911479
2753.49303082 0.991545136608
2753.51346271 1.02201338474
2753.53389469 0.988954116543
2753.55432677 0.990301302343
2753.59519064 1.01092417188
2753.67691866 1.01760180995
2753.69735054 0.984098356199
2753.71778252 0.997403893329
2753.7382146 0.985577420785
2753.75864648 0.994396549858
2753.77907846 0.995535589396
2753.79951053 0.991811995774
2753.84037449 0.986415286946
2753.86080647 0.989628320746
2753.88123834 0.998518772907
2753.90167042 0.987777929848
2753.9221024 0.967891387102
2753.96296635 1.00851119545
2753.98339832 1.00403288005
2754.0038302 0.982230950074
2754.02426227 0.994119962185
2754.04469425 0.985039087666
2754.08555819 1.01514108149
2754.14685411 0.991226892074
2754.16728608 1.00948529039
2754.18771805 1.00960343808
2754.20815013 1.02812831434
2754.228582 1.01272852269
2754.24901397 1.00122258099
2754.26944604 1.01872662709
2754.28987791 0.997596214764
2754.31030998 1.0009059738
2754.33074195 1.00544425451
2754.35117381 1.01962098182
2754.37160588 1.02210398077
2754.39203785 1.00968986494
2754.41246972 1.00974327448
2754.43290179 0.977051494152
2754.47376562 1.01296641495
2754.49419769 1.03493157752
2754.51462955 0.99133422098
2754.53506152 0.98951943811
2754.57592555 0.995195452656
2754.59635741 0.988595427546
2754.61678948 1.01229388838
2754.63722144 1.02184082116
2754.65765331 1.01047813767
2754.69851733 1.02847782293
2754.78024528 1.00538335575
2754.80067714 0.985238684563
2754.8211091 1.0230892271
2754.84154116 1.00512369095
2754.86197302 1.01835303197
2754.88240498 1.00632608024
2754.90283704 0.989712076742
2754.9232689 0.995931905979
2754.94370086 0.978399207142
2754.98456478 0.974187130612
2755.00499673 0.975768135994
2755.02542879 0.993605424174
2755.0662926 1.01429502241
2755.08672466 1.03457399441
2755.10715662 1.00658308994
2755.12758847 0.998979557691
2755.14802053 1.02922088499
2755.16845248 0.992373316766
2755.18888444 0.998575812462
2755.20931639 0.98164114812
2755.22974825 0.983153870858
2755.2501803 0.997231009307
2755.27061225 0.979405094182
2755.29104411 0.972087483255
2755.31147616 1.00083538958
2755.33190811 0.981954971257
2755.41363592 1.00000763105
2755.43406787 0.954965377886
2755.51579567 0.935871460143
2755.55665956 1.0117265701
2755.57709151 0.986246789266
2755.59752346 0.999602240399
2755.61795551 0.983649103311
2755.63838735 0.994581948353
2755.6588194 0.995915989501
2755.67925135 0.980126363599
2755.69968319 0.989138326545
2755.72011524 0.967460544056
2755.74054718 1.00033845728
2755.76097903 0.977150028646
2755.80184302 1.00908224746
2755.82227486 0.979253829808
2755.84270691 1.00009812558
2755.86313885 0.982620202915
2755.88357079 1.00330364241
2755.90400274 1.02761888849
2755.92443468 1.0133440874
2755.94486662 1.00653065514
2755.96529856 1.02475158223
2755.9857305 0.988209027645
2756.00616245 1.02748122613
2756.02659439 0.995048173484
2756.04702633 1.00123761165
2756.06745837 1.01698408952
2756.08789021 1.03599368255
2756.10832215 1.01824934503
2756.12875419 0.994989151499
2756.14918602 0.996948423423
2756.16961796 1.00533212336
2756.19005 1.00766685501
2756.21048184 0.992338334327
2756.23091378 0.989966076839
2756.25134581 0.984819164655
2756.27177765 1.0122227634
2756.29220959 0.997291314339
2756.31264162 0.989512513014
2756.33307346 0.986119266328
2756.35350539 0.980705689442
2756.39436926 0.988934714844
2756.4148012 0.976157829419
2756.43523323 0.973396052117
2756.45566517 0.983703577619
2756.476097 0.983560725934
2756.49652903 0.997782743515
2756.537393 1.00281443125
2756.55782483 1.02417403943
2756.57825676 1.00878235587
2756.59868879 0.999979870705
2756.61912063 1.00600400972
2756.63955256 0.998013296251
2756.65998459 0.964861948704
2756.68041642 0.997980581454
2756.70084835 0.993187768804
2756.72128028 0.992191935414
2756.74171221 0.978275242238
2756.78257606 1.0095301337
2770.92139665 1.03129519416
2770.9418285 1.0330647989
2770.96226015 1.01974755709
2770.98269189 0.981387668265
2771.00312374 0.9744687667
2771.02355539 0.991410843647
2771.04398713 1.01167904556
2771.06441898 0.986958923717
2771.08485062 1.02591075033
2771.10528237 1.00169849513
2771.12571422 1.02034683244
2771.14614586 1.00218541266
2771.16657771 1.00586568386
2771.18700945 1.02156905531
2771.2074412 0.997442307896
2771.22787294 0.988960273578
2771.24830469 0.998310315067
2771.26873643 1.01774490784
2771.28916817 1.01728707816
2771.30959992 1.02704684182
2771.33003166 1.00653371627
2771.35046351 1.01613438196
2771.37089515 1.0088120577
2771.39132689 0.995570255325
2771.41175874 1.01083263907
2771.43219038 0.98096115771
2771.45262222 0.984542500635
2771.47305396 0.953418235198
2771.49348561 0.972846601041
2771.51391745 0.967350306199
2771.53434919 0.983431262967
2771.55478083 1.0111722085
2771.57521267 0.994407350041
2771.59564441 1.00943615684
2771.61607605 0.997271446427
2771.6365079 0.991856307135
2771.65693954 1.01105100597
2771.67737128 0.971904961567
2771.75909834 1.02395273982
2771.77953008 1.01671587499
2771.79996182 1.01001055973
2771.82039356 1.01231787371
2771.84082529 1.00247387795
2771.86125713 0.983660390666
2771.88168877 0.956918573562
2771.90212051 0.951260883467
2771.92255235 1.04085754154
2771.94298399 0.980569261274
2771.96341583 0.982394363402
2771.98384756 0.993196063412
2772.0042792 0.968765535317
2772.02471104 0.966383835842
2772.04514278 0.994594413609
2772.06557441 1.01773160175
2772.08600625 0.979078716461
2772.10643799 0.97986227847
2772.12686962 1.00015999357
2772.14730146 0.997337657226
2772.1677332 1.03146222993
2772.18816493 1.01482563229
2772.20859667 1.0369529956
2772.2290284 1.03544530314
2772.24946024 1.02313076576
2772.26989187 1.00828888211
2772.29032361 0.989049469353
2772.31075534 1.00447081969
2772.33118708 0.981464551635
2772.39248228 1.03331239904
2772.41291401 1.01428785396
2772.43334585 1.01941010761
2772.45377748 0.994425683937
2772.47420922 1.01277815047
2772.49464105 1.01144880709
2772.53550451 1.02517495879
2772.55593625 1.01567476611
2772.57636788 1.02307808499
2772.59679971 1.03401432361
2772.61723144 1.03499578244
2772.63766308 1.02294515997
2772.65809491 0.992145027166
2772.67852664 1.00643136311
2772.7193901 0.980921101074
2772.73982183 0.98711864997
2772.76025356 1.0107746142
2772.7806853 0.967722796036
2772.80111703 0.998712721919
2772.82154886 0.970645108351
2772.84198059 0.991665444866
2772.86241222 0.997653554828
2772.88284405 0.989664050684
2772.90327578 0.959990864878
2772.92370741 0.959031235624
2772.94413923 0.978294506189
2773.00543442 0.982886570798
2773.10759296 0.931229431593
2773.29147861 0.968733485935
2773.31191033 0.991506547235
2773.39363724 1.035038531
2773.41406906 0.984241372348
2773.47536424 1.00854325588
2773.49579586 1.00543469244
2773.51622769 0.972029477731
2773.53665941 0.988034061063
2773.55709104 0.984204552865
2773.57752286 1.01516659788
2773.59795458 1.01214674351
2773.61838621 1.01713633517
2773.63881803 1.0222753184
2773.65924975 0.986623435437
2773.67968148 0.996205504078
2773.7001132 1.0116905288
2773.72054492 1.01556345126
2773.74097665 1.02408841952
2773.78184009 1.02166316498
2773.80227181 1.01484642612
2773.82270353 1.03466590395
2773.84313526 1.02015313267
2773.86356708 1.00113441526
2773.8839987 1.02948183721
2773.90443042 0.989104162574
2773.92486224 0.984242851708
2773.96572558 1.00513629211
2773.9861574 0.991306077735
2774.00658903 0.98463800257
2774.02702085 0.986911842658
2774.04745257 0.985857923676
2774.06788419 1.02094570142
2774.08831601 0.980044145287
2774.10874773 0.985883468901
2774.12917935 0.988455395712
2774.14961116 0.956102124451
2774.1904745 0.993017159603
2774.21090632 0.97704659055
2774.23133804 0.992655904439
2774.25176976 0.974900198395
2774.2926332 0.987874791239
2774.31306501 0.993714362125
2774.33349673 0.997161112263
2774.37436017 0.991898428255
2774.4152235 1.01394628573
2774.43565532 1.02083913617
2774.45608704 0.991332802383
2774.47651865 1.02900854154
2774.49695047 0.998652606182
2774.51738209 0.983394852038
2774.5378138 1.00603645289
2774.55824562 1.01049295996
2774.57867723 1.00606362525
2774.59910905 0.993671106289
2774.61954077 1.00906021795
2774.63997238 0.967128245955
2774.70126763 1.0019487544
2774.72169934 0.984869894267
2774.74213106 1.00182094482
2774.76256277 1.00633414138
2774.78299449 0.992415190862
2774.8034262 0.990243966866
2774.82385791 0.97843963082
2774.84428973 0.986442162156
2774.86472134 1.00540031312
2774.88515316 0.980198344366
2774.90558487 0.988372805628
2774.92601648 1.01670962635
2774.9464483 1.00299343274
2774.96688001 0.998767268361
2774.98731162 1.0149561034
2775.00774343 1.0075298265
2775.02817515 0.999254301682
2775.04860676 0.978332041159
2775.06903857 1.01629442146
2775.08947028 1.00038085214
2775.1099019 1.01632419619
2775.13033371 0.984635129975
2775.15076542 1.00866422274
2775.17119723 1.0054088941
2775.19162884 1.02030009688
2775.21206055 1.00398365184
2775.23249226 1.01263903404
2775.25292398 1.02032888664
2775.27335569 0.992303342944
2775.2937874 1.00853343518
2775.31421911 0.993856372407
2775.33465082 0.999533462044
2775.35508253 0.985351137608
2775.37551424 1.0058090246
2775.41637776 1.00733807313
2775.43680937 1.01121423202
2775.45724108 0.997317626225
2775.47767289 0.97023972441
2775.49810449 1.02906318683
2775.5185363 0.985641666918
2775.53896801 0.99321370658
2775.55939962 1.00636939261
2775.57983143 1.01519482636
2775.60026314 1.00046814161
2775.72285338 0.985153144933
2775.74328509 1.01195162294
2775.7637168 1.00459545669
2775.78414851 0.98687804685
2775.80458031 0.992944503033
2775.82501192 0.973900251536
2775.84544363 0.983410296317
2775.86587543 0.987145597311
2775.88630714 0.965061983996
2775.90673875 0.9968420899
2775.96803386 1.00869932809
2775.98846567 0.974178885029
2776.04976078 0.993087353222
2776.07019239 0.998805837786
2776.09062419 1.00363002704
2776.1110559 1.00108610236
2776.1314875 1.00722990424
2776.15191931 1.00323075351
2776.17235101 1.0021059382
2776.19278262 1.00870264538
2776.23364612 0.999685678615
2776.25407783 1.00351757728
2776.27450953 0.998831340194
2776.29494123 1.01017510908
2776.31537294 0.998966187498
2776.33580464 0.999966846389
2776.35623634 0.994744872545
2776.37666815 1.02010136042
2776.39709985 0.998292408151
2776.41753145 0.981387810652
2776.43796325 1.0178322441
2776.45839496 1.00096007614
2776.47882656 0.995973360942
2776.49925836 0.994574717605
2776.51969006 0.976411627734
2776.54012166 0.996895751964
2776.56055347 1.00488970473
2776.58098517 0.984473236237
2776.60141677 0.997532569037
2776.66271197 0.985376813707
2776.68314367 1.02671142941
2776.70357537 0.995598744749
2776.72400707 0.995018945351
2776.74443877 0.990707433403
2776.76487047 0.975728950848
2776.78530217 0.999827085
2776.80573387 0.993361748784
2776.82616557 0.999612944273
2776.84659727 1.00240159514
2776.86702897 1.00215054308
2776.88746067 1.00359627486
2776.90789247 0.976364434644
2776.92832407 1.0127581414
2776.94875587 0.984787828627
2776.96918757 0.999335511363
2776.98961917 1.00912840806
2777.01005097 0.979100088133
2777.03048267 1.01982143707
2777.05091426 0.999170792753
2777.07134606 1.02428887923
2777.09177776 0.981494352207
2777.11220936 0.998315414776
2777.13264116 1.00354429672
2777.15307285 1.00764064279
2777.17350445 1.0002462269
2777.19393625 1.0248181628
2777.21436795 1.01277477475
2777.23479974 1.0116731206
2777.25523134 1.01185378414
2777.29609483 0.996454250473
2777.31652643 1.00020105378
2777.33695813 0.996875953699
2777.35738982 1.00130723189
2777.37782162 1.00447979116
2777.39825321 1.00320789312
2777.41868501 0.993354597987
2777.43911661 0.997304986441
2777.4595483 1.03311686699
2777.4799801 1.01712818491
2777.50041169 1.01559000284
2777.52084349 0.975399025418
2777.56170678 1.00336233445
2777.58213857 1.01007711414
2777.60257027 0.985428804286
2777.62300186 0.999456644594
2777.64343366 0.990594800256
2777.66386535 1.00061183582
2777.68429695 1.00020557351
2777.70472874 0.995840652843
2777.72516043 1.00234924957
2777.74559223 0.990682925224
2777.76602382 0.992547965464
2777.78645552 0.983620848367
2777.80688731 1.02199932699
2777.8273189 1.00697375617
2777.8477506 1.0069277232
2777.86818239 1.00532000107
2777.88861408 0.991152824662
2777.90904567 0.98713212882
2777.92947747 0.98065434308
2777.99077254 0.999581639915
2778.01120424 0.987056859738
2778.03163603 0.990193450305
2778.05206762 0.990274087923
2778.07249931 1.01594587661
2778.092931 1.01075905786
2778.1133627 0.994562355447
2778.13379439 1.0058309171
2778.15422608 0.994244957596
2778.17465777 1.01789811613
2778.19508936 1.01831473282
2778.21552115 1.0031027923
2778.23595284 0.985881292589
2778.25638453 1.01845681467
2778.27681622 0.996256515402
2778.29724792 1.01819885154
2778.31767971 0.999472405195
2778.3381113 1.01376859978
2778.35854299 1.01092254366
2778.37897478 1.01358476176
2778.39940647 0.990902461917
2778.41983806 0.993144804291
2778.44026985 1.00469124115
2778.46070154 1.01863641153
2778.48113312 0.978156672816
2778.50156491 1.00481249897
2778.5219966 1.00156661058
2778.54242819 0.995269218613
2778.56285998 1.02619548165
2778.60372346 0.993424820629
2778.62415505 0.995114824205
2778.64458674 1.00325132026
2778.66501852 0.973323378872
2778.68545011 0.998120435764
2778.7058818 0.993692218987
2778.72631359 1.00240504598
2778.74674518 0.998768100424
2778.76717686 0.99934439138
2778.78760865 1.00759828514
2778.80804024 1.03325098722
2778.82847193 0.97378307936
2778.84890361 0.981985256399
2778.8693353 0.997737581976
2778.88976709 1.00369920937
2778.91019868 0.966672870639
2778.93063036 1.0005094473
2778.95106215 0.99608577832
2778.97149384 0.995084792052
2778.99192542 0.993745086064
2779.01235721 0.992082392399
2779.03278889 0.995232583034
2779.05322048 0.974535166557
2779.07365227 0.989900130595
2779.09408395 0.973448510054
2779.11451574 1.00341321212
2779.13494732 1.01563658061
2779.15537901 0.981817257245
2779.1758108 1.00412747171
2779.19624238 1.00575058405
2779.21667407 0.999888276317
2779.23710585 0.995849223366
2779.25753744 1.0055638401
2779.29840091 0.991166980337
2779.31883249 1.01908497133
2779.33926418 1.00390605274
2779.35969596 1.01906563725
2779.38012764 1.01251671688
2779.40055933 0.999199155327
2779.42099101 1.00450465624
2779.4414227 1.01497243582
2779.46185438 1.01283848678
2779.48228606 1.01535607923
2779.50271775 1.00375525938
2779.52314943 1.01250245278
2779.54358111 1.00643408215
2779.5640128 0.998817905761
2779.58444448 1.01251420126
2779.62530775 0.994118422596
2779.64573953 1.01345131418
2779.66617121 1.02074238905
2779.686603 0.983626516158
2779.70703458 1.01622448085
2779.72746626 0.98261023881
2779.74789804 1.00896132002
2779.76832963 1.0055023167
2779.80919309 1.01422836929
2779.82962467 1.00161036718
2779.85005635 0.984246620212
2779.87048814 0.985850874306
2779.89091972 1.00023847318
2779.9113515 1.00673779152
2779.93178318 1.00587139426
2779.95221486 0.971401668001
2779.97264654 1.02854722491
2779.99307822 1.00727641947
2780.0135099 1.00871296191
2780.03394169 0.992705515564
2780.05437327 0.996149733384
2780.07480495 0.997571514222
2780.09523673 1.00918237117
2780.11566831 0.99144475112
2780.13609999 0.98847835217
2780.15653177 1.02268213159
2780.17696335 0.990157976899
2780.19739513 0.976041578445
2780.21782681 0.997655755367
2780.23825839 0.965665033415
2780.25869017 1.02788376051
2780.34041679 1.02276170434
2780.36084847 0.991956936704
2780.38128025 0.981862355962
2780.40171182 1.02033006134
2780.4221435 1.00573802582
2780.44257528 1.00492578248
2780.46300696 1.03534628709
2780.48343864 0.990829227912
2780.50387032 1.0032627618
2780.524302 0.988132810278
2780.58559703 0.999678541793
2780.60602881 0.998071213136
2780.62646039 0.992660804226
2780.66732384 1.01793884156
2780.68775542 0.993403180466
2780.7081872 1.00196095813
2780.72861888 1.0109659156
2780.74905045 0.994742857942
2780.76948223 0.988443079645
2780.78991391 1.0101512508
2780.81034549 0.994753804118
2780.83077726 0.993594546238
2780.85120894 0.994821783521
2780.87164062 1.00575202226
2780.89207229 1.0117162956
2780.91250397 0.997867169939
2780.93293565 1.00725547015
2780.95336732 1.01064085407
2780.973799 0.999239785203
2780.99423067 1.01124088268
2781.01466235 1.00876555912
2781.03509403 1.0106565555
2781.0555257 0.976797340711
2781.07595738 0.999268840003
2781.09638905 1.0136021325
2781.11682083 1.01039884378
2781.13725241 0.997273353857
2781.15768408 0.996545971017
2781.17811586 0.989686621773
2781.19854743 1.00721090691
2781.21897921 0.976386290753
2781.23941088 1.00231933505
2781.25984246 0.975390371591
2781.28027423 1.00472723319
2781.30070591 1.00050282665
2781.32113748 0.979151499768
2781.34156926 0.983577732882
2781.36200093 0.990728642776
2781.38243251 1.00877266196
2781.42329595 0.995204779618
2781.44372763 1.00593080342
2781.4641593 0.991282386313
2781.48459098 1.00097590842
2781.50502275 0.986327274943
2781.545886 0.969212402489
2781.56631777 1.00670668326
2781.58674945 0.976560261785
2781.60718102 1.00463445218
2781.62761279 1.00911206521
2781.64804447 1.01161972988
2781.66847604 1.01623608007
2781.68890781 1.00936643602
2781.70933939 1.01669397003
2781.72977116 0.993612933494
2781.75020283 1.02315590675
2781.7706344 1.02748510829
2781.79106618 0.996657529087
2781.81149785 0.989973386341
2781.83192942 0.991031384451
2781.85236119 1.01527862888
2781.87279287 0.99095682226
2781.89322444 0.994708713911
2781.91365621 1.01118537367
2781.93408788 1.00118036581
2781.95451956 0.977274384964
2781.97495123 0.994849860958
2781.9953829 1.00982076169
2782.01581467 1.016718372
2782.03624624 1.00537584732
2782.05667791 1.00651229696
2782.07710969 1.01307300605
2782.09754136 1.01672831537
2782.11797293 1.00241119202
2782.1384047 0.981109322227
2782.15883637 0.978514440148
2782.17926794 0.966208212332
2782.19969971 0.990955608235
2782.34272141 1.02499691056
2782.36315318 1.03965998528
2782.38358475 1.01574197461
2782.40401642 1.0204666821
2782.44487976 1.01363657571
2782.54703811 1.01297855256
2782.56746978 0.992669821093
2782.58790155 1.0156679361
2782.60833312 0.985594397633
2782.62876479 0.983477660072
2782.64919655 0.990362315545
2782.66962822 0.976236352911
2782.69005979 0.975237593506
2782.71049156 0.97029463287
2782.73092323 0.980108564182
2782.77178657 1.00402175825
2782.79221824 0.971418858499
2782.81265001 1.00091373001
2782.83308157 0.995356956562
2782.85351324 1.0016746602
2782.87394501 1.01395945319
2782.89437658 1.03361329286
2782.91480825 0.989733543359
2782.93524002 0.99963946593
2782.95567158 0.993402683847
2782.97610335 1.00345016947
2782.99653502 0.999039525886
2783.01696659 0.995125673747
2783.03739836 1.00400170842
2783.05783002 1.00023127403
2783.07826169 0.992939100522
2783.09869336 1.00940899334
2783.11912503 1.0155669417
2783.13955669 1.01838590167
2783.15998836 0.980749680143
2783.18042003 1.00557393967
2783.2008516 0.999288686626
2783.2621468 1.00171275154
2783.28257836 1.01270898002
2783.30301003 1.00501312217
2783.3234418 1.0147267579
2783.34387336 1.0103565809
2783.36430503 1.02713996698
2783.3847368 1.00530412425
2783.40516836 1.00590879982
2783.42560003 1.00158469514
2783.4460318 1.00178380669
2783.46646336 0.995679610506
2783.5073268 1.01570603154
2783.52775836 1.0351036391
2783.54819013 1.01757294034
2783.56862179 0.994992124253
2783.58905346 0.984200275571
2783.60948513 0.995613402478
2783.67078012 1.00459104348
2783.69121179 0.996242576308
2783.71164355 0.979549759255
2783.73207522 0.98680130828
2783.75250678 0.987834094596
2783.77293855 0.981758092594
2783.79337011 1.00713022074
2783.81380178 0.959984936742
2783.83423354 1.0055676151
2783.85466511 0.99152145992
2783.87509677 1.02042623323
2783.89552854 1.00236880813
2783.9159601 1.00277980703
2784.03855009 0.981066959907
2784.05898186 0.992001102827
2784.07941352 1.0157760951
2784.09984518 1.02315161587
2784.12027685 1.01887908563
2784.14070851 0.987903655834
2784.16114028 0.987660578467
2784.18157184 1.01060480357
2784.2020035 1.00944167812
2784.22243527 0.998869109012
2784.24286683 0.993150717112
2784.2632985 0.969359465923
2784.28373026 0.9630730747
2784.30416192 0.984346762301
2784.32459349 0.95009948993
2784.34502525 0.977790864298
2784.36545691 0.930284506183
2784.38588858 0.967735848485
2784.40632024 0.971385168583
2784.52891022 1.01034442675
2784.54934188 0.974245347383
2784.56977355 1.0359406589
2784.59020521 1.00574091004
2784.61063677 1.01944330345
2784.6515002 0.985254230474
2784.67193196 1.00060779534
2784.69236352 1.01529127076
2784.73322695 0.950419358575
2784.75365851 1.01200419433
2784.77409017 1.00172719704
2784.79452193 0.983144610011
2784.81495359 0.985427779762
2784.83538516 0.996788821494
2784.85581692 1.0041315849
2784.87624858 1.01784185232
2784.89668024 1.00084533031
2784.9171119 1.0294933453
2784.93754357 1.00530851793
2784.95797533 1.03635690569
2784.97840689 1.03349157192
2785.0805653 1.02400603516
2785.28488181 1.00974311815
2785.30531357 1.02002581074
2785.32574523 1.02420045284
2785.34617689 0.984732811477
2785.36660855 0.999672164829
2785.38704021 1.00993933349
2785.40747187 0.99442976311
2785.42790353 1.01452281196
2785.46876695 1.00130146178
2785.48919852 0.97066351864
2785.50963018 1.00468783676
2785.53006194 0.970325958879
2785.5504935 0.998370734447
2785.57092526 0.98706590563
2785.63222024 0.974421964698
2785.6526519 0.991782733981
2785.67308346 0.969500031667
2785.71394688 0.974614310681
2785.73437844 1.00598775545
2785.7548102 0.952917854488
2785.77524186 0.964100537926
2785.79567362 0.966934256385
2785.81610518 0.989706906658
2785.83653683 0.94138440174
2785.85696859 0.951513046705
2785.87740015 0.964935031994
2785.89783181 0.982162550845
2785.97955855 1.02689425295
2785.99999011 1.02116815289
2786.02042187 1.01041270671
2786.04085353 0.99987114409
2786.06128509 1.02822219091
2786.08171685 1.008388377
2786.10214851 1.02350521732
2786.22473846 1.01698335107
2786.24517022 1.02435567403
2786.26560178 1.00514239427
2786.30646519 1.03150499035
2786.55164509 1.00490212051
2786.57207675 1.00172356217
2786.59250851 1.00248386621
2786.61294007 1.00826994098
2786.67423504 0.989391971852
2786.6946668 0.988406526271
2786.71509836 1.00359330726
2786.73553001 0.982467351967
2786.75596177 0.990443589812
2786.77639333 0.981154375124
2786.79682499 0.992217783348
2786.81725675 0.995048164111
2786.8376883 0.991185523666
2786.85811996 0.992659740275
2786.87855172 0.952611206827
2786.89898328 0.94352402403
2786.93984669 0.985935810453
2786.96027835 0.986010011643
2786.98071001 1.01657746946
2787.06243663 1.00891236191
2787.08286829 1.000542097
2787.10329995 1.03607796742
2787.12373161 0.993387766151
2787.14416336 1.00687399742
2787.18502658 0.996331187189
2787.20545833 0.999681098526
2787.22588999 1.00715948541
2787.24632155 0.998642844445
2787.2667533 0.995987329337
2787.28718496 0.995334649875
2787.30761652 1.0295938419
2787.32804828 1.00134492748
2787.34847993 0.982865123061
2787.36891159 1.01714067998
2787.38934325 0.995407246738
2787.43020656 1.00928729158
2787.45063822 0.9906118456
2787.47106977 0.993570307982
2787.49150153 0.976121347521
2787.51193319 1.01709154622
2787.53236484 0.989459958807
2787.5527965 1.02282069462
2787.57322815 0.981907068148
2787.59365991 1.00720702543
2787.61409157 0.984288911729
2787.69581809 1.0115566331
2787.71624985 0.999746274297
2787.73668151 0.989809529705
2787.75711306 1.01051259745
2787.77754482 0.996374979838
2787.79797647 0.98670565187
2787.81840823 0.953358574837
2787.83883979 0.97709872473
2787.85927144 0.997417777233
2787.8797032 1.00788506517
2787.92056641 1.0081770038
2787.94099817 0.992968700129
2787.96142972 0.98910114938
2787.98186148 0.954037793268
2788.00229313 1.00289322146
2788.04315645 0.96483299279
2788.063588 0.948346081693
2788.08401966 0.962933444315
2788.10445141 0.979751839656
2788.18617804 1.02185730531
2788.20660969 1.0231973587
2788.22704135 1.00996060686
2788.247473 1.00186037008
2788.26790466 1.03762451958
2788.28833631 1.00539334218
2788.30876797 1.0216568283
2788.47222121 1.0054664264
2788.49265297 0.979670228932
2788.51308463 0.976978631078
2788.53351618 0.975613712338
2788.55394794 0.992906925624
2788.57437959 0.997754034801
2788.59481125 0.994613390529
2788.6152429 0.984726092271
2788.63567456 1.02758688013
2793.62099973 0.987904850121
2793.64143139 1.02138232792
2793.66186315 1.0000969569
2793.68229471 0.99185433069
2793.70272636 0.988307349589
2793.80488465 1.01197734193
2793.82531631 1.02487252187
2793.84574807 1.02409850088
2793.86617962 0.996833078126
2793.88661138 0.987668292212
2793.90704304 1.01180880448
2793.9274746 0.993879969427
2793.94790636 1.00962804363
2793.96833801 0.996672235806
2793.98876967 1.03746976062
2794.00920133 0.999377631504
2794.05006474 0.98127196777
2794.0704963 0.992558503685
2794.09092796 0.990905496938
2794.11135972 1.00411432208
2794.13179138 1.02324114952
2794.15222294 0.98927644213
2794.17265469 1.00338428046
2794.19308635 0.957079595915
2794.21351801 1.03249275069
2794.23394967 1.00554333521
2794.25438133 0.983011194541
2794.29524464 0.990603171276
2794.3156762 1.00389259737
2794.33610796 0.977969459905
2794.35653962 0.999036771926
2794.37697118 1.01271117249
2794.39740294 0.994501607893
2794.4178346 1.00135027733
2794.43826635 1.00454279483
2794.45869791 0.998632098776
2794.47912957 0.97875609413
2794.49956133 1.02094943335
2794.51999289 1.01578930258
2794.54042455 1.00562454718
2794.56085631 0.989116842424
2794.58128787 1.00672246291
2794.60171963 0.985634515643
2794.62215129 0.999753273523
2794.64258284 0.986053555994
2794.6630146 0.9989558007
2794.68344626 1.00529896552
2794.70387792 0.982598767744
2794.72430958 0.967153235658
2794.8673312 0.990937344302
2794.88776296 0.997872203108
2794.90819462 0.98286719902
2794.92862618 0.986024761728
2794.94905794 1.00183503335
2794.9694895 0.996392858246
2794.98992126 0.987517063828
2795.03078448 1.03669885937
2795.05121624 1.00354265979
2795.0716479 0.984856678456
2795.09207946 0.992561678752
2795.11251122 1.0273675912
2795.15337444 0.986113159418
2795.1738062 0.994643542573
2795.19423786 0.984272053799
2795.21466962 0.972299373402
2795.23510118 0.984864557339
2795.2759646 1.00987077801
2795.29639616 0.99127174179
2795.31682782 0.992249814815
2795.33725958 1.00616758709
2795.35769125 0.973468406873
2795.39855457 0.986077002178
2795.41898623 0.998595256314
2795.43941789 1.01466612622
2795.45984955 1.00331382806
2795.5415762 0.990899683178
2795.56200796 1.0057202875
2795.58243952 1.0067597973
2795.60287128 1.00669622331
2795.62330294 0.968965735784
2795.6437345 1.01669242802
2795.66416626 1.00247804167
2795.68459783 0.999055460117
2795.70502949 1.02896944618
2795.72546125 0.99262454062
2795.76632457 0.991804301088
2795.78675624 1.00133309899
2795.8071878 1.01128994638
2795.82761956 1.0071439889
2795.84805122 0.99783057443
2795.86848288 1.0080784633
2795.88891455 0.994520268935
2795.90934621 1.00332571821
2795.92977797 0.98865488781
2795.95020953 0.968286427865
2795.9706412 0.975286831388
2796.01150462 0.981342154313
2796.03193618 1.01992463308
2796.05236795 1.00475357685
2796.11366293 0.998552019787
2796.1340946 0.990671901851
2796.15452636 1.00206883073
2796.17495792 0.983395240754
2796.19538959 0.986784658659
2796.21582135 1.00323367415
2796.27711634 1.00870668891
2796.2975479 0.996384825793
2796.31797967 1.00336063101
2796.33841123 0.984092559606
2796.35884289 0.994832762932
2796.37927466 1.0067083922
2796.39970622 1.01883107499
2796.42013788 0.996758945543
2796.44056965 1.0007177008
2796.46100121 0.966016366929
2796.50186464 1.0068789787
2796.5222963 1.02097608372
2796.54272797 0.993331351106
2796.56315963 1.00743682499
2796.5835913 0.987535542571
2796.60402296 1.00600095487
2796.62445463 1.00355195735
2796.64488629 0.988079435971
2796.66531796 1.02036159578
2796.68574962 0.999805095673
2796.70618138 0.998895006485
2796.74704461 1.0096546984
2796.76747638 1.01604061075
2796.78790804 1.01973053365
2796.8696346 1.01070731875
2796.89006637 0.989332266069
2796.91049804 0.980024824307
2796.95136137 0.991805182428
2796.9922247 0.99485249039
2797.01265636 1.01759568234
2797.03308803 1.01198160019
2797.05351969 0.993202528918
2797.07395136 1.01812888529
2797.09438313 0.990187350028
2797.11481469 1.00304037848
2797.13524636 0.991933881638
2797.15567812 1.00312191059
2797.17610979 1.00007081002
2797.19654136 0.996974444167
2797.23740479 0.976728858354
2797.25783646 0.986302484501
2797.27826812 1.02110813165
2797.29869979 0.991533298692
2797.31913156 1.02258402232
2797.35999479 1.00488563427
2797.38042656 1.01380678145
2797.40085812 0.98631903017
2797.42128979 0.988547665444
2797.44172156 1.00587981529
2797.48258489 0.986718576146
2797.50301656 1.00534807684
2797.52344813 0.989529541166
2797.5438799 0.995995666338
2797.56431156 1.02644819455
2797.58474313 0.990996912924
2797.6051749 0.996995415006
2797.62560657 0.986724407008
2797.64603833 0.968066269567
2797.6664699 0.968362012398
2797.68690157 0.944570678708
2797.72776491 1.00363482836
2797.74819657 1.01539980646
2797.76862824 1.01374551428
2797.78905991 1.01177500107
2797.80949158 0.995926879295
2797.82992325 1.00424947099
2797.85035492 1.00041787803
2797.87078669 0.99910901314
2797.89121835 1.02989479169
2797.91164992 1.00353675881
2797.9933767 1.02319448863
2798.01380837 1.01736377066
2798.03424014 1.02194973823
2798.05467171 1.03190137045
2798.07510338 0.992560277741
2798.09553515 1.01023672323
2798.11596672 0.99761945846
2798.13639839 0.993153743033
2798.15683016 0.962090516032
2798.17726173 0.977698570253
2798.21812517 1.03280961704
2798.23855674 1.00504561994
2798.25898851 1.01299513094
2798.27942018 1.00677943104
2798.29985175 0.998820357033
2798.32028352 0.99190859495
2798.34071519 1.01031125116
2798.36114686 1.00951422061
2798.38157853 0.975222095627
2798.4020102 1.00273584217
2798.42244187 0.987418517121
2798.46330521 0.988234085312
2798.48373688 0.99575818683
2798.50416856 1.00361089533
2798.52460023 1.01965422104
2798.545032 1.00496059478
2798.56546357 1.00021084066
2798.58589534 0.998652413788
2798.60632701 0.977959568075
2798.62675859 0.976452754103
2798.64719036 1.02885209303
2798.66762203 0.99940897373
2798.70848537 1.00255943493
2798.72891704 1.01591899831
2798.74934862 1.00950727827
2798.76978039 1.0217685464
2798.79021206 0.999107316224
2798.81064383 1.00724092738
2798.83107541 0.98212367006
2798.85150708 0.990846272764
2798.87193885 0.988939407678
2798.89237043 1.00255163488
2798.9128021 0.996463668675
2798.95366544 0.992250617047
2798.97409722 0.986411953802
2798.99452889 0.986163969709
2799.01496056 1.00048685064
2799.03539224 1.00596807359
2799.05582391 0.990319862902
2799.07625548 0.994145670756
2799.15798228 1.01390050457
2799.19884573 0.993754904285
2799.2192773 1.00119556388
2799.23970898 1.00111165768
2799.26014075 1.01856822332
2799.28057233 1.00104660996
2799.301004 1.00214236824
2799.32143578 1.01102266186
2799.34186735 0.980498404321
2799.3827308 1.0069779877
2799.40316237 0.98532636501
2799.44402583 1.00396055968
2799.4644574 1.02201105956
2799.48488918 1.00356734844
2799.52575263 0.993961031513
2799.5461842 0.993101864073
2799.56661588 0.978686519204
2799.58704765 0.981361934322
2799.60747923 1.01518314288
2799.64834268 0.997540734321
2799.68920604 0.992235819267
2799.70963771 0.992174808124
2799.73006939 1.0086242959
2799.75050107 0.97857665606
2799.77093274 1.00302495131
2799.79136442 1.02128742123
2799.8117961 0.985790090858
2799.83222777 0.997083323943
2799.85265935 1.00428799565
2799.87309113 0.996866527371
2799.89352281 1.00566344421
2799.95481784 1.01983576536
2799.97524962 1.01714982088
2799.99568119 1.0045463242
2800.01611287 0.990168465925
2800.03654465 1.00689250131
2800.05697623 0.982050238766
2800.07740801 0.983795589052
2800.09783968 0.99775129918
2800.11827126 0.964377316136
2800.13870304 0.98619695258
2800.1795664 1.01028056076
2800.19999808 1.01881192517
2800.22042976 0.99074696883
2800.24086154 1.005501601
2800.26129311 1.00047358269
2800.28172479 1.03749705449
2800.30215657 1.00088189111
2800.32258815 0.981130904221
2800.34301983 0.980996019807
2800.36345161 1.02728394621
2800.38388329 0.988892073114
2800.42474665 1.00793752157
2800.44517823 1.02463850903
2800.46561001 0.990747151105
2800.48604169 1.01681229202
2800.50647327 0.985055692256
2800.52690505 1.01769724804
2800.54733673 1.00180336302
2800.56776831 1.03473188148
2800.58820009 0.980160311563
2800.66992682 0.996414428927
2800.6903586 0.991199311353
2800.71079018 0.99382958244
2800.73122186 0.998239503834
2800.75165364 1.00186339226
2800.77208523 0.97724819842
2800.79251691 0.987159089978
2800.83338037 0.999999142227
2800.87424374 0.981343427962
2800.9151071 1.01049644389
2800.93553878 1.00981787163
2800.95597047 1.00550949914
2800.97640225 0.999230422783
2801.01726562 1.00804610913
2801.0376973 0.974976740502
2801.05812888 1.0255375858
2801.07856067 0.995445980783
2801.09899225 1.01803433716
2801.18071908 0.999955584451
2801.20115077 1.01925599912
2801.22158235 1.01175075488
2801.24201414 1.00404264099
2801.26244582 1.00408387292
2801.28287741 0.99922076343
2801.30330919 1.01194155932
2801.32374087 0.999368271571
2801.34417246 0.994948047488
2801.36460424 0.997626560933
2801.40546771 1.01256716325
2801.4258993 1.01604284844
2801.44633099 1.00701055036
2801.46676277 1.00239167817
2801.48719436 0.983776340135
2801.50762604 0.994160569149
2801.52805783 0.986441264576
2801.54848951 0.976999669371
2801.5689212 1.02848115226
2801.58935289 1.00566869925
2801.60978457 0.993682998609
2801.65064795 1.0033091855
2801.67107963 0.995726552445
2801.69151142 1.00890041908
2801.71194301 1.00427048946
2801.73237479 1.01677271429
2801.75280648 1.00105572848
2801.77323807 0.996812617721
2801.79366985 0.995027160782
2801.81410144 0.971929134929
2801.83453313 1.00551885288
2801.85496492 0.983629136052
2801.89582819 0.992708276363
2801.91625998 1.00825315176
2801.93669157 0.984630896773
2801.95712336 1.00418318597
2802.03885011 0.971413029661
2802.18187204 0.993449588531
2802.20230373 1.00007232661
2802.22273531 1.0040859274
2802.2431671 0.998551147796
2802.26359879 1.01125596009
2802.28403049 0.990961295742
2802.30446218 1.00194728582
2802.32489387 1.01059488134
2802.34532566 1.02290900518
2802.38618894 0.990418748831
2802.40662073 1.0100579375
2802.42705232 1.01588253567
2802.44748401 0.993274133749
2802.4679157 1.00224995332
2802.48834739 1.006826996
2802.50877919 1.00252340421
2802.52921078 1.01048165787
2802.54964247 0.996783264888
2802.57007426 0.993012593278
2802.59050585 1.00047788432
2802.63136934 1.00150729192
2802.65180093 0.978552315076
2802.67223272 0.973610728034
2802.69266441 0.978767952075
2802.71309611 0.989823683328
2802.7335278 0.988339940986
2802.75395949 1.00705488443
2802.77439119 0.983024686148
2802.79482288 0.988355982253
2802.81525457 1.00853816208
2802.83568637 1.00789503968
2802.85611806 1.02165104698
2802.87654965 0.978420150836
2802.89698145 0.99900870009
2802.91741314 0.997169279761
2802.93784474 1.00737562054
2802.95827653 1.00199670295
2802.97870823 0.987925420225
2802.99913982 0.970339279968
2803.01957161 1.00354521457
2803.04000331 1.00539139738
2803.0604351 0.98602235561
2803.0808667 1.01802639448
2803.12173009 0.997305509544
2803.14216179 1.01575314535
2803.16259348 0.992668122315
2803.18302518 1.00904268403
2803.20345687 0.997227550195
2803.22388867 0.985410008024
2803.24432026 1.01857692133
2803.32604705 1.00066458218
2803.36691044 0.996140127654
2803.38734224 0.997033572173
2803.40777394 1.01833449969
2803.42820564 0.994369119667
2803.44863733 1.00019728263
2803.46906903 1.00519385258
2803.48950073 0.992895078179
2803.50993243 0.986615618964
2803.53036412 1.00958627382
2803.55079592 1.02189158903
2803.57122762 0.998941519241
2803.61209102 1.00195997352
2803.63252272 0.996247226785
2803.65295432 0.984178220199
2803.67338611 1.00351706844
2803.69381781 1.00656042332
2803.71424941 1.01783843318
2803.73468121 1.00651345649
2803.75511291 0.989812075629
2803.77554471 1.01038427767
2803.79597631 0.978865451638
2803.85727141 0.995886423908
2803.87770301 1.02247056571
2803.89813481 0.99401562402
2803.91856651 1.01372681494
2803.93899831 1.02384134832
2803.95942991 1.02140155476
2803.97986162 0.989998900528
2804.00029342 1.01434362187
2804.02072502 1.01394019783
2804.04115672 0.999803134902
2804.06158852 1.02551289788
2804.10245192 0.966160567468
2804.12288363 1.00874634921
2804.14331533 0.981163674966
2804.16374703 0.979355200315
2804.18417873 0.979623978263
2804.20461044 0.999786776956
2804.22504224 1.01464583316
2804.24547384 0.991442633541
2804.26590554 0.997168094778
2804.28633735 0.995149862111
2804.30676895 0.994095946499
2804.32720075 1.01134680676
2804.34763246 1.0240498107
2804.36806406 1.00931296688
2804.38849586 0.998761185904
2804.40892757 1.02878612151
2804.42935917 0.997865169194
2804.44979098 0.998316217973
2804.47022268 1.00323117336
2804.49065439 1.01037431166
2804.51108609 0.985183330704
2804.5315177 0.994439443319
2804.5519495 0.994172063332
2804.59281291 1.0059447864
2804.61324462 1.01659051863
2804.63367632 0.988129189853
2804.65410813 1.00594076035
2804.67453973 1.00335595961
2804.69497144 1.01651186616
2804.71540325 1.00544117869
2804.73583495 1.00089483726
2804.75626656 1.00167964075
2804.77669836 1.0042685437
2804.79713007 1.00110480731
2804.878857 1.00180699856
2804.89928861 1.00445084549
2804.91972031 0.99162012358
2804.94015212 0.985885499586
2804.96058373 1.0145415664
2804.98101544 0.992766744093
2805.00144725 0.995080318813
2805.02187886 0.988837657123
2805.04231066 0.995651493632
2805.08317398 0.993221594884
2805.10360579 0.99375428327
2805.1240375 0.974251385906
2805.14446911 0.987668112163
2805.16490092 1.01091568746
2805.18533263 1.03053226088
2805.20576434 1.00695924882
2805.22619605 0.984060492284
2805.24662776 0.977399678651
2805.26705947 1.00861631785
2805.28749118 0.989586378084
2805.3283546 1.01043678112
2805.34878631 1.01176611598
2805.36921812 0.9871330669
2805.38964973 0.994686245912
2805.41008144 0.995407109611
2805.43051325 0.999030786576
2805.45094497 0.996381584304
2805.47137658 0.957499559805
2805.5122401 0.97458795453
2805.53267171 0.993536665504
2805.57353524 1.01601199341
2805.59396705 1.00873409591
2805.61439866 1.01276028064
2805.63483038 0.998976322648
2805.65526219 0.993740390487
2805.6756938 1.00984915766
2805.69612552 1.0227362096
2805.75742076 1.00059546676
2805.77785247 1.01157627769
2805.8187159 0.983146723316
2805.83914761 1.03322975109
2805.85957933 0.992158358346
2805.88001104 1.01117059587
2805.90044276 1.02978530869
2805.92087447 0.988627487339
2805.94130619 0.999853250481
2805.9617379 0.993269950917
2805.98216962 0.997632714241
2806.00260134 0.994002436479
2806.02303305 1.01302511041
2806.06389648 1.00743732092
2806.0843282 1.00576828856
2806.10476002 1.03141397734
2806.12519163 1.01938271448
2806.14562345 0.997439352502
2806.16605517 1.02262688141
2806.18648679 1.00180703981
2806.2069186 1.00443390604
2806.30907729 1.00916635561
2806.32950891 0.979515998577
2806.34994063 0.995836446206
2806.37037245 0.997780080151
2806.39080407 1.00206917119
2806.41123579 1.00855085749
2806.4316676 1.0094831429
2806.45209922 1.00699239255
2806.47253104 0.993636965548
2806.49296276 0.98796194767
2806.51339448 0.983993314467
2806.55425792 0.994720761852
2806.57468954 1.01916677535
2806.59512136 1.02482121013
2806.61555308 1.00266882278
2806.6359847 0.99870662277
2806.65641653 0.985776640882
2806.67684825 1.00733861267
2806.69727997 0.991503652111
2806.71771169 0.975133081297
2806.73814341 1.01527142624
2806.75857523 1.03202454896
2806.79943858 1.01518373743
2806.8198704 0.985827856106
2806.84030202 0.99595830097
2806.86073384 0.992581789262
2806.88116557 1.0189040584
2806.90159719 0.980167257023
2806.92202901 0.990678409953
2806.94246074 1.01102248638
2806.96289236 1.00164205974
2806.98332418 1.02082170954
2807.06505108 1.00494782199
2807.08548291 1.00190206159
2807.10591453 0.973899796779
2807.14677808 0.990396385856
2807.1672097 0.997514899453
2807.20807326 1.01508129112
2807.22850488 1.00657710444
2807.24893671 0.992498565513
2807.28980006 1.00044243968
2807.31023189 0.989418336308
2807.33066361 0.987838618982
2807.35109524 1.01227897195
2807.37152707 0.99125265736
2807.39195879 1.01196668589
2807.41239062 1.01020381124
2807.43282225 1.00180731093
2807.45325398 0.979896034032
2807.4736858 1.00079572982
2807.49411743 0.981990265954
2807.53498099 0.992466637262
2807.55541262 1.01064822636
2807.57584444 0.997049469035
2807.59627617 1.00624696758
2807.6167078 0.990525747497
2807.63713963 0.992460651312
2807.65757136 1.01556338867
2807.67800299 0.979404920134
2807.69843482 0.986156329149
2807.71886655 1.00158430753
2807.73929838 0.985533493832
2807.78016174 1.00140464953
2807.80059357 1.01536366258
2807.8210252 1.00216812794
2807.84145693 0.990671758626
2807.86188876 0.991415841945
2807.8823205 1.01364578144
2807.90275213 0.971510259262
2807.92318396 0.986086255054
2807.94361569 0.97787621641
2807.96404742 0.996584764604
2807.98447915 0.990759287528
2808.02534262 1.00000506377
2808.04577435 1.0015626133
2808.06620599 1.02761032629
2808.08663782 1.00794191321
2808.10706955 1.01353399621
2808.12750139 0.975749437303
2808.14793302 0.988265107027
2808.16836475 0.998996400656
2808.18879659 1.00756357025
2808.20922822 0.983046126115
2808.22965996 0.985374257792
2808.27052342 1.00254674132
2808.29095526 1.00482276612
2808.31138699 1.00377139256
2808.33181863 1.00269471767
2808.35225047 0.982728426516
2808.3726822 1.01328609961
2808.39311394 1.00621878057
2808.43397741 0.99738545306
2808.45440915 0.992711821574
2808.47484088 1.00162777829
2808.51570446 0.981468972478
2808.53613619 0.988945689445
2808.55656783 1.01656906455
2808.57699967 0.992654211517
2808.59743131 1.01159191251
2808.61786304 1.00518087843
2808.63829488 1.0179318513
2808.65872652 1.01424233696
2808.67915836 1.00331622101
2808.6995901 0.992280716708
2808.72002173 0.996243505541
2808.74045357 1.00294989668
2808.76088531 0.983255646829
2808.78131695 1.00055581216
2808.80174879 0.985383591351
2808.82218053 0.999083776726
2808.84261237 1.01285263845
2808.86304401 0.989859315307
2808.88347575 0.996467122938
2808.90390759 0.997399636155
2808.92433923 0.987304684149
2808.94477097 0.999858066257
2808.96520281 0.972238124232
2809.0060663 0.988520626576
2809.02649804 1.00159367518
2809.04692968 1.01762160728
2809.06736152 1.00687046649
2809.08779327 1.01432728792
2809.10822501 1.00431173282
2809.12865675 1.01709061145
2809.14908849 1.01824473441
2809.16952024 0.995803850577
2809.18995208 1.00746321775
2809.23081557 1.01587690151
2809.25124721 0.986060163091
2809.27167895 0.971683560792
2809.31254244 1.00132524313
2809.33297419 1.02734349015
2809.39426952 0.995316690479
2809.41470127 1.00412450626
2809.43513291 0.994775038531
2809.45556476 0.984493003245
2809.49642815 1.00170844334
2809.51686 1.01378904914
2809.53729174 0.985089627916
2809.55772359 1.00550006244
2809.57815523 0.996311659572
2809.59858698 0.993479699339
2809.61901883 1.00051507184
2809.63945048 0.981724359807
2809.65988222 1.00326252405
2809.68031407 1.01215180219
2809.70074582 0.980573950134
2809.74160932 0.975112543921
2809.76204106 1.00903124731
2809.78247281 1.00720384274
2809.80290456 1.0053901904
2809.82333631 0.991377293084
2809.84376806 1.00999780114
2809.86419981 0.985791144245
2809.88463156 1.01185889827
2809.90506341 0.999336743531
2810.06851742 0.997950685589
2810.08894907 0.986501042296
2810.10938092 1.00542531538
2810.12981267 1.00439778014
2810.15024433 1.011151234
2810.17067618 0.989623184855
2810.19110793 0.994316624057
2810.21153958 0.999809203202
2810.23197144 0.998180629367
2810.25240319 1.00045293225
2810.27283504 1.01597294543
2810.2932667 0.997110116866
2810.31369845 1.01448432669
2810.33413031 0.999170825107
2810.35456196 1.00511975096
2810.37499371 1.00262724221
2810.39542557 1.00787442811
2810.41585732 1.01000323674
2810.43628908 1.0009402099
2810.45672083 0.999669255931
2810.47715259 1.00044870555
2810.49758435 0.993168501879
2810.5180161 1.02071313633
2810.53844786 1.01541310941
2810.55887971 0.995218605423
2810.57931137 1.01691998817
2810.59974313 0.988928007436
2810.62017489 1.0176511891
2810.64060664 1.02035019061
2810.6610385 0.984459564208
2810.68147016 0.994467016396
2810.72233377 1.00008224251
2810.74276543 0.999732575473
2810.76319719 0.984090932763
2810.78362905 0.970609643206
2810.80406071 1.01137763872
2810.82449257 1.00820033017
2810.84492433 1.01567079038
2810.86535599 1.00151257644
2810.88578785 1.00636279919
2810.90621961 1.00501443397
2810.92665137 1.0059508644
2810.96751489 0.991391117272
2810.98794675 0.993600922798
2811.00837841 1.01716083772
2811.02881017 1.00864700726
2811.04924203 0.990667477659
2811.06967379 0.976613557541
2811.09010545 1.02601259033
2811.11053732 0.987888626777
2811.13096908 0.991702182066
2811.15140084 1.00117979165
2811.23312789 0.994023805269
2811.25355966 0.987986064206
2811.27399142 0.990545782657
2811.29442318 0.991786910866
2811.31485495 0.984891439871
2811.33528671 0.998897777796
2811.35571848 0.993281025277
2811.37615034 1.01077215621
2811.39658201 1.03719888771
2811.41701377 1.01242620431
2811.43744564 0.9969606465
2811.4578773 1.00766672978
2811.47830907 0.975684602123
2811.49874093 1.0006559704
2811.5191726 1.00319858376
2811.53960447 0.978650587329
2811.56003623 0.990026801885
2811.580468 0.997870060672
2811.60089977 1.00040917484
2811.62133154 1.01226382923
2811.74392214 0.977342647363
2811.76435401 0.992076938981
2811.78478578 1.01149513874
2811.80521745 1.00431197504
2811.82564932 0.982967942305
2811.84608109 0.981912524451
2811.86651286 1.0050671665
2811.88694463 1.00467707757
2811.9073764 1.00300893693
2811.94823994 0.992599102074
2811.96867171 0.997877902574
2811.98910348 1.00257729485
2812.00953526 0.97372640776
2812.02996693 0.995874309673
2812.0503988 0.982513541205
2812.07083057 1.01124944953
2812.09126244 1.02761423823
2812.11169412 1.0060777403
2812.21385308 0.997737563168
2812.23428476 0.994663215656
2812.25471663 0.983237553639
2812.27514841 1.00149050814
2812.29558018 1.01044491052
2812.31601195 1.0048861954
2812.33644373 0.990926542497
2812.3568755 1.00491178448
2812.43860271 1.0131009854
2812.45903438 0.983260525067
2812.47946626 1.01970317095
2812.49989804 1.00468121239
2812.52032972 0.995101515983
2812.54076159 0.982163271638
2812.56119337 1.01124491702
2812.58162525 0.984969934186
2812.60205693 0.979573253205
2812.6224887 1.01588751501
2812.70421582 0.981312962194
2812.7246476 0.987070832538
2812.78594294 1.00799051759
2812.80637482 1.00573375657
2812.8268065 0.978640179355
2812.84723828 1.00046813955
2812.86767016 1.00124451102
2812.88810184 0.997484246363
2812.90853362 0.994785242562
2812.9289655 1.00044548229
2812.94939728 1.01902730123
2812.96982907 1.00672380846
2812.99026085 1.00348310974
2813.01069263 0.999964562341
2813.03112441 1.0008974941
2813.0515562 1.01442690473
2813.07198798 1.01912124563
2813.09241986 1.00801086606
2813.11285155 0.989338708395
2813.13328343 0.991312264359
2813.1741469 0.996146584385
2813.19457878 0.992878268655
2813.21501057 0.999228951308
2813.23544225 0.990367601317
2813.25587414 1.00291544321
2813.27630592 1.03637271767
2813.29673771 1.01911676192
2813.3171695 0.994815392261
2813.33760128 0.988230914707
2813.35803307 0.980486486438
2813.37846486 1.01173336209
2813.41932843 0.994214749039
2813.43976022 0.996145145796
2813.460192 0.987044949014
2813.48062379 0.994899654782
2813.50105558 1.02136492822
2813.52148747 1.00668113166
2813.54191916 0.996218734833
2813.58278283 1.00923014117
2813.60321462 0.978600827432
2813.62364631 0.978127722477
2813.66450999 1.00677650678
2813.68494178 1.01811791518
2813.70537357 0.998156280263
2813.72580536 1.01601890418
2813.74623725 0.984949141657
2813.76666895 1.01403046433
2813.78710074 1.00033720318
2813.80753263 0.999238758625
2813.82796432 1.01942411703
2813.84839621 0.996694136888
2813.868828 1.00950035817
2813.90969159 1.01848582204
2813.93012338 1.01078802997
2813.95055508 1.00774456652
2813.97098697 1.01003086705
2813.99141876 0.995313650525
2814.01185046 0.990202693655
2814.03228235 0.982535922983
2814.05271405 1.00456230189
2814.07314594 1.01891745716
2814.09357774 1.02428784211
2814.11400943 1.00906718778
2814.13444133 1.02488392051
2814.15487312 0.994479567403
2814.17530492 1.00103256732
2814.19573671 1.01592231266
2814.21616851 0.977298196771
2814.23660041 1.02535741928
2814.2570322 0.999863865214
2814.2774639 1.00048731348
2814.2978958 0.994367499863
2814.3183276 0.982021754561
2814.33875929 0.983343283594
2814.35919119 0.979617423176
2814.40005489 1.00658292631
2814.42048659 0.982293351659
2814.44091839 1.00690907939
2814.46135029 1.00213395282
2814.48178198 0.980144903117
2814.50221378 0.994461304121
2814.52264568 1.0032227453
2814.54307738 1.00214328649
2814.56350929 0.996983174512
2814.58394109 0.995418623841
2814.60437279 1.01346635912
2814.64523649 1.00719699141
2814.66566819 0.994296766512
2814.68610009 0.998731246973
2814.7065319 1.00052491598
2814.7269637 0.972154621422
2814.7473955 1.00366540793
2814.7678273 0.996256818365
2814.78825911 0.996215849558
2814.82912271 0.997602424271
2814.84955452 1.00549302082
2814.89041813 0.992827339631
2814.91084993 0.98760551484
2814.93128174 1.00661091842
2814.95171364 1.01524586332
2814.97214545 1.00848376298
2815.01300906 1.01681477436
2815.03344086 1.0069437901
2815.05387257 0.977731028796
2815.07430448 1.0077285062
2815.09473628 0.980085023769
2815.1355999 1.00260890816
2815.15603171 1.01351998029
2815.19689532 0.986498235509
2815.21732713 1.00710052745
2815.23775904 1.0029071753
2815.25819075 0.990510288044
2815.27862266 0.986139515455
2815.29905447 0.993439821427
2815.31948618 0.995934422968
2815.33991809 0.991500873307
2815.38078161 1.00698329941
2815.40121352 1.0002751251
2815.42164523 0.99990007359
2815.44207704 0.98436184694
2815.46250895 0.998993682662
2815.48294076 1.02329571506
2815.50337258 1.00449353058
2815.52380439 1.01078290912
2815.5442362 0.988189432227
2815.56466801 1.01015369144
2815.58509983 0.996689056622
2815.62596355 0.994491961342
2815.64639527 0.988600770279
2815.66682718 1.02334837581
2815.68725899 1.01392480389
2815.70769071 0.995230967056
2815.72812262 1.00027241149
2815.74855444 1.00189986678
2815.76898615 0.985903341581
2815.78941807 0.999977029259
2815.80984988 1.00819229187
2815.8302818 0.977989019239
2815.89157725 1.02485163499
2815.91200897 1.02217715591
2815.93244078 0.997820218061
2815.9528727 0.984554612764
2815.97330442 1.00290190714
2815.99373634 0.9939854952
2816.01416816 1.00145127098
2816.03459998 1.03631848806
2816.05503179 1.00783670894
2816.07546351 0.986386653839
2816.11632725 0.987875756406
2816.13675907 0.980928136643
2816.15719079 1.01841002037
2816.17762271 0.99074627527
2816.19805453 0.998337648235
2816.21848635 1.00650046297
2816.23891818 1.00325009
2816.32064546 0.977067807506
2816.36150911 1.00561334301
2816.38194103 1.0271332564
2816.42280458 0.993848618214
2816.4432365 0.987241136261
2816.46366833 1.01966075016
2816.48410005 1.00567852446
2816.50453198 0.994476531463
2816.5249638 1.00023768654
2816.6066912 0.983754559775
2816.62712293 0.998139338015
2816.64755476 1.00800207084
2816.66798668 0.980486143485
2816.68841841 0.989879631885
2816.70885034 1.00081579337
2816.72928216 0.982037842664
2816.74971389 1.01129845995
2816.77014582 1.0126779966
2816.79057765 1.01056770556
2816.81100938 0.992275546178
2816.85187313 1.00628354425
2816.87230486 1.00120965088
2816.89273679 0.995206775651
2816.91316862 1.02218520061
2816.93360045 0.983926282086
2816.95403228 0.991167412985
2816.97446411 0.997485342409
2816.99489605 1.01894051645
2817.01532778 0.990068318564
2817.03575961 0.985940506356
2817.05619154 1.01915477761
2817.09705521 1.00375584797
2817.11748704 0.989908012812
2817.13791877 0.992515665648
2817.1583507 0.999018052497
2817.17878254 0.99330261059
2817.19921427 0.98694848448
2817.2196462 1.00048715494
2817.24007804 0.975449157344
2817.26050997 0.988550167007
2817.28094171 0.982038320709
2817.30137354 0.986375399715
2817.34223721 0.989384524802
2817.36266905 1.00256421018
2817.38310099 0.969905596381
2817.40353272 0.963539210863
2817.42396466 0.977652210587
2817.4443965 1.00027982801
2817.52612375 1.00516352376
2817.54655569 1.00674950767
2817.56698752 1.00886661926
2817.58741926 1.01820185081
2817.6078512 1.00712503499
2817.62828304 1.00618569825
2817.7100105 1.02611322977
2817.73044224 1.01792243904
2817.75087408 1.02126385693
2817.79173777 1.01633437554
2817.83260155 1.00831048461
2817.85303329 0.988935990333
2817.87346524 0.999349332326
2817.89389708 0.992299280539
2817.91432892 1.01077186902
2817.95519261 1.00082895703
2817.97562455 1.0132231376
2817.9960563 1.0302511427
2818.01648814 1.00255560746
2818.03692009 0.98954100271
2818.11864737 1.00026896919
2818.13907932 1.01364646592
2818.15951116 0.97355604843
2818.17994291 0.979049234513
2818.20037486 1.00711618126
2818.2208067 1.00548504662
2818.24123845 1.0204089692
2818.2616704 1.00779217422
2818.28210225 1.02104199632
2818.302534 0.99903432853
2818.32296595 1.03969125609
2818.3433978 0.979984477893
2818.36382974 1.00373510607
2818.38426149 0.978719898708
2818.40469334 0.996196091668
2818.42512529 0.981865660059
2818.44555705 0.998903930199
2818.4659889 0.99734970532
2818.48642085 0.979145666473
2818.5068526 1.00895292741
2818.52728455 1.008760224
2818.56814815 0.995745504663
2818.58858011 0.999057476103
2818.60901196 1.01105166667
2818.62944381 1.00437783482
2818.64987567 0.990720892587
2818.67030752 0.964579550436
2818.69073937 0.976110774643
